1 0.819047619047619 0.7443820224719101 0.888095238095238 0.7471910112359551 0.888095238095238 0.7780898876404494 0.8214285714285714 0.7780898876404494
1 0.6107142857142858 0.7865168539325843 0.680952380952381 0.7865168539325843 0.6797619047619048 0.8188202247191011 0.6107142857142858 0.8188202247191011
1 0.6178571428571429 0.7303370786516854 0.6797619047619048 0.7289325842696629 0.6785714285714286 0.7598314606741573 0.6178571428571429 0.7640449438202247
1 0.6083333333333333 0.6685393258426966 0.6738095238095239 0.6671348314606742 0.6761904761904762 0.699438202247191 0.6083333333333333 0.699438202247191
1 0.6083333333333333 0.598314606741573 0.6797619047619048 0.6081460674157303 0.6761904761904762 0.6390449438202247 0.6071428571428571 0.6306179775280899
1 0.6071428571428571 0.5519662921348315 0.6714285714285714 0.5547752808988764 0.6714285714285714 0.5842696629213483 0.6059523809523809 0.5814606741573034
1 0.6 0.5182584269662921 0.6607142857142857 0.5056179775280899 0.6678571428571428 0.5351123595505618 0.6035714285714285 0.5449438202247191
1 0.6035714285714285 0.4648876404494382 0.669047619047619 0.46629213483146065 0.6702380952380952 0.49719101123595505 0.6023809523809524 0.4957865168539326
1 0.6071428571428571 0.425561797752809 0.6702380952380952 0.42696629213483145 0.6678571428571428 0.45365168539325845 0.6071428571428571 0.45224719101123595
1 0.6023809523809524 0.3806179775280899 0.669047619047619 0.38342696629213485 0.6678571428571428 0.41151685393258425 0.6023809523809524 0.40870786516853935
1 0.5988095238095238 0.33848314606741575 0.669047619047619 0.33707865168539325 0.6714285714285714 0.36797752808988765 0.6023809523809524 0.37219101123595505
1 0.6 0.2907303370786517 0.6619047619047619 0.29213483146067415 0.6630952380952381 0.32162921348314605 0.6 0.32162921348314605
1 0.6083333333333333 0.24578651685393257 0.6583333333333333 0.24578651685393257 0.6607142857142857 0.273876404494382 0.6083333333333333 0.273876404494382
1 0.6 0.19803370786516855 0.669047619047619 0.19803370786516855 0.6702380952380952 0.22752808988764045 0.6011904761904762 0.2303370786516854
1 0.5952380952380952 0.15589887640449437 0.6642857142857143 0.15589887640449437 0.6642857142857143 0.1853932584269663 0.5988095238095238 0.1896067415730337
1 0.4107142857142857 0.12359550561797752 0.4797619047619048 0.12219101123595505 0.48095238095238096 0.15870786516853932 0.4107142857142857 0.1544943820224719
1 0.40595238095238095 0.20786516853932585 0.46904761904761905 0.20786516853932585 0.46904761904761905 0.23735955056179775 0.40595238095238095 0.23595505617977527
1 0.40476190476190477 0.25 0.4714285714285714 0.24859550561797752 0.4726190476190476 0.28230337078651685 0.4083333333333333 0.28370786516853935
1 0.4083333333333333 0.2907303370786517 0.4773809523809524 0.2907303370786517 0.4738095238095238 0.324438202247191 0.40714285714285714 0.32162921348314605
1 0.4083333333333333 0.33707865168539325 0.47619047619047616 0.33707865168539325 0.475 0.3693820224719101 0.4083333333333333 0.36657303370786515
1 0.4083333333333333 0.38202247191011235 0.47619047619047616 0.38202247191011235 0.4773809523809524 0.41292134831460675 0.4083333333333333 0.4157303370786517
1 0.40595238095238095 0.42837078651685395 0.4738095238095238 0.42696629213483145 0.4726190476190476 0.45786516853932585 0.40595238095238095 0.45786516853932585
1 0.4083333333333333 0.47331460674157305 0.475 0.47752808988764045 0.47619047619047616 0.5070224719101124 0.4083333333333333 0.5056179775280899
1 0.4119047619047619 0.5224719101123596 0.46904761904761905 0.5210674157303371 0.46904761904761905 0.5491573033707865 0.4107142857142857 0.5519662921348315
1 0.40476190476190477 0.5617977528089888 0.46904761904761905 0.5603932584269663 0.46904761904761905 0.5884831460674157 0.40476190476190477 0.5926966292134831
1 0.40595238095238095 0.6081460674157303 0.4726190476190476 0.6095505617977528 0.4726190476190476 0.6404494382022472 0.4083333333333333 0.6376404494382022
1 0.40595238095238095 0.6544943820224719 0.46904761904761905 0.6558988764044944 0.46904761904761905 0.6839887640449438 0.4023809523809524 0.6853932584269663
1 0.4035714285714286 0.7008426966292135 0.4630952380952381 0.7036516853932584 0.4630952380952381 0.7275280898876404 0.40476190476190477 0.7247191011235955
1 0.4119047619047619 0.7542134831460674 0.4654761904761905 0.7514044943820225 0.4666666666666667 0.776685393258427 0.4119047619047619 0.7794943820224719
1 0.4119047619047619 0.7921348314606742 0.4107142857142857 0.8174157303370787 0.4607142857142857 0.8216292134831461 0.46190476190476193 0.7907303370786517