1 0.5035714285714286 0.7514044943820225 0.5047619047619047 0.8342696629213483 0.5297619047619048 0.8356741573033708 0.5357142857142857 0.7514044943820225
1 0.5380952380952381 0.8342696629213483 0.569047619047619 0.8328651685393258 0.5630952380952381 0.7485955056179775 0.5380952380952381 0.7528089887640449
1 0.5797619047619048 0.7640449438202247 0.5821428571428572 0.8342696629213483 0.6083333333333333 0.8314606741573034 0.6035714285714285 0.7626404494382022
1 0.6190476190476191 0.7542134831460674 0.6273809523809524 0.8356741573033708 0.6523809523809524 0.8328651685393258 0.6416666666666667 0.7528089887640449
1 0.6535714285714286 0.7429775280898876 0.6642857142857143 0.8314606741573034 0.6892857142857143 0.827247191011236 0.680952380952381 0.7387640449438202
1 0.7154761904761905 0.8258426966292135 0.719047619047619 0.7542134831460674 0.7428571428571429 0.7584269662921348 0.7380952380952381 0.8300561797752809
1 0.7511904761904762 0.824438202247191 0.7761904761904762 0.827247191011236 0.7785714285714286 0.7471910112359551 0.7535714285714286 0.7415730337078652
1 0.8083333333333333 0.7570224719101124 0.825 0.8412921348314607 0.85 0.8328651685393258 0.8321428571428572 0.7528089887640449
1 0.8 0.5603932584269663 0.8035714285714286 0.6390449438202247 0.8297619047619048 0.6390449438202247 0.8261904761904761 0.5589887640449438
1 0.8023809523809524 0.4438202247191011 0.8095238095238095 0.5112359550561798 0.8345238095238096 0.5056179775280899 0.8238095238095238 0.44241573033707865
1 0.6190476190476191 0.5758426966292135 0.6821428571428572 0.5758426966292135 0.6833333333333333 0.6039325842696629 0.6214285714285714 0.6053370786516854
1 0.6214285714285714 0.523876404494382 0.6833333333333333 0.5294943820224719 0.6821428571428572 0.5603932584269663 0.6202380952380953 0.5519662921348315
1 0.49404761904761907 0.5491573033707865 0.5619047619047619 0.550561797752809 0.5607142857142857 0.5828651685393258 0.4928571428571429 0.5786516853932584
1 0.6083333333333333 0.4803370786516854 0.6761904761904762 0.4803370786516854 0.6773809523809524 0.5098314606741573 0.611904761904762 0.5112359550561798
1 0.4928571428571429 0.4845505617977528 0.5630952380952381 0.4845505617977528 0.5642857142857143 0.5154494382022472 0.4988095238095238 0.5210674157303371
1 0.6130952380952381 0.39185393258426965 0.6785714285714286 0.39747191011235955 0.6797619047619048 0.42837078651685395 0.6142857142857143 0.42696629213483145
1 0.6178571428571429 0.35252808988764045 0.694047619047619 0.35814606741573035 0.694047619047619 0.38764044943820225 0.6190476190476191 0.38342696629213485
1 0.611904761904762 0.31741573033707865 0.680952380952381 0.3103932584269663 0.6785714285714286 0.28370786516853935 0.611904761904762 0.28792134831460675
1 0.6107142857142858 0.27247191011235955 0.6738095238095239 0.26825842696629215 0.6726190476190477 0.23735955056179775 0.6095238095238096 0.2443820224719101
1 0.6095238095238096 0.22893258426966293 0.6714285714285714 0.22612359550561797 0.6714285714285714 0.19662921348314608 0.6095238095238096 0.20224719101123595
1 0.6047619047619047 0.19241573033707865 0.6702380952380952 0.1797752808988764 0.6654761904761904 0.15308988764044945 0.6023809523809524 0.16432584269662923
1 0.4880952380952381 0.22331460674157302 0.5535714285714286 0.22191011235955055 0.5547619047619048 0.25 0.48928571428571427 0.2542134831460674
1 0.4845238095238095 0.3061797752808989 0.5511904761904762 0.30758426966292135 0.5488095238095239 0.33286516853932585 0.4857142857142857 0.33707865168539325
3 0.48214285714285715 0.2949438202247191 0.5726190476190476 0.29353932584269665 0.5714285714285714 0.2542134831460674 0.48333333333333334 0.2598314606741573
3 0.475 0.38342696629213485 0.5630952380952381 0.37640449438202245 0.5607142857142857 0.34129213483146065 0.4738095238095238 0.3441011235955056
3 0.4726190476190476 0.4353932584269663 0.5642857142857143 0.4339887640449438 0.5630952380952381 0.46769662921348315 0.4738095238095238 0.4747191011235955
3 0.6059523809523809 0.4339887640449438 0.6833333333333333 0.4339887640449438 0.680952380952381 0.4705056179775281 0.6059523809523809 0.46348314606741575
1 0.8035714285714286 0.35674157303370785 0.8690476190476191 0.36235955056179775 0.8714285714285714 0.3342696629213483 0.8023809523809524 0.3300561797752809
1 0.7964285714285714 0.2907303370786517 0.861904761904762 0.28370786516853935 0.8595238095238096 0.25280898876404495 0.7916666666666666 0.2598314606741573
1 0.7869047619047619 0.22331460674157302 0.819047619047619 0.2205056179775281 0.8154761904761905 0.13342696629213482 0.7892857142857143 0.13342696629213482