1 0.14047619047619048 0.7865168539325843 0.14761904761904762 0.7064606741573034 0.11785714285714285 0.7050561797752809 0.10952380952380952 0.7837078651685393
1 0.15476190476190477 0.7837078651685393 0.16071428571428573 0.7050561797752809 0.19047619047619047 0.7050561797752809 0.18214285714285713 0.7851123595505618
1 0.2511904761904762 0.7921348314606742 0.25595238095238093 0.7134831460674157 0.28095238095238095 0.7176966292134831 0.2773809523809524 0.7935393258426966
1 0.2988095238095238 0.7823033707865169 0.30238095238095236 0.7134831460674157 0.3261904761904762 0.7148876404494382 0.32857142857142857 0.7808988764044944
1 0.34285714285714286 0.7935393258426966 0.34404761904761905 0.7134831460674157 0.37023809523809526 0.7120786516853933 0.37142857142857144 0.7893258426966292
1 0.4023809523809524 0.7879213483146067 0.4023809523809524 0.7176966292134831 0.42857142857142855 0.7176966292134831 0.4297619047619048 0.7851123595505618
1 0.4488095238095238 0.7823033707865169 0.45 0.7162921348314607 0.4738095238095238 0.7162921348314607 0.4773809523809524 0.776685393258427
1 0.4988095238095238 0.7907303370786517 0.5 0.7148876404494382 0.5273809523809524 0.7162921348314607 0.5261904761904762 0.7879213483146067
1 0.5416666666666666 0.7935393258426966 0.5428571428571428 0.7289325842696629 0.5654761904761905 0.7317415730337079 0.5654761904761905 0.7935393258426966
1 0.5845238095238096 0.797752808988764 0.5880952380952381 0.723314606741573 0.6130952380952381 0.726123595505618 0.6083333333333333 0.8019662921348315
1 0.6238095238095238 0.8019662921348315 0.6273809523809524 0.726123595505618 0.6511904761904762 0.7289325842696629 0.65 0.800561797752809
1 0.6595238095238095 0.7935393258426966 0.6630952380952381 0.723314606741573 0.6892857142857143 0.723314606741573 0.6869047619047619 0.800561797752809
1 0.7666666666666667 0.8160112359550562 0.7702380952380953 0.7303370786516854 0.7988095238095239 0.7331460674157303 0.7928571428571428 0.8160112359550562
1 0.805952380952381 0.8174157303370787 0.8071428571428572 0.7359550561797753 0.8345238095238096 0.7373595505617978 0.8345238095238096 0.8216292134831461
1 0.8476190476190476 0.824438202247191 0.8464285714285714 0.7415730337078652 0.8726190476190476 0.7429775280898876 0.8761904761904762 0.8230337078651685
1 0.7928571428571428 0.523876404494382 0.7869047619047619 0.6039325842696629 0.8130952380952381 0.6081460674157303 0.819047619047619 0.5280898876404494
1 0.7523809523809524 0.5294943820224719 0.75 0.6123595505617978 0.7761904761904762 0.6109550561797753 0.7773809523809524 0.5308988764044944
1 0.6285714285714286 0.6067415730337079 0.6261904761904762 0.5323033707865169 0.6523809523809524 0.5280898876404494 0.6571428571428571 0.6081460674157303
1 0.5880952380952381 0.5969101123595506 0.5904761904761905 0.5168539325842697 0.6142857142857143 0.5168539325842697 0.6142857142857143 0.5969101123595506
1 0.55 0.5870786516853933 0.55 0.5098314606741573 0.5738095238095238 0.5098314606741573 0.5726190476190476 0.5856741573033708
1 0.45595238095238094 0.601123595505618 0.5226190476190476 0.601123595505618 0.5238095238095238 0.6306179775280899 0.45714285714285713 0.6278089887640449
1 0.44642857142857145 0.5042134831460674 0.444047619047619 0.5828651685393258 0.4166666666666667 0.5814606741573034 0.42142857142857143 0.5014044943820225
1 0.3726190476190476 0.5786516853932584 0.3726190476190476 0.5 0.4 0.5 0.39880952380952384 0.5786516853932584
1 0.32857142857142857 0.577247191011236 0.33095238095238094 0.49859550561797755 0.3547619047619048 0.49859550561797755 0.35 0.577247191011236
1 0.15595238095238095 0.5912921348314607 0.21666666666666667 0.5926966292134831 0.21666666666666667 0.6207865168539326 0.15357142857142858 0.6179775280898876
1 0.20952380952380953 0.5730337078651685 0.2119047619047619 0.4943820224719101 0.2357142857142857 0.49297752808988765 0.23333333333333334 0.5716292134831461
1 0.16666666666666666 0.574438202247191 0.16904761904761906 0.5028089887640449 0.19404761904761905 0.5042134831460674 0.19166666666666668 0.574438202247191
1 0.830952380952381 0.6025280898876404 0.8535714285714285 0.6053370786516854 0.8583333333333333 0.5365168539325843 0.8345238095238096 0.5337078651685393