1 0.39285714285714285 0.6825842696629213 0.44642857142857145 0.7331460674157303 0.46190476190476193 0.7064606741573034 0.40595238095238095 0.6587078651685393
1 0.4095238095238095 0.648876404494382 0.46785714285714286 0.6067415730337079 0.45357142857142857 0.5758426966292135 0.3964285714285714 0.6123595505617978
1 0.5154761904761904 0.7176966292134831 0.513095238095238 0.6306179775280899 0.5404761904761904 0.6278089887640449 0.5452380952380952 0.7162921348314607
1 0.6095238095238096 0.6896067415730337 0.6 0.6151685393258427 0.6297619047619047 0.6095505617977528 0.638095238095238 0.6853932584269663
1 0.3869047619047619 0.449438202247191 0.45357142857142857 0.4691011235955056 0.46190476190476193 0.4396067415730337 0.3952380952380952 0.4143258426966292
1 0.4035714285714286 0.4044943820224719 0.4523809523809524 0.3553370786516854 0.4357142857142857 0.3300561797752809 0.38452380952380955 0.3862359550561798
1 0.5083333333333333 0.3693820224719101 0.5797619047619048 0.36797752808988765 0.5785714285714286 0.3342696629213483 0.5095238095238095 0.33848314606741575
1 0.5880952380952381 0.39185393258426965 0.5916666666666667 0.30337078651685395 0.6202380952380953 0.30337078651685395 0.6214285714285714 0.3862359550561798
1 0.6619047619047619 0.3497191011235955 0.7226190476190476 0.3904494382022472 0.7357142857142858 0.36235955056179775 0.680952380952381 0.32162921348314605
1 0.6964285714285714 0.4396067415730337 0.7595238095238095 0.4452247191011236 0.7666666666666667 0.41853932584269665 0.6976190476190476 0.4044943820224719
1 0.7035714285714286 0.6025280898876404 0.775 0.6095505617977528 0.7761904761904762 0.5786516853932584 0.705952380952381 0.5674157303370787
1 0.5976190476190476 0.5702247191011236 0.5988095238095238 0.4943820224719101 0.6273809523809524 0.49297752808988765 0.6261904761904762 0.5660112359550562
1 0.6083333333333333 0.8146067415730337 0.6071428571428571 0.7401685393258427 0.6333333333333333 0.7387640449438202 0.638095238095238 0.8117977528089888
1 0.705952380952381 0.7176966292134831 0.7642857142857142 0.7106741573033708 0.7583333333333333 0.6783707865168539 0.7023809523809523 0.6853932584269663
1 0.6952380952380952 0.8300561797752809 0.7571428571428571 0.8370786516853933 0.7583333333333333 0.8089887640449438 0.6988095238095238 0.800561797752809
1 0.525 0.8258426966292135 0.5261904761904762 0.7963483146067416 0.5904761904761905 0.7879213483146067 0.5928571428571429 0.8188202247191011
1 0.5238095238095238 0.7794943820224719 0.5880952380952381 0.7752808988764045 0.5904761904761905 0.7457865168539326 0.525 0.7415730337078652
1 0.5214285714285715 0.5926966292134831 0.5928571428571429 0.5898876404494382 0.5892857142857143 0.5533707865168539 0.5226190476190476 0.5561797752808989
1 0.5285714285714286 0.5421348314606742 0.5928571428571429 0.5323033707865169 0.5880952380952381 0.49859550561797755 0.525 0.5084269662921348
1 0.5214285714285715 0.48314606741573035 0.5928571428571429 0.47752808988764045 0.5892857142857143 0.44241573033707865 0.5202380952380953 0.44803370786516855
1 0.5226190476190476 0.33146067415730335 0.5785714285714286 0.32162921348314605 0.5785714285714286 0.2949438202247191 0.5238095238095238 0.30196629213483145
1 0.5916666666666667 0.28370786516853935 0.5928571428571429 0.1896067415730337 0.6190476190476191 0.19101123595505617 0.625 0.2808988764044944
1 0.5107142857142857 0.29634831460674155 0.5892857142857143 0.2851123595505618 0.5845238095238096 0.25 0.5083333333333333 0.2612359550561798
1 0.5095238095238095 0.24297752808988765 0.5833333333333334 0.23174157303370788 0.5797619047619048 0.19803370786516855 0.5071428571428571 0.20646067415730338
1 0.5154761904761904 0.19101123595505617 0.5869047619047619 0.18258426966292135 0.5845238095238096 0.14747191011235955 0.5154761904761904 0.1502808988764045
1 0.39404761904761904 0.18258426966292135 0.45595238095238094 0.17415730337078653 0.44761904761904764 0.14185393258426968 0.3821428571428571 0.1502808988764045
1 0.3964285714285714 0.21629213483146068 0.4511904761904762 0.2443820224719101 0.4607142857142857 0.21348314606741572 0.4035714285714286 0.1896067415730337
1 0.6619047619047619 0.18398876404494383 0.7226190476190476 0.17837078651685392 0.7202380952380952 0.14606741573033707 0.6583333333333333 0.15168539325842698
1 0.6666666666666666 0.22752808988764045 0.7202380952380952 0.21769662921348315 0.7154761904761905 0.19101123595505617 0.6642857142857143 0.19382022471910113