1 0.3607142857142857 0.3693820224719101 0.4 0.4691011235955056 0.42857142857142855 0.449438202247191 0.39285714285714285 0.34831460674157305
1 0.5119047619047619 0.3904494382022472 0.5119047619047619 0.4845505617977528 0.5476190476190477 0.4859550561797753 0.5476190476190477 0.39325842696629215
1 0.5928571428571429 0.3806179775280899 0.5869047619047619 0.47752808988764045 0.6214285714285714 0.47752808988764045 0.6238095238095238 0.3904494382022472
1 0.6666666666666666 0.4044943820224719 0.6654761904761904 0.4901685393258427 0.7 0.49297752808988765 0.7 0.4044943820224719
1 0.26904761904761904 0.45786516853932585 0.3464285714285714 0.4845505617977528 0.35833333333333334 0.44662921348314605 0.27976190476190477 0.4199438202247191
1 0.8273809523809523 0.49719101123595505 0.8321428571428572 0.3960674157303371 0.8690476190476191 0.39747191011235955 0.8678571428571429 0.4943820224719101
1 0.8202380952380952 0.7556179775280899 0.8202380952380952 0.651685393258427 0.8583333333333333 0.6530898876404494 0.8547619047619047 0.7542134831460674
1 0.8011904761904762 0.7542134831460674 0.8130952380952381 0.6502808988764045 0.7773809523809524 0.6474719101123596 0.763095238095238 0.7443820224719101
1 0.7202380952380952 0.7415730337078652 0.7226190476190476 0.6362359550561798 0.7595238095238095 0.6348314606741573 0.7547619047619047 0.7443820224719101
1 0.7011904761904761 0.7401685393258427 0.7011904761904761 0.6390449438202247 0.6666666666666666 0.6376404494382022 0.6654761904761904 0.7387640449438202
1 0.5154761904761904 0.7401685393258427 0.513095238095238 0.6348314606741573 0.475 0.6376404494382022 0.4845238095238095 0.7429775280898876
1 0.46190476190476193 0.7205056179775281 0.46190476190476193 0.6123595505617978 0.425 0.6137640449438202 0.42142857142857143 0.7191011235955056
1 0.3964285714285714 0.7219101123595506 0.41904761904761906 0.6292134831460674 0.3892857142857143 0.6151685393258427 0.3595238095238095 0.7106741573033708
1 0.2857142857142857 0.7303370786516854 0.29285714285714287 0.6306179775280899 0.2571428571428571 0.6292134831460674 0.2488095238095238 0.723314606741573
1 0.18333333333333332 0.7064606741573034 0.19285714285714287 0.6109550561797753 0.15357142857142858 0.5997191011235955 0.1392857142857143 0.6980337078651685
1 0.7857142857142857 0.48735955056179775 0.7952380952380952 0.3890449438202247 0.8238095238095238 0.39185393258426965 0.8202380952380952 0.4887640449438202