1 0.1392857142857143 0.40730337078651685 0.1738095238095238 0.4044943820224719 0.1738095238095238 0.29775280898876405 0.13452380952380952 0.2991573033707865
1 0.29404761904761906 0.40308988764044945 0.33095238095238094 0.40308988764044945 0.3345238095238095 0.2991573033707865 0.2976190476190476 0.2991573033707865
1 0.3523809523809524 0.39185393258426965 0.38571428571428573 0.39185393258426965 0.39404761904761904 0.3061797752808989 0.3523809523809524 0.30196629213483145
1 0.430952380952381 0.4002808988764045 0.4666666666666667 0.4002808988764045 0.4666666666666667 0.2949438202247191 0.4357142857142857 0.29775280898876405
1 0.6142857142857143 0.40870786516853935 0.6523809523809524 0.4058988764044944 0.65 0.3103932584269663 0.6154761904761905 0.3103932584269663
1 0.6785714285714286 0.40168539325842695 0.7130952380952381 0.398876404494382 0.7154761904761905 0.30337078651685395 0.6773809523809524 0.30337078651685395
1 0.7226190476190476 0.30196629213483145 0.7607142857142857 0.2991573033707865 0.7761904761904762 0.39747191011235955 0.7273809523809524 0.4044943820224719
1 0.7928571428571428 0.40168539325842695 0.8297619047619048 0.4002808988764045 0.8345238095238096 0.2991573033707865 0.7904761904761904 0.30196629213483145
3 0.5714285714285714 0.30337078651685395 0.6011904761904762 0.3047752808988764 0.5976190476190476 0.39185393258426965 0.569047619047619 0.39185393258426965
1 0.6892857142857143 0.5702247191011236 0.7273809523809524 0.5702247191011236 0.7297619047619047 0.6671348314606742 0.6916666666666667 0.6699438202247191
1 0.5571428571428572 0.5688202247191011 0.5892857142857143 0.5702247191011236 0.5904761904761905 0.6671348314606742 0.5535714285714286 0.6657303370786517
1 0.5023809523809524 0.6558988764044944 0.4976190476190476 0.5603932584269663 0.5380952380952381 0.5547752808988764 0.5357142857142857 0.6558988764044944
1 0.44285714285714284 0.5617977528089888 0.4785714285714286 0.5617977528089888 0.4773809523809524 0.6558988764044944 0.4380952380952381 0.6587078651685393
1 0.31785714285714284 0.550561797752809 0.3547619047619048 0.5435393258426966 0.3607142857142857 0.6432584269662921 0.32857142857142857 0.6474719101123596
1 0.26904761904761904 0.5547752808988764 0.30357142857142855 0.5547752808988764 0.3047619047619048 0.6530898876404494 0.2619047619047619 0.6530898876404494
1 0.2130952380952381 0.6544943820224719 0.2511904761904762 0.651685393258427 0.25 0.5519662921348315 0.21428571428571427 0.5561797752808989