1 0.10714285714285714 0.4157303370786517 0.1380952380952381 0.4143258426966292 0.1380952380952381 0.4957865168539326 0.10952380952380952 0.4957865168539326
1 0.14523809523809525 0.41713483146067415 0.1761904761904762 0.4143258426966292 0.17976190476190476 0.4901685393258427 0.14642857142857144 0.49157303370786515
1 0.20476190476190476 0.4101123595505618 0.23333333333333334 0.40730337078651685 0.2357142857142857 0.48174157303370785 0.21071428571428572 0.4845505617977528
1 0.24761904761904763 0.4002808988764045 0.28095238095238095 0.4002808988764045 0.27380952380952384 0.48735955056179775 0.24642857142857144 0.4859550561797753
1 0.2857142857142857 0.41292134831460675 0.319047619047619 0.40730337078651685 0.31666666666666665 0.48735955056179775 0.28809523809523807 0.48735955056179775
1 0.3202380952380952 0.4101123595505618 0.3523809523809524 0.4058988764044944 0.35595238095238096 0.48314606741573035 0.32976190476190476 0.4859550561797753
1 0.3595238095238095 0.40870786516853935 0.3880952380952381 0.40730337078651685 0.3880952380952381 0.476123595505618 0.3619047619047619 0.476123595505618
1 0.4523809523809524 0.4199438202247191 0.48214285714285715 0.4199438202247191 0.48095238095238096 0.48174157303370785 0.45357142857142857 0.4803370786516854
1 0.48928571428571427 0.4044943820224719 0.5190476190476191 0.4044943820224719 0.5202380952380953 0.47752808988764045 0.49404761904761907 0.47752808988764045
1 0.5273809523809524 0.4002808988764045 0.555952380952381 0.398876404494382 0.555952380952381 0.47752808988764045 0.5297619047619048 0.4789325842696629
1 0.5666666666666667 0.4002808988764045 0.6 0.4002808988764045 0.5928571428571429 0.4803370786516854 0.5678571428571428 0.47752808988764045
1 0.625 0.4044943820224719 0.6583333333333333 0.40168539325842695 0.6547619047619048 0.48314606741573035 0.6297619047619047 0.48174157303370785
1 0.6726190476190477 0.40730337078651685 0.7035714285714286 0.41151685393258425 0.6988095238095238 0.5 0.6619047619047619 0.49297752808988765
1 0.7309523809523809 0.28651685393258425 0.7654761904761904 0.28230337078651685 0.7547619047619047 0.20646067415730338 0.725 0.21207865168539325
1 0.7095238095238096 0.3862359550561798 0.7226190476190476 0.4143258426966292 0.7869047619047619 0.3862359550561798 0.7690476190476191 0.3539325842696629
1 0.7154761904761905 0.4297752808988764 0.7785714285714286 0.3960674157303371 0.7904761904761904 0.42837078651685395 0.7309523809523809 0.4606741573033708
1 0.7226190476190476 0.48174157303370785 0.7416666666666667 0.5112359550561798 0.8083333333333333 0.46629213483146065 0.7892857142857143 0.43679775280898875
1 0.736904761904762 0.5758426966292135 0.7404761904761905 0.5379213483146067 0.8130952380952381 0.5603932584269663 0.8047619047619048 0.5926966292134831
1 0.7488095238095238 0.6544943820224719 0.825 0.651685393258427 0.8226190476190476 0.6179775280898876 0.7464285714285714 0.6179775280898876
1 0.7476190476190476 0.7036516853932584 0.819047619047619 0.699438202247191 0.8142857142857143 0.6657303370786517 0.7476190476190476 0.672752808988764
1 0.7511904761904762 0.7289325842696629 0.8166666666666667 0.7120786516853933 0.8214285714285714 0.7457865168539326 0.7547619047619047 0.7584269662921348
1 0.7547619047619047 0.7780898876404494 0.8285714285714286 0.7780898876404494 0.8261904761904761 0.8174157303370787 0.7547619047619047 0.8117977528089888
1 0.6702380952380952 0.6896067415730337 0.7011904761904761 0.6867977528089888 0.6976190476190476 0.6039325842696629 0.6678571428571428 0.6039325842696629
1 0.6285714285714286 0.6109550561797753 0.655952380952381 0.6081460674157303 0.6619047619047619 0.6867977528089888 0.6333333333333333 0.6924157303370787
1 0.555952380952381 0.5955056179775281 0.5845238095238096 0.5941011235955056 0.5904761904761905 0.6741573033707865 0.5619047619047619 0.6769662921348315
1 0.46785714285714286 0.6137640449438202 0.4928571428571429 0.6137640449438202 0.4976190476190476 0.6966292134831461 0.46785714285714286 0.6980337078651685
1 0.42738095238095236 0.625 0.4583333333333333 0.6235955056179775 0.4607142857142857 0.7036516853932584 0.430952380952381 0.7078651685393258
1 0.39166666666666666 0.6292134831460674 0.41785714285714287 0.6292134831460674 0.41904761904761906 0.699438202247191 0.39404761904761904 0.699438202247191
1 0.21904761904761905 0.625 0.24523809523809523 0.6264044943820225 0.24523809523809523 0.6966292134831461 0.21785714285714286 0.6952247191011236
1 0.18214285714285713 0.6207865168539326 0.21071428571428572 0.6193820224719101 0.20952380952380953 0.699438202247191 0.1773809523809524 0.7008426966292135
1 0.14404761904761904 0.6137640449438202 0.175 0.6137640449438202 0.17142857142857143 0.6952247191011236 0.14047619047619048 0.6924157303370787