1 0.11785714285714285 0.6123595505617978 0.15 0.6123595505617978 0.1523809523809524 0.5365168539325843 0.12023809523809524 0.5351123595505618
1 0.1595238095238095 0.6179775280898876 0.19166666666666668 0.6151685393258427 0.19166666666666668 0.5280898876404494 0.1619047619047619 0.5294943820224719
1 0.22976190476190475 0.598314606741573 0.25952380952380955 0.5941011235955056 0.2571428571428571 0.5210674157303371 0.23214285714285715 0.523876404494382
2 0.2857142857142857 0.6292134831460674 0.31547619047619047 0.6278089887640449 0.319047619047619 0.5196629213483146 0.2869047619047619 0.5196629213483146
1 0.3261904761904762 0.6235955056179775 0.3595238095238095 0.6278089887640449 0.3619047619047619 0.547752808988764 0.32857142857142857 0.5463483146067416
1 0.39166666666666666 0.523876404494382 0.42142857142857143 0.5196629213483146 0.430952380952381 0.598314606741573 0.4011904761904762 0.6053370786516854
1 0.4297619047619048 0.5407303370786517 0.45595238095238094 0.5323033707865169 0.4738095238095238 0.601123595505618 0.4511904761904762 0.6137640449438202
1 0.49523809523809526 0.5323033707865169 0.5261904761904762 0.5308988764044944 0.5297619047619048 0.6137640449438202 0.5023809523809524 0.6207865168539326
1 0.5369047619047619 0.5323033707865169 0.5642857142857143 0.5323033707865169 0.5666666666666667 0.6137640449438202 0.5404761904761904 0.6137640449438202
1 0.5726190476190476 0.5308988764044944 0.6 0.5294943820224719 0.6011904761904762 0.6095505617977528 0.575 0.6095505617977528
1 0.6095238095238096 0.5252808988764045 0.6404761904761904 0.5224719101123596 0.6416666666666667 0.6109550561797753 0.611904761904762 0.6109550561797753
1 0.6904761904761905 0.5280898876404494 0.7178571428571429 0.5280898876404494 0.7214285714285714 0.6109550561797753 0.6904761904761905 0.6137640449438202
1 0.6547619047619048 0.5308988764044944 0.680952380952381 0.5308988764044944 0.6797619047619048 0.6039325842696629 0.6523809523809524 0.601123595505618
1 0.7452380952380953 0.6432584269662921 0.8107142857142857 0.6432584269662921 0.8095238095238095 0.672752808988764 0.7428571428571429 0.6713483146067416
1 0.736904761904762 0.7219101123595506 0.8130952380952381 0.7162921348314607 0.8130952380952381 0.6853932584269663 0.7333333333333333 0.6882022471910112
2 0.7380952380952381 0.7696629213483146 0.819047619047619 0.7654494382022472 0.8130952380952381 0.7176966292134831 0.7357142857142858 0.7219101123595506
1 0.6404761904761904 0.7191011235955056 0.6666666666666666 0.7191011235955056 0.6738095238095239 0.7991573033707865 0.6440476190476191 0.800561797752809
1 0.5988095238095238 0.7317415730337079 0.6273809523809524 0.7275280898876404 0.6357142857142857 0.8033707865168539 0.6095238095238096 0.8103932584269663
1 0.5654761904761905 0.8160112359550562 0.5976190476190476 0.8117977528089888 0.5880952380952381 0.7219101123595506 0.5595238095238095 0.726123595505618
1 0.5261904761904762 0.827247191011236 0.5535714285714286 0.8258426966292135 0.5523809523809524 0.7373595505617978 0.525 0.7373595505617978
1 0.40595238095238095 0.7443820224719101 0.43214285714285716 0.7401685393258427 0.4380952380952381 0.827247191011236 0.4119047619047619 0.8258426966292135
1 0.36428571428571427 0.7471910112359551 0.3904761904761905 0.7471910112359551 0.39404761904761904 0.8300561797752809 0.36547619047619045 0.827247191011236
1 0.31785714285714284 0.7387640449438202 0.35119047619047616 0.7387640449438202 0.3464285714285714 0.8314606741573034 0.31785714285714284 0.8314606741573034
1 0.19642857142857142 0.7542134831460674 0.22976190476190475 0.7542134831460674 0.22023809523809523 0.8469101123595506 0.19047619047619047 0.8441011235955056
1 0.15119047619047618 0.8426966292134831 0.17976190476190476 0.8426966292134831 0.18095238095238095 0.7528089887640449 0.15 0.7528089887640449