1 0.18333333333333332 0.8019662921348315 0.19166666666666668 0.7682584269662921 0.26666666666666666 0.7837078651685393 0.2630952380952381 0.8188202247191011
1 0.1988095238095238 0.7668539325842697 0.2714285714285714 0.7682584269662921 0.2702380952380952 0.7303370786516854 0.1988095238095238 0.7331460674157303
1 0.19047619047619047 0.723314606741573 0.2714285714285714 0.7176966292134831 0.26904761904761904 0.6769662921348315 0.19047619047619047 0.6783707865168539
1 0.26666666666666666 0.6699438202247191 0.26904761904761904 0.6362359550561798 0.1976190476190476 0.6334269662921348 0.19642857142857142 0.6713483146067416
1 0.20595238095238094 0.5926966292134831 0.26785714285714285 0.5870786516853933 0.26666666666666666 0.625 0.20476190476190476 0.6221910112359551
1 0.1738095238095238 0.5056179775280899 0.19285714285714287 0.5252808988764045 0.24523809523809523 0.4705056179775281 0.21785714285714286 0.44662921348314605
1 0.2654761904761905 0.46769662921348315 0.3345238095238095 0.46769662921348315 0.33690476190476193 0.4353932584269663 0.26785714285714285 0.4311797752808989
1 0.3726190476190476 0.47331460674157305 0.4392857142857143 0.4705056179775281 0.4380952380952381 0.43820224719101125 0.3738095238095238 0.43258426966292135
1 0.4595238095238095 0.476123595505618 0.5321428571428571 0.476123595505618 0.5321428571428571 0.43679775280898875 0.4583333333333333 0.43820224719101125
1 0.18333333333333332 0.32162921348314605 0.25 0.34129213483146065 0.25833333333333336 0.30337078651685395 0.19047619047619047 0.28792134831460675
1 0.275 0.3441011235955056 0.3488095238095238 0.34269662921348315 0.3476190476190476 0.3061797752808989 0.27380952380952384 0.3047752808988764
1 0.20952380952380953 0.1952247191011236 0.275 0.19382022471910113 0.2773809523809524 0.1601123595505618 0.2119047619047619 0.1544943820224719
1 0.5654761904761905 0.1797752808988764 0.5964285714285714 0.18117977528089887 0.5916666666666667 0.25702247191011235 0.5630952380952381 0.25280898876404495
1 0.6392857142857142 0.5519662921348315 0.6666666666666666 0.5519662921348315 0.6654761904761904 0.6348314606741573 0.6321428571428571 0.6334269662921348
1 0.6273809523809524 0.7696629213483146 0.6619047619047619 0.7710674157303371 0.6630952380952381 0.6839887640449438 0.6345238095238095 0.6811797752808989
1 0.6369047619047619 0.7724719101123596 0.6666666666666666 0.773876404494382 0.6654761904761904 0.8539325842696629 0.6357142857142857 0.8525280898876404
0 0.8238095238095238 0.49859550561797755 0.8761904761904762 0.5 0.875 0.6938202247191011 0.8285714285714286 0.6924157303370787