1 0.18333333333333332 0.15730337078651685 0.25476190476190474 0.15589887640449437 0.25476190476190474 0.18820224719101122 0.18452380952380953 0.19101123595505617
1 0.18214285714285713 0.2050561797752809 0.25 0.2050561797752809 0.2523809523809524 0.2401685393258427 0.18095238095238095 0.2401685393258427
1 0.1761904761904762 0.2640449438202247 0.2702380952380952 0.2598314606741573 0.2714285714285714 0.30337078651685395 0.17857142857142858 0.3089887640449438
1 0.19047619047619047 0.3202247191011236 0.2571428571428571 0.324438202247191 0.2571428571428571 0.3553370786516854 0.18928571428571428 0.351123595505618
1 0.18571428571428572 0.3637640449438202 0.25 0.36235955056179775 0.2511904761904762 0.3946629213483146 0.1869047619047619 0.398876404494382
1 0.1869047619047619 0.4143258426966292 0.25476190476190474 0.40168539325842695 0.26071428571428573 0.4396067415730337 0.19285714285714287 0.4438202247191011
1 0.18571428571428572 0.45365168539325845 0.25952380952380955 0.4508426966292135 0.25833333333333336 0.48735955056179775 0.1880952380952381 0.48735955056179775
1 0.17857142857142858 0.5140449438202247 0.25476190476190474 0.5098314606741573 0.25476190476190474 0.5491573033707865 0.18095238095238095 0.550561797752809
1 0.18095238095238095 0.5603932584269663 0.2523809523809524 0.5617977528089888 0.2523809523809524 0.5955056179775281 0.18095238095238095 0.598314606741573
1 0.2523809523809524 0.6053370786516854 0.25476190476190474 0.6376404494382022 0.18214285714285713 0.6404494382022472 0.18214285714285713 0.6039325842696629
1 0.1773809523809524 0.6882022471910112 0.25476190476190474 0.6839887640449438 0.2511904761904762 0.6502808988764045 0.17857142857142858 0.651685393258427
1 0.18928571428571428 0.7289325842696629 0.2488095238095238 0.7275280898876404 0.24761904761904763 0.6952247191011236 0.19047619047619047 0.6966292134831461
1 0.16904761904761906 0.7401685393258427 0.2523809523809524 0.7401685393258427 0.2523809523809524 0.7780898876404494 0.17142857142857143 0.7823033707865169
1 0.17023809523809524 0.8202247191011236 0.24642857142857144 0.8174157303370787 0.2511904761904762 0.8581460674157303 0.17142857142857143 0.8581460674157303
1 0.544047619047619 0.7471910112359551 0.5738095238095238 0.7429775280898876 0.5773809523809523 0.8328651685393258 0.5488095238095239 0.8342696629213483
1 0.6273809523809524 0.723314606741573 0.6535714285714286 0.723314606741573 0.6523809523809524 0.7963483146067416 0.6261904761904762 0.7935393258426966
1 0.6178571428571429 0.6109550561797753 0.6476190476190476 0.6109550561797753 0.65 0.6896067415730337 0.6214285714285714 0.6867977528089888
1 0.5404761904761904 0.476123595505618 0.5714285714285714 0.47752808988764045 0.575 0.5547752808988764 0.5452380952380952 0.5575842696629213
1 0.6178571428571429 0.5112359550561798 0.6488095238095238 0.5112359550561798 0.6476190476190476 0.5842696629213483 0.6166666666666667 0.5842696629213483
1 0.6166666666666667 0.3862359550561798 0.6488095238095238 0.3862359550561798 0.65 0.46769662921348315 0.6190476190476191 0.4691011235955056
1 0.6142857142857143 0.24297752808988765 0.6464285714285715 0.24297752808988765 0.6428571428571429 0.32162921348314605 0.6142857142857143 0.32303370786516855
1 0.530952380952381 0.20365168539325842 0.5654761904761905 0.20646067415730338 0.5654761904761905 0.28792134831460675 0.5333333333333333 0.28651685393258425
1 0.6083333333333333 0.22191011235955055 0.6404761904761904 0.2205056179775281 0.6392857142857142 0.12219101123595505 0.6083333333333333 0.125
1 0.8035714285714286 0.2851123595505618 0.8357142857142857 0.2808988764044944 0.8428571428571429 0.36797752808988765 0.8071428571428572 0.3693820224719101
1 0.8119047619047619 0.5842696629213483 0.8452380952380952 0.5828651685393258 0.8511904761904762 0.6643258426966292 0.819047619047619 0.672752808988764
1 0.8214285714285714 0.7514044943820225 0.8547619047619047 0.7514044943820225 0.8630952380952381 0.8370786516853933 0.8273809523809523 0.8412921348314607