1 0.1738095238095238 0.17275280898876405 0.2392857142857143 0.17134831460674158 0.2369047619047619 0.20084269662921347 0.17142857142857143 0.20224719101123595
1 0.18571428571428572 0.21348314606741572 0.25357142857142856 0.21067415730337077 0.2488095238095238 0.24297752808988765 0.1869047619047619 0.24719101123595505
1 0.18452380952380953 0.2598314606741573 0.25357142857142856 0.2556179775280899 0.25595238095238093 0.28792134831460675 0.18214285714285713 0.29213483146067415
1 0.19047619047619047 0.30196629213483145 0.26666666666666666 0.2991573033707865 0.26666666666666666 0.33286516853932585 0.19166666666666668 0.33286516853932585
1 0.1988095238095238 0.4410112359550562 0.2642857142857143 0.4297752808988764 0.2714285714285714 0.4550561797752809 0.2 0.4691011235955056
1 0.20357142857142857 0.48174157303370785 0.2714285714285714 0.4789325842696629 0.2773809523809524 0.5126404494382022 0.20238095238095238 0.5112359550561798
1 0.5428571428571428 0.827247191011236 0.6047619047619047 0.827247191011236 0.6059523809523809 0.8609550561797753 0.5452380952380952 0.8581460674157303
1 0.5321428571428571 0.7710674157303371 0.6023809523809524 0.7710674157303371 0.6035714285714285 0.8033707865168539 0.5369047619047619 0.8075842696629213
1 0.5345238095238095 0.7205056179775281 0.6107142857142858 0.7162921348314607 0.6130952380952381 0.7570224719101124 0.5380952380952381 0.7612359550561798
1 0.530952380952381 0.6783707865168539 0.5988095238095238 0.6769662921348315 0.6023809523809524 0.7106741573033708 0.5345238095238095 0.7162921348314607
1 0.5285714285714286 0.6362359550561798 0.5976190476190476 0.6362359550561798 0.5964285714285714 0.6713483146067416 0.5297619047619048 0.6699438202247191
1 0.5321428571428571 0.5224719101123596 0.5916666666666667 0.5224719101123596 0.5928571428571429 0.550561797752809 0.5321428571428571 0.5589887640449438
1 0.5285714285714286 0.47752808988764045 0.5904761904761905 0.47752808988764045 0.5928571428571429 0.5084269662921348 0.5285714285714286 0.5140449438202247
1 0.5214285714285715 0.43679775280898875 0.5916666666666667 0.43679775280898875 0.5916666666666667 0.4691011235955056 0.5226190476190476 0.47191011235955055
1 0.5214285714285715 0.39325842696629215 0.5964285714285714 0.3946629213483146 0.5976190476190476 0.42696629213483145 0.5214285714285715 0.43679775280898875
1 0.5190476190476191 0.351123595505618 0.594047619047619 0.3455056179775281 0.594047619047619 0.38342696629213485 0.5190476190476191 0.3862359550561798
1 0.5178571428571429 0.24578651685393257 0.5821428571428572 0.2443820224719101 0.5821428571428572 0.2794943820224719 0.5202380952380953 0.2794943820224719
1 0.513095238095238 0.19803370786516855 0.5857142857142857 0.20365168539325842 0.5845238095238096 0.23595505617977527 0.5166666666666667 0.23876404494382023
1 0.5142857142857142 0.15589887640449437 0.5821428571428572 0.15308988764044945 0.5845238095238096 0.18820224719101122 0.5095238095238095 0.19382022471910113
1 0.7035714285714286 0.2991573033707865 0.775 0.29775280898876405 0.7785714285714286 0.32865168539325845 0.7071428571428572 0.33286516853932585
1 0.6964285714285714 0.34129213483146065 0.7714285714285715 0.3398876404494382 0.775 0.3707865168539326 0.6976190476190476 0.3792134831460674
1 0.7 0.3862359550561798 0.7785714285714286 0.38342696629213485 0.7773809523809524 0.4157303370786517 0.705952380952381 0.425561797752809
1 0.6892857142857143 0.43258426966292135 0.7595238095238095 0.42696629213483145 0.7619047619047619 0.4606741573033708 0.6916666666666667 0.46348314606741575
1 0.7011904761904761 0.5758426966292135 0.7785714285714286 0.5660112359550562 0.780952380952381 0.601123595505618 0.7047619047619048 0.6109550561797753
1 0.6976190476190476 0.6446629213483146 0.7761904761904762 0.6334269662921348 0.780952380952381 0.6685393258426966 0.7023809523809523 0.675561797752809
1 0.7214285714285714 0.6882022471910112 0.7904761904761904 0.6938202247191011 0.7904761904761904 0.7289325842696629 0.7154761904761905 0.723314606741573
1 0.8023809523809524 0.6853932584269663 0.8726190476190476 0.7176966292134831 0.8892857142857142 0.6867977528089888 0.8142857142857143 0.6530898876404494
1 0.1976190476190476 0.5337078651685393 0.26666666666666666 0.5323033707865169 0.26785714285714285 0.5674157303370787 0.19404761904761905 0.5632022471910112
1 0.2 0.7991573033707865 0.2619047619047619 0.7935393258426966 0.25952380952380955 0.8300561797752809 0.2011904761904762 0.8286516853932584