1 0.16547619047619047 0.8146067415730337 0.2011904761904762 0.8146067415730337 0.1976190476190476 0.8778089887640449 0.16547619047619047 0.8778089887640449
1 0.28214285714285714 0.8707865168539326 0.2904761904761905 0.7935393258426966 0.319047619047619 0.7963483146067416 0.3119047619047619 0.8735955056179775
1 0.1619047619047619 0.6334269662921348 0.19642857142857142 0.6320224719101124 0.19404761904761905 0.7219101123595506 0.1619047619047619 0.7205056179775281
1 0.175 0.6235955056179775 0.20476190476190476 0.6207865168539326 0.21071428571428572 0.5393258426966292 0.18214285714285713 0.5365168539325843
1 0.15595238095238095 0.4803370786516854 0.19047619047619047 0.47752808988764045 0.18452380952380953 0.39185393258426965 0.15476190476190477 0.3946629213483146
1 0.4785714285714286 0.5547752808988764 0.5476190476190477 0.5491573033707865 0.5452380952380952 0.5154494382022472 0.47619047619047616 0.5154494382022472
1 0.5785714285714286 0.5491573033707865 0.6452380952380953 0.5435393258426966 0.6416666666666667 0.5112359550561798 0.5761904761904761 0.5112359550561798
1 0.4380952380952381 0.7289325842696629 0.4976190476190476 0.7317415730337079 0.4988095238095238 0.7612359550561798 0.4380952380952381 0.7682584269662921
1 0.5654761904761905 0.7289325842696629 0.6309523809523809 0.7303370786516854 0.6321428571428571 0.7654494382022472 0.5654761904761905 0.7654494382022472
1 0.3261904761904762 0.25842696629213485 0.4023809523809524 0.2612359550561798 0.4 0.2949438202247191 0.3261904761904762 0.29213483146067415
1 0.3333333333333333 0.2050561797752809 0.4023809523809524 0.20646067415730338 0.4011904761904762 0.24157303370786518 0.3333333333333333 0.23876404494382023
1 0.32261904761904764 0.20084269662921347 0.37857142857142856 0.18258426966292135 0.37023809523809526 0.15168539325842698 0.3119047619047619 0.1699438202247191
1 0.09285714285714286 0.3160112359550562 0.15476190476190477 0.31741573033707865 0.15833333333333333 0.28651685393258425 0.0988095238095238 0.2808988764044944
1 0.09642857142857143 0.26685393258426965 0.15357142857142858 0.2654494382022472 0.15476190476190477 0.23595505617977527 0.09404761904761905 0.23174157303370788
1 0.09761904761904762 0.2247191011235955 0.1595238095238095 0.22893258426966293 0.16071428571428573 0.19241573033707865 0.1 0.19241573033707865