1 0.10357142857142858 0.5786516853932584 0.13452380952380952 0.5786516853932584 0.14404761904761904 0.5014044943820225 0.1130952380952381 0.4957865168539326
1 0.25952380952380955 0.824438202247191 0.3261904761904762 0.8188202247191011 0.3273809523809524 0.8497191011235955 0.26071428571428573 0.8553370786516854
1 0.25357142857142856 0.7794943820224719 0.3202380952380952 0.7710674157303371 0.3202380952380952 0.8019662921348315 0.25476190476190474 0.8089887640449438
1 0.2488095238095238 0.7373595505617978 0.3130952380952381 0.7275280898876404 0.31666666666666665 0.7570224719101124 0.2523809523809524 0.7668539325842697
1 0.25 0.675561797752809 0.3202380952380952 0.6685393258426966 0.31785714285714284 0.702247191011236 0.2511904761904762 0.7050561797752809
1 0.24404761904761904 0.6348314606741573 0.3107142857142857 0.6292134831460674 0.3130952380952381 0.6587078651685393 0.24523809523809523 0.6671348314606742
1 0.24642857142857144 0.5800561797752809 0.31547619047619047 0.574438202247191 0.31547619047619047 0.6053370786516854 0.24761904761904763 0.6095505617977528
1 0.23809523809523808 0.5308988764044944 0.305952380952381 0.5294943820224719 0.3047619047619048 0.5603932584269663 0.2392857142857143 0.5632022471910112
1 0.2369047619047619 0.48735955056179775 0.30357142857142855 0.4803370786516854 0.30714285714285716 0.5126404494382022 0.2392857142857143 0.5168539325842697
1 0.23214285714285715 0.4691011235955056 0.23095238095238096 0.43679775280898875 0.30238095238095236 0.4311797752808989 0.30357142857142855 0.46348314606741575
1 0.2261904761904762 0.41713483146067415 0.29404761904761906 0.41151685393258425 0.29404761904761906 0.37780898876404495 0.22738095238095238 0.38342696629213485
1 0.21904761904761905 0.3707865168539326 0.2904761904761905 0.36797752808988765 0.2892857142857143 0.33146067415730335 0.21666666666666667 0.33848314606741575
1 0.22142857142857142 0.32724719101123595 0.29285714285714287 0.3202247191011236 0.2916666666666667 0.2907303370786517 0.2226190476190476 0.2991573033707865
1 0.21904761904761905 0.2794943820224719 0.29404761904761906 0.273876404494382 0.28809523809523807 0.24157303370786518 0.21904761904761905 0.2443820224719101
1 0.2261904761904762 0.22612359550561797 0.2892857142857143 0.2205056179775281 0.2845238095238095 0.1896067415730337 0.2261904761904762 0.1952247191011236
1 0.2119047619047619 0.18258426966292135 0.2857142857142857 0.17415730337078653 0.28095238095238095 0.14325842696629212 0.20952380952380953 0.14887640449438203
1 0.6892857142857143 0.20224719101123595 0.7309523809523809 0.1306179775280899 0.7023809523809523 0.11938202247191011 0.6702380952380952 0.18398876404494383
1 0.680952380952381 0.24859550561797752 0.7047619047619048 0.26264044943820225 0.7452380952380953 0.1952247191011236 0.719047619047619 0.18258426966292135
1 0.6726190476190477 0.3103932584269663 0.6869047619047619 0.3356741573033708 0.7416666666666667 0.2893258426966292 0.7238095238095238 0.2654494382022472
1 0.6535714285714286 0.4199438202247191 0.6702380952380952 0.44241573033707865 0.7273809523809524 0.4058988764044944 0.7130952380952381 0.3792134831460674
1 0.6511904761904762 0.5042134831460674 0.6678571428571428 0.5308988764044944 0.7273809523809524 0.48314606741573035 0.705952380952381 0.45786516853932585
1 0.6880952380952381 0.5547752808988764 0.7083333333333334 0.577247191011236 0.7535714285714286 0.5224719101123596 0.7321428571428571 0.5028089887640449
1 0.6892857142857143 0.5997191011235955 0.705952380952381 0.625 0.7583333333333333 0.5786516853932584 0.7416666666666667 0.5561797752808989
2 0.6964285714285714 0.7106741573033708 0.7119047619047619 0.7373595505617978 0.7785714285714286 0.6924157303370787 0.7619047619047619 0.6657303370786517
1 0.7107142857142857 0.8497191011235955 0.7607142857142857 0.7921348314606742 0.780952380952381 0.8160112359550562 0.7309523809523809 0.8721910112359551
1 0.8166666666666667 0.1896067415730337 0.8869047619047619 0.18117977528089887 0.8869047619047619 0.14747191011235955 0.8095238095238095 0.1601123595505618
1 0.8130952380952381 0.20786516853932585 0.8904761904761904 0.1952247191011236 0.8952380952380953 0.22752808988764045 0.8238095238095238 0.24157303370786518
1 0.830952380952381 0.25140449438202245 0.8988095238095238 0.2443820224719101 0.9011904761904762 0.2794943820224719 0.830952380952381 0.28651685393258425
1 0.8357142857142857 0.33848314606741575 0.9071428571428571 0.3300561797752809 0.905952380952381 0.29634831460674155 0.8357142857142857 0.30196629213483145
1 0.8273809523809523 0.48174157303370785 0.9107142857142857 0.46207865168539325 0.9095238095238095 0.42696629213483145 0.8226190476190476 0.4452247191011236
1 0.8369047619047619 0.5210674157303371 0.9071428571428571 0.5140449438202247 0.905952380952381 0.48174157303370785 0.8357142857142857 0.4901685393258427