1 0.3976190476190476 0.16151685393258428 0.3952380952380952 0.19241573033707865 0.46190476190476193 0.20365168539325842 0.4630952380952381 0.17134831460674158
1 0.5261904761904762 0.21348314606741572 0.5952380952380952 0.2205056179775281 0.5976190476190476 0.1853932584269663 0.5297619047619048 0.17837078651685392
1 0.6440476190476191 0.30758426966292135 0.6761904761904762 0.3089887640449438 0.6702380952380952 0.3960674157303371 0.6416666666666667 0.39185393258426965
1 0.6416666666666667 0.42837078651685395 0.6428571428571429 0.5112359550561798 0.6714285714285714 0.5126404494382022 0.669047619047619 0.42837078651685395
1 0.6357142857142857 0.5224719101123596 0.6642857142857143 0.5224719101123596 0.6642857142857143 0.6067415730337079 0.6357142857142857 0.5997191011235955
1 0.5119047619047619 0.7106741573033708 0.5392857142857143 0.7134831460674157 0.5357142857142857 0.797752808988764 0.5119047619047619 0.7949438202247191
1 0.38452380952380955 0.8441011235955056 0.3964285714285714 0.8146067415730337 0.45476190476190476 0.8441011235955056 0.44166666666666665 0.8735955056179775
1 0.7535714285714286 0.8314606741573034 0.8273809523809523 0.8412921348314607 0.830952380952381 0.8047752808988764 0.7559523809523809 0.7963483146067416
1 0.7583333333333333 0.7823033707865169 0.830952380952381 0.7865168539325843 0.8321428571428572 0.7528089887640449 0.7583333333333333 0.7415730337078652
1 0.7595238095238095 0.7289325842696629 0.8297619047619048 0.7345505617977528 0.8321428571428572 0.6980337078651685 0.7595238095238095 0.6924157303370787
1 0.763095238095238 0.6839887640449438 0.8333333333333334 0.6797752808988764 0.8261904761904761 0.6460674157303371 0.7619047619047619 0.6544943820224719
1 0.7654761904761904 0.6362359550561798 0.8369047619047619 0.6418539325842697 0.8416666666666667 0.6095505617977528 0.763095238095238 0.598314606741573
1 0.7702380952380953 0.5898876404494382 0.8416666666666667 0.5912921348314607 0.8404761904761905 0.5561797752808989 0.7702380952380953 0.5533707865168539
1 0.7654761904761904 0.5379213483146067 0.8416666666666667 0.5393258426966292 0.8452380952380952 0.5098314606741573 0.7678571428571429 0.5014044943820225
1 0.7666666666666667 0.4859550561797753 0.8428571428571429 0.49157303370786515 0.8416666666666667 0.45786516853932585 0.7678571428571429 0.4508426966292135