2 0.2976190476190476 0.28792134831460675 0.37023809523809526 0.2991573033707865 0.36666666666666664 0.33146067415730335 0.29523809523809524 0.31741573033707865
1 0.3 0.351123595505618 0.36904761904761907 0.3539325842696629 0.3678571428571429 0.38764044943820225 0.3011904761904762 0.3848314606741573
1 0.34523809523809523 0.449438202247191 0.36547619047619045 0.41853932584269665 0.41904761904761906 0.4606741573033708 0.40595238095238095 0.48735955056179775
1 0.3416666666666667 0.49157303370786515 0.40595238095238095 0.5042134831460674 0.4023809523809524 0.5337078651685393 0.3357142857142857 0.5210674157303371
1 0.3357142857142857 0.5730337078651685 0.3464285714285714 0.5407303370786517 0.41309523809523807 0.5617977528089888 0.40714285714285714 0.5926966292134831
1 0.34404761904761905 0.6320224719101124 0.34404761904761905 0.5997191011235955 0.4119047619047619 0.601123595505618 0.4142857142857143 0.6348314606741573
1 0.3345238095238095 0.6811797752808989 0.33690476190476193 0.6502808988764045 0.4083333333333333 0.6573033707865169 0.40476190476190477 0.6924157303370787
1 0.4785714285714286 0.42696629213483145 0.49404761904761907 0.45365168539325845 0.5583333333333333 0.4157303370786517 0.5404761904761904 0.38342696629213485
1 0.5630952380952381 0.31179775280898875 0.5892857142857143 0.29775280898876405 0.6166666666666667 0.3637640449438202 0.5845238095238096 0.38342696629213485
1 0.6285714285714286 0.29634831460674155 0.655952380952381 0.2949438202247191 0.6678571428571428 0.3707865168539326 0.6357142857142857 0.37640449438202245
1 0.6833333333333333 0.29634831460674155 0.7107142857142857 0.29775280898876405 0.7154761904761905 0.3707865168539326 0.6857142857142857 0.3707865168539326
1 0.7726190476190476 0.3848314606741573 0.8416666666666667 0.3890449438202247 0.8416666666666667 0.4157303370786517 0.7714285714285715 0.41853932584269665
1 0.7642857142857142 0.44662921348314605 0.8357142857142857 0.4508426966292135 0.8369047619047619 0.48174157303370785 0.7642857142857142 0.48174157303370785
1 0.7642857142857142 0.49859550561797755 0.8321428571428572 0.5028089887640449 0.8333333333333334 0.5337078651685393 0.7666666666666667 0.5365168539325843
1 0.7678571428571429 0.5955056179775281 0.8404761904761905 0.5926966292134831 0.8428571428571429 0.625 0.7702380952380953 0.6334269662921348
1 0.7761904761904762 0.6629213483146067 0.8511904761904762 0.6685393258426966 0.85 0.6980337078651685 0.7761904761904762 0.702247191011236
1 0.7845238095238095 0.7162921348314607 0.8428571428571429 0.7162921348314607 0.8452380952380952 0.7429775280898876 0.780952380952381 0.7471910112359551
1 0.7642857142857142 0.550561797752809 0.8297619047619048 0.5519662921348315 0.8297619047619048 0.5828651685393258 0.7666666666666667 0.5842696629213483
1 0.7726190476190476 0.8202247191011236 0.8476190476190476 0.8174157303370787 0.85 0.8525280898876404 0.775 0.8595505617977528
1 0.37857142857142856 0.8595505617977528 0.4095238095238095 0.8595505617977528 0.4107142857142857 0.7865168539325843 0.38452380952380955 0.7865168539325843
1 0.4857142857142857 0.8216292134831461 0.5571428571428572 0.8174157303370787 0.5583333333333333 0.848314606741573 0.4869047619047619 0.8539325842696629
1 0.4880952380952381 0.800561797752809 0.55 0.8019662921348315 0.5488095238095239 0.7696629213483146 0.4880952380952381 0.7710674157303371
1 0.49047619047619045 0.75 0.5571428571428572 0.7542134831460674 0.5607142857142857 0.723314606741573 0.49166666666666664 0.7148876404494382
1 0.5047619047619047 0.7064606741573034 0.5702380952380952 0.702247191011236 0.5678571428571428 0.6671348314606742 0.5011904761904762 0.6741573033707865
1 0.49404761904761907 0.6643258426966292 0.5595238095238095 0.6587078651685393 0.5595238095238095 0.6235955056179775 0.49523809523809526 0.6235955056179775
1 0.49047619047619045 0.577247191011236 0.5595238095238095 0.5786516853932584 0.5619047619047619 0.6081460674157303 0.49047619047619045 0.6123595505617978
1 0.49047619047619045 0.5533707865168539 0.555952380952381 0.5589887640449438 0.5583333333333333 0.523876404494382 0.49166666666666664 0.5210674157303371
1 0.5011904761904762 0.49719101123595505 0.5630952380952381 0.5 0.5630952380952381 0.47331460674157305 0.5011904761904762 0.47331460674157305