1 0.20357142857142857 0.46629213483146065 0.23333333333333334 0.46769662921348315 0.23809523809523808 0.3890449438202247 0.20952380952380953 0.38202247191011235
1 0.32857142857142857 0.31741573033707865 0.33214285714285713 0.2794943820224719 0.40714285714285714 0.28651685393258425 0.4023809523809524 0.324438202247191
1 0.45 0.3792134831460674 0.4523809523809524 0.29775280898876405 0.48333333333333334 0.2991573033707865 0.48095238095238096 0.3806179775280899
1 0.4488095238095238 0.4705056179775281 0.4488095238095238 0.3904494382022472 0.4797619047619048 0.3946629213483146 0.4738095238095238 0.4705056179775281
1 0.2630952380952381 0.4705056179775281 0.26071428571428573 0.3904494382022472 0.29285714285714287 0.3904494382022472 0.29285714285714287 0.46769662921348315
1 0.3047619047619048 0.5660112359550562 0.30952380952380953 0.5323033707865169 0.3773809523809524 0.5365168539325843 0.3761904761904762 0.5716292134831461
1 0.44166666666666665 0.5884831460674157 0.4452380952380952 0.5056179775280899 0.4726190476190476 0.5084269662921348 0.46904761904761905 0.5898876404494382
1 0.29404761904761906 0.6165730337078652 0.29523809523809524 0.5870786516853933 0.36428571428571427 0.5898876404494382 0.36547619047619045 0.6207865168539326
1 0.4369047619047619 0.7359550561797753 0.4380952380952381 0.6502808988764045 0.4642857142857143 0.651685393258427 0.4607142857142857 0.7359550561797753
1 0.42857142857142855 0.8609550561797753 0.42857142857142855 0.7794943820224719 0.4630952380952381 0.7780898876404494 0.45714285714285713 0.8623595505617978
1 0.2869047619047619 0.8595505617977528 0.2916666666666667 0.827247191011236 0.3630952380952381 0.8356741573033708 0.36428571428571427 0.8693820224719101
1 0.30238095238095236 0.8174157303370787 0.30238095238095236 0.7794943820224719 0.3630952380952381 0.7823033707865169 0.36428571428571427 0.8160112359550562
1 0.2892857142857143 0.7556179775280899 0.2976190476190476 0.7247191011235955 0.3619047619047619 0.7387640449438202 0.3595238095238095 0.7682584269662921
1 0.2869047619047619 0.7162921348314607 0.28809523809523807 0.6853932584269663 0.35714285714285715 0.6867977528089888 0.35595238095238096 0.7219101123595506
1 0.28809523809523807 0.675561797752809 0.2916666666666667 0.6320224719101124 0.3619047619047619 0.6460674157303371 0.35833333333333334 0.6769662921348315
1 0.7785714285714286 0.7542134831460674 0.7761904761904762 0.723314606741573 0.8404761904761905 0.7219101123595506 0.844047619047619 0.7542134831460674
1 0.7785714285714286 0.6952247191011236 0.7857142857142857 0.6601123595505618 0.8535714285714285 0.6797752808988764 0.8511904761904762 0.7106741573033708
1 0.7928571428571428 0.5758426966292135 0.8083333333333333 0.5393258426966292 0.8630952380952381 0.5688202247191011 0.8535714285714285 0.601123595505618
1 0.8464285714285714 0.38764044943820225 0.85 0.30196629213483145 0.8809523809523809 0.3061797752808989 0.8773809523809524 0.3890449438202247
1 0.7845238095238095 0.6404494382022472 0.8452380952380952 0.6502808988764045 0.8464285714285714 0.6151685393258427 0.7880952380952381 0.6053370786516854