2 0.37023809523809526 0.38764044943820225 0.37142857142857144 0.28230337078651685 0.4011904761904762 0.28230337078651685 0.4011904761904762 0.3848314606741573
1 0.4666666666666667 0.18820224719101122 0.47023809523809523 0.14747191011235955 0.5321428571428571 0.15308988764044945 0.5333333333333333 0.1853932584269663
1 0.3821428571428571 0.4859550561797753 0.37857142857142856 0.4058988764044944 0.4035714285714286 0.4044943820224719 0.4083333333333333 0.4845505617977528
1 0.4583333333333333 0.33707865168539325 0.4642857142857143 0.3089887640449438 0.5321428571428571 0.3103932584269663 0.530952380952381 0.3441011235955056
1 0.5666666666666667 0.4353932584269663 0.5630952380952381 0.3637640449438202 0.5880952380952381 0.3637640449438202 0.5928571428571429 0.42837078651685395
1 0.6095238095238096 0.43820224719101125 0.6130952380952381 0.36235955056179775 0.6392857142857142 0.3609550561797753 0.6404761904761904 0.4438202247191011
1 0.6547619047619048 0.4339887640449438 0.6523809523809524 0.3609550561797753 0.6773809523809524 0.3609550561797753 0.6833333333333333 0.43258426966292135
1 0.694047619047619 0.43258426966292135 0.6892857142857143 0.34831460674157305 0.719047619047619 0.3441011235955056 0.7226190476190476 0.42837078651685395
1 0.736904761904762 0.4339887640449438 0.7392857142857143 0.35252808988764045 0.7678571428571429 0.351123595505618 0.7690476190476191 0.4339887640449438
1 0.7797619047619048 0.4297752808988764 0.7785714285714286 0.3497191011235955 0.8083333333333333 0.34691011235955055 0.8095238095238095 0.42696629213483145
1 0.3964285714285714 0.5533707865168539 0.3904761904761905 0.5210674157303371 0.4630952380952381 0.5112359550561798 0.46785714285714286 0.547752808988764
1 0.5452380952380952 0.5519662921348315 0.5452380952380952 0.5224719101123596 0.5976190476190476 0.5182584269662921 0.6059523809523809 0.5463483146067416