1 0.11904761904761904 0.42275280898876405 0.14404761904761904 0.42696629213483145 0.15595238095238095 0.34129213483146065 0.12857142857142856 0.33848314606741575
1 0.1595238095238095 0.41713483146067415 0.18928571428571428 0.41853932584269665 0.19523809523809524 0.34129213483146065 0.16666666666666666 0.3398876404494382
1 0.20238095238095238 0.3455056179775281 0.23095238095238096 0.34691011235955055 0.2261904761904762 0.4199438202247191 0.1976190476190476 0.41853932584269665
1 0.2392857142857143 0.4101123595505618 0.2642857142857143 0.41151685393258425 0.26666666666666666 0.34691011235955055 0.24166666666666667 0.34691011235955055
1 0.2726190476190476 0.34129213483146065 0.2702380952380952 0.41292134831460675 0.2976190476190476 0.4157303370786517 0.30238095238095236 0.34269662921348315
3 0.2357142857142857 0.5308988764044944 0.3904761904761905 0.5379213483146067 0.39166666666666666 0.4901685393258427 0.2357142857142857 0.4803370786516854
1 0.425 0.7050561797752809 0.07380952380952381 0.03651685393258427
1 0.6261904761904762 0.797752808988764 0.6166666666666667 0.8707865168539326 0.6476190476190476 0.8764044943820225 0.6571428571428571 0.800561797752809
1 0.7392857142857143 0.8089887640449438 0.7702380952380953 0.8019662921348315 0.7869047619047619 0.875 0.7583333333333333 0.8820224719101124
1 0.7904761904761904 0.8089887640449438 0.7988095238095239 0.8834269662921348 0.8297619047619048 0.8806179775280899 0.8214285714285714 0.8047752808988764
1 0.8369047619047619 0.8132022471910112 0.8369047619047619 0.8806179775280899 0.8666666666666667 0.8806179775280899 0.8666666666666667 0.8160112359550562
1 0.46785714285714286 0.4339887640449438 0.5 0.4339887640449438 0.5 0.3595505617977528 0.46904761904761905 0.3609550561797753
1 0.5238095238095238 0.4339887640449438 0.555952380952381 0.4241573033707865 0.5392857142857143 0.3497191011235955 0.5083333333333333 0.35814606741573035
1 0.5583333333333333 0.35252808988764045 0.5595238095238095 0.4339887640449438 0.5880952380952381 0.4353932584269663 0.5869047619047619 0.351123595505618
1 0.6232142857142857 0.3981741573033708 0.03214285714285714 0.0800561797752809
1 0.6672619047619047 0.39396067415730335 0.03214285714285714 0.0800561797752809
1 0.7113095238095238 0.4080056179775281 0.02738095238095238 0.07724719101123595
1 0.75 0.4122191011235955 0.030952380952380953 0.08286516853932584
1 0.8017857142857143 0.398876404494382 0.02976190476190476 0.0702247191011236
1 0.8452380952380952 0.40168539325842695 0.030952380952380953 0.07303370786516854
1 0.8202380952380952 0.6811797752808989 0.8821428571428571 0.675561797752809 0.8833333333333333 0.7092696629213483 0.8238095238095238 0.7134831460674157