3 0.2755952380952381 0.6446629213483146 0.25595238095238093 0.05056179775280899
1 0.16071428571428573 0.4122191011235955 0.0761904761904762 0.04073033707865169
1 0.2011904761904762 0.5688202247191011 0.07142857142857142 0.03932584269662921
1 0.4089285714285714 0.41713483146067415 0.07738095238095238 0.03932584269662921
3 0.5666666666666667 0.34691011235955055 0.1357142857142857 0.05337078651685393
0 0.8779761904761905 0.3553370786516854 0.15119047619047618 0.056179775280898875
1 0.7410714285714286 0.42134831460674155 0.0630952380952381 0.03651685393258427
1 0.8446428571428571 0.49929775280898875 0.07023809523809524 0.037921348314606744
1 0.46190476190476193 0.7050561797752809 0.5404761904761904 0.6896067415730337 0.5321428571428571 0.6530898876404494 0.45714285714285713 0.6741573033707865
1 0.638095238095238 0.7078651685393258 0.7071428571428572 0.7036516853932584 0.7071428571428572 0.6699438202247191 0.6357142857142857 0.672752808988764
1 0.6095238095238096 0.7584269662921348 0.6761904761904762 0.7485955056179775 0.6785714285714286 0.7879213483146067 0.6095238095238096 0.7907303370786517
1 0.7452380952380953 0.7359550561797753 0.8071428571428572 0.7303370786516854 0.8095238095238095 0.7640449438202247 0.7452380952380953 0.7668539325842697