2 0.45714285714285713 0.26264044943820225 0.530952380952381 0.21207865168539325 0.5119047619047619 0.1797752808988764 0.44047619047619047 0.22752808988764045
1 0.6160714285714286 0.20575842696629212 0.02976190476190476 0.07724719101123595
1 0.6160714285714286 0.3223314606741573 0.02976190476190476 0.08567415730337079
1 0.6773809523809524 0.3160112359550562 0.02857142857142857 0.07584269662921349
1 0.7267857142857143 0.3279494382022472 0.02976190476190476 0.08286516853932584
1 0.7279761904761904 0.4332865168539326 0.03214285714285714 0.08286516853932584
1 0.48273809523809524 0.3419943820224719 0.03214285714285714 0.08286516853932584
1 0.44166666666666665 0.4143258426966292 0.5095238095238095 0.42275280898876405 0.5107142857142857 0.38342696629213485 0.44166666666666665 0.3806179775280899
1 0.47559523809523807 0.44662921348314605 0.060714285714285714 0.033707865168539325
1 0.4845238095238095 0.4901685393258427 0.07142857142857142 0.03651685393258427
1 0.4845238095238095 0.6629213483146067 0.4976190476190476 0.5786516853932584 0.5214285714285715 0.5828651685393258 0.5154761904761904 0.6699438202247191
1 0.5380952380952381 0.5926966292134831 0.5416666666666666 0.6573033707865169 0.5654761904761905 0.6558988764044944 0.5619047619047619 0.5898876404494382
1 0.430952380952381 0.7710674157303371 0.49642857142857144 0.7710674157303371 0.4976190476190476 0.7359550561797753 0.430952380952381 0.7359550561797753
1 0.42738095238095236 0.8160112359550562 0.49642857142857144 0.8342696629213483 0.5035714285714286 0.7991573033707865 0.43214285714285716 0.7808988764044944