1 0.38333333333333336 0.13764044943820225 0.4488095238095238 0.1699438202247191 0.4595238095238095 0.14325842696629212 0.39404761904761904 0.11235955056179775
1 0.36666666666666664 0.17275280898876405 0.42738095238095236 0.20646067415730338 0.4392857142857143 0.17837078651685392 0.3761904761904762 0.14606741573033707
1 0.34285714285714286 0.24578651685393257 0.40714285714285714 0.27668539325842695 0.4166666666666667 0.24719101123595505 0.3547619047619048 0.21910112359550563
1 0.3869047619047619 0.3103932584269663 0.39880952380952384 0.28370786516853935 0.3357142857142857 0.24859550561797752 0.325 0.2794943820224719
1 0.37023809523809526 0.3455056179775281 0.38452380952380955 0.31741573033707865 0.31785714285714284 0.2851123595505618 0.305952380952381 0.3202247191011236
1 0.35119047619047616 0.3946629213483146 0.3619047619047619 0.3693820224719101 0.3047619047619048 0.3441011235955056 0.29523809523809524 0.37359550561797755
1 0.3345238095238095 0.4311797752808989 0.34404761904761905 0.4044943820224719 0.29404761904761906 0.3862359550561798 0.2869047619047619 0.40870786516853935
1 0.26666666666666666 0.46629213483146065 0.3273809523809524 0.5028089887640449 0.3392857142857143 0.4691011235955056 0.2773809523809524 0.4410112359550562
1 0.25476190476190474 0.5070224719101124 0.30357142857142855 0.5308988764044944 0.31547619047619047 0.5070224719101124 0.2642857142857143 0.4789325842696629
1 0.2488095238095238 0.5182584269662921 0.30952380952380953 0.550561797752809 0.29642857142857143 0.5828651685393258 0.2369047619047619 0.550561797752809
1 0.30833333333333335 0.6320224719101124 0.32261904761904764 0.598314606741573 0.25595238095238093 0.5688202247191011 0.24404761904761904 0.598314606741573
1 0.225 0.6334269662921348 0.28809523809523807 0.6657303370786517 0.2976190476190476 0.6362359550561798 0.23452380952380952 0.6053370786516854
1 0.2392857142857143 0.6924157303370787 0.25 0.6629213483146067 0.19047619047619047 0.6348314606741573 0.17857142857142858 0.6629213483146067
1 0.5654761904761905 0.18258426966292135 0.6178571428571429 0.20926966292134833 0.6285714285714286 0.18117977528089887 0.5761904761904761 0.15589887640449437
1 0.6416666666666667 0.22191011235955055 0.6916666666666667 0.24578651685393257 0.6988095238095238 0.21207865168539325 0.6511904761904762 0.19101123595505617
1 0.5214285714285715 0.24157303370786518 0.5773809523809523 0.26825842696629215 0.5904761904761905 0.23735955056179775 0.5333333333333333 0.21067415730337077
1 0.5047619047619047 0.27808988764044945 0.5607142857142857 0.30758426966292135 0.5714285714285714 0.27668539325842695 0.5142857142857142 0.25
1 0.4869047619047619 0.31179775280898875 0.5476190476190477 0.3398876404494382 0.5583333333333333 0.31179775280898875 0.4976190476190476 0.2808988764044944
1 0.5369047619047619 0.3862359550561798 0.55 0.3539325842696629 0.48214285714285715 0.3202247191011236 0.46904761904761905 0.351123595505618
1 0.45714285714285713 0.398876404494382 0.5226190476190476 0.42696629213483145 0.5345238095238095 0.39325842696629215 0.4714285714285714 0.36235955056179775
1 0.513095238095238 0.46348314606741575 0.525 0.4311797752808989 0.4607142857142857 0.40168539325842695 0.4488095238095238 0.4311797752808989
1 0.425 0.5 0.49523809523809526 0.526685393258427 0.5035714285714286 0.4957865168539326 0.43452380952380953 0.4648876404494382
1 0.4166666666666667 0.5379213483146067 0.4785714285714286 0.5688202247191011 0.4880952380952381 0.5421348314606742 0.4297619047619048 0.5098314606741573
1 0.3952380952380952 0.5814606741573034 0.47023809523809523 0.6109550561797753 0.4785714285714286 0.5786516853932584 0.40476190476190477 0.547752808988764
1 0.3869047619047619 0.6306179775280899 0.44761904761904764 0.6558988764044944 0.4607142857142857 0.6264044943820225 0.3976190476190476 0.5941011235955056
1 0.375 0.6671348314606742 0.444047619047619 0.6896067415730337 0.4511904761904762 0.6615168539325843 0.38333333333333336 0.6320224719101124
1 0.36666666666666664 0.7823033707865169 0.4380952380952381 0.8160112359550562 0.44761904761904764 0.7865168539325843 0.37857142857142856 0.7528089887640449
1 0.39285714285714285 0.8426966292134831 0.46190476190476193 0.8721910112359551 0.47023809523809523 0.8412921348314607 0.40476190476190477 0.8103932584269663
1 0.6273809523809524 0.2907303370786517 0.6880952380952381 0.3202247191011236 0.7 0.2893258426966292 0.6357142857142857 0.25842696629213485
1 0.6095238095238096 0.32724719101123595 0.675 0.3553370786516854 0.6833333333333333 0.32865168539325845 0.6202380952380953 0.2991573033707865
1 0.6035714285714285 0.3651685393258427 0.6547619047619048 0.3904494382022472 0.6678571428571428 0.3637640449438202 0.6130952380952381 0.3356741573033708
1 0.5916666666666667 0.40308988764044945 0.6440476190476191 0.42837078651685395 0.6535714285714286 0.40168539325842695 0.6 0.37219101123595505
1 0.5714285714285714 0.4396067415730337 0.6345238095238095 0.47191011235955055 0.6440476190476191 0.43679775280898875 0.580952380952381 0.40730337078651685
1 0.5547619047619048 0.4803370786516854 0.6202380952380953 0.5140449438202247 0.6309523809523809 0.48174157303370785 0.5642857142857143 0.44662921348314605
1 0.6202380952380953 0.5154494382022472 0.6452380952380953 0.43679775280898875 0.6726190476190477 0.449438202247191 0.6488095238095238 0.5280898876404494
1 0.5488095238095239 0.5632022471910112 0.6023809523809524 0.5898876404494382 0.6130952380952381 0.5575842696629213 0.5595238095238095 0.5294943820224719
1 0.5261904761904762 0.5997191011235955 0.5964285714285714 0.6292134831460674 0.6047619047619047 0.5969101123595506 0.5357142857142857 0.5660112359550562
1 0.5154761904761904 0.6404494382022472 0.5773809523809523 0.6699438202247191 0.5880952380952381 0.6376404494382022 0.5261904761904762 0.6095505617977528
1 0.4976190476190476 0.675561797752809 0.5642857142857143 0.7064606741573034 0.5761904761904761 0.6741573033707865 0.5071428571428571 0.6404494382022472
1 0.48214285714285715 0.7092696629213483 0.5476190476190477 0.7457865168539326 0.5619047619047619 0.7134831460674157 0.4928571428571429 0.6783707865168539
1 0.4738095238095238 0.7570224719101124 0.5321428571428571 0.7837078651685393 0.5416666666666666 0.7528089887640449 0.48333333333333334 0.7275280898876404
1 0.575 0.8300561797752809 0.6011904761904762 0.7485955056179775 0.6309523809523809 0.7612359550561798 0.6023809523809524 0.8455056179775281
1 0.6964285714285714 0.7935393258426966 0.7083333333333334 0.7584269662921348 0.6416666666666667 0.7275280898876404 0.6297619047619047 0.7654494382022472
1 0.6535714285714286 0.6882022471910112 0.7214285714285714 0.7191011235955056 0.7095238095238096 0.7542134831460674 0.6416666666666667 0.7219101123595506
1 0.6654761904761904 0.6769662921348315 0.7261904761904762 0.7050561797752809 0.736904761904762 0.675561797752809 0.6761904761904762 0.6432584269662921
1 0.6869047619047619 0.6081460674157303 0.7511904761904762 0.6348314606741573 0.7595238095238095 0.6053370786516854 0.6952380952380952 0.577247191011236
1 0.763095238095238 0.5955056179775281 0.7702380952380953 0.5660112359550562 0.7071428571428572 0.5379213483146067 0.6988095238095238 0.5660112359550562
1 0.7273809523809524 0.4943820224719101 0.7892857142857143 0.5280898876404494 0.7761904761904762 0.5603932584269663 0.7142857142857143 0.5224719101123596
1 0.7392857142857143 0.45786516853932585 0.805952380952381 0.48735955056179775 0.7928571428571428 0.5154494382022472 0.7285714285714285 0.4859550561797753
1 0.7476190476190476 0.41292134831460675 0.8071428571428572 0.4396067415730337 0.7976190476190477 0.47191011235955055 0.736904761904762 0.44241573033707865
1 0.7666666666666667 0.3693820224719101 0.8261904761904761 0.3946629213483146 0.8357142857142857 0.3637640449438202 0.7738095238095238 0.33707865168539325
1 0.7928571428571428 0.30196629213483145 0.8476190476190476 0.3300561797752809 0.8392857142857143 0.35674157303370785 0.7869047619047619 0.33146067415730335
1 0.8119047619047619 0.2640449438202247 0.8738095238095238 0.29634831460674155 0.8630952380952381 0.3300561797752809 0.7988095238095239 0.29353932584269665
1 0.8130952380952381 0.22752808988764045 0.8773809523809524 0.2542134831460674 0.8702380952380953 0.28651685393258425 0.8071428571428572 0.25702247191011235
1 0.7738095238095238 0.1853932584269663 0.7952380952380952 0.11797752808988764 0.8214285714285714 0.12921348314606743 0.7988095238095239 0.199438202247191