1 0.10357142857142858 0.49719101123595505 0.15357142857142858 0.48174157303370785 0.14761904761904762 0.44662921348314605 0.1 0.4606741573033708
1 0.11190476190476191 0.7036516853932584 0.17857142857142858 0.6867977528089888 0.17261904761904762 0.651685393258427 0.10952380952380952 0.6699438202247191
1 0.12023809523809524 0.7471910112359551 0.18928571428571428 0.7303370786516854 0.17976190476190476 0.6938202247191011 0.11547619047619048 0.7092696629213483
1 0.1261904761904762 0.7935393258426966 0.19166666666666668 0.776685393258427 0.18333333333333332 0.7401685393258427 0.12023809523809524 0.7584269662921348
1 0.1392857142857143 0.8328651685393258 0.20714285714285716 0.8160112359550562 0.1988095238095238 0.7865168539325843 0.13452380952380952 0.8019662921348315
1 0.2488095238095238 0.7907303370786517 0.2619047619047619 0.8693820224719101 0.22976190476190475 0.8735955056179775 0.2226190476190476 0.7935393258426966
1 0.3357142857142857 0.8061797752808989 0.34285714285714286 0.8862359550561798 0.3738095238095238 0.8834269662921348 0.3607142857142857 0.8033707865168539
1 0.430952380952381 0.7837078651685393 0.4452380952380952 0.8707865168539326 0.4738095238095238 0.8665730337078652 0.4583333333333333 0.776685393258427
1 0.49047619047619045 0.7696629213483146 0.5119047619047619 0.851123595505618 0.4785714285714286 0.8595505617977528 0.4630952380952381 0.773876404494382
1 0.5142857142857142 0.7780898876404494 0.5297619047619048 0.8455056179775281 0.5571428571428572 0.8342696629213483 0.5404761904761904 0.7640449438202247
1 0.5714285714285714 0.7598314606741573 0.5880952380952381 0.8188202247191011 0.5666666666666667 0.8230337078651685 0.5511904761904762 0.7640449438202247
1 0.6357142857142857 0.7387640449438202 0.6476190476190476 0.8089887640449438 0.6154761904761905 0.8146067415730337 0.6047619047619047 0.7415730337078652
1 0.6666666666666666 0.7289325842696629 0.6761904761904762 0.7865168539325843 0.6511904761904762 0.7921348314606742 0.6392857142857142 0.7331460674157303
1 0.675 0.7191011235955056 0.6904761904761905 0.7963483146067416 0.7226190476190476 0.7865168539325843 0.705952380952381 0.7092696629213483
1 0.7333333333333333 0.6699438202247191 0.7488095238095238 0.75 0.7202380952380952 0.7598314606741573 0.7023809523809523 0.675561797752809
1 0.7678571428571429 0.675561797752809 0.7797619047619048 0.75 0.7571428571428571 0.7542134831460674 0.7428571428571429 0.6783707865168539
1 0.7833333333333333 0.7008426966292135 0.8011904761904762 0.7752808988764045 0.8273809523809523 0.7668539325842697 0.8083333333333333 0.6910112359550562
1 0.14523809523809525 0.34269662921348315 0.15714285714285714 0.42134831460674155 0.1869047619047619 0.41292134831460675 0.17023809523809524 0.3356741573033708
1 0.20357142857142857 0.32162921348314605 0.21785714285714286 0.3946629213483146 0.19047619047619047 0.40168539325842695 0.1761904761904762 0.32865168539325845
1 0.24047619047619048 0.3258426966292135 0.25 0.3946629213483146 0.22380952380952382 0.39747191011235955 0.21428571428571427 0.3300561797752809
1 0.24761904761904763 0.3160112359550562 0.25952380952380955 0.39325842696629215 0.2916666666666667 0.3848314606741573 0.2702380952380952 0.31179775280898875
1 0.3130952380952381 0.30196629213483145 0.3273809523809524 0.37780898876404495 0.35833333333333334 0.36657303370786515 0.3380952380952381 0.29353932584269665
1 0.3726190476190476 0.27668539325842695 0.39166666666666666 0.3539325842696629 0.3619047619047619 0.3595505617977528 0.35119047619047616 0.28230337078651685
1 0.4119047619047619 0.26685393258426965 0.4226190476190476 0.3455056179775281 0.39404761904761904 0.34691011235955055 0.38571428571428573 0.2696629213483146
1 0.44761904761904764 0.2542134831460674 0.4630952380952381 0.33146067415730335 0.43333333333333335 0.3356741573033708 0.42023809523809524 0.26264044943820225
1 0.4785714285714286 0.25140449438202245 0.49404761904761907 0.32724719101123595 0.46904761904761905 0.3342696629213483 0.45357142857142857 0.25702247191011235
1 0.5154761904761904 0.2345505617977528 0.530952380952381 0.31179775280898875 0.555952380952381 0.3047752808988764 0.5404761904761904 0.22893258426966293
1 0.580952380952381 0.22191011235955055 0.5964285714285714 0.3047752808988764 0.5666666666666667 0.31179775280898875 0.5511904761904762 0.22893258426966293
1 0.6130952380952381 0.21067415730337077 0.6309523809523809 0.28792134831460675 0.6 0.2949438202247191 0.5857142857142857 0.21629213483146068
1 0.6369047619047619 0.32303370786516855 0.7142857142857143 0.30196629213483145 0.7047619047619048 0.2710674157303371 0.6345238095238095 0.2893258426966292
1 0.22023809523809523 0.5898876404494382 0.2523809523809524 0.5814606741573034 0.24047619047619048 0.5154494382022472 0.2130952380952381 0.5210674157303371
1 0.23095238095238096 0.6278089887640449 0.24047619047619048 0.6966292134831461 0.26666666666666666 0.6896067415730337 0.2571428571428571 0.6221910112359551
1 0.26785714285714285 0.5 0.28095238095238095 0.574438202247191 0.3107142857142857 0.5660112359550562 0.2976190476190476 0.49157303370786515
1 0.33214285714285713 0.4859550561797753 0.34523809523809523 0.5589887640449438 0.319047619047619 0.5660112359550562 0.3047619047619048 0.49157303370786515
1 0.36428571428571427 0.48174157303370785 0.37857142857142856 0.5463483146067416 0.35119047619047616 0.5575842696629213 0.3380952380952381 0.4859550561797753
1 0.4 0.47191011235955055 0.4119047619047619 0.5449438202247191 0.38571428571428573 0.550561797752809 0.3738095238095238 0.476123595505618
1 0.4011904761904762 0.45646067415730335 0.4714285714285714 0.43679775280898875 0.4630952380952381 0.40308988764044945 0.39285714285714285 0.42134831460674155
1 0.4369047619047619 0.4550561797752809 0.4523809523809524 0.5365168539325843 0.42142857142857143 0.5435393258426966 0.40595238095238095 0.4648876404494382
1 0.47619047619047616 0.4452247191011236 0.48928571428571427 0.5323033707865169 0.4583333333333333 0.5365168539325843 0.44166666666666665 0.45646067415730335
1 0.5071428571428571 0.4297752808988764 0.5190476190476191 0.49719101123595505 0.5488095238095239 0.4887640449438202 0.5357142857142857 0.42134831460674155
1 0.5666666666666667 0.4058988764044944 0.5869047619047619 0.48735955056179775 0.5595238095238095 0.4957865168539326 0.5392857142857143 0.4143258426966292
1 0.6059523809523809 0.3960674157303371 0.6226190476190476 0.4747191011235955 0.5952380952380952 0.48314606741573035 0.5773809523809523 0.40730337078651685
1 0.638095238095238 0.39325842696629215 0.6571428571428571 0.4747191011235955 0.625 0.48174157303370785 0.6083333333333333 0.3960674157303371
1 0.6761904761904762 0.3848314606741573 0.6892857142857143 0.46348314606741575 0.6607142857142857 0.47191011235955055 0.6452380952380953 0.3904494382022472
1 0.7083333333333334 0.3792134831460674 0.725 0.44662921348314605 0.6988095238095238 0.45365168539325845 0.6833333333333333 0.38202247191011235
1 0.8047619047619048 0.3890449438202247 0.8261904761904761 0.4691011235955056 0.7976190476190477 0.47752808988764045 0.7785714285714286 0.3960674157303371
1 0.7583333333333333 0.45646067415730335 0.7761904761904762 0.5421348314606742 0.8083333333333333 0.5323033707865169 0.7845238095238095 0.44803370786516855
1 0.6916666666666667 0.5042134831460674 0.7154761904761905 0.5814606741573034 0.6904761904761905 0.5926966292134831 0.6678571428571428 0.5098314606741573
1 0.638095238095238 0.5294943820224719 0.6535714285714286 0.6095505617977528 0.6880952380952381 0.5997191011235955 0.6654761904761904 0.523876404494382
1 0.6238095238095238 0.5280898876404494 0.6488095238095238 0.6151685393258427 0.6190476190476191 0.6221910112359551 0.5964285714285714 0.5365168539325843
1 0.5880952380952381 0.5421348314606742 0.6011904761904762 0.6151685393258427 0.5726190476190476 0.6221910112359551 0.5642857142857143 0.5435393258426966
1 0.55 0.5463483146067416 0.5702380952380952 0.6334269662921348 0.5416666666666666 0.6404494382022472 0.525 0.5519662921348315
1 0.5142857142857142 0.6530898876404494 0.49404761904761907 0.5688202247191011 0.4642857142857143 0.5758426966292135 0.4797619047619048 0.6573033707865169
1 0.46190476190476193 0.5828651685393258 0.47619047619047616 0.6671348314606742 0.44047619047619047 0.6713483146067416 0.4297619047619048 0.5898876404494382
1 0.3964285714285714 0.5969101123595506 0.40595238095238095 0.6797752808988764 0.4392857142857143 0.6741573033707865 0.425 0.5926966292134831
1 0.3738095238095238 0.6867977528089888 0.3595238095238095 0.6109550561797753 0.3892857142857143 0.6025280898876404 0.40476190476190477 0.6797752808988764
1 0.3416666666666667 0.6882022471910112 0.3273809523809524 0.6179775280898876 0.3523809523809524 0.6137640449438202 0.36666666666666664 0.6825842696629213
1 0.3011904761904762 0.6896067415730337 0.32976190476190476 0.6853932584269663 0.31666666666666665 0.6067415730337079 0.2916666666666667 0.6137640449438202