3 0.31547619047619047 0.35814606741573035 0.04047619047619048 0.12640449438202248
3 0.5821428571428572 0.7612359550561798 0.5928571428571429 0.9115168539325843 0.5535714285714286 0.9129213483146067 0.5464285714285714 0.7626404494382022
1 0.32976190476190476 0.14606741573033707 0.02857142857142857 0.07584269662921349
1 0.2654761904761905 0.7064606741573034 0.20952380952380953 0.6390449438202247 0.23095238095238096 0.6151685393258427 0.2916666666666667 0.6769662921348315
1 0.38571428571428573 0.27879213483146065 0.02857142857142857 0.08567415730337079
1 0.4494047619047619 0.2422752808988764 0.034523809523809526 0.0800561797752809
1 0.3982142857142857 0.5210674157303371 0.034523809523809526 0.08426966292134831
1 0.669047619047619 0.5484550561797753 0.03571428571428571 0.10252808988764045
1 0.7321428571428571 0.4220505617977528 0.023809523809523808 0.05196629213483146
1 0.7142857142857143 0.8075842696629213 0.705952380952381 0.723314606741573 0.7380952380952381 0.7162921348314607 0.7464285714285714 0.8047752808988764
1 0.7607142857142857 0.1446629213483146 0.7892857142857143 0.2247191011235955 0.8226190476190476 0.21207865168539325 0.7892857142857143 0.1306179775280899
3 0.5857142857142857 0.37780898876404495 0.5904761904761905 0.7050561797752809 0.6369047619047619 0.7092696629213483 0.6297619047619047 0.37359550561797755