1 0.15476190476190477 0.8047752808988764 0.2369047619047619 0.8300561797752809 0.24285714285714285 0.7893258426966292 0.1595238095238095 0.7696629213483146
1 0.2916666666666667 0.8370786516853933 0.37857142857142856 0.8525280898876404 0.38333333333333336 0.8132022471910112 0.29523809523809524 0.7991573033707865
1 0.3404761904761905 0.5856741573033708 0.3892857142857143 0.6643258426966292 0.42023809523809524 0.6404494382022472 0.37142857142857144 0.5646067415730337
1 0.5630952380952381 0.2205056179775281 0.5726190476190476 0.12921348314606743 0.6059523809523809 0.13342696629213482 0.5952380952380952 0.22612359550561797
1 0.5648809523809524 0.33848314606741575 0.02738095238095238 0.07865168539325842
1 0.4261904761904762 0.4339887640449438 0.4380952380952381 0.34691011235955055 0.4666666666666667 0.35674157303370785 0.45714285714285713 0.43820224719101125
1 0.44226190476190474 0.5077247191011236 0.02976190476190476 0.08567415730337079
1 0.544047619047619 0.47331460674157305 0.5535714285714286 0.3890449438202247 0.580952380952381 0.3946629213483146 0.5738095238095238 0.47752808988764045
1 0.5714285714285714 0.5168539325842697 0.5607142857142857 0.6137640449438202 0.5273809523809524 0.6067415730337079 0.5357142857142857 0.5098314606741573
1 0.5916666666666667 0.6664325842696629 0.07142857142857142 0.037921348314606744
1 0.5511904761904762 0.7542134831460674 0.6392857142857142 0.7668539325842697 0.6392857142857142 0.7275280898876404 0.5547619047619048 0.7148876404494382
1 0.6190476190476191 0.7823033707865169 0.611904761904762 0.8792134831460674 0.5738095238095238 0.8764044943820225 0.580952380952381 0.776685393258427