1 0.4303571428571429 0.7928370786516854 0.08452380952380953 0.046348314606741575
1 0.44166666666666665 0.7219101123595506 0.4392857142857143 0.7640449438202247 0.35595238095238096 0.7485955056179775 0.3595238095238095 0.7120786516853933
1 0.3523809523809524 0.6938202247191011 0.43333333333333335 0.7106741573033708 0.43214285714285716 0.6657303370786517 0.3547619047619048 0.6573033707865169
1 0.38333333333333336 0.6242977528089888 0.07380952380952381 0.04915730337078652
1 0.3547619047619048 0.5660112359550562 0.44285714285714284 0.5842696629213483 0.44642857142857145 0.5435393258426966 0.3595238095238095 0.5252808988764045
1 0.36666666666666664 0.4648876404494382 0.4595238095238095 0.4803370786516854 0.44761904761904764 0.5182584269662921 0.3619047619047619 0.5042134831460674
1 0.37857142857142856 0.41292134831460675 0.46904761904761905 0.42134831460674155 0.46904761904761905 0.3806179775280899 0.3821428571428571 0.375
1 0.39166666666666666 0.31741573033707865 0.48095238095238096 0.33286516853932585 0.4738095238095238 0.3693820224719101 0.3869047619047619 0.35674157303370785
3 0.5916666666666667 0.3089887640449438 0.7476190476190476 0.3651685393258427 0.7619047619047619 0.3089887640449438 0.6059523809523809 0.25702247191011235
1 0.3630952380952381 0.28441011235955055 0.06666666666666667 0.037921348314606744
1 0.3261904761904762 0.19241573033707865 0.39285714285714285 0.20365168539325842 0.3952380952380952 0.1699438202247191 0.33095238095238094 0.15589887640449437
1 0.2892857142857143 0.1446629213483146 0.2702380952380952 0.21348314606741572 0.2976190476190476 0.22893258426966293 0.319047619047619 0.15168539325842698
1 0.6303571428571428 0.16292134831460675 0.03214285714285714 0.08426966292134831
1 0.8648809523809524 0.19030898876404495 0.036904761904761905 0.09691011235955056
1 0.7654761904761904 0.7387640449438202 0.8035714285714286 0.6460674157303371 0.8321428571428572 0.6657303370786517 0.794047619047619 0.7612359550561798
1 0.8452380952380952 0.6938202247191011 0.8738095238095238 0.7106741573033708 0.9035714285714286 0.6235955056179775 0.8761904761904762 0.6067415730337079