1 0.20714285714285716 0.16713483146067415 0.275 0.15589887640449437 0.2726190476190476 0.125 0.20714285714285716 0.1348314606741573
1 0.20952380952380953 0.21769662921348315 0.2773809523809524 0.20926966292134833 0.27380952380952384 0.17415730337078653 0.20952380952380953 0.1853932584269663
1 0.21785714285714286 0.27247191011235955 0.2857142857142857 0.2612359550561798 0.28214285714285714 0.2205056179775281 0.2130952380952381 0.23174157303370788
1 0.3273809523809524 0.26685393258426965 0.38333333333333336 0.3047752808988764 0.4 0.27668539325842695 0.34285714285714286 0.2345505617977528
1 0.22857142857142856 0.5646067415730337 0.28214285714285714 0.5056179775280899 0.25952380952380955 0.4803370786516854 0.2130952380952381 0.5365168539325843
1 0.23333333333333334 0.625 0.2869047619047619 0.5660112359550562 0.26904761904761904 0.5449438202247191 0.21428571428571427 0.5941011235955056
1 0.24047619047619048 0.6797752808988764 0.2916666666666667 0.6320224719101124 0.2726190476190476 0.6039325842696629 0.2226190476190476 0.6544943820224719
1 0.23095238095238096 0.7345505617977528 0.2976190476190476 0.6811797752808989 0.2785714285714286 0.6530898876404494 0.21904761904761905 0.7036516853932584
1 0.2369047619047619 0.7893258426966292 0.29404761904761906 0.7415730337078652 0.2785714285714286 0.7162921348314607 0.21785714285714286 0.7626404494382022
1 0.2226190476190476 0.8146067415730337 0.2785714285714286 0.7752808988764045 0.29285714285714287 0.8019662921348315 0.2369047619047619 0.8441011235955056
1 0.34285714285714286 0.8258426966292135 0.4011904761904762 0.8539325842696629 0.4119047619047619 0.8258426966292135 0.3523809523809524 0.7991573033707865
1 0.3535714285714286 0.7668539325842697 0.41785714285714287 0.8019662921348315 0.4297619047619048 0.7640449438202247 0.36428571428571427 0.7317415730337079
1 0.3416666666666667 0.7050561797752809 0.40476190476190477 0.7387640449438202 0.41904761904761906 0.7092696629213483 0.35714285714285715 0.6741573033707865
1 0.3392857142857143 0.6446629213483146 0.4 0.6839887640449438 0.41309523809523807 0.6530898876404494 0.35 0.6137640449438202
1 0.3523809523809524 0.5941011235955056 0.4095238095238095 0.6418539325842697 0.4238095238095238 0.6095505617977528 0.3678571428571429 0.5730337078651685
1 0.3404761904761905 0.5337078651685393 0.3976190476190476 0.574438202247191 0.4119047619047619 0.5365168539325843 0.3523809523809524 0.5028089887640449
1 0.3333333333333333 0.47331460674157305 0.4011904761904762 0.5224719101123596 0.4119047619047619 0.49157303370786515 0.35 0.44662921348314605
1 0.33214285714285713 0.42837078651685395 0.3976190476190476 0.47191011235955055 0.41309523809523807 0.4396067415730337 0.34523809523809523 0.40308988764044945
1 0.3345238095238095 0.3693820224719101 0.39404761904761904 0.41292134831460675 0.40714285714285714 0.38202247191011235 0.3464285714285714 0.34129213483146065
1 0.3976190476190476 0.24157303370786518 0.4595238095238095 0.199438202247191 0.44285714285714284 0.175561797752809 0.38452380952380955 0.21348314606741572
1 0.4095238095238095 0.2907303370786517 0.46904761904761905 0.25 0.45357142857142857 0.2247191011235955 0.3964285714285714 0.2640449438202247
1 0.40476190476190477 0.3497191011235955 0.46785714285714286 0.3061797752808989 0.45357142857142857 0.2808988764044944 0.39285714285714285 0.3160112359550562
1 0.4238095238095238 0.41292134831460675 0.48095238095238096 0.36235955056179775 0.4666666666666667 0.34129213483146065 0.4107142857142857 0.38342696629213485
1 0.42857142857142855 0.4592696629213483 0.4880952380952381 0.4101123595505618 0.4726190476190476 0.3890449438202247 0.4166666666666667 0.4353932584269663
1 0.4380952380952381 0.5084269662921348 0.4976190476190476 0.46348314606741575 0.4797619047619048 0.4396067415730337 0.4226190476190476 0.48314606741573035
1 0.4380952380952381 0.5660112359550562 0.5 0.523876404494382 0.48333333333333334 0.49719101123595505 0.425 0.5365168539325843
1 0.44047619047619047 0.6151685393258427 0.5035714285714286 0.5997191011235955 0.4976190476190476 0.5646067415730337 0.4369047619047619 0.577247191011236
1 0.43214285714285716 0.6896067415730337 0.5 0.6530898876404494 0.4880952380952381 0.625 0.42023809523809524 0.6601123595505618
1 0.4369047619047619 0.7401685393258427 0.5071428571428571 0.7050561797752809 0.49166666666666664 0.6741573033707865 0.425 0.7120786516853933
2 0.5726190476190476 0.797752808988764 0.6392857142857142 0.8581460674157303 0.6595238095238095 0.824438202247191 0.5952380952380952 0.7668539325842697
1 0.5630952380952381 0.7064606741573034 0.6285714285714286 0.7401685393258427 0.6369047619047619 0.7050561797752809 0.5726190476190476 0.6769662921348315
1 0.5595238095238095 0.5351123595505618 0.6154761904761905 0.574438202247191 0.6297619047619047 0.5449438202247191 0.5714285714285714 0.5070224719101124
1 0.5642857142857143 0.4789325842696629 0.6214285714285714 0.523876404494382 0.6357142857142857 0.49157303370786515 0.575 0.4550561797752809
1 0.5523809523809524 0.42134831460674155 0.6166666666666667 0.4648876404494382 0.6285714285714286 0.4353932584269663 0.5702380952380952 0.3904494382022472
1 0.5571428571428572 0.36797752808988765 0.6178571428571429 0.4101123595505618 0.6297619047619047 0.3792134831460674 0.5726190476190476 0.34129213483146065
1 0.5452380952380952 0.3089887640449438 0.6071428571428571 0.35674157303370785 0.6238095238095238 0.32162921348314605 0.5619047619047619 0.27668539325842695