1 0.3488095238095238 0.1896067415730337 0.3630952380952381 0.16151685393258428 0.30238095238095236 0.12640449438202248 0.28809523809523807 0.15870786516853932
1 0.3333333333333333 0.22331460674157302 0.34404761904761905 0.19241573033707865 0.28214285714285714 0.16853932584269662 0.2773809523809524 0.20646067415730338
1 0.24047619047619048 0.24859550561797752 0.2988095238095238 0.25842696629213485 0.3107142857142857 0.2303370786516854 0.24523809523809523 0.21629213483146068
1 0.20476190476190476 0.28230337078651685 0.2726190476190476 0.29775280898876405 0.2785714285714286 0.2654494382022472 0.20833333333333334 0.24859550561797752
1 0.6642857142857143 0.35674157303370785 0.7047619047619048 0.375 0.7380952380952381 0.29775280898876405 0.6976190476190476 0.273876404494382
1 0.7642857142857142 0.1502808988764045 0.8226190476190476 0.18258426966292135 0.8321428571428572 0.15168539325842698 0.775 0.125
1 0.7535714285714286 0.18820224719101122 0.819047619047619 0.2205056179775281 0.830952380952381 0.1896067415730337 0.7654761904761904 0.15730337078651685
1 0.7952380952380952 0.24297752808988765 0.8428571428571429 0.28230337078651685 0.8571428571428571 0.25702247191011235 0.8083333333333333 0.21629213483146068
1 0.7642857142857142 0.2794943820224719 0.8226190476190476 0.32162921348314605 0.8404761904761905 0.29213483146067415 0.7773809523809524 0.24719101123595505
1 0.7428571428571429 0.32162921348314605 0.8047619047619048 0.3595505617977528 0.8178571428571428 0.3300561797752809 0.7547619047619047 0.29213483146067415
1 0.7273809523809524 0.35814606741573035 0.7785714285714286 0.4002808988764045 0.7964285714285714 0.3693820224719101 0.7416666666666667 0.32724719101123595
1 0.7107142857142857 0.39185393258426965 0.7607142857142857 0.4339887640449438 0.7785714285714286 0.40870786516853935 0.7261904761904762 0.36235955056179775
1 0.6821428571428572 0.42837078651685395 0.7440476190476191 0.4691011235955056 0.7607142857142857 0.4396067415730337 0.7 0.3960674157303371
1 0.6571428571428571 0.4606741573033708 0.7214285714285714 0.5112359550561798 0.7404761904761905 0.47752808988764045 0.6714285714285714 0.4339887640449438
1 0.6273809523809524 0.4943820224719101 0.6761904761904762 0.526685393258427 0.6904761904761905 0.49719101123595505 0.6416666666666667 0.46629213483146065
1 0.6130952380952381 0.5379213483146067 0.6738095238095239 0.5688202247191011 0.6833333333333333 0.5379213483146067 0.6214285714285714 0.5070224719101124
1 0.5976190476190476 0.5702247191011236 0.6607142857142857 0.6123595505617978 0.6773809523809524 0.5786516853932584 0.611904761904762 0.5393258426966292
1 0.580952380952381 0.6109550561797753 0.6452380952380953 0.6502808988764045 0.6583333333333333 0.6179775280898876 0.594047619047619 0.574438202247191
1 0.5595238095238095 0.6587078651685393 0.6273809523809524 0.6896067415730337 0.6416666666666667 0.6558988764044944 0.5761904761904761 0.6193820224719101
1 0.5107142857142857 0.5014044943820225 0.5369047619047619 0.5056179775280899 0.5428571428571428 0.43679775280898875 0.5142857142857142 0.4353932584269663
1 0.20952380952380953 0.5056179775280899 0.22142857142857142 0.4143258426966292 0.18928571428571428 0.4101123595505618 0.1761904761904762 0.5
1 0.23333333333333334 0.4747191011235955 0.30357142857142855 0.48174157303370785 0.3047619047619048 0.44803370786516855 0.23452380952380952 0.4396067415730337
1 0.23095238095238096 0.5365168539325843 0.30238095238095236 0.5210674157303371 0.29642857142857143 0.48735955056179775 0.22857142857142856 0.49719101123595505
1 0.22023809523809523 0.577247191011236 0.2916666666666667 0.5856741573033708 0.29285714285714287 0.5519662921348315 0.225 0.5407303370786517
1 0.3119047619047619 0.5828651685393258 0.3738095238095238 0.6095505617977528 0.3821428571428571 0.5758426966292135 0.3238095238095238 0.5491573033707865
1 0.22023809523809523 0.6235955056179775 0.2845238095238095 0.6306179775280899 0.28809523809523807 0.5926966292134831 0.2226190476190476 0.5856741573033708
1 0.2988095238095238 0.6320224719101124 0.36666666666666664 0.6544943820224719 0.37857142857142856 0.6193820224719101 0.30833333333333335 0.5926966292134831
1 0.2761904761904762 0.6867977528089888 0.35595238095238096 0.7008426966292135 0.35833333333333334 0.6643258426966292 0.28095238095238095 0.6502808988764045
1 0.27380952380952384 0.7471910112359551 0.3404761904761905 0.7640449438202247 0.3488095238095238 0.7247191011235955 0.28214285714285714 0.7064606741573034