0 0.20952380952380953 0.6769662921348315 0.21071428571428572 0.46207865168539325 0.16904761904761906 0.4592696629213483 0.16547619047619047 0.6741573033707865
0 0.27976190476190477 0.38974719101123595 0.0380952380952381 0.18398876404494383
0 0.35595238095238096 0.4845505617977528 0.3523809523809524 0.2710674157303371 0.30952380952380953 0.273876404494382 0.31547619047619047 0.48735955056179775
0 0.40476190476190477 0.32303370786516855 0.4095238095238095 0.46207865168539325 0.36666666666666664 0.4606741573033708 0.3678571428571429 0.324438202247191
0 0.4630952380952381 0.2808988764044944 0.4666666666666667 0.4705056179775281 0.42142857142857143 0.46769662921348315 0.4261904761904762 0.28230337078651685
0 0.5083333333333333 0.28651685393258425 0.5119047619047619 0.43820224719101125 0.46904761904761905 0.43820224719101125 0.4726190476190476 0.2851123595505618
0 0.5178571428571429 0.6530898876404494 0.47619047619047616 0.6530898876404494 0.4714285714285714 0.4508426966292135 0.5119047619047619 0.45224719101123595
0 0.5642857142857143 0.449438202247191 0.5607142857142857 0.2851123595505618 0.5238095238095238 0.2851123595505618 0.5226190476190476 0.449438202247191
0 0.611904761904762 0.2949438202247191 0.6214285714285714 0.449438202247191 0.5785714285714286 0.449438202247191 0.5761904761904761 0.2949438202247191
1 0.6595238095238095 0.34129213483146065 0.6642857142857143 0.44803370786516855 0.6321428571428571 0.449438202247191 0.6285714285714286 0.34691011235955055
0 0.6738095238095239 0.4648876404494382 0.6797619047619048 0.6587078651685393 0.6369047619047619 0.6629213483146067 0.6321428571428571 0.46629213483146065
1 0.7107142857142857 0.33707865168539325 0.7154761904761905 0.4410112359550562 0.6773809523809524 0.4410112359550562 0.6785714285714286 0.33707865168539325
1 0.7607142857142857 0.35814606741573035 0.7547619047619047 0.27808988764044945 0.7297619047619047 0.27808988764044945 0.7345238095238096 0.35814606741573035
1 0.7952380952380952 0.2949438202247191 0.8035714285714286 0.36657303370786515 0.7785714285714286 0.3707865168539326 0.7678571428571429 0.2949438202247191