0 0.12976190476190477 0.27668539325842695 0.04285714285714286 0.13202247191011235
0 0.2011904761904762 0.34691011235955055 0.20714285714285716 0.16853932584269662 0.16785714285714284 0.16853932584269662 0.16071428571428573 0.3455056179775281
0 0.24642857142857144 0.32162921348314605 0.25357142857142856 0.17415730337078653 0.2130952380952381 0.17275280898876405 0.20595238095238094 0.31741573033707865
0 0.22857142857142856 0.42696629213483145 0.04285714285714286 0.19101123595505617
0 0.30238095238095236 0.1699438202247191 0.3 0.33286516853932585 0.25595238095238093 0.33286516853932585 0.25833333333333336 0.16853932584269662
0 0.3464285714285714 0.17837078651685392 0.3547619047619048 0.32724719101123595 0.30952380952380953 0.3300561797752809 0.3107142857142857 0.1797752808988764
2 0.3964285714285714 0.22331460674157302 0.4 0.3300561797752809 0.3678571428571429 0.33146067415730335 0.36547619047619045 0.2247191011235955
2 0.43392857142857144 0.27247191011235955 0.03214285714285714 0.10674157303370786
1 0.4863095238095238 0.20365168539325842 0.02738095238095238 0.07865168539325842
1 0.544047619047619 0.25140449438202245 0.5357142857142857 0.175561797752809 0.5095238095238095 0.17696629213483145 0.5166666666666667 0.2556179775280899
0 0.3863095238095238 0.44241573033707865 0.041666666666666664 0.19382022471910113
1 0.6666666666666666 0.41853932584269665 0.7130952380952381 0.3609550561797753 0.6904761904761905 0.3398876404494382 0.6452380952380953 0.3960674157303371
1 0.6928571428571428 0.45365168539325845 0.7416666666666667 0.39185393258426965 0.7178571428571429 0.3707865168539326 0.6738095238095239 0.4311797752808989
1 0.7238095238095238 0.48174157303370785 0.775 0.42275280898876405 0.7547619047619047 0.40168539325842695 0.7095238095238096 0.46207865168539325
1 0.18154761904761904 0.8153089887640449 0.034523809523809526 0.08286516853932584
1 0.21785714285714286 0.8167134831460674 0.03333333333333333 0.08567415730337079
1 0.2654761904761905 0.7570224719101124 0.27380952380952384 0.8525280898876404 0.23809523809523808 0.8553370786516854 0.23452380952380952 0.7612359550561798
1 0.29464285714285715 0.8237359550561798 0.034523809523809526 0.09410112359550561
1 0.3351190476190476 0.7928370786516854 0.034523809523809526 0.09410112359550561
1 0.44047619047619047 0.7654494382022472 0.44642857142857145 0.8525280898876404 0.4154761904761905 0.8525280898876404 0.4107142857142857 0.7668539325842697