3 0.475 0.5758426966292135 0.5571428571428572 0.46348314606741575 0.5285714285714286 0.43820224719101125 0.444047619047619 0.547752808988764
1 0.17976190476190476 0.17415730337078653 0.22023809523809523 0.1151685393258427 0.1976190476190476 0.09831460674157304 0.1595238095238095 0.1502808988764045
1 0.22738095238095238 0.20365168539325842 0.2642857142857143 0.14325842696629212 0.24285714285714285 0.125 0.20357142857142857 0.18679775280898878
1 0.2511904761904762 0.23314606741573032 0.29404761904761906 0.17134831460674158 0.2702380952380952 0.15730337078651685 0.23452380952380952 0.21629213483146068
1 0.19404761904761905 0.35674157303370785 0.21071428571428572 0.3300561797752809 0.15714285714285714 0.27668539325842695 0.1380952380952381 0.3061797752808989
1 0.26071428571428573 0.3188202247191011 0.2892857142857143 0.30196629213483145 0.25595238095238093 0.24297752808988765 0.23214285714285715 0.2598314606741573
1 0.3047619047619048 0.30758426966292135 0.35714285714285715 0.2542134831460674 0.3380952380952381 0.23174157303370788 0.2892857142857143 0.2794943820224719
1 0.2261904761904762 0.41853932584269665 0.26071428571428573 0.4845505617977528 0.2892857142857143 0.4691011235955056 0.25 0.40168539325842695
1 0.44642857142857145 0.20365168539325842 0.47619047619047616 0.1348314606741573 0.4511904761904762 0.12219101123595505 0.42023809523809524 0.1896067415730337
1 0.48928571428571427 0.2148876404494382 0.5083333333333333 0.14185393258426968 0.48333333333333334 0.13342696629213482 0.46190476190476193 0.2050561797752809
1 0.5142857142857142 0.22752808988764045 0.5464285714285714 0.15589887640449437 0.5166666666666667 0.1446629213483146 0.49166666666666664 0.21348314606741572
1 0.6035714285714285 0.1797752808988764 0.6630952380952381 0.15730337078651685 0.6547619047619048 0.12921348314606743 0.594047619047619 0.14887640449438203
1 0.37142857142857144 0.37359550561797755 0.41785714285714287 0.31741573033707865 0.3976190476190476 0.29353932584269665 0.3488095238095238 0.34831460674157305
1 0.4642857142857143 0.2640449438202247 0.06666666666666667 0.03651685393258427
1 0.41785714285714287 0.547752808988764 0.4392857142857143 0.5224719101123596 0.3869047619047619 0.4691011235955056 0.36666666666666664 0.4943820224719101
1 0.4630952380952381 0.48735955056179775 0.4452380952380952 0.5126404494382022 0.39880952380952384 0.4691011235955056 0.4154761904761905 0.44241573033707865
1 0.4654761904761905 0.47752808988764045 0.4857142857142857 0.44803370786516855 0.430952380952381 0.39747191011235955 0.4142857142857143 0.42696629213483145
1 0.4988095238095238 0.4339887640449438 0.5154761904761904 0.40730337078651685 0.4607142857142857 0.3595505617977528 0.444047619047619 0.3890449438202247
1 0.5345238095238095 0.39747191011235955 0.5488095238095239 0.3693820224719101 0.49404761904761907 0.33286516853932585 0.48214285714285715 0.3595505617977528
1 0.580952380952381 0.33146067415730335 0.5964285714285714 0.30196629213483145 0.5488095238095239 0.25842696629213485 0.530952380952381 0.2851123595505618
1 0.6202380952380953 0.29775280898876405 0.6392857142857142 0.2696629213483146 0.5845238095238096 0.22612359550561797 0.5678571428571428 0.25
1 0.7035714285714286 0.2303370786516854 0.6416666666666667 0.2612359550561798 0.6273809523809524 0.22752808988764045 0.6916666666666667 0.19803370786516855
1 0.725 0.21629213483146068 0.7833333333333333 0.17275280898876405 0.7678571428571429 0.1446629213483146 0.7107142857142857 0.19241573033707865