1 0.15535714285714286 0.15730337078651685 0.058333333333333334 0.03089887640449438
1 0.23452380952380952 0.15519662921348315 0.06190476190476191 0.032303370786516857
1 0.3619047619047619 0.15660112359550563 0.06428571428571428 0.037921348314606744
1 0.44226190476190474 0.1523876404494382 0.06547619047619048 0.037921348314606744
1 0.5470238095238096 0.14747191011235955 0.06785714285714285 0.03932584269662921
1 0.6196428571428572 0.14747191011235955 0.0630952380952381 0.042134831460674156
1 0.7339285714285714 0.15308988764044945 0.0630952380952381 0.03651685393258427
1 0.8101190476190476 0.15660112359550563 0.06785714285714285 0.0351123595505618
1 0.5619047619047619 0.4311797752808989 0.530952380952381 0.4339887640449438 0.5214285714285715 0.3553370786516854 0.5547619047619048 0.35252808988764045
3 0.594047619047619 0.40098314606741575 0.02857142857142857 0.09691011235955056
3 0.6410714285714286 0.39957865168539325 0.02976190476190476 0.09410112359550561
1 0.6857142857142857 0.4101123595505618 0.030952380952380953 0.07865168539325842
1 0.7309523809523809 0.4066011235955056 0.030952380952380953 0.08286516853932584
1 0.7773809523809524 0.4044943820224719 0.03571428571428571 0.08707865168539326
1 0.8220238095238095 0.4044943820224719 0.03214285714285714 0.08146067415730338
1 0.8732142857142857 0.40168539325842695 0.036904761904761905 0.08426966292134831
1 0.4107142857142857 0.5617977528089888 0.475 0.5449438202247191 0.46785714285714286 0.5112359550561798 0.4011904761904762 0.523876404494382
1 0.41309523809523807 0.6264044943820225 0.4785714285714286 0.6025280898876404 0.46904761904761905 0.5716292134831461 0.4035714285714286 0.5884831460674157
1 0.4392857142857143 0.6910112359550562 0.5047619047619047 0.672752808988764 0.49523809523809526 0.6348314606741573 0.430952380952381 0.6530898876404494
1 0.44761904761904764 0.7570224719101124 0.5190476190476191 0.7359550561797753 0.5083333333333333 0.702247191011236 0.4380952380952381 0.7176966292134831
1 0.4595238095238095 0.8216292134831461 0.5285714285714286 0.8033707865168539 0.5202380952380953 0.7654494382022472 0.4511904761904762 0.7865168539325843
1 0.4607142857142857 0.8469101123595506 0.5285714285714286 0.824438202247191 0.5404761904761904 0.8595505617977528 0.47023809523809523 0.8834269662921348
1 0.6047619047619047 0.6109550561797753 0.6726190476190477 0.5926966292134831 0.6630952380952381 0.550561797752809 0.6011904761904762 0.5575842696629213
3 0.6904761904761905 0.6025280898876404 0.7726190476190476 0.5814606741573034 0.763095238095238 0.547752808988764 0.6845238095238095 0.5674157303370787
1 0.6261904761904762 0.6657303370786517 0.6916666666666667 0.6460674157303371 0.6821428571428572 0.6109550561797753 0.6190476190476191 0.6320224719101124
1 0.7214285714285714 0.6952247191011236 0.7880952380952381 0.6769662921348315 0.7785714285714286 0.6460674157303371 0.7119047619047619 0.6643258426966292
1 0.6428571428571429 0.776685393258427 0.7142857142857143 0.7584269662921348 0.7035714285714286 0.7219101123595506 0.638095238095238 0.7401685393258427
1 0.6642857142857143 0.827247191011236 0.719047619047619 0.8075842696629213 0.7083333333333334 0.773876404494382 0.6535714285714286 0.7935393258426966
1 0.7309523809523809 0.7542134831460674 0.794047619047619 0.7317415730337079 0.7833333333333333 0.699438202247191 0.7166666666666667 0.7191011235955056
1 0.7333333333333333 0.8033707865168539 0.7988095238095239 0.7837078651685393 0.7952380952380952 0.75 0.7226190476190476 0.7668539325842697
1 0.8107142857142857 0.800561797752809 0.8166666666666667 0.8328651685393258 0.7511904761904762 0.8609550561797753 0.736904761904762 0.8216292134831461