1 0.22380952380952382 0.14676966292134833 0.06190476190476191 0.0351123595505618
1 0.22023809523809523 0.22752808988764045 0.06428571428571428 0.03651685393258427
1 0.2255952380952381 0.2710674157303371 0.06785714285714285 0.03651685393258427
1 0.2244047619047619 0.31320224719101125 0.058333333333333334 0.033707865168539325
1 0.21964285714285714 0.3539325842696629 0.0630952380952381 0.03651685393258427
1 0.22380952380952382 0.4375 0.06904761904761905 0.0351123595505618
1 0.22321428571428573 0.7001404494382022 0.075 0.037921348314606744
1 0.3821428571428571 0.7612359550561798 0.07142857142857142 0.033707865168539325
1 0.37202380952380953 0.40941011235955055 0.06785714285714285 0.0351123595505618
1 0.3738095238095238 0.3672752808988764 0.06904761904761905 0.0351123595505618
1 0.430952380952381 0.20014044943820225 0.023809523809523808 0.07162921348314606
1 0.4380952380952381 0.3188202247191011 0.06190476190476191 0.03089887640449438
1 0.44166666666666665 0.41502808988764045 0.05714285714285714 0.02949438202247191
1 0.44107142857142856 0.5400280898876404 0.02976190476190476 0.07162921348314606
1 0.4523809523809524 0.6327247191011236 0.04047619047619048 0.07162921348314606
1 0.4494047619047619 0.7317415730337079 0.02976190476190476 0.07303370786516854
1 0.5357142857142857 0.5884831460674157 0.5083333333333333 0.5870786516853933 0.5059523809523809 0.5014044943820225 0.5345238095238095 0.5028089887640449
1 0.5636904761904762 0.41713483146067415 0.06547619047619048 0.03089887640449438
1 0.5571428571428572 0.31109550561797755 0.06190476190476191 0.0351123595505618
1 0.5517857142857143 0.21839887640449437 0.0630952380952381 0.0351123595505618
1 0.5541666666666667 0.1720505617977528 0.06547619047619048 0.032303370786516857
1 0.6422619047619048 0.21629213483146068 0.06785714285714285 0.033707865168539325
1 0.6285714285714286 0.26896067415730335 0.06904761904761905 0.032303370786516857
1 0.6309523809523809 0.3202247191011236 0.06666666666666667 0.033707865168539325
1 0.6339285714285714 0.3651685393258427 0.06785714285714285 0.03651685393258427
1 0.6345238095238095 0.4122191011235955 0.06904761904761905 0.037921348314606744
1 0.6357142857142857 0.45997191011235955 0.07142857142857142 0.032303370786516857
1 0.6363095238095238 0.5098314606741573 0.07261904761904762 0.033707865168539325
1 0.6416666666666667 0.5582865168539326 0.06904761904761905 0.032303370786516857
1 0.643452380952381 0.6081460674157303 0.07261904761904762 0.033707865168539325
1 0.6440476190476191 0.6629213483146067 0.06904761904761905 0.033707865168539325
1 0.656547619047619 0.8181179775280899 0.055952380952380955 0.032303370786516857
1 0.5696428571428571 0.6032303370786517 0.06785714285714285 0.032303370786516857
1 0.5720238095238095 0.6481741573033708 0.06785714285714285 0.0351123595505618
1 0.5708333333333333 0.6987359550561798 0.06785714285714285 0.0351123595505618
1 0.5720238095238095 0.7478932584269663 0.07261904761904762 0.037921348314606744
1 0.5785714285714286 0.8019662921348315 0.07380952380952381 0.03651685393258427
1 0.7428571428571429 0.14606741573033707 0.05952380952380952 0.03651685393258427
1 0.7488095238095238 0.1896067415730337 0.06190476190476191 0.033707865168539325
1 0.7517857142857143 0.2443820224719101 0.06547619047619048 0.033707865168539325
1 0.7553571428571428 0.29424157303370785 0.0630952380952381 0.032303370786516857
1 0.7607142857142857 0.34269662921348315 0.06666666666666667 0.033707865168539325
1 0.7607142857142857 0.39325842696629215 0.06428571428571428 0.033707865168539325
1 0.7636904761904761 0.4417134831460674 0.0630952380952381 0.0351123595505618
1 0.7636904761904761 0.4943820224719101 0.0630952380952381 0.033707865168539325
1 0.7755952380952381 0.6039325842696629 0.06785714285714285 0.033707865168539325
1 0.7797619047619048 0.6566011235955056 0.06904761904761905 0.032303370786516857
1 0.7821428571428571 0.7050561797752809 0.06666666666666667 0.03932584269662921
1 0.781547619047619 0.761938202247191 0.0630952380952381 0.0351123595505618
1 0.7839285714285714 0.8181179775280899 0.06547619047619048 0.0351123595505618
1 0.8595238095238096 0.8188202247191011 0.02619047619047619 0.0702247191011236