0 0.09047619047619047 0.28792134831460675 0.2357142857142857 0.2247191011235955 0.21428571428571427 0.17837078651685392 0.07976190476190476 0.24297752808988765
0 0.09285714285714286 0.36797752808988765 0.2369047619047619 0.2949438202247191 0.25476190476190474 0.33848314606741575 0.10357142857142858 0.41151685393258425
0 0.12857142857142856 0.45786516853932585 0.2988095238095238 0.3806179775280899 0.28214285714285714 0.3398876404494382 0.11428571428571428 0.41853932584269665
0 0.14523809523809525 0.523876404494382 0.29404761904761906 0.4592696629213483 0.2785714285714286 0.41151685393258425 0.13095238095238096 0.4803370786516854
0 0.17857142857142858 0.574438202247191 0.3333333333333333 0.5168539325842697 0.3142857142857143 0.46769662921348315 0.16785714285714284 0.5365168539325843
0 0.19523809523809524 0.6643258426966292 0.36428571428571427 0.5926966292134831 0.35119047619047616 0.547752808988764 0.1773809523809524 0.6278089887640449
0 0.125 0.7851123595505618 0.2761904761904762 0.726123595505618 0.25833333333333336 0.6811797752808989 0.11547619047619048 0.7457865168539326
0 0.26904761904761904 0.8651685393258427 0.43452380952380953 0.7879213483146067 0.41785714285714287 0.7485955056179775 0.25595238095238093 0.8300561797752809
1 0.2785714285714286 0.2345505617977528 0.25357142857142856 0.25 0.22738095238095238 0.17696629213483145 0.2511904761904762 0.16151685393258428
1 0.4 0.6362359550561798 0.4238095238095238 0.625 0.4023809523809524 0.5547752808988764 0.37857142857142856 0.5617977528089888
1 0.4238095238095238 0.16713483146067415 0.49642857142857144 0.1348314606741573 0.49047619047619045 0.10814606741573034 0.4142857142857143 0.13764044943820225
1 0.48214285714285715 0.19101123595505617 0.5416666666666666 0.15870786516853932 0.530952380952381 0.12640449438202248 0.4666666666666667 0.1601123595505618
1 0.48928571428571427 0.24719101123595505 0.5523809523809524 0.22331460674157302 0.5392857142857143 0.19382022471910113 0.4773809523809524 0.21769662921348315
3 0.47023809523809523 0.300561797752809 0.5452380952380952 0.26685393258426965 0.5380952380952381 0.23735955056179775 0.4607142857142857 0.26825842696629215
3 0.5654761904761905 0.2542134831460674 0.6333333333333333 0.20926966292134833 0.6202380952380953 0.1797752808988764 0.5523809523809524 0.22612359550561797
1 0.6059523809523809 0.14747191011235955 0.6166666666666667 0.1797752808988764 0.5547619047619048 0.20786516853932585 0.5416666666666666 0.1797752808988764
1 0.6916666666666667 0.1404494382022472 0.6285714285714286 0.17134831460674158 0.6142857142857143 0.1404494382022472 0.680952380952381 0.11376404494382023
1 0.7107142857142857 0.1896067415730337 0.6452380952380953 0.21910112359550563 0.6333333333333333 0.18398876404494383 0.7023809523809523 0.15730337078651685
1 0.6642857142857143 0.2654494382022472 0.7345238095238096 0.2303370786516854 0.719047619047619 0.20084269662921347 0.6535714285714286 0.23174157303370788
3 0.6857142857142857 0.2991573033707865 0.7607142857142857 0.2612359550561798 0.7476190476190476 0.23174157303370788 0.6761904761904762 0.2696629213483146
1 0.7107142857142857 0.33707865168539325 0.7761904761904762 0.3089887640449438 0.7619047619047619 0.273876404494382 0.6976190476190476 0.30758426966292135
1 0.7357142857142858 0.41292134831460675 0.8023809523809524 0.3792134831460674 0.7904761904761904 0.34831460674157305 0.725 0.3792134831460674
1 0.7535714285714286 0.4452247191011236 0.8154761904761905 0.4101123595505618 0.8011904761904762 0.38342696629213485 0.7380952380952381 0.4143258426966292
1 0.7714285714285715 0.5112359550561798 0.8345238095238096 0.4803370786516854 0.8214285714285714 0.449438202247191 0.7607142857142857 0.47752808988764045
1 0.5178571428571429 0.32162921348314605 0.5821428571428572 0.29353932584269665 0.5726190476190476 0.26264044943820225 0.5047619047619047 0.2893258426966292
1 0.6428571428571429 0.26264044943820225 0.5869047619047619 0.2893258426966292 0.5761904761904761 0.25702247191011235 0.638095238095238 0.23314606741573032
1 0.5345238095238095 0.36235955056179775 0.594047619047619 0.32724719101123595 0.5857142857142857 0.30196629213483145 0.5238095238095238 0.3300561797752809
3 0.6202380952380953 0.36657303370786515 0.6964285714285714 0.33146067415730335 0.6833333333333333 0.30196629213483145 0.6071428571428571 0.3356741573033708
3 0.5261904761904762 0.40870786516853935 0.6047619047619047 0.37780898876404495 0.594047619047619 0.34691011235955055 0.5154761904761904 0.3806179775280899
1 0.5107142857142857 0.4592696629213483 0.5785714285714286 0.4353932584269663 0.5702380952380952 0.4044943820224719 0.5 0.42837078651685395
3 0.5178571428571429 0.49719101123595505 0.594047619047619 0.46769662921348315 0.5845238095238096 0.43258426966292135 0.5047619047619047 0.4691011235955056
3 0.669047619047619 0.39185393258426965 0.5928571428571429 0.42837078651685395 0.5821428571428572 0.3960674157303371 0.6595238095238095 0.3609550561797753
3 0.6702380952380952 0.4311797752808989 0.5964285714285714 0.4691011235955056 0.5892857142857143 0.4396067415730337 0.6630952380952381 0.4058988764044944
1 0.7154761904761905 0.37640449438202245 0.725 0.40168539325842695 0.6785714285714286 0.42696629213483145 0.6702380952380952 0.4002808988764045
3 0.5845238095238096 0.5547752808988764 0.6666666666666666 0.5308988764044944 0.6595238095238095 0.5 0.5773809523809523 0.5182584269662921
1 0.6142857142857143 0.6151685393258427 0.6773809523809524 0.5842696629213483 0.6654761904761904 0.5533707865168539 0.6 0.5842696629213483
1 0.6880952380952381 0.6109550561797753 0.75 0.5800561797752809 0.7392857142857143 0.5491573033707865 0.6761904761904762 0.577247191011236
3 0.6630952380952381 0.4648876404494382 0.7404761904761905 0.4353932584269663 0.7476190476190476 0.4691011235955056 0.6702380952380952 0.4943820224719101
1 0.7452380952380953 0.4747191011235955 0.7535714285714286 0.5 0.6857142857142857 0.5323033707865169 0.6785714285714286 0.5014044943820225
1 0.7309523809523809 0.5196629213483146 0.7416666666666667 0.5463483146067416 0.6785714285714286 0.577247191011236 0.6678571428571428 0.547752808988764
1 0.7785714285714286 0.5660112359550562 0.8357142857142857 0.5421348314606742 0.8226190476190476 0.5098314606741573 0.7654761904761904 0.5407303370786517
1 0.6654761904761904 0.6657303370786517 0.725 0.6432584269662921 0.7154761904761905 0.6137640449438202 0.6583333333333333 0.6376404494382022
1 0.7738095238095238 0.5870786516853933 0.7833333333333333 0.6109550561797753 0.7261904761904762 0.6362359550561798 0.719047619047619 0.6081460674157303
1 0.830952380952381 0.5632022471910112 0.8416666666666667 0.5912921348314607 0.7857142857142857 0.6123595505617978 0.7761904761904762 0.5842696629213483
1 0.8428571428571429 0.577247191011236 0.8940476190476191 0.5561797752808989 0.8821428571428571 0.526685393258427 0.830952380952381 0.5533707865168539
1 0.6821428571428572 0.6980337078651685 0.7404761904761905 0.6685393258426966 0.7297619047619047 0.6390449438202247 0.675 0.6671348314606742
1 0.7976190476190477 0.6376404494382022 0.7880952380952381 0.6123595505617978 0.7309523809523809 0.6348314606741573 0.7440476190476191 0.6657303370786517
1 0.8464285714285714 0.5926966292134831 0.8559523809523809 0.6193820224719101 0.8 0.6418539325842697 0.7904761904761904 0.6165730337078652
1 0.6988095238095238 0.7289325842696629 0.7535714285714286 0.702247191011236 0.7452380952380953 0.672752808988764 0.6869047619047619 0.699438202247191
1 0.8 0.6474719101123596 0.8083333333333333 0.672752808988764 0.7511904761904762 0.6910112359550562 0.7440476190476191 0.6657303370786517
1 0.861904761904762 0.6235955056179775 0.8690476190476191 0.6502808988764045 0.8107142857142857 0.6713483146067416 0.8047619047619048 0.6404494382022472
1 0.7202380952380952 0.7570224719101124 0.7797619047619048 0.7275280898876404 0.7690476190476191 0.7008426966292135 0.7107142857142857 0.7289325842696629
1 0.8273809523809523 0.6713483146067416 0.8357142857142857 0.6980337078651685 0.7797619047619048 0.7176966292134831 0.7714285714285715 0.6910112359550562
1 0.8392857142857143 0.702247191011236 0.9 0.675561797752809 0.8940476190476191 0.6460674157303371 0.8297619047619048 0.675561797752809
1 0.6845238095238095 0.797752808988764 0.7511904761904762 0.773876404494382 0.7428571428571429 0.7443820224719101 0.6785714285714286 0.7682584269662921
1 0.7 0.8258426966292135 0.7583333333333333 0.8033707865168539 0.7511904761904762 0.7752808988764045 0.694047619047619 0.800561797752809
1 0.7142857142857143 0.8609550561797753 0.7714285714285715 0.827247191011236 0.7607142857142857 0.800561797752809 0.6988095238095238 0.8342696629213483
1 0.7761904761904762 0.7429775280898876 0.7976190476190477 0.8132022471910112 0.7702380952380953 0.8230337078651685 0.7535714285714286 0.7485955056179775
1 0.8285714285714286 0.7949438202247191 0.8083333333333333 0.7289325842696629 0.780952380952381 0.7373595505617978 0.8023809523809524 0.8103932584269663
1 0.8595238095238096 0.8061797752808989 0.8416666666666667 0.7387640449438202 0.8178571428571428 0.7443820224719101 0.8333333333333334 0.8160112359550562
1 0.8773809523809524 0.723314606741573 0.8214285714285714 0.7471910112359551 0.8107142857142857 0.7219101123595506 0.8690476190476191 0.6938202247191011
1 0.8023809523809524 0.8384831460674157 0.861904761904762 0.8061797752808989 0.875 0.8356741573033708 0.8142857142857143 0.8707865168539326
1 0.8666666666666667 0.8075842696629213 0.844047619047619 0.7401685393258427 0.8678571428571429 0.7275280898876404 0.8952380952380953 0.7949438202247191
1 0.9035714285714286 0.5941011235955056 0.8559523809523809 0.6109550561797753 0.8476190476190476 0.5856741573033708 0.8952380952380953 0.5674157303370787
1 0.6678571428571428 0.3497191011235955 0.7321428571428571 0.3300561797752809 0.7404761904761905 0.35674157303370785 0.675 0.37780898876404495