0 0.23809523809523808 0.22191011235955055 0.42023809523809524 0.23314606741573032 0.41904761904761906 0.18398876404494383 0.2392857142857143 0.17275280898876405
0 0.26071428571428573 0.27808988764044945 0.44285714285714284 0.29353932584269665 0.4452380952380952 0.2443820224719101 0.2619047619047619 0.22893258426966293
0 0.2571428571428571 0.3960674157303371 0.2619047619047619 0.35252808988764045 0.09285714285714286 0.33146067415730335 0.0869047619047619 0.375
0 0.42023809523809524 0.425561797752809 0.42857142857142855 0.37780898876404495 0.26904761904761904 0.3637640449438202 0.2642857142857143 0.4058988764044944
0 0.4107142857142857 0.35814606741573035 0.4154761904761905 0.30758426966292135 0.2511904761904762 0.29353932584269665 0.25 0.3398876404494382
0 0.42738095238095236 0.5140449438202247 0.42857142857142855 0.4648876404494382 0.24642857142857144 0.4508426966292135 0.24166666666666667 0.49719101123595505
0 0.29523809523809524 0.5912921348314607 0.29642857142857143 0.5421348314606742 0.14047619047619048 0.5280898876404494 0.13690476190476192 0.5716292134831461
0 0.2369047619047619 0.7219101123595506 0.41309523809523807 0.7289325842696629 0.41785714285714287 0.6853932584269663 0.24166666666666667 0.6769662921348315
1 0.4666666666666667 0.577247191011236 0.47619047619047616 0.5 0.44761904761904764 0.4957865168539326 0.4380952380952381 0.5716292134831461
3 0.6416666666666667 0.17134831460674158 0.7238095238095238 0.17837078651685392 0.7238095238095238 0.1446629213483146 0.6440476190476191 0.13764044943820225
1 0.7666666666666667 0.15870786516853932 0.06666666666666667 0.033707865168539325
1 0.7125 0.2029494382022472 0.07023809523809524 0.037921348314606744
1 0.7857142857142857 0.20646067415730338 0.06904761904761905 0.03651685393258427
1 0.8577380952380952 0.21067415730337077 0.07023809523809524 0.03651685393258427
1 0.6666666666666666 0.2710674157303371 0.7321428571428571 0.2794943820224719 0.7321428571428571 0.2443820224719101 0.6678571428571428 0.2345505617977528
1 0.805952380952381 0.2794943820224719 0.8083333333333333 0.24578651685393257 0.7440476190476191 0.23735955056179775 0.7404761904761905 0.2696629213483146
1 0.8869047619047619 0.28370786516853935 0.888095238095238 0.25 0.8214285714285714 0.23876404494382023 0.8178571428571428 0.27247191011235955
3 0.7107142857142857 0.31320224719101125 0.7130952380952381 0.2808988764044944 0.6309523809523809 0.2710674157303371 0.6285714285714286 0.3061797752808989
3 0.7702380952380953 0.300561797752809 0.07857142857142857 0.033707865168539325
1 0.8916666666666667 0.33146067415730335 0.8952380952380953 0.29353932584269665 0.8154761904761905 0.28370786516853935 0.8142857142857143 0.32162921348314605
1 0.6595238095238095 0.351123595505618 0.7321428571428571 0.3595505617977528 0.7345238095238096 0.32724719101123595 0.6642857142857143 0.3146067415730337
1 0.8035714285714286 0.36657303370786515 0.7357142857142858 0.3595505617977528 0.7404761904761905 0.32303370786516855 0.8071428571428572 0.3342696629213483
1 0.8940476190476191 0.37640449438202245 0.8178571428571428 0.37219101123595505 0.8202380952380952 0.3342696629213483 0.8940476190476191 0.34129213483146065
1 0.7321428571428571 0.4002808988764045 0.6642857142857143 0.3946629213483146 0.6654761904761904 0.3595505617977528 0.7321428571428571 0.36657303370786515
1 0.8613095238095239 0.4002808988764045 0.07261904761904762 0.03651685393258427
3 0.7202380952380952 0.4438202247191011 0.638095238095238 0.4339887640449438 0.6416666666666667 0.4002808988764045 0.7226190476190476 0.40870786516853935
3 0.819047619047619 0.45224719101123595 0.7357142857142858 0.4438202247191011 0.7404761904761905 0.4101123595505618 0.819047619047619 0.41713483146067415
1 0.8625 0.449438202247191 0.06785714285714285 0.03651685393258427
1 0.6059523809523809 0.4691011235955056 0.6761904761904762 0.48174157303370785 0.6785714285714286 0.44803370786516855 0.611904761904762 0.43258426966292135
1 0.5976190476190476 0.5112359550561798 0.6773809523809524 0.5196629213483146 0.6785714285714286 0.4845505617977528 0.6 0.47331460674157305
3 0.775 0.4887640449438202 0.694047619047619 0.48174157303370785 0.6952380952380952 0.44662921348314605 0.7738095238095238 0.45365168539325845
1 0.85 0.5042134831460674 0.8559523809523809 0.4705056179775281 0.7916666666666666 0.45365168539325845 0.7821428571428571 0.48314606741573035
1 0.8261904761904761 0.5449438202247191 0.8952380952380953 0.5491573033707865 0.8964285714285715 0.5126404494382022 0.8285714285714286 0.5098314606741573
1 0.7958333333333333 0.5168539325842697 0.05119047619047619 0.033707865168539325
3 0.7595238095238095 0.5323033707865169 0.7642857142857142 0.49859550561797755 0.6833333333333333 0.49157303370786515 0.6797619047619048 0.5224719101123596
1 0.8613095238095239 0.5730337078651685 0.07023809523809524 0.03651685393258427
3 0.7357142857142858 0.5884831460674157 0.8166666666666667 0.6025280898876404 0.8202380952380952 0.5660112359550562 0.7404761904761905 0.5533707865168539
3 0.7166666666666667 0.6193820224719101 0.725 0.5884831460674157 0.6488095238095238 0.5575842696629213 0.6357142857142857 0.5926966292134831
1 0.6404761904761904 0.6629213483146067 0.7107142857142857 0.6657303370786517 0.7130952380952381 0.6306179775280899 0.6428571428571429 0.6235955056179775
1 0.8083333333333333 0.6418539325842697 0.8095238095238095 0.6067415730337079 0.7392857142857143 0.5941011235955056 0.7357142857142858 0.6292134831460674
1 0.8595238095238096 0.6404494382022472 0.07380952380952381 0.03651685393258427
1 0.8321428571428572 0.6973314606741573 0.06666666666666667 0.032303370786516857
1 0.780952380952381 0.672752808988764 0.7119047619047619 0.6671348314606742 0.7142857142857143 0.6334269662921348 0.780952380952381 0.6390449438202247
1 0.7785714285714286 0.7078651685393258 0.7107142857142857 0.699438202247191 0.7130952380952381 0.6713483146067416 0.7797619047619048 0.6741573033707865
1 0.6714285714285714 0.7359550561797753 0.7321428571428571 0.7429775280898876 0.7357142857142858 0.7092696629213483 0.6738095238095239 0.7036516853932584
1 0.7660714285714286 0.7317415730337079 0.060714285714285714 0.033707865168539325
1 0.705952380952381 0.7598314606741573 0.06190476190476191 0.03651685393258427
1 0.7053571428571429 0.7956460674157303 0.0630952380952381 0.032303370786516857
1 0.7202380952380952 0.8335674157303371 0.06428571428571428 0.0351123595505618
1 0.8279761904761904 0.738061797752809 0.058333333333333334 0.032303370786516857
1 0.7678571428571429 0.764747191011236 0.05952380952380952 0.02949438202247191
1 0.7916666666666666 0.8216292134831461 0.7988095238095239 0.7949438202247191 0.7380952380952381 0.7794943820224719 0.7380952380952381 0.8089887640449438
1 0.8095238095238095 0.8581460674157303 0.8130952380952381 0.8258426966292135 0.7523809523809524 0.8188202247191011 0.7488095238095238 0.8455056179775281
1 0.8285714285714286 0.7710674157303371 0.05952380952380952 0.03089887640449438
1 0.8523809523809524 0.8300561797752809 0.8571428571428571 0.8019662921348315 0.8 0.7921348314606742 0.7964285714285714 0.8188202247191011
1 0.8785714285714286 0.8693820224719101 0.8785714285714286 0.8398876404494382 0.8154761904761905 0.8286516853932584 0.8107142857142857 0.8581460674157303