1 0.1773809523809524 0.2752808988764045 0.21785714285714286 0.3441011235955056 0.2392857142857143 0.32162921348314605 0.2011904761904762 0.2598314606741573
1 0.25595238095238093 0.3146067415730337 0.2726190476190476 0.2949438202247191 0.2357142857142857 0.2303370786516854 0.2154761904761905 0.25280898876404495
1 0.3047619047619048 0.2640449438202247 0.2630952380952381 0.20224719101123595 0.24404761904761904 0.21910112359550563 0.2833333333333333 0.2851123595505618
2 0.35 0.2303370786516854 0.375 0.20786516853932585 0.3333333333333333 0.13623595505617977 0.30714285714285716 0.15870786516853932
2 0.3202380952380952 0.300561797752809 0.3773809523809524 0.24859550561797752 0.3607142857142857 0.22612359550561797 0.3011904761904762 0.27668539325842695
0 0.2922619047619048 0.7064606741573034 0.14404761904761904 0.05337078651685393
0 0.4119047619047619 0.4143258426966292 0.5821428571428572 0.4044943820224719 0.5761904761904761 0.351123595505618 0.4095238095238095 0.36657303370786515
0 0.45 0.49859550561797755 0.5785714285714286 0.5 0.5738095238095238 0.4438202247191011 0.44761904761904764 0.45224719101123595
0 0.49702380952380953 0.5625 0.18214285714285713 0.046348314606741575
0 0.4154761904761905 0.6530898876404494 0.5869047619047619 0.6460674157303371 0.5845238095238096 0.5941011235955056 0.4154761904761905 0.6025280898876404
0 0.41785714285714287 0.7387640449438202 0.5928571428571429 0.7331460674157303 0.5892857142857143 0.6783707865168539 0.4166666666666667 0.6924157303370787
0 0.4297619047619048 0.8174157303370787 0.6023809523809524 0.8117977528089888 0.5976190476190476 0.7570224719101124 0.42738095238095236 0.7710674157303371