2 0.3630952380952381 0.1776685393258427 0.09047619047619047 0.04073033707865169
2 0.36488095238095236 0.22542134831460675 0.0869047619047619 0.037921348314606744
2 0.4083333333333333 0.30758426966292135 0.3130952380952381 0.2907303370786517 0.31666666666666665 0.25 0.4142857142857143 0.2654494382022472
2 0.3142857142857143 0.34691011235955055 0.4095238095238095 0.35252808988764045 0.4107142857142857 0.3160112359550562 0.31547619047619047 0.30758426966292135
2 0.3119047619047619 0.3960674157303371 0.4095238095238095 0.40308988764044945 0.4107142857142857 0.3651685393258427 0.31547619047619047 0.3553370786516854
2 0.31666666666666665 0.4508426966292135 0.4107142857142857 0.45646067415730335 0.4142857142857143 0.42134831460674155 0.319047619047619 0.41151685393258425
2 0.3130952380952381 0.5028089887640449 0.4107142857142857 0.5098314606741573 0.4142857142857143 0.4705056179775281 0.319047619047619 0.4606741573033708
2 0.36547619047619045 0.5400280898876404 0.0880952380952381 0.04073033707865169
2 0.368452380952381 0.5912921348314607 0.09166666666666666 0.03932584269662921
2 0.36904761904761907 0.6446629213483146 0.0880952380952381 0.03932584269662921
2 0.3726190476190476 0.6952247191011236 0.09047619047619047 0.042134831460674156
2 0.37797619047619047 0.7443820224719101 0.07976190476190476 0.03932584269662921
2 0.34285714285714286 0.8146067415730337 0.4226190476190476 0.8061797752808989 0.41785714285714287 0.7710674157303371 0.3404761904761905 0.7724719101123596
2 0.3488095238095238 0.8539325842696629 0.42738095238095236 0.8441011235955056 0.42738095238095236 0.8117977528089888 0.3464285714285714 0.8188202247191011
1 0.6589285714285714 0.1544943820224719 0.0630952380952381 0.042134831460674156
1 0.6601190476190476 0.2029494382022472 0.07023809523809524 0.037921348314606744
1 0.6571428571428571 0.24508426966292135 0.06666666666666667 0.0351123595505618
1 0.6571428571428571 0.32935393258426965 0.06428571428571428 0.02949438202247191
1 0.6464285714285715 0.3707865168539326 0.05238095238095238 0.028089887640449437
1 0.643452380952381 0.413623595505618 0.04880952380952381 0.02949438202247191
1 0.6494047619047619 0.4529494382022472 0.06547619047619048 0.0351123595505618
1 0.6261904761904762 0.4922752808988764 0.0761904761904762 0.02949438202247191
2 0.6357142857142857 0.5617977528089888 0.09523809523809523 0.03651685393258427
2 0.680952380952381 0.6264044943820225 0.5976190476190476 0.6306179775280899 0.5976190476190476 0.5941011235955056 0.6785714285714286 0.5884831460674157
2 0.6386904761904761 0.6580056179775281 0.08928571428571429 0.04073033707865169
2 0.5952380952380952 0.29634831460674155 0.6797619047619048 0.3061797752808989 0.6821428571428572 0.2710674157303371 0.5988095238095238 0.26264044943820225