1 0.3261904761904762 0.6095505617977528 0.3333333333333333 0.523876404494382 0.30238095238095236 0.5224719101123596 0.29642857142857143 0.6053370786516854
1 0.5857142857142857 0.4691011235955056 0.5107142857142857 0.46207865168539325 0.5166666666666667 0.4241573033707865 0.5892857142857143 0.4311797752808989
1 0.5398809523809524 0.488061797752809 0.06785714285714285 0.032303370786516857
1 0.544047619047619 0.5393258426966292 0.06904761904761905 0.03089887640449438
1 0.5416666666666666 0.5835674157303371 0.0761904761904762 0.032303370786516857
1 0.5369047619047619 0.6235955056179775 0.0761904761904762 0.033707865168539325
1 0.5244047619047619 0.6706460674157303 0.07261904761904762 0.032303370786516857
1 0.5059523809523809 0.7275280898876404 0.5511904761904762 0.7345505617977528 0.5511904761904762 0.7036516853932584 0.5095238095238095 0.6966292134831461
1 0.4869047619047619 0.7780898876404494 0.555952380952381 0.7879213483146067 0.5583333333333333 0.7542134831460674 0.49047619047619045 0.7471910112359551
1 0.5226190476190476 0.8167134831460674 0.06904761904761905 0.037921348314606744
1 0.6916666666666667 0.42275280898876405 0.05476190476190476 0.025280898876404494
1 0.6791666666666667 0.476123595505618 0.07738095238095238 0.033707865168539325
1 0.6595238095238095 0.5491573033707865 0.7226190476190476 0.5561797752808989 0.7238095238095238 0.523876404494382 0.6595238095238095 0.5182584269662921
1 0.6934523809523809 0.5821629213483146 0.07023809523809524 0.0351123595505618
1 0.6916666666666667 0.625 0.06428571428571428 0.03089887640449438
1 0.694047619047619 0.6699438202247191 0.06190476190476191 0.033707865168539325
1 0.6970238095238095 0.7127808988764045 0.06547619047619048 0.032303370786516857
1 0.6666666666666666 0.773876404494382 0.7285714285714285 0.7682584269662921 0.7309523809523809 0.7359550561797753 0.6642857142857143 0.7415730337078652
1 0.6642857142857143 0.8160112359550562 0.719047619047619 0.8089887640449438 0.7130952380952381 0.776685393258427 0.6595238095238095 0.7879213483146067
1 0.6630952380952381 0.8314606741573034 0.7333333333333333 0.824438202247191 0.7392857142857143 0.8679775280898876 0.6642857142857143 0.875