1 0.4166666666666667 0.16573033707865167 0.07857142857142857 0.03932584269662921
3 0.42083333333333334 0.2324438202247191 0.125 0.05196629213483146
1 0.41845238095238096 0.30969101123595505 0.11071428571428571 0.05196629213483146
1 0.41904761904761906 0.3785112359550562 0.08095238095238096 0.04353932584269663
1 0.4255952380952381 0.4417134831460674 0.08214285714285714 0.037921348314606744
2 0.41964285714285715 0.4978932584269663 0.07976190476190476 0.04073033707865169
1 0.42916666666666664 0.5596910112359551 0.10595238095238095 0.04353932584269663
1 0.4244047619047619 0.625 0.10357142857142858 0.05056179775280899
1 0.22142857142857142 0.5056179775280899 0.319047619047619 0.4901685393258427 0.31547619047619047 0.44241573033707865 0.21904761904761905 0.4592696629213483
1 0.39404761904761904 0.7205056179775281 0.475 0.7106741573033708 0.46904761904761905 0.672752808988764 0.39166666666666666 0.6825842696629213
1 0.40476190476190477 0.8398876404494382 0.4035714285714286 0.7963483146067416 0.4797619047619048 0.7949438202247191 0.4797619047619048 0.8370786516853933
1 0.7178571428571429 0.851123595505618 0.07857142857142857 0.05056179775280899
1 0.7208333333333333 0.7830056179775281 0.08452380952380953 0.046348314606741575
1 0.6892857142857143 0.7471910112359551 0.7726190476190476 0.7289325842696629 0.7619047619047619 0.6867977528089888 0.680952380952381 0.7064606741573034
1 0.731547619047619 0.6622191011235955 0.08214285714285714 0.04073033707865169
1 0.7208333333333333 0.6025280898876404 0.07976190476190476 0.03932584269662921
1 0.6797619047619048 0.5660112359550562 0.675 0.5294943820224719 0.7571428571428571 0.5351123595505618 0.7559523809523809 0.5730337078651685
1 0.7559523809523809 0.5070224719101124 0.6761904761904762 0.5084269662921348 0.675 0.4705056179775281 0.7571428571428571 0.46769662921348315
1 0.7154761904761905 0.42275280898876405 0.08095238095238096 0.03932584269662921
1 0.7172619047619048 0.3637640449438202 0.08452380952380953 0.0449438202247191
1 0.6785714285714286 0.32865168539325845 0.6797619047619048 0.28792134831460675 0.7571428571428571 0.2949438202247191 0.7583333333333333 0.33146067415730335
1 0.7559523809523809 0.27668539325842695 0.6773809523809524 0.26825842696629215 0.6797619047619048 0.2303370786516854 0.7571428571428571 0.23595505617977527
1 0.7160714285714286 0.19171348314606743 0.07976190476190476 0.04073033707865169
1 0.7196428571428571 0.14185393258426968 0.09166666666666666 0.05056179775280899