1 0.3880952380952381 0.175561797752809 0.3976190476190476 0.14606741573033707 0.33214285714285713 0.10955056179775281 0.31785714285714284 0.13904494382022473
1 0.2857142857142857 0.18117977528089887 0.3619047619047619 0.22612359550561797 0.37857142857142856 0.18820224719101122 0.3 0.14185393258426968
1 0.2869047619047619 0.2556179775280899 0.3416666666666667 0.28230337078651685 0.3535714285714286 0.2542134831460674 0.3 0.2247191011235955
0 0.12857142857142856 0.37780898876404495 0.2488095238095238 0.4396067415730337 0.26785714285714285 0.39747191011235955 0.14761904761904762 0.33286516853932585
0 0.14761904761904762 0.5224719101123596 0.18095238095238095 0.4859550561797753 0.1 0.36797752808988765 0.07380952380952381 0.39185393258426965
0 0.2869047619047619 0.7387640449438202 0.4297619047619048 0.8258426966292135 0.44761904761904764 0.7837078651685393 0.305952380952381 0.6980337078651685
0 0.45714285714285713 0.7710674157303371 0.4785714285714286 0.7289325842696629 0.3142857142857143 0.6320224719101124 0.29642857142857143 0.672752808988764
0 0.4666666666666667 0.7064606741573034 0.4869047619047619 0.6601123595505618 0.37976190476190474 0.598314606741573 0.36428571428571427 0.6376404494382022
0 0.49642857142857144 0.648876404494382 0.5154761904761904 0.6067415730337079 0.37857142857142856 0.5182584269662921 0.3595238095238095 0.5617977528089888
0 0.655952380952381 0.6839887640449438 0.675 0.6376404494382022 0.530952380952381 0.5519662921348315 0.513095238095238 0.598314606741573
0 0.4988095238095238 0.5898876404494382 0.5214285714285715 0.5463483146067416 0.40476190476190477 0.47331460674157305 0.3869047619047619 0.5140449438202247
0 0.4119047619047619 0.46629213483146065 0.5345238095238095 0.5421348314606742 0.5523809523809524 0.49719101123595505 0.42857142857142855 0.4199438202247191
0 0.44642857142857145 0.41713483146067415 0.5630952380952381 0.48314606741573035 0.5761904761904761 0.4410112359550562 0.4630952380952381 0.37359550561797755
0 0.5988095238095238 0.4438202247191011 0.7428571428571429 0.5294943820224719 0.7583333333333333 0.4803370786516854 0.6190476190476191 0.3946629213483146
1 0.5059523809523809 0.3890449438202247 0.5857142857142857 0.4311797752808989 0.5988095238095238 0.3960674157303371 0.5190476190476191 0.351123595505618
1 0.5059523809523809 0.25 0.5607142857142857 0.28792134831460675 0.5738095238095238 0.25702247191011235 0.5154761904761904 0.22893258426966293
1 0.5916666666666667 0.2542134831460674 0.6023809523809524 0.2205056179775281 0.5428571428571428 0.1952247191011236 0.5369047619047619 0.21910112359550563
1 0.7547619047619047 0.19803370786516855 0.7833333333333333 0.18820224719101122 0.7583333333333333 0.12219101123595505 0.7321428571428571 0.12921348314606743
1 0.7916666666666666 0.1896067415730337 0.8154761904761905 0.17696629213483145 0.794047619047619 0.11376404494382023 0.7702380952380953 0.12359550561797752
1 0.825 0.17134831460674158 0.85 0.16292134831460675 0.8297619047619048 0.10533707865168539 0.8071428571428572 0.11376404494382023
0 0.8238095238095238 0.6165730337078652 0.8654761904761905 0.6362359550561798 0.9178571428571428 0.476123595505618 0.8869047619047619 0.4592696629213483
1 0.8273809523809523 0.848314606741573 0.8404761904761905 0.8188202247191011 0.8964285714285715 0.851123595505618 0.8869047619047619 0.8820224719101124
1 0.844047619047619 0.8132022471910112 0.9011904761904762 0.8398876404494382 0.9130952380952381 0.8117977528089888 0.8547619047619047 0.7808988764044944
1 0.8595238095238096 0.7387640449438202 0.9142857142857143 0.7710674157303371 0.9047619047619048 0.797752808988764 0.844047619047619 0.7696629213483146