1 0.1732142857142857 0.43469101123595505 0.025 0.07443820224719101
1 0.33035714285714285 0.42485955056179775 0.02976190476190476 0.08567415730337079
1 0.4166666666666667 0.43258426966292135 0.02619047619047619 0.08146067415730338
1 0.5017857142857143 0.4452247191011236 0.02738095238095238 0.07303370786516854
1 0.5428571428571428 0.4438202247191011 0.02857142857142857 0.07865168539325842
1 0.30952380952380953 0.7008426966292135 0.030952380952380953 0.08146067415730338
1 0.3827380952380952 0.699438202247191 0.02976190476190476 0.07303370786516854
1 0.42142857142857143 0.7099719101123596 0.02857142857142857 0.07162921348314606
1 0.45654761904761904 0.7120786516853933 0.02976190476190476 0.07865168539325842
1 0.4988095238095238 0.7064606741573034 0.02619047619047619 0.08426966292134831
1 0.5744047619047619 0.7169943820224719 0.02738095238095238 0.0800561797752809
1 0.5732142857142857 0.36025280898876405 0.039285714285714285 0.08286516853932584
1 0.7119047619047619 0.6657303370786517 0.02857142857142857 0.08146067415730338
1 0.1380952380952381 0.3160112359550562 0.12738095238095237 0.3862359550561798 0.15 0.3904494382022472 0.1595238095238095 0.32162921348314605