1 0.32142857142857145 0.738061797752809 0.12142857142857143 0.046348314606741575
1 0.3761904761904762 0.8328651685393258 0.25952380952380955 0.8174157303370787 0.26666666666666666 0.7668539325842697 0.3821428571428571 0.7752808988764045
1 0.2761904761904762 0.5786516853932584 0.375 0.5828651685393258 0.37023809523809526 0.5351123595505618 0.27976190476190477 0.5323033707865169
1 0.3267857142857143 0.49297752808988765 0.09166666666666666 0.0449438202247191
1 0.3470238095238095 0.43609550561797755 0.09404761904761905 0.04353932584269663
1 0.32321428571428573 0.37570224719101125 0.0988095238095238 0.04915730337078652
1 0.28095238095238095 0.3356741573033708 0.37857142857142856 0.34129213483146065 0.37857142857142856 0.2991573033707865 0.2833333333333333 0.29213483146067415
1 0.3398809523809524 0.2577247191011236 0.10595238095238095 0.04353932584269663
1 0.3392857142857143 0.20084269662921347 0.09523809523809523 0.03932584269662921
1 0.34464285714285714 0.14747191011235955 0.10833333333333334 0.0449438202247191
2 0.4595238095238095 0.2598314606741573 0.4630952380952381 0.12780898876404495 0.4142857142857143 0.12640449438202248 0.4095238095238095 0.2612359550561798
2 0.4511904761904762 0.42837078651685395 0.45476190476190476 0.28651685393258425 0.40595238095238095 0.28651685393258425 0.4023809523809524 0.42696629213483145
1 0.42738095238095236 0.5098314606741573 0.04285714285714286 0.12921348314606743
3 0.4869047619047619 0.5372191011235955 0.04047619047619048 0.13623595505617977
3 0.544047619047619 0.5421348314606742 0.04047619047619048 0.14606741573033707
3 0.6214285714285714 0.5632022471910112 0.6261904761904762 0.41853932584269665 0.5833333333333334 0.4157303370786517 0.5761904761904761 0.5632022471910112
3 0.5654761904761905 0.3047752808988764 0.5654761904761905 0.44803370786516855 0.5178571428571429 0.4438202247191011 0.5226190476190476 0.30337078651685395
2 0.6285714285714286 0.39185393258426965 0.5797619047619048 0.39185393258426965 0.5869047619047619 0.2443820224719101 0.6333333333333333 0.24578651685393257
2 0.5488095238095239 0.21207865168539325 0.04523809523809524 0.13202247191011235
3 0.5107142857142857 0.28230337078651685 0.46785714285714286 0.2808988764044944 0.4797619047619048 0.14325842696629212 0.5142857142857142 0.1446629213483146
3 0.6113095238095239 0.1720505617977528 0.039285714285714285 0.11657303370786516
2 0.7642857142857142 0.19101123595505617 0.6440476190476191 0.18117977528089887 0.6476190476190476 0.12359550561797752 0.7666666666666667 0.13623595505617977
2 0.7023809523809523 0.22120786516853932 0.11666666666666667 0.054775280898876406
3 0.763095238095238 0.31741573033707865 0.6428571428571429 0.3047752808988764 0.6476190476190476 0.2556179775280899 0.7666666666666667 0.26825842696629215
3 0.6988095238095238 0.3539325842696629 0.12142857142857143 0.05337078651685393
3 0.6952380952380952 0.41502808988764045 0.12142857142857143 0.054775280898876406
3 0.6988095238095238 0.48525280898876405 0.1261904761904762 0.054775280898876406
3 0.694047619047619 0.5554775280898876 0.12142857142857143 0.05758426966292135
3 0.6898809523809524 0.6264044943820225 0.12261904761904761 0.056179775280898875
3 0.6869047619047619 0.6860955056179775 0.12142857142857143 0.05196629213483146