1 0.2 0.17134831460674158 0.23333333333333334 0.1699438202247191 0.2357142857142857 0.25702247191011235 0.20476190476190476 0.2556179775280899
0 0.19166666666666668 0.2893258426966292 0.2357142857142857 0.28792134831460675 0.2392857142857143 0.48735955056179775 0.1976190476190476 0.4887640449438202
1 0.3238095238095238 0.32724719101123595 0.35595238095238096 0.3258426966292135 0.3595238095238095 0.4199438202247191 0.325 0.4199438202247191
1 0.20714285714285716 0.547752808988764 0.2369047619047619 0.5463483146067416 0.24166666666666667 0.6334269662921348 0.21071428571428572 0.6348314606741573
1 0.3238095238095238 0.6179775280898876 0.3547619047619048 0.6137640449438202 0.3619047619047619 0.7050561797752809 0.32857142857142857 0.7092696629213483
1 0.3142857142857143 0.7598314606741573 0.3119047619047619 0.6587078651685393 0.27380952380952384 0.6601123595505618 0.2785714285714286 0.7612359550561798
2 0.85 0.175561797752809 0.9 0.175561797752809 0.9035714285714286 0.4691011235955056 0.8476190476190476 0.4691011235955056
3 0.7988095238095239 0.3455056179775281 0.8333333333333334 0.3455056179775281 0.8273809523809523 0.4550561797752809 0.7976190476190477 0.45365168539325845
2 0.7964285714285714 0.476123595505618 0.8404761904761905 0.476123595505618 0.8369047619047619 0.7064606741573034 0.7916666666666666 0.7050561797752809
1 0.6595238095238095 0.6137640449438202 0.6952380952380952 0.6151685393258427 0.6928571428571428 0.6980337078651685 0.655952380952381 0.6966292134831461
1 0.844047619047619 0.6207865168539326 0.8761904761904762 0.6207865168539326 0.8797619047619047 0.7120786516853933 0.844047619047619 0.7120786516853933
1 0.7892857142857143 0.7485955056179775 0.8178571428571428 0.7485955056179775 0.8178571428571428 0.8384831460674157 0.7904761904761904 0.8441011235955056
1 0.8297619047619048 0.7893258426966292 0.8607142857142858 0.7893258426966292 0.8595238095238096 0.875 0.8261904761904761 0.8707865168539326