0 0.4797619047619048 0.2710674157303371 0.4845238095238095 0.08848314606741572 0.44047619047619047 0.08707865168539326 0.430952380952381 0.2710674157303371
1 0.5226190476190476 0.18820224719101122 0.5238095238095238 0.11376404494382023 0.49047619047619045 0.11376404494382023 0.4880952380952381 0.18820224719101122
1 0.5714285714285714 0.199438202247191 0.5726190476190476 0.11657303370786516 0.5404761904761904 0.1151685393258427 0.5380952380952381 0.199438202247191
1 0.5880952380952381 0.20786516853932585 0.6202380952380953 0.20646067415730338 0.6238095238095238 0.2907303370786517 0.5880952380952381 0.29213483146067415
1 0.5416666666666666 0.22331460674157302 0.575 0.22331460674157302 0.5785714285714286 0.3047752808988764 0.5428571428571428 0.3047752808988764
0 0.4857142857142857 0.22191011235955055 0.5261904761904762 0.2205056179775281 0.5345238095238095 0.4199438202247191 0.4869047619047619 0.41853932584269665
1 0.5428571428571428 0.33146067415730335 0.5785714285714286 0.3300561797752809 0.5785714285714286 0.4157303370786517 0.544047619047619 0.4157303370786517
1 0.5928571428571429 0.32303370786516855 0.6261904761904762 0.32303370786516855 0.6273809523809524 0.40168539325842695 0.594047619047619 0.40308988764044945
1 0.4369047619047619 0.30196629213483145 0.47023809523809523 0.30337078651685395 0.4726190476190476 0.3946629213483146 0.4369047619047619 0.39185393258426965
1 0.5952380952380952 0.4339887640449438 0.6273809523809524 0.4339887640449438 0.6297619047619047 0.5168539325842697 0.5952380952380952 0.5154494382022472
1 0.5452380952380952 0.4452247191011236 0.5785714285714286 0.4452247191011236 0.5773809523809523 0.526685393258427 0.5476190476190477 0.5280898876404494
1 0.5261904761904762 0.5210674157303371 0.525 0.43820224719101125 0.49404761904761907 0.4396067415730337 0.49523809523809526 0.5196629213483146
3 0.43333333333333335 0.4241573033707865 0.4666666666666667 0.4241573033707865 0.4630952380952381 0.5224719101123596 0.42857142857142855 0.523876404494382
1 0.6476190476190476 0.5533707865168539 0.6833333333333333 0.550561797752809 0.6880952380952381 0.6404494382022472 0.6488095238095238 0.6390449438202247
1 0.5928571428571429 0.5449438202247191 0.6321428571428571 0.5435393258426966 0.6345238095238095 0.6404494382022472 0.594047619047619 0.6418539325842697
1 0.5452380952380952 0.5533707865168539 0.5726190476190476 0.5547752808988764 0.575 0.6278089887640449 0.544047619047619 0.6278089887640449
1 0.4928571428571429 0.5449438202247191 0.5297619047619048 0.5449438202247191 0.5273809523809524 0.6278089887640449 0.49166666666666664 0.6278089887640449
1 0.42857142857142855 0.5646067415730337 0.46190476190476193 0.5660112359550562 0.45714285714285713 0.6558988764044944 0.4226190476190476 0.651685393258427
1 0.22976190476190475 0.6235955056179775 0.2857142857142857 0.5617977528089888 0.25833333333333336 0.5351123595505618 0.20714285714285716 0.5912921348314607
1 0.16547619047619047 0.6741573033707865 0.15357142857142858 0.6362359550561798 0.09642857142857143 0.6699438202247191 0.10595238095238095 0.7036516853932584