1 0.275 0.2654494382022472 0.325 0.1952247191011236 0.3011904761904762 0.17415730337078653 0.24761904761904763 0.24157303370786518
1 0.4630952380952381 0.3103932584269663 0.4666666666666667 0.22612359550561797 0.430952380952381 0.22612359550561797 0.430952380952381 0.30758426966292135
1 0.5297619047619048 0.28370786516853935 0.530952380952381 0.20646067415730338 0.49523809523809526 0.2050561797752809 0.49642857142857144 0.28370786516853935
1 0.5476190476190477 0.21348314606741572 0.5738095238095238 0.21348314606741572 0.575 0.2851123595505618 0.5476190476190477 0.2851123595505618
1 0.594047619047619 0.2050561797752809 0.6297619047619047 0.20365168539325842 0.6333333333333333 0.29634831460674155 0.594047619047619 0.29634831460674155
1 0.6821428571428572 0.29634831460674155 0.6821428571428572 0.21348314606741572 0.6440476190476191 0.2148876404494382 0.65 0.29634831460674155
1 0.5642857142857143 0.5912921348314607 0.5738095238095238 0.5547752808988764 0.5035714285714286 0.5294943820224719 0.49166666666666664 0.5730337078651685
1 0.29642857142857143 0.6615168539325843 0.30238095238095236 0.625 0.23333333333333334 0.6081460674157303 0.2261904761904762 0.651685393258427
1 0.5773809523809523 0.19382022471910113 0.5785714285714286 0.11235955056179775 0.5464285714285714 0.11095505617977527 0.5476190476190477 0.19241573033707865
1 0.6273809523809524 0.18258426966292135 0.6273809523809524 0.11376404494382023 0.5952380952380952 0.11235955056179775 0.5952380952380952 0.1797752808988764
1 0.5285714285714286 0.1853932584269663 0.5297619047619048 0.11938202247191011 0.49642857142857144 0.11938202247191011 0.49642857142857144 0.18398876404494383
3 0.46785714285714286 0.1896067415730337 0.47023809523809523 0.10533707865168539 0.4380952380952381 0.10533707865168539 0.43452380952380953 0.18820224719101122
0 0.22857142857142856 0.4691011235955056 0.425 0.5028089887640449 0.41785714285714287 0.5603932584269663 0.22023809523809523 0.5252808988764045
1 0.23452380952380952 0.7415730337078652 0.24166666666666667 0.7008426966292135 0.15714285714285714 0.6938202247191011 0.1523809523809524 0.7359550561797753
1 0.6 0.8370786516853933 0.6023809523809524 0.7963483146067416 0.5190476190476191 0.7879213483146067 0.5142857142857142 0.8328651685393258
3 0.8488095238095238 0.7064606741573034 0.8654761904761905 0.6601123595505618 0.6345238095238095 0.5449438202247191 0.6190476190476191 0.6095505617977528
2 0.3535714285714286 0.6137640449438202 0.6154761904761905 0.7134831460674157 0.6023809523809524 0.7640449438202247 0.3404761904761905 0.6643258426966292