1 0.5773809523809523 0.8153089887640449 0.02857142857142857 0.07724719101123595
1 0.5571428571428572 0.6825842696629213 0.5619047619047619 0.7640449438202247 0.5892857142857143 0.7598314606741573 0.580952380952381 0.6797752808988764
1 0.5595238095238095 0.5379213483146067 0.555952380952381 0.4691011235955056 0.5797619047619048 0.46769662921348315 0.5797619047619048 0.5351123595505618
3 0.5464285714285714 0.43820224719101125 0.544047619047619 0.34691011235955055 0.5761904761904761 0.34691011235955055 0.5761904761904761 0.4396067415730337
1 0.5601190476190476 0.27879213483146065 0.025 0.07443820224719101
1 0.5541666666666667 0.1699438202247191 0.02738095238095238 0.08426966292134831
1 0.38571428571428573 0.40168539325842695 0.31547619047619047 0.40730337078651685 0.3142857142857143 0.375 0.38333333333333336 0.36797752808988765
1 0.30833333333333335 0.46207865168539325 0.375 0.43820224719101125 0.3619047619047619 0.40870786516853935 0.2988095238095238 0.4339887640449438
1 0.31785714285714284 0.5154494382022472 0.3773809523809524 0.47331460674157305 0.3607142857142857 0.45224719101123595 0.3047619047619048 0.4901685393258427
1 0.29523809523809524 0.5603932584269663 0.3607142857142857 0.5519662921348315 0.35714285714285715 0.5224719101123596 0.2916666666666667 0.5323033707865169
1 0.3375 0.660814606741573 0.07261904761904762 0.0351123595505618
1 0.30357142857142855 0.6966292134831461 0.30357142857142855 0.776685393258427 0.33095238095238094 0.7752808988764045 0.325 0.6980337078651685
1 0.18571428571428572 0.7893258426966292 0.26071428571428573 0.7528089887640449 0.2488095238095238 0.726123595505618 0.17857142857142858 0.7584269662921348
1 0.37976190476190474 0.8258426966292135 0.32142857142857145 0.8693820224719101 0.33690476190476193 0.9002808988764045 0.39404761904761904 0.848314606741573
1 0.44226190476190474 0.7331460674157303 0.02976190476190476 0.08426966292134831
1 0.4386904761904762 0.5758426966292135 0.025 0.07584269662921349
1 0.41785714285714287 0.44803370786516855 0.41904761904761906 0.5252808988764045 0.4523809523809524 0.5252808988764045 0.45 0.4452247191011236