2 0.5892857142857143 0.5519662921348315 0.5976190476190476 0.6629213483146067 0.6273809523809524 0.6573033707865169 0.6190476190476191 0.5491573033707865
1 0.6130952380952381 0.723314606741573 0.030952380952380953 0.08426966292134831
1 0.6321428571428571 0.8581460674157303 0.6226190476190476 0.7668539325842697 0.5928571428571429 0.7724719101123596 0.6011904761904762 0.8595505617977528
2 0.3761904761904762 0.8146067415730337 0.3904761904761905 0.7359550561797753 0.4166666666666667 0.7415730337078652 0.4 0.8230337078651685
1 0.39226190476190476 0.5933988764044944 0.055952380952380955 0.026685393258426966
1 0.4708333333333333 0.5021067415730337 0.025 0.08286516853932584
1 0.41785714285714287 0.5217696629213483 0.030952380952380953 0.0800561797752809
1 0.3732142857142857 0.5287921348314607 0.02738095238095238 0.0800561797752809
1 0.319047619047619 0.49297752808988765 0.3273809523809524 0.5758426966292135 0.3523809523809524 0.5730337078651685 0.34404761904761905 0.4901685393258427
1 0.28095238095238095 0.49297752808988765 0.28809523809523807 0.5758426966292135 0.3142857142857143 0.5730337078651685 0.305952380952381 0.4901685393258427
1 0.36547619047619045 0.46348314606741575 0.430952380952381 0.4550561797752809 0.42738095238095236 0.4241573033707865 0.3607142857142857 0.4353932584269663
1 0.3619047619047619 0.3848314606741573 0.42023809523809524 0.37780898876404495 0.4226190476190476 0.40870786516853935 0.36428571428571427 0.41713483146067415
1 0.4035714285714286 0.32514044943820225 0.06904761904761905 0.032303370786516857
1 0.39940476190476193 0.2808988764044944 0.06785714285714285 0.033707865168539325
1 0.39285714285714285 0.22682584269662923 0.0761904761904762 0.04073033707865169
1 0.35833333333333334 0.17696629213483145 0.425 0.17134831460674158 0.4238095238095238 0.14185393258426968 0.35595238095238096 0.14325842696629212
1 0.6023809523809524 0.4803370786516854 0.02619047619047619 0.08426966292134831