1 0.1375 0.7949438202247191 0.07738095238095238 0.03089887640449438
1 0.24702380952380953 0.7921348314606742 0.07738095238095238 0.033707865168539325
1 0.3380952380952381 0.7879213483146067 0.07380952380952381 0.03651685393258427
1 0.47619047619047616 0.7808988764044944 0.06904761904761905 0.03089887640449438
1 0.6934523809523809 0.7759831460674157 0.07023809523809524 0.032303370786516857
1 0.7666666666666667 0.7731741573033708 0.06666666666666667 0.0351123595505618
2 0.531547619047619 0.6650280898876404 0.11071428571428571 0.04073033707865169
1 0.5053571428571428 0.6109550561797753 0.06547619047619048 0.03932584269662921
1 0.1392857142857143 0.4691011235955056 0.13452380952380952 0.5491573033707865 0.10476190476190476 0.5463483146067416 0.10833333333333334 0.46769662921348315
1 0.18571428571428572 0.46629213483146065 0.18452380952380953 0.5379213483146067 0.15119047619047618 0.5393258426966292 0.15595238095238095 0.46348314606741575
2 0.20238095238095238 0.47191011235955055 0.2119047619047619 0.5533707865168539 0.23809523809523808 0.5491573033707865 0.22857142857142856 0.46348314606741575
2 0.24523809523809523 0.4606741573033708 0.24761904761904763 0.5351123595505618 0.2714285714285714 0.5337078651685393 0.27380952380952384 0.46207865168539325
1 0.31785714285714284 0.4592696629213483 0.3107142857142857 0.5393258426966292 0.2845238095238095 0.5351123595505618 0.2904761904761905 0.45786516853932585
1 0.35119047619047616 0.46348314606741575 0.3380952380952381 0.5379213483146067 0.36428571428571427 0.5463483146067416 0.3773809523809524 0.46629213483146065
2 0.44821428571428573 0.5063202247191011 0.02976190476190476 0.07724719101123595
2 0.4797619047619048 0.550561797752809 0.48214285714285715 0.4592696629213483 0.5166666666666667 0.4592696629213483 0.5142857142857142 0.5519662921348315
2 0.5345238095238095 0.5252808988764045 0.5845238095238096 0.46348314606741575 0.6023809523809524 0.48314606741573035 0.5571428571428572 0.5491573033707865
2 0.594047619047619 0.5351123595505618 0.6154761904761905 0.46207865168539325 0.6357142857142857 0.46769662921348315 0.6190476190476191 0.5449438202247191
1 0.6541666666666667 0.48946629213483145 0.02976190476190476 0.06882022471910113
1 0.7130952380952381 0.4866573033707865 0.02857142857142857 0.07162921348314606
2 0.7619047619047619 0.45786516853932585 0.7607142857142857 0.5337078651685393 0.7845238095238095 0.5337078651685393 0.7857142857142857 0.4606741573033708
1 0.8071428571428572 0.4957865168539326 0.02619047619047619 0.07865168539325842
1 0.2761904761904762 0.25842696629213485 0.02857142857142857 0.09269662921348315
1 0.31785714285714284 0.3433988764044944 0.02619047619047619 0.08286516853932584