1 0.24702380952380953 0.45575842696629215 0.02976190476190476 0.08286516853932584
1 0.24761904761904763 0.5526685393258427 0.02619047619047619 0.08567415730337079
1 0.26071428571428573 0.6853932584269663 0.25833333333333336 0.6081460674157303 0.23095238095238096 0.6109550561797753 0.23809523809523808 0.6882022471910112
1 0.13214285714285715 0.7219101123595506 0.14166666666666666 0.6432584269662921 0.16785714285714284 0.6404494382022472 0.16547619047619047 0.7247191011235955
2 0.1529761904761905 0.5898876404494382 0.025 0.07584269662921349
2 0.15654761904761905 0.5084269662921348 0.02261904761904762 0.07303370786516854
1 0.125 0.49859550561797755 0.03571428571428571 0.07865168539325842
1 0.26785714285714285 0.4508426966292135 0.3333333333333333 0.45224719101123595 0.3333333333333333 0.42275280898876405 0.26904761904761904 0.4241573033707865
1 0.3744047619047619 0.43047752808988765 0.07023809523809524 0.0351123595505618
2 0.3964285714285714 0.8307584269662921 0.02857142857142857 0.09129213483146068
1 0.4857142857142857 0.8223314606741573 0.02619047619047619 0.07724719101123595
1 0.5321428571428571 0.8068820224719101 0.02857142857142857 0.07724719101123595
2 0.5785714285714286 0.7654494382022472 0.5821428571428572 0.8735955056179775 0.5583333333333333 0.8735955056179775 0.555952380952381 0.7668539325842697
2 0.606547619047619 0.8068820224719101 0.02738095238095238 0.08567415730337079
1 0.6654761904761904 0.34691011235955055 0.6785714285714286 0.29353932584269665 0.7 0.2949438202247191 0.6928571428571428 0.3539325842696629
1 0.7238095238095238 0.34831460674157305 0.7178571428571429 0.2907303370786517 0.7380952380952381 0.28792134831460675 0.7464285714285714 0.3441011235955056
1 0.4392857142857143 0.3497191011235955 0.4523809523809524 0.2907303370786517 0.47619047619047616 0.2949438202247191 0.4583333333333333 0.35814606741573035