1 0.13154761904761905 0.6039325842696629 0.036904761904761905 0.0898876404494382
1 0.17142857142857143 0.6032303370786517 0.03333333333333333 0.10533707865168539
1 0.20952380952380953 0.5926966292134831 0.030952380952380953 0.09831460674157304
1 0.24761904761904763 0.5990168539325843 0.030952380952380953 0.09691011235955056
1 0.35773809523809524 0.5912921348314607 0.03214285714285714 0.0898876404494382
1 0.39285714285714285 0.5870786516853933 0.030952380952380953 0.09831460674157304
1 0.4297619047619048 0.5919943820224719 0.030952380952380953 0.08848314606741572
1 0.4857142857142857 0.6306179775280899 0.475 0.547752808988764 0.4511904761904762 0.5533707865168539 0.46190476190476193 0.6348314606741573
1 0.506547619047619 0.5793539325842697 0.03214285714285714 0.0800561797752809
1 0.5428571428571428 0.586376404494382 0.030952380952380953 0.08567415730337079
1 0.5630952380952381 0.5491573033707865 0.5761904761904761 0.6235955056179775 0.5988095238095238 0.6292134831460674 0.5916666666666667 0.5421348314606742
1 0.6214285714285714 0.5905898876404494 0.03333333333333333 0.07443820224719101
1 0.6601190476190476 0.5926966292134831 0.02976190476190476 0.07865168539325842
1 0.38095238095238093 0.7050561797752809 0.45714285714285713 0.7036516853932584 0.45595238095238094 0.7401685393258427 0.38333333333333336 0.7443820224719101
1 0.5529761904761905 0.7851123595505618 0.02738095238095238 0.08146067415730338
1 0.5148809523809523 0.7907303370786517 0.02976190476190476 0.07584269662921349
1 0.4351190476190476 0.7872191011235955 0.02976190476190476 0.07724719101123595
1 0.39404761904761904 0.7935393258426966 0.030952380952380953 0.0898876404494382
1 0.16785714285714284 0.7928370786516854 0.03333333333333333 0.09129213483146068
1 0.12380952380952381 0.7998595505617978 0.03571428571428571 0.0997191011235955