1 0.6101190476190477 0.15660112359550563 0.07738095238095238 0.0351123595505618
1 0.5714285714285714 0.22752808988764045 0.5702380952380952 0.26264044943820225 0.6452380952380953 0.2640449438202247 0.6440476190476191 0.2303370786516854
1 0.5702380952380952 0.27247191011235955 0.569047619047619 0.31320224719101125 0.6464285714285715 0.31179775280898875 0.6464285714285715 0.273876404494382
1 0.5952380952380952 0.41713483146067415 0.06428571428571428 0.03089887640449438
1 0.5654761904761905 0.4438202247191011 0.5630952380952381 0.47752808988764045 0.6392857142857142 0.4789325842696629 0.638095238095238 0.44662921348314605
1 0.5654761904761905 0.4901685393258427 0.5654761904761905 0.523876404494382 0.6416666666666667 0.5252808988764045 0.6404761904761904 0.4943820224719101
3 0.5523809523809524 0.5337078651685393 0.55 0.5814606741573034 0.65 0.5898876404494382 0.65 0.5463483146067416
1 0.5619047619047619 0.6235955056179775 0.5642857142857143 0.6558988764044944 0.6369047619047619 0.6573033707865169 0.6357142857142857 0.6235955056179775
1 0.5619047619047619 0.672752808988764 0.5619047619047619 0.702247191011236 0.6285714285714286 0.7008426966292135 0.6285714285714286 0.672752808988764
1 0.6023809523809524 0.7415730337078652 0.07857142857142857 0.03651685393258427
1 0.7726190476190476 0.5716292134831461 0.7678571428571429 0.6039325842696629 0.8404761904761905 0.6179775280898876 0.844047619047619 0.5842696629213483
1 0.7595238095238095 0.6221910112359551 0.7583333333333333 0.6573033707865169 0.825 0.6643258426966292 0.8273809523809523 0.6278089887640449
1 0.7440476190476191 0.6685393258426966 0.7416666666666667 0.702247191011236 0.8142857142857143 0.7064606741573034 0.8154761904761905 0.675561797752809
1 0.799404761904762 0.38342696629213485 0.06547619047619048 0.033707865168539325
1 0.7910714285714285 0.34058988764044945 0.0630952380952381 0.037921348314606744
1 0.16547619047619047 0.26615168539325845 0.030952380952380953 0.08286516853932584
1 0.14761904761904762 0.3342696629213483 0.1761904761904762 0.33286516853932585 0.175 0.42696629213483145 0.14285714285714285 0.425561797752809
1 0.14761904761904762 0.5 0.17261904761904762 0.5 0.17142857142857143 0.5884831460674157 0.14523809523809525 0.5884831460674157
1 0.13452380952380952 0.6320224719101124 0.17142857142857143 0.6320224719101124 0.16666666666666666 0.726123595505618 0.13333333333333333 0.7247191011235955
1 0.1595238095238095 0.8321629213483146 0.02619047619047619 0.08848314606741572
1 0.1880952380952381 0.7794943820224719 0.2119047619047619 0.7794943820224719 0.2119047619047619 0.8553370786516854 0.18571428571428572 0.8539325842696629
1 0.7279761904761904 0.8497191011235955 0.03214285714285714 0.0898876404494382