1 0.5333333333333333 0.21067415730337077 0.5404761904761904 0.24578651685393257 0.6214285714285714 0.22612359550561797 0.6142857142857143 0.19241573033707865
1 0.40714285714285714 0.23174157303370788 0.4107142857142857 0.2696629213483146 0.4845238095238095 0.2598314606741573 0.4797619047619048 0.2247191011235955
1 0.34404761904761905 0.26264044943820225 0.3380952380952381 0.2949438202247191 0.4154761904761905 0.3146067415730337 0.42023809523809524 0.28230337078651685
1 0.4666666666666667 0.35814606741573035 0.45 0.3848314606741573 0.5119047619047619 0.43679775280898875 0.5261904761904762 0.40730337078651685
1 0.5452380952380952 0.3441011235955056 0.5214285714285715 0.3553370786516854 0.5488095238095239 0.43820224719101125 0.5761904761904761 0.4241573033707865
1 0.6107142857142858 0.34129213483146065 0.6416666666666667 0.3441011235955056 0.6440476190476191 0.4311797752808989 0.611904761904762 0.4297752808988764
1 0.7261904761904762 0.38412921348314605 0.02857142857142857 0.08567415730337079
1 0.7547619047619047 0.32303370786516855 0.7821428571428571 0.3258426966292135 0.7821428571428571 0.41292134831460675 0.7523809523809524 0.41151685393258425
1 0.7952380952380952 0.3342696629213483 0.8238095238095238 0.3356741573033708 0.8261904761904761 0.41853932584269665 0.7976190476190477 0.41713483146067415
1 0.8380952380952381 0.3342696629213483 0.8702380952380953 0.3258426966292135 0.8857142857142857 0.4044943820224719 0.8523809523809524 0.4157303370786517
1 0.32202380952380955 0.39396067415730335 0.075 0.0351123595505618
1 0.14166666666666666 0.36657303370786515 0.1357142857142857 0.4002808988764045 0.20357142857142857 0.4157303370786517 0.21071428571428572 0.3806179775280899
1 0.12142857142857143 0.15730337078651685 0.15119047619047618 0.15730337078651685 0.15357142857142858 0.22191011235955055 0.1261904761904762 0.2247191011235955
1 0.575 0.6650280898876404 0.0761904761904762 0.037921348314606744
1 0.12738095238095237 0.4648876404494382 0.15714285714285714 0.46348314606741575 0.1630952380952381 0.5533707865168539 0.13333333333333333 0.5561797752808989
1 0.1375 0.7514044943820225 0.03214285714285714 0.08707865168539326
1 0.125 0.8103932584269663 0.15476190476190477 0.8146067415730337 0.14761904761904762 0.8806179775280899 0.11666666666666667 0.875
1 0.7803571428571429 0.800561797752809 0.07261904761904762 0.03932584269662921
2 0.7428571428571429 0.8342696629213483 0.7428571428571429 0.8707865168539326 0.8071428571428572 0.8707865168539326 0.8071428571428572 0.8356741573033708