1 0.6773809523809524 0.1896067415730337 0.694047619047619 0.26685393258426965 0.6654761904761904 0.27668539325842695 0.6476190476190476 0.199438202247191
1 0.5654761904761905 0.21629213483146068 0.5654761904761905 0.25140449438202245 0.6404761904761904 0.25 0.6392857142857142 0.2148876404494382
1 0.5654761904761905 0.273876404494382 0.6369047619047619 0.2752808988764045 0.6369047619047619 0.31320224719101125 0.5654761904761905 0.3103932584269663
1 0.5642857142857143 0.3258426966292135 0.6404761904761904 0.32865168539325845 0.6416666666666667 0.3595505617977528 0.5654761904761905 0.3595505617977528
1 0.6089285714285714 0.3967696629213483 0.07023809523809524 0.0351123595505618
1 0.5678571428571428 0.425561797752809 0.5654761904761905 0.46207865168539325 0.638095238095238 0.46629213483146065 0.6392857142857142 0.4297752808988764
1 0.655952380952381 0.3356741573033708 0.6833333333333333 0.33707865168539325 0.6821428571428572 0.4199438202247191 0.6535714285714286 0.41853932584269665
1 0.6648809523809524 0.4866573033707865 0.02976190476190476 0.08286516853932584
1 0.6636904761904762 0.5870786516853933 0.03214285714285714 0.08426966292134831
1 0.5619047619047619 0.5351123595505618 0.5678571428571428 0.5716292134831461 0.6428571428571429 0.5547752808988764 0.6369047619047619 0.5196629213483146
1 0.5654761904761905 0.5828651685393258 0.5642857142857143 0.6193820224719101 0.6392857142857142 0.6235955056179775 0.6404761904761904 0.5870786516853933
1 0.5630952380952381 0.6390449438202247 0.5607142857142857 0.6741573033707865 0.6369047619047619 0.6783707865168539 0.638095238095238 0.6460674157303371
1 0.65 0.672752808988764 0.6464285714285715 0.7598314606741573 0.6773809523809524 0.7612359550561798 0.6797619047619048 0.675561797752809
1 0.5630952380952381 0.7050561797752809 0.6369047619047619 0.7064606741573034 0.638095238095238 0.7429775280898876 0.5630952380952381 0.7415730337078652
1 0.6005952380952381 0.7773876404494382 0.07261904761904762 0.032303370786516857
1 0.6005952380952381 0.827247191011236 0.075 0.03651685393258427
1 0.6547619047619048 0.7752808988764045 0.655952380952381 0.8595505617977528 0.6857142857142857 0.8609550561797753 0.6821428571428572 0.773876404494382
1 0.43214285714285716 0.75 0.44047619047619047 0.8356741573033708 0.4714285714285714 0.8300561797752809 0.4630952380952381 0.7457865168539326
1 0.5202380952380953 0.4747191011235955 0.5166666666666667 0.5646067415730337 0.55 0.5660112359550562 0.5523809523809524 0.4747191011235955
1 0.4142857142857143 0.34831460674157305 0.4107142857142857 0.3792134831460674 0.4857142857142857 0.3946629213483146 0.48928571428571427 0.3595505617977528
1 0.4035714285714286 0.3806179775280899 0.3952380952380952 0.4157303370786517 0.46785714285714286 0.44241573033707865 0.47619047619047616 0.4044943820224719
1 0.4166666666666667 0.4410112359550562 0.4857142857142857 0.46769662921348315 0.4785714285714286 0.5014044943820225 0.40595238095238095 0.47191011235955055
1 0.4095238095238095 0.49157303370786515 0.48095238095238096 0.5210674157303371 0.4714285714285714 0.5547752808988764 0.39880952380952384 0.5224719101123596
1 0.4083333333333333 0.5449438202247191 0.4726190476190476 0.5730337078651685 0.4642857142857143 0.6053370786516854 0.39404761904761904 0.5730337078651685
1 0.4095238095238095 0.6123595505617978 0.48214285714285715 0.6235955056179775 0.4797619047619048 0.6587078651685393 0.4035714285714286 0.6460674157303371
1 0.4107142857142857 0.6544943820224719 0.48095238095238096 0.672752808988764 0.4738095238095238 0.7092696629213483 0.4023809523809524 0.6853932584269663
1 0.3755952380952381 0.8068820224719101 0.03214285714285714 0.0800561797752809
1 0.3339285714285714 0.8110955056179775 0.03214285714285714 0.08286516853932584
1 0.29464285714285715 0.8061797752808989 0.03214285714285714 0.08146067415730338
1 0.25416666666666665 0.8237359550561798 0.03214285714285714 0.08567415730337079
1 0.19285714285714287 0.7879213483146067 0.1976190476190476 0.8651685393258427 0.2261904761904762 0.8623595505617978 0.22023809523809523 0.7851123595505618
1 0.7345238095238096 0.351123595505618 0.805952380952381 0.32724719101123595 0.8154761904761905 0.3595505617977528 0.7428571428571429 0.3862359550561798
1 0.7392857142857143 0.39747191011235955 0.8083333333333333 0.3806179775280899 0.8166666666666667 0.41292134831460675 0.7464285714285714 0.4297752808988764
1 0.7357142857142858 0.4957865168539326 0.8035714285714286 0.4789325842696629 0.8107142857142857 0.5154494382022472 0.7428571428571429 0.5294943820224719
1 0.7392857142857143 0.5449438202247191 0.8083333333333333 0.526685393258427 0.8166666666666667 0.5575842696629213 0.7476190476190476 0.5786516853932584
1 0.7380952380952381 0.5941011235955056 0.8071428571428572 0.5856741573033708 0.8142857142857143 0.625 0.7416666666666667 0.6334269662921348
1 0.7416666666666667 0.648876404494382 0.8119047619047619 0.6362359550561798 0.8154761904761905 0.672752808988764 0.7464285714285714 0.6853932584269663
1 0.7440476190476191 0.702247191011236 0.8142857142857143 0.6882022471910112 0.819047619047619 0.7219101123595506 0.75 0.7373595505617978