2 0.1880952380952381 0.33707865168539325 0.03333333333333333 0.0898876404494382
1 0.5011904761904762 0.3167134831460674 0.07380952380952381 0.0351123595505618
1 0.46785714285714286 0.3714887640449438 0.0761904761904762 0.032303370786516857
1 0.5833333333333334 0.37008426966292135 0.07380952380952381 0.0351123595505618
1 0.6958333333333333 0.3672752808988764 0.06785714285714285 0.0351123595505618
1 0.4845238095238095 0.4199438202247191 0.07380952380952381 0.03651685393258427
1 0.4869047619047619 0.4683988764044944 0.06666666666666667 0.032303370786516857
1 0.593452380952381 0.4648876404494382 0.07261904761904762 0.03089887640449438
1 0.5928571428571429 0.41853932584269665 0.07380952380952381 0.033707865168539325
1 0.6964285714285714 0.461376404494382 0.06428571428571428 0.02949438202247191
1 0.7869047619047619 0.46348314606741575 0.06666666666666667 0.033707865168539325