1 0.2714285714285714 0.2640449438202247 0.3345238095238095 0.23876404494382023 0.34523809523809523 0.2752808988764045 0.28095238095238095 0.2991573033707865
1 0.37023809523809526 0.4241573033707865 0.35119047619047616 0.5098314606741573 0.38452380952380955 0.5210674157303371 0.4023809523809524 0.4353932584269663
1 0.33690476190476193 0.5365168539325843 0.2773809523809524 0.5617977528089888 0.2869047619047619 0.5969101123595506 0.35 0.5688202247191011
1 0.3535714285714286 0.5842696629213483 0.28809523809523807 0.6053370786516854 0.29404761904761906 0.6404494382022472 0.3619047619047619 0.6193820224719101
1 0.2916666666666667 0.6980337078651685 0.3619047619047619 0.7219101123595506 0.3523809523809524 0.7640449438202247 0.28095238095238095 0.7331460674157303
1 0.3416666666666667 0.7612359550561798 0.2833333333333333 0.7935393258426966 0.2976190476190476 0.8286516853932584 0.35714285714285715 0.7921348314606742
1 0.7083333333333334 0.4044943820224719 0.7154761904761905 0.48314606741573035 0.7440476190476191 0.4789325842696629 0.7357142857142858 0.4002808988764045
1 0.6095238095238096 0.21348314606741572 0.611904761904762 0.29775280898876405 0.6440476190476191 0.29775280898876405 0.6369047619047619 0.21348314606741572
1 0.7130952380952381 0.15660112359550563 0.02619047619047619 0.060393258426966294
2 0.7511904761904762 0.8300561797752809 0.03333333333333333 0.1151685393258427
1 0.7488095238095238 0.738061797752809 0.02857142857142857 0.08286516853932584
1 0.7321428571428571 0.6938202247191011 0.7345238095238096 0.7682584269662921 0.7607142857142857 0.7640449438202247 0.7583333333333333 0.6924157303370787