2 0.7267857142857143 0.5154494382022472 0.041666666666666664 0.10674157303370786
1 0.7202380952380952 0.4262640449438202 0.02857142857142857 0.08286516853932584
1 0.6952380952380952 0.5955056179775281 0.6988095238095238 0.6783707865168539 0.725 0.6783707865168539 0.7214285714285714 0.5912921348314607
1 0.7142857142857143 0.7724719101123596 0.7226190476190476 0.8455056179775281 0.7523809523809524 0.8426966292134831 0.7440476190476191 0.7696629213483146
1 0.6398809523809523 0.7387640449438202 0.02976190476190476 0.08426966292134831
1 0.6797619047619048 0.10533707865168539 0.6892857142857143 0.17837078651685392 0.7142857142857143 0.17415730337078653 0.7071428571428572 0.10112359550561797
1 0.3488095238095238 0.1348314606741573 0.3333333333333333 0.20926966292134833 0.36428571428571427 0.21910112359550563 0.37857142857142856 0.14185393258426968
1 0.31785714285714284 0.22893258426966293 0.25595238095238093 0.2598314606741573 0.26785714285714285 0.29353932584269665 0.33095238095238094 0.26264044943820225
1 0.325 0.27668539325842695 0.26071428571428573 0.29775280898876405 0.26904761904761904 0.3356741573033708 0.3345238095238095 0.3160112359550562
1 0.2702380952380952 0.39747191011235955 0.3345238095238095 0.41853932584269665 0.32857142857142857 0.4508426966292135 0.25952380952380955 0.425561797752809
1 0.31547619047619047 0.45365168539325845 0.2642857142857143 0.48314606741573035 0.275 0.5112359550561798 0.32976190476190476 0.48314606741573035
1 0.2702380952380952 0.5870786516853933 0.3345238095238095 0.574438202247191 0.3392857142857143 0.6081460674157303 0.275 0.6207865168539326
1 0.30952380952380953 0.6741573033707865 0.07142857142857142 0.033707865168539325
1 0.3476190476190476 0.776685393258427 0.275 0.7907303370786517 0.28095238095238095 0.8286516853932584 0.3535714285714286 0.8117977528089888
1 0.33154761904761904 0.8497191011235955 0.07261904761904762 0.03651685393258427
1 0.7035714285714286 0.3848314606741573 0.7083333333333334 0.4592696629213483 0.7345238095238096 0.45646067415730335 0.7273809523809524 0.38202247191011235