1 0.18333333333333332 0.14185393258426968 0.22857142857142856 0.11376404494382023 0.24404761904761904 0.13764044943820225 0.19285714285714287 0.16853932584269662
1 0.25 0.13623595505617977 0.19047619047619047 0.18398876404494383 0.21071428571428572 0.21769662921348315 0.2714285714285714 0.16432584269662923
1 0.25 0.1952247191011236 0.20595238095238094 0.25280898876404495 0.22380952380952382 0.27247191011235955 0.26904761904761904 0.21067415730337077
1 0.16785714285714284 0.24157303370786518 0.06666666666666667 0.03651685393258427
1 0.33035714285714285 0.30758426966292135 0.02738095238095238 0.07865168539325842
1 0.23452380952380952 0.29775280898876405 0.18928571428571428 0.3497191011235955 0.20595238095238094 0.36797752808988765 0.2511904761904762 0.31741573033707865
2 0.24107142857142858 0.40941011235955055 0.02976190476190476 0.0800561797752809
1 0.23214285714285715 0.5955056179775281 0.23452380952380952 0.675561797752809 0.26666666666666666 0.672752808988764 0.2619047619047619 0.5955056179775281
1 0.14523809523809525 0.46348314606741575 0.21904761904761905 0.45786516853932585 0.22023809523809523 0.4901685393258427 0.14642857142857144 0.49719101123595505
2 0.17857142857142858 0.6193820224719101 0.20238095238095238 0.6165730337078652 0.20595238095238094 0.6811797752808989 0.18214285714285713 0.6839887640449438
1 0.2577380952380952 0.8258426966292135 0.025 0.06460674157303371
1 0.256547619047619 0.7422752808988764 0.03214285714285714 0.07724719101123595
1 0.29642857142857143 0.8075842696629213 0.3 0.8778089887640449 0.32857142857142857 0.8764044943820225 0.3261904761904762 0.8061797752808989
1 0.6130952380952381 0.23595505617977527 0.5630952380952381 0.2893258426966292 0.5833333333333334 0.3188202247191011 0.6369047619047619 0.2612359550561798
1 0.5845238095238096 0.3553370786516854 0.5892857142857143 0.4297752808988764 0.6190476190476191 0.42837078651685395 0.6154761904761905 0.35252808988764045
1 0.5892857142857143 0.4691011235955056 0.594047619047619 0.5491573033707865 0.6238095238095238 0.547752808988764 0.6178571428571429 0.46769662921348315
2 0.6154761904761905 0.6046348314606742 0.02619047619047619 0.07162921348314606
1 0.6083333333333333 0.6671348314606742 0.6130952380952381 0.7443820224719101 0.6392857142857142 0.7429775280898876 0.6333333333333333 0.6643258426966292
1 0.6083333333333333 0.776685393258427 0.6130952380952381 0.8553370786516854 0.6428571428571429 0.8539325842696629 0.6404761904761904 0.7752808988764045
1 0.5916666666666667 0.1544943820224719 0.6273809523809524 0.11235955056179775 0.6464285714285715 0.13342696629213482 0.6095238095238096 0.17696629213483145