1 0.5321428571428571 0.20435393258426968 0.07142857142857142 0.0351123595505618
1 0.5321428571428571 0.15519662921348315 0.07142857142857142 0.0351123595505618
1 0.4976190476190476 0.35814606741573035 0.5583333333333333 0.35674157303370785 0.5607142857142857 0.38764044943820225 0.49642857142857144 0.39185393258426965
1 0.5047619047619047 0.29353932584269665 0.569047619047619 0.31320224719101125 0.5630952380952381 0.34691011235955055 0.49642857142857144 0.32724719101123595
1 0.5047619047619047 0.24719101123595505 0.5738095238095238 0.24578651685393257 0.5773809523809523 0.27668539325842695 0.5047619047619047 0.27808988764044945
2 0.5845238095238096 0.40870786516853935 0.6619047619047619 0.4058988764044944 0.6642857142857143 0.44241573033707865 0.5857142857142857 0.44662921348314605
2 0.39166666666666666 0.2598314606741573 0.4154761904761905 0.2542134831460674 0.4238095238095238 0.33286516853932585 0.4 0.3356741573033708
2 0.6892857142857143 0.4887640449438202 0.7214285714285714 0.5688202247191011 0.7 0.5814606741573034 0.6666666666666666 0.5042134831460674
1 0.6476190476190476 0.49859550561797755 0.6821428571428572 0.574438202247191 0.6583333333333333 0.5912921348314607 0.6226190476190476 0.5182584269662921
1 0.6083333333333333 0.523876404494382 0.6321428571428571 0.5870786516853933 0.6107142857142858 0.5969101123595506 0.5869047619047619 0.5323033707865169
2 0.4845238095238095 0.5056179775280899 0.5190476190476191 0.5070224719101124 0.5142857142857142 0.6109550561797753 0.48333333333333334 0.6081460674157303
1 0.45 0.5751404494382022 0.03333333333333333 0.08567415730337079
1 0.40714285714285714 0.6587078651685393 0.39880952380952384 0.7457865168539326 0.42857142857142855 0.7485955056179775 0.4369047619047619 0.6615168539325843
2 0.4095238095238095 0.11797752808988764 0.3869047619047619 0.2247191011235955 0.41904761904761906 0.23595505617977527 0.44166666666666665 0.12640449438202248