2 0.44642857142857145 0.3300561797752809 0.03333333333333333 0.11235955056179775
1 0.39880952380952384 0.1523876404494382 0.030952380952380953 0.08848314606741572
2 0.2833333333333333 0.1797752808988764 0.319047619047619 0.1797752808988764 0.32261904761904764 0.29775280898876405 0.2857142857142857 0.29775280898876405
1 0.29642857142857143 0.3061797752808989 0.319047619047619 0.3061797752808989 0.319047619047619 0.3862359550561798 0.29642857142857143 0.3862359550561798
1 0.32857142857142857 0.1446629213483146 0.02619047619047619 0.05898876404494382
1 0.6261904761904762 0.2970505617977528 0.030952380952380953 0.08848314606741572
1 0.3011904761904762 0.6095505617977528 0.32976190476190476 0.6095505617977528 0.3333333333333333 0.6910112359550562 0.30714285714285716 0.6952247191011236
1 0.7892857142857143 0.7134831460674157 0.7261904761904762 0.7401685393258427 0.7380952380952381 0.7724719101123596 0.8 0.7457865168539326
1 0.7928571428571428 0.4901685393258427 0.7261904761904762 0.5224719101123596 0.7380952380952381 0.5533707865168539 0.805952380952381 0.523876404494382
1 0.7273809523809524 0.324438202247191 0.7952380952380952 0.34691011235955055 0.7869047619047619 0.38202247191011235 0.7154761904761905 0.3539325842696629
1 0.7202380952380952 0.46769662921348315 0.7892857142857143 0.449438202247191 0.7952380952380952 0.4789325842696629 0.7297619047619047 0.5
1 0.7785714285714286 0.2556179775280899 0.719047619047619 0.28792134831460675 0.7309523809523809 0.3202247191011236 0.7928571428571428 0.29213483146067415
1 0.7035714285714286 0.15870786516853932 0.7773809523809524 0.14325842696629212 0.7892857142857143 0.18398876404494383 0.7095238095238096 0.20224719101123595
1 0.8047619047619048 0.8146067415730337 0.8178571428571428 0.8525280898876404 0.7464285714285714 0.8862359550561798 0.7333333333333333 0.8525280898876404