1 0.23452380952380952 0.20084269662921347 0.2630952380952381 0.20224719101123595 0.25952380952380955 0.28651685393258425 0.23214285714285715 0.2851123595505618
1 0.22023809523809523 0.526685393258427 0.2154761904761905 0.6165730337078652 0.24523809523809523 0.6151685393258427 0.25 0.5308988764044944
1 0.21666666666666667 0.6278089887640449 0.24523809523809523 0.6306179775280899 0.24285714285714285 0.7176966292134831 0.21428571428571427 0.7162921348314607
0 0.20595238095238094 0.7598314606741573 0.2488095238095238 0.7626404494382022 0.2488095238095238 0.8904494382022472 0.20238095238095238 0.8876404494382022
1 0.6273809523809524 0.7626404494382022 0.5773809523809523 0.8314606741573034 0.6023809523809524 0.8539325842696629 0.65 0.7865168539325843
1 0.6571428571428571 0.7935393258426966 0.7297619047619047 0.7949438202247191 0.7309523809523809 0.8342696629213483 0.6571428571428571 0.8314606741573034
1 0.65 0.6432584269662921 0.7261904761904762 0.6460674157303371 0.7273809523809524 0.6853932584269663 0.6488095238095238 0.6825842696629213
1 0.6535714285714286 0.598314606741573 0.7297619047619047 0.6025280898876404 0.7285714285714285 0.6390449438202247 0.65 0.6348314606741573
1 0.694047619047619 0.4901685393258427 0.07142857142857142 0.033707865168539325
1 0.6571428571428571 0.3300561797752809 0.7273809523809524 0.3300561797752809 0.7273809523809524 0.3707865168539326 0.655952380952381 0.3693820224719101
1 0.705952380952381 0.25 0.6440476190476191 0.2893258426966292 0.6547619047619048 0.31741573033707865 0.7214285714285714 0.2808988764044944
1 0.6464285714285715 0.13342696629213482 0.6547619047619048 0.16573033707865167 0.725 0.14747191011235955 0.7178571428571429 0.11235955056179775