1 0.6666666666666666 0.28230337078651685 0.7071428571428572 0.28230337078651685 0.7011904761904761 0.375 0.6595238095238095 0.3693820224719101
1 0.5726190476190476 0.14185393258426968 0.6047619047619047 0.14747191011235955 0.5928571428571429 0.2401685393258427 0.5595238095238095 0.23314606741573032
1 0.6214285714285714 0.32162921348314605 0.6630952380952381 0.3258426966292135 0.6607142857142857 0.4044943820224719 0.6202380952380953 0.4002808988764045
1 0.5892857142857143 0.351123595505618 0.6238095238095238 0.3553370786516854 0.6202380952380953 0.4410112359550562 0.5845238095238096 0.4353932584269663
1 0.6261904761904762 0.11376404494382023 0.6130952380952381 0.1896067415730337 0.6416666666666667 0.19662921348314608 0.6547619047619048 0.11657303370786516
1 0.544047619047619 0.1797752808988764 0.5238095238095238 0.2696629213483146 0.49166666666666664 0.2598314606741573 0.5107142857142857 0.17134831460674158
1 0.4523809523809524 0.21910112359550563 0.4369047619047619 0.324438202247191 0.4714285714285714 0.33286516853932585 0.4869047619047619 0.22612359550561797
1 0.7011904761904761 0.5294943820224719 0.7214285714285714 0.5603932584269663 0.6595238095238095 0.6165730337078652 0.638095238095238 0.5814606741573034
1 0.8452380952380952 0.3946629213483146 0.7845238095238095 0.4396067415730337 0.8095238095238095 0.48174157303370785 0.8714285714285714 0.43258426966292135
1 0.2785714285714286 0.5210674157303371 0.36547619047619045 0.5168539325842697 0.3678571428571429 0.5617977528089888 0.2785714285714286 0.5646067415730337
1 0.2976190476190476 0.5603932584269663 0.37023809523809526 0.5758426966292135 0.36428571428571427 0.6137640449438202 0.2904761904761905 0.5926966292134831
2 0.3333333333333333 0.09691011235955056 0.3011904761904762 0.1797752808988764 0.33690476190476193 0.19101123595505617 0.36904761904761907 0.10955056179775281