1 0.4666666666666667 0.12780898876404495 0.5369047619047619 0.13764044943820225 0.5321428571428571 0.17696629213483145 0.46190476190476193 0.16432584269662923
1 0.47023809523809523 0.20786516853932585 0.5392857142857143 0.22893258426966293 0.5321428571428571 0.2654494382022472 0.4595238095238095 0.24578651685393257
2 0.19642857142857142 0.41853932584269665 0.22380952380952382 0.4241573033707865 0.21666666666666667 0.5140449438202247 0.1869047619047619 0.5084269662921348
1 0.15476190476190477 0.425561797752809 0.18452380952380953 0.4297752808988764 0.175 0.5224719101123596 0.14166666666666666 0.5168539325842697
1 0.13095238095238096 0.6193820224719101 0.1619047619047619 0.6235955056179775 0.15476190476190477 0.6910112359550562 0.125 0.6867977528089888
1 0.430952380952381 0.6235955056179775 0.49642857142857144 0.6657303370786517 0.48214285714285715 0.6952247191011236 0.41904761904761906 0.648876404494382
1 0.42142857142857143 0.6629213483146067 0.4714285714285714 0.723314606741573 0.45357142857142857 0.7429775280898876 0.4035714285714286 0.6839887640449438
2 0.638095238095238 0.3539325842696629 0.7083333333333334 0.31741573033707865 0.7273809523809524 0.351123595505618 0.65 0.3904494382022472
1 0.6416666666666667 0.15589887640449437 0.7023809523809523 0.13202247191011235 0.7142857142857143 0.1544943820224719 0.6488095238095238 0.18679775280898878
1 0.6428571428571429 0.19382022471910113 0.7166666666666667 0.18258426966292135 0.719047619047619 0.21769662921348315 0.6464285714285715 0.2247191011235955
1 0.6416666666666667 0.22752808988764045 0.7154761904761905 0.2345505617977528 0.7130952380952381 0.26264044943820225 0.6404761904761904 0.2542134831460674
1 0.6369047619047619 0.2949438202247191 0.7107142857142857 0.2710674157303371 0.7214285714285714 0.30196629213483145 0.6488095238095238 0.3300561797752809
1 0.8738095238095238 0.5182584269662921 0.8142857142857143 0.577247191011236 0.8369047619047619 0.6067415730337079 0.8928571428571429 0.5463483146067416
1 0.8 0.49859550561797755 0.75 0.5561797752808989 0.7678571428571429 0.5800561797752809 0.8202380952380952 0.5252808988764045
1 0.7309523809523809 0.5 0.6678571428571428 0.5575842696629213 0.6869047619047619 0.5856741573033708 0.7523809523809524 0.5294943820224719
1 0.7773809523809524 0.6980337078651685 0.7285714285714285 0.7640449438202247 0.7511904761904762 0.7851123595505618 0.7988095238095239 0.7247191011235955
1 0.8202380952380952 0.7050561797752809 0.7785714285714286 0.7696629213483146 0.8011904761904762 0.7907303370786517 0.844047619047619 0.7247191011235955
1 0.8773809523809524 0.702247191011236 0.825 0.773876404494382 0.8523809523809524 0.7963483146067416 0.9011904761904762 0.7219101123595506
1 0.5714285714285714 0.7963483146067416 0.625 0.8623595505617978 0.5952380952380952 0.8834269662921348 0.544047619047619 0.8258426966292135
1 0.11547619047619048 0.42837078651685395 0.14404761904761904 0.43679775280898875 0.13095238095238096 0.5154494382022472 0.10119047619047619 0.5056179775280899