1 0.5952380952380952 0.17696629213483145 0.5511904761904762 0.23876404494382023 0.5726190476190476 0.2598314606741573 0.6166666666666667 0.19803370786516855
1 0.5392857142857143 0.24578651685393257 0.49047619047619045 0.3089887640449438 0.5107142857142857 0.32865168539325845 0.5630952380952381 0.26685393258426965
1 0.594047619047619 0.24719101123595505 0.5428571428571428 0.31179775280898875 0.5619047619047619 0.33286516853932585 0.6142857142857143 0.26825842696629215
1 0.5988095238095238 0.3047752808988764 0.5547619047619048 0.3637640449438202 0.5773809523809523 0.38764044943820225 0.6226190476190476 0.324438202247191
1 0.5333333333333333 0.324438202247191 0.4880952380952381 0.37640449438202245 0.5083333333333333 0.4002808988764045 0.5523809523809524 0.34691011235955055
1 0.5369047619047619 0.39325842696629215 0.48214285714285715 0.45224719101123595 0.5047619047619047 0.476123595505618 0.5583333333333333 0.4143258426966292
1 0.5357142857142857 0.46348314606741575 0.48214285714285715 0.5252808988764045 0.5047619047619047 0.550561797752809 0.555952380952381 0.4845505617977528
1 0.5785714285714286 0.5407303370786517 0.530952380952381 0.598314606741573 0.5535714285714286 0.625 0.6011904761904762 0.5660112359550562
1 0.580952380952381 0.6109550561797753 0.5369047619047619 0.6713483146067416 0.5619047619047619 0.6938202247191011 0.6035714285714285 0.6334269662921348
1 0.5238095238095238 0.6207865168539326 0.47619047619047616 0.6783707865168539 0.49523809523809526 0.7036516853932584 0.5452380952380952 0.6460674157303371
1 0.5273809523809524 0.5407303370786517 0.4738095238095238 0.6039325842696629 0.49404761904761907 0.6334269662921348 0.5511904761904762 0.5674157303370787
1 0.5714285714285714 0.7008426966292135 0.5190476190476191 0.7668539325842697 0.5452380952380952 0.7907303370786517 0.594047619047619 0.7219101123595506
1 0.5285714285714286 0.6811797752808989 0.4773809523809524 0.7443820224719101 0.5011904761904762 0.7710674157303371 0.5511904761904762 0.7036516853932584
1 0.7107142857142857 0.39325842696629215 0.7607142857142857 0.44803370786516855 0.7404761904761905 0.4705056179775281 0.6880952380952381 0.41853932584269665
1 0.7119047619047619 0.1699438202247191 0.7642857142857142 0.22331460674157302 0.7476190476190476 0.25 0.6928571428571428 0.19101123595505617
1 0.7285714285714285 0.1151685393258427 0.7726190476190476 0.1699438202247191 0.7547619047619047 0.19101123595505617 0.7083333333333334 0.13623595505617977
1 0.6988095238095238 0.4592696629213483 0.7511904761904762 0.5084269662921348 0.7333333333333333 0.5351123595505618 0.6785714285714286 0.4859550561797753
1 0.6964285714285714 0.5351123595505618 0.7452380952380953 0.5842696629213483 0.7261904761904762 0.6151685393258427 0.6761904761904762 0.5646067415730337
1 0.49047619047619045 0.23595505617977527 0.5428571428571428 0.17415730337078653 0.5654761904761905 0.199438202247191 0.5166666666666667 0.26825842696629215