1 0.5375 0.3785112359550562 0.07738095238095238 0.032303370786516857
1 0.7065476190476191 0.37219101123595505 0.075 0.033707865168539325
1 0.8446428571428571 0.36025280898876405 0.075 0.0351123595505618
1 0.3255952380952381 0.38202247191011235 0.075 0.03651685393258427
1 0.16428571428571428 0.3862359550561798 0.0761904761904762 0.03932584269662921
1 0.2005952380952381 0.44452247191011235 0.08214285714285714 0.037921348314606744
1 0.3547619047619048 0.4431179775280899 0.07380952380952381 0.037921348314606744
1 0.5363095238095238 0.43469101123595505 0.07738095238095238 0.0351123595505618
1 0.743452380952381 0.4234550561797753 0.08214285714285714 0.037921348314606744
1 0.4523809523809524 0.4887640449438202 0.0761904761904762 0.033707865168539325
1 0.5797619047619048 0.476123595505618 0.6535714285714286 0.47331460674157305 0.655952380952381 0.5084269662921348 0.5821428571428572 0.5140449438202247
1 0.7607142857142857 0.4691011235955056 0.8404761904761905 0.46769662921348315 0.8416666666666667 0.5042134831460674 0.763095238095238 0.5070224719101124
1 0.07857142857142857 0.5393258426966292 0.15595238095238095 0.5393258426966292 0.15595238095238095 0.574438202247191 0.07976190476190476 0.577247191011236
1 0.19702380952380952 0.7134831460674157 0.02976190476190476 0.09550561797752809
1 0.22023809523809523 0.6699438202247191 0.2226190476190476 0.7485955056179775 0.2523809523809524 0.7457865168539326 0.25 0.6685393258426966
1 0.35714285714285715 0.7099719101123596 0.03333333333333333 0.08848314606741572
1 0.3976190476190476 0.7064606741573034 0.030952380952380953 0.08707865168539326
1 0.6797619047619048 0.699438202247191 0.030952380952380953 0.09831460674157304
1 0.7047619047619048 0.6544943820224719 0.705952380952381 0.7373595505617978 0.7357142857142858 0.7373595505617978 0.7333333333333333 0.6530898876404494
1 0.7869047619047619 0.6446629213483146 0.7857142857142857 0.7373595505617978 0.8154761904761905 0.7429775280898876 0.819047619047619 0.648876404494382
1 0.8779761904761905 0.6875 0.02976190476190476 0.08848314606741572