1 0.35 0.22752808988764045 0.34523809523809523 0.31179775280898875 0.3761904761904762 0.3146067415730337 0.37857142857142856 0.2303370786516854
1 0.36488095238095236 0.15660112359550563 0.02976190476190476 0.06882022471910113
2 0.4023809523809524 0.14185393258426968 0.4011904761904762 0.2345505617977528 0.42738095238095236 0.23595505617977527 0.42857142857142855 0.14185393258426968
1 0.4119047619047619 0.375 0.02857142857142857 0.08707865168539326
1 0.46190476190476193 0.46348314606741575 0.03333333333333333 0.10112359550561797
1 0.35833333333333334 0.7219101123595506 0.030952380952380953 0.08707865168539326
1 0.4017857142857143 0.8377808988764045 0.02738095238095238 0.08567415730337079
1 0.4517857142857143 0.8441011235955056 0.02976190476190476 0.07865168539325842
2 0.5803571428571429 0.33497191011235955 0.02976190476190476 0.10252808988764045
1 0.6345238095238095 0.27808988764044945 0.03333333333333333 0.10674157303370786
1 0.7785714285714286 0.1776685393258427 0.030952380952380953 0.08286516853932584
1 0.8547619047619047 0.3356741573033708 0.02619047619047619 0.08426966292134831
1 0.8595238095238096 0.6432584269662921 0.8571428571428571 0.726123595505618 0.8845238095238095 0.7303370786516854 0.888095238095238 0.6460674157303371