1 0.3619047619047619 0.5730337078651685 0.4011904761904762 0.5730337078651685 0.4 0.4859550561797753 0.35714285714285715 0.4887640449438202
1 0.6619047619047619 0.18820224719101122 0.6726190476190477 0.1502808988764045 0.6095238095238096 0.12780898876404495 0.6023809523809524 0.1601123595505618
1 0.6392857142857142 0.2612359550561798 0.6369047619047619 0.19241573033707865 0.6142857142857143 0.19101123595505617 0.6154761904761905 0.26264044943820225
1 0.8154761904761905 0.21348314606741572 0.844047619047619 0.19382022471910113 0.8833333333333333 0.26685393258426965 0.85 0.28792134831460675
1 0.8142857142857143 0.3047752808988764 0.7869047619047619 0.2345505617977528 0.8107142857142857 0.22331460674157302 0.8416666666666667 0.28792134831460675
1 0.7666666666666667 0.34269662921348315 0.7273809523809524 0.25702247191011235 0.7595238095238095 0.24157303370786518 0.8011904761904762 0.3188202247191011
1 0.6869047619047619 0.324438202247191 0.7178571428571429 0.30337078651685395 0.7571428571428571 0.37359550561797755 0.7297619047619047 0.39325842696629215
1 0.7505952380952381 0.5730337078651685 0.06547619047619048 0.03089887640449438
1 0.6595238095238095 0.6664325842696629 0.02857142857142857 0.0800561797752809
1 0.669047619047619 0.8188202247191011 0.02857142857142857 0.07865168539325842
1 0.7154761904761905 0.726123595505618 0.7678571428571429 0.6811797752808989 0.7869047619047619 0.7036516853932584 0.7380952380952381 0.7598314606741573
1 0.7357142857142858 0.8033707865168539 0.7845238095238095 0.7401685393258427 0.8071428571428572 0.7640449438202247 0.7559523809523809 0.8286516853932584