1 0.6285714285714286 0.1853932584269663 0.6523809523809524 0.19803370786516855 0.6785714285714286 0.1348314606741573 0.6511904761904762 0.12078651685393259
1 0.6095238095238096 0.3342696629213483 0.6392857142857142 0.34269662921348315 0.6547619047619048 0.25702247191011235 0.6261904761904762 0.24859550561797752
1 0.6452380952380953 0.37359550561797755 0.6738095238095239 0.3047752808988764 0.6988095238095238 0.3188202247191011 0.669047619047619 0.39185393258426965
1 0.6785714285714286 0.398876404494382 0.7047619047619048 0.33146067415730335 0.7321428571428571 0.34691011235955055 0.7035714285714286 0.41713483146067415
1 0.37797619047619047 0.3946629213483146 0.03214285714285714 0.0898876404494382
1 0.4 0.4845505617977528 0.4238095238095238 0.48735955056179775 0.43452380952380953 0.39185393258426965 0.40595238095238095 0.3862359550561798
1 0.5928571428571429 0.44241573033707865 0.5988095238095238 0.41151685393258425 0.5297619047619048 0.3890449438202247 0.5238095238095238 0.42134831460674155
1 0.5261904761904762 0.476123595505618 0.5952380952380952 0.48735955056179775 0.6011904761904762 0.45224719101123595 0.5285714285714286 0.43820224719101125
1 0.5178571428571429 0.5126404494382022 0.5880952380952381 0.5308988764044944 0.5928571428571429 0.5028089887640449 0.5214285714285715 0.48174157303370785
1 0.594047619047619 0.5758426966292135 0.5928571428571429 0.5365168539325843 0.5166666666666667 0.5323033707865169 0.513095238095238 0.5674157303370787
1 0.5059523809523809 0.5997191011235955 0.5761904761904761 0.6264044943820225 0.5857142857142857 0.598314606741573 0.5142857142857142 0.5688202247191011
1 0.5 0.6657303370786517 0.5607142857142857 0.6699438202247191 0.5630952380952381 0.6348314606741573 0.5023809523809524 0.6306179775280899
1 0.40476190476190477 0.7907303370786517 0.3964285714285714 0.8693820224719101 0.3678571428571429 0.8665730337078652 0.3773809523809524 0.7865168539325843
1 0.4238095238095238 0.7134831460674157 0.5059523809523809 0.7205056179775281 0.5035714285714286 0.7584269662921348 0.42023809523809524 0.7471910112359551
1 0.5202380952380953 0.7570224719101124 0.5857142857142857 0.7710674157303371 0.5904761904761905 0.7317415730337079 0.5226190476190476 0.7191011235955056
1 0.5952380952380952 0.8188202247191011 0.5988095238095238 0.7823033707865169 0.5202380952380953 0.7682584269662921 0.5166666666666667 0.8075842696629213
1 0.5869047619047619 0.8553370786516854 0.5928571428571429 0.8230337078651685 0.5214285714285715 0.8061797752808989 0.5166666666666667 0.8370786516853933
1 0.8238095238095238 0.5463483146067416 0.8857142857142857 0.574438202247191 0.875 0.6067415730337079 0.8142857142857143 0.5758426966292135
1 0.8797619047619047 0.651685393258427 0.8845238095238095 0.6221910112359551 0.8166666666666667 0.5969101123595506 0.8107142857142857 0.6264044943820225
1 0.8690476190476191 0.6980337078651685 0.8773809523809524 0.6629213483146067 0.8023809523809524 0.6320224719101124 0.7952380952380952 0.6685393258426966
1 0.8583333333333333 0.7401685393258427 0.8714285714285714 0.7050561797752809 0.8011904761904762 0.6741573033707865 0.7904761904761904 0.7064606741573034
1 0.85 0.7837078651685393 0.8583333333333333 0.7556179775280899 0.7845238095238095 0.7205056179775281 0.7738095238095238 0.7528089887640449
1 0.775 0.8019662921348315 0.7845238095238095 0.7710674157303371 0.85 0.800561797752809 0.8416666666666667 0.8300561797752809
1 0.7666666666666667 0.8497191011235955 0.7773809523809524 0.8146067415730337 0.8488095238095238 0.8469101123595506 0.8369047619047619 0.8764044943820225
1 0.6904761904761905 0.8146067415730337 0.7035714285714286 0.7808988764044944 0.7726190476190476 0.8160112359550562 0.7607142857142857 0.8525280898876404
1 0.6833333333333333 0.7612359550561798 0.6964285714285714 0.726123595505618 0.7702380952380953 0.7626404494382022 0.7523809523809524 0.8061797752808989
1 0.7011904761904761 0.6882022471910112 0.6916666666666667 0.7205056179775281 0.7642857142857142 0.7457865168539326 0.7714285714285715 0.7148876404494382
1 0.705952380952381 0.6699438202247191 0.7142857142857143 0.6390449438202247 0.7869047619047619 0.6657303370786517 0.7797619047619048 0.7008426966292135
1 0.7142857142857143 0.6320224719101124 0.725 0.5955056179775281 0.7976190476190477 0.6151685393258427 0.7845238095238095 0.6643258426966292
1 0.7416666666666667 0.5547752808988764 0.7285714285714285 0.5870786516853933 0.7988095238095239 0.6221910112359551 0.8130952380952381 0.5870786516853933
1 0.7583333333333333 0.5154494382022472 0.7464285714285714 0.5463483146067416 0.8095238095238095 0.5758426966292135 0.8202380952380952 0.5379213483146067