0 0.2392857142857143 0.47542134831460675 0.04285714285714286 0.16432584269662923
1 0.35119047619047616 0.5070224719101124 0.3869047619047619 0.5098314606741573 0.3880952380952381 0.41151685393258425 0.35595238095238096 0.41292134831460675
1 0.13690476190476192 0.7415730337078652 0.14761904761904762 0.7134831460674157 0.10119047619047619 0.6797752808988764 0.0880952380952381 0.7148876404494382
1 0.19166666666666668 0.8398876404494382 0.19285714285714287 0.8679775280898876 0.11547619047619048 0.8665730337078652 0.11428571428571428 0.8412921348314607
1 0.30833333333333335 0.7935393258426966 0.3392857142857143 0.7907303370786517 0.3357142857142857 0.702247191011236 0.3047619047619048 0.7064606741573034
1 0.625 0.827247191011236 0.7083333333333334 0.8216292134831461 0.705952380952381 0.7823033707865169 0.6261904761904762 0.7865168539325843
1 0.7392857142857143 0.8146067415730337 0.8178571428571428 0.8117977528089888 0.8154761904761905 0.7668539325842697 0.7380952380952381 0.7837078651685393
1 0.7869047619047619 0.7514044943820225 0.8630952380952381 0.7471910112359551 0.861904761904762 0.7120786516853933 0.7857142857142857 0.7092696629213483
1 0.7773809523809524 0.6629213483146067 0.775 0.7036516853932584 0.8547619047619047 0.7050561797752809 0.8583333333333333 0.6629213483146067
1 0.7904761904761904 0.574438202247191 0.861904761904762 0.574438202247191 0.861904761904762 0.5351123595505618 0.7904761904761904 0.5407303370786517
1 0.7976190476190477 0.47191011235955055 0.8642857142857143 0.4747191011235955 0.8642857142857143 0.43820224719101125 0.794047619047619 0.4396067415730337
1 0.844047619047619 0.3398876404494382 0.844047619047619 0.30337078651685395 0.7773809523809524 0.30337078651685395 0.7797619047619048 0.33848314606741575
1 0.8535714285714285 0.2556179775280899 0.8583333333333333 0.29775280898876405 0.7702380952380953 0.300561797752809 0.7678571428571429 0.26264044943820225
1 0.85 0.21348314606741572 0.8476190476190476 0.2556179775280899 0.7702380952380953 0.25280898876404495 0.7690476190476191 0.2148876404494382
1 0.8547619047619047 0.17134831460674158 0.8523809523809524 0.12780898876404495 0.780952380952381 0.12921348314606743 0.7821428571428571 0.16573033707865167
0 0.6440476190476191 0.3693820224719101 0.6904761904761905 0.3693820224719101 0.6880952380952381 0.21769662921348315 0.6452380952380953 0.2148876404494382
1 0.5071428571428571 0.32303370786516855 0.544047619047619 0.324438202247191 0.5452380952380952 0.23735955056179775 0.5083333333333333 0.2345505617977528