1 0.4011904761904762 0.2851123595505618 0.39880952380952384 0.3693820224719101 0.430952380952381 0.37219101123595505 0.4357142857142857 0.28792134831460675
1 0.4845238095238095 0.26825842696629215 0.48095238095238096 0.3441011235955056 0.5107142857142857 0.34691011235955055 0.5119047619047619 0.2696629213483146
1 0.5214285714285715 0.2612359550561798 0.5214285714285715 0.3356741573033708 0.5488095238095239 0.33707865168539325 0.5464285714285714 0.2598314606741573
1 0.5654761904761905 0.2401685393258427 0.5619047619047619 0.31320224719101125 0.5904761904761905 0.3160112359550562 0.5928571428571429 0.2443820224719101
1 0.6095238095238096 0.2443820224719101 0.675 0.2443820224719101 0.6761904761904762 0.27808988764044945 0.6083333333333333 0.2794943820224719
1 0.611904761904762 0.29213483146067415 0.6702380952380952 0.2991573033707865 0.6702380952380952 0.32865168539325845 0.6095238095238096 0.32162921348314605
1 0.6392857142857142 0.37359550561797755 0.7083333333333334 0.37359550561797755 0.7095238095238096 0.4101123595505618 0.6416666666666667 0.40870786516853935
1 0.6357142857142857 0.42837078651685395 0.6988095238095238 0.42696629213483145 0.7 0.4592696629213483 0.6345238095238095 0.4648876404494382
1 0.6892857142857143 0.5028089887640449 0.7595238095238095 0.5084269662921348 0.7583333333333333 0.5393258426966292 0.6880952380952381 0.5365168539325843
1 0.6821428571428572 0.5533707865168539 0.7488095238095238 0.5561797752808989 0.7523809523809524 0.5898876404494382 0.6821428571428572 0.5898876404494382
1 0.7047619047619048 0.598314606741573 0.7785714285714286 0.5997191011235955 0.7797619047619048 0.6348314606741573 0.7035714285714286 0.6348314606741573
1 0.7648809523809523 0.6650280898876404 0.07738095238095238 0.037921348314606744
1 0.6345238095238095 0.651685393258427 0.6726190476190477 0.7064606741573034 0.6511904761904762 0.7275280898876404 0.6083333333333333 0.672752808988764
1 0.5892857142857143 0.6699438202247191 0.6369047619047619 0.726123595505618 0.6154761904761905 0.7528089887640449 0.5678571428571428 0.6910112359550562
1 0.5369047619047619 0.6980337078651685 0.5821428571428572 0.7443820224719101 0.5583333333333333 0.7724719101123596 0.5154761904761904 0.7247191011235955
1 0.49166666666666664 0.7050561797752809 0.5273809523809524 0.7682584269662921 0.5047619047619047 0.7879213483146067 0.4654761904761905 0.7247191011235955
1 0.4392857142857143 0.7303370786516854 0.4857142857142857 0.7935393258426966 0.4595238095238095 0.8188202247191011 0.4154761904761905 0.7584269662921348
1 0.3952380952380952 0.7654494382022472 0.4380952380952381 0.8314606741573034 0.41309523809523807 0.8539325842696629 0.36904761904761907 0.7921348314606742
1 0.7380952380952381 0.8209269662921348 0.06666666666666667 0.04073033707865169