1 0.23214285714285715 0.3441011235955056 0.2226190476190476 0.42134831460674155 0.25357142857142856 0.42696629213483145 0.26071428571428573 0.3497191011235955
1 0.2857142857142857 0.425561797752809 0.25952380952380955 0.49719101123595505 0.2845238095238095 0.5112359550561798 0.3142857142857143 0.4410112359550562
1 0.31666666666666665 0.4789325842696629 0.2714285714285714 0.5196629213483146 0.28809523809523807 0.5435393258426966 0.3333333333333333 0.5028089887640449
1 0.39166666666666666 0.46629213483146065 0.46190476190476193 0.48314606741573035 0.45714285714285713 0.5182584269662921 0.38571428571428573 0.49859550561797755
1 0.3523809523809524 0.5646067415730337 0.3357142857142857 0.6418539325842697 0.3630952380952381 0.6502808988764045 0.37976190476190474 0.574438202247191
1 0.40476190476190477 0.6362359550561798 0.4035714285714286 0.723314606741573 0.375 0.7219101123595506 0.3761904761904762 0.6362359550561798
1 0.44761904761904764 0.7373595505617978 0.4511904761904762 0.824438202247191 0.42023809523809524 0.8258426966292135 0.4166666666666667 0.7387640449438202
1 0.5404761904761904 0.6629213483146067 0.5773809523809523 0.7401685393258427 0.5535714285714286 0.7570224719101124 0.5142857142857142 0.6825842696629213
1 0.8071428571428572 0.273876404494382 0.7547619047619047 0.31179775280898875 0.7714285714285715 0.34129213483146065 0.8238095238095238 0.30196629213483145
1 0.819047619047619 0.33286516853932585 0.7642857142857142 0.37780898876404495 0.780952380952381 0.40870786516853935 0.8380952380952381 0.3637640449438202
1 0.8583333333333333 0.42837078651685395 0.8071428571428572 0.46769662921348315 0.8214285714285714 0.49719101123595505 0.875 0.4606741573033708
1 0.8797619047619047 0.47331460674157305 0.8226190476190476 0.5182584269662921 0.8357142857142857 0.5463483146067416 0.8928571428571429 0.5014044943820225
1 0.7559523809523809 0.19803370786516855 0.6857142857142857 0.24157303370786518 0.7023809523809523 0.2710674157303371 0.7714285714285715 0.22612359550561797
1 0.7321428571428571 0.1544943820224719 0.6833333333333333 0.18820224719101122 0.7 0.2148876404494382 0.7488095238095238 0.18258426966292135
1 0.7142857142857143 0.11657303370786516 0.6678571428571428 0.1446629213483146 0.6797619047619048 0.16713483146067415 0.7261904761904762 0.13904494382022473