1 0.1869047619047619 0.14747191011235955 0.23095238095238096 0.19803370786516855 0.20833333333333334 0.22612359550561797 0.16904761904761906 0.175561797752809
1 0.14523809523809525 0.22612359550561797 0.10119047619047619 0.26685393258426965 0.11547619047619048 0.29213483146067415 0.16428571428571428 0.24859550561797752
1 0.18333333333333332 0.2542134831460674 0.11904761904761904 0.3047752808988764 0.1357142857142857 0.33707865168539325 0.2 0.28230337078651685
1 0.20238095238095238 0.28230337078651685 0.15714285714285714 0.33286516853932585 0.175 0.35674157303370785 0.2226190476190476 0.3047752808988764
1 0.23214285714285715 0.3146067415730337 0.18214285714285713 0.3806179775280899 0.20833333333333334 0.40168539325842695 0.2571428571428571 0.33707865168539325
1 0.2845238095238095 0.37780898876404495 0.23452380952380952 0.42837078651685395 0.2523809523809524 0.4550561797752809 0.3047619047619048 0.398876404494382
1 0.30952380952380953 0.4044943820224719 0.25952380952380955 0.4508426966292135 0.2785714285714286 0.476123595505618 0.3238095238095238 0.425561797752809
1 0.33095238095238094 0.4339887640449438 0.28809523809523807 0.4845505617977528 0.305952380952381 0.5084269662921348 0.35595238095238096 0.45646067415730335
1 0.39285714285714285 0.5224719101123596 0.35119047619047616 0.5786516853932584 0.37142857142857144 0.601123595505618 0.4154761904761905 0.547752808988764
1 0.5595238095238095 0.726123595505618 0.5119047619047619 0.773876404494382 0.5297619047619048 0.797752808988764 0.5797619047619048 0.75
1 0.5892857142857143 0.7682584269662921 0.5392857142857143 0.8230337078651685 0.5595238095238095 0.8469101123595506 0.611904761904762 0.7935393258426966
1 0.611904761904762 0.8103932584269663 0.5607142857142857 0.8679775280898876 0.5833333333333334 0.8960674157303371 0.6345238095238095 0.8398876404494382
1 0.35833333333333334 0.8132022471910112 0.4023809523809524 0.8637640449438202 0.3773809523809524 0.8918539325842697 0.3333333333333333 0.8370786516853933