1 0.5630952380952381 0.2556179775280899 0.5666666666666667 0.32865168539325845 0.5952380952380952 0.32724719101123595 0.5916666666666667 0.25280898876404495
1 0.5875 0.3813202247191011 0.03214285714285714 0.07724719101123595
1 0.6928571428571428 0.36797752808988765 0.7476190476190476 0.37219101123595505 0.7452380952380953 0.40168539325842695 0.6892857142857143 0.3960674157303371
1 0.6880952380952381 0.5028089887640449 0.7559523809523809 0.5014044943820225 0.7535714285714286 0.5323033707865169 0.6869047619047619 0.5294943820224719
1 0.6916666666666667 0.598314606741573 0.7619047619047619 0.598314606741573 0.7619047619047619 0.6320224719101124 0.6928571428571428 0.6320224719101124
1 0.6928571428571428 0.5547752808988764 0.7559523809523809 0.5617977528089888 0.7547619047619047 0.5884831460674157 0.6928571428571428 0.5856741573033708
1 0.6869047619047619 0.6432584269662921 0.7559523809523809 0.6446629213483146 0.7559523809523809 0.6811797752808989 0.6869047619047619 0.6769662921348315
1 0.6904761904761905 0.6910112359550562 0.7511904761904762 0.6853932584269663 0.7547619047619047 0.7176966292134831 0.6904761904761905 0.723314606741573
1 0.5821428571428572 0.6882022471910112 0.030952380952380953 0.07584269662921349
1 0.580952380952381 0.5779494382022472 0.02857142857142857 0.0800561797752809
1 0.5910714285714286 0.8251404494382022 0.025 0.06320224719101124
1 0.5011904761904762 0.848314606741573 0.5583333333333333 0.8089887640449438 0.5726190476190476 0.8426966292134831 0.5142857142857142 0.8778089887640449
1 0.11547619047619048 0.4452247191011236 0.17261904761904762 0.4311797752808989 0.1761904761904762 0.45646067415730335 0.11904761904761904 0.4691011235955056
1 0.8464285714285714 0.35252808988764045 0.9 0.3497191011235955 0.905952380952381 0.37780898876404495 0.8488095238095238 0.3848314606741573