1 0.1380952380952381 0.14325842696629212 0.1976190476190476 0.13904494382022473 0.2011904761904762 0.175561797752809 0.14285714285714285 0.1797752808988764
1 0.1494047619047619 0.3012640449438202 0.0630952380952381 0.02949438202247191
1 0.11904761904761904 0.3300561797752809 0.1761904761904762 0.3398876404494382 0.17142857142857143 0.3707865168539326 0.11428571428571428 0.36657303370786515
1 0.10476190476190476 0.3890449438202247 0.16547619047619047 0.38764044943820225 0.16428571428571428 0.4241573033707865 0.10357142857142858 0.41853932584269665
1 0.0880952380952381 0.4353932584269663 0.14285714285714285 0.4199438202247191 0.14642857142857144 0.4550561797752809 0.09404761904761905 0.4705056179775281
1 0.10119047619047619 0.5632022471910112 0.16071428571428573 0.5716292134831461 0.15714285714285714 0.601123595505618 0.09523809523809523 0.5926966292134831
1 0.10476190476190476 0.7808988764044944 0.16666666666666666 0.7865168539325843 0.16428571428571428 0.8160112359550562 0.10119047619047619 0.8103932584269663
1 0.6154761904761905 0.6460674157303371 0.611904761904762 0.723314606741573 0.6416666666666667 0.726123595505618 0.6452380952380953 0.648876404494382
1 0.6154761904761905 0.5056179775280899 0.6107142857142858 0.5856741573033708 0.6392857142857142 0.5870786516853933 0.6428571428571429 0.5084269662921348
1 0.6035714285714285 0.7865168539325843 0.6 0.8623595505617978 0.6297619047619047 0.8637640449438202 0.6369047619047619 0.7879213483146067
1 0.6761904761904762 0.7219101123595506 0.7452380952380953 0.7247191011235955 0.7452380952380953 0.7570224719101124 0.675 0.7556179775280899
1 0.6607142857142857 0.5056179775280899 0.7273809523809524 0.5112359550561798 0.7238095238095238 0.5365168539325843 0.6619047619047619 0.5337078651685393
1 0.7035714285714286 0.34129213483146065 0.7738095238095238 0.3455056179775281 0.7738095238095238 0.3806179775280899 0.7023809523809523 0.37780898876404495
1 0.7154761904761905 0.13764044943820225 0.780952380952381 0.1306179775280899 0.7833333333333333 0.15870786516853932 0.719047619047619 0.16713483146067415
1 0.7226190476190476 0.17415730337078653 0.7845238095238095 0.17415730337078653 0.7857142857142857 0.20084269662921347 0.7214285714285714 0.199438202247191
1 0.7095238095238096 0.2556179775280899 0.7773809523809524 0.2556179775280899 0.7797619047619048 0.28651685393258425 0.7107142857142857 0.2851123595505618
1 0.7166666666666667 0.21629213483146068 0.7821428571428571 0.2148876404494382 0.7845238095238095 0.2443820224719101 0.7166666666666667 0.24578651685393257
1 0.669047619047619 0.5463483146067416 0.7309523809523809 0.5533707865168539 0.7309523809523809 0.5800561797752809 0.6666666666666666 0.5758426966292135
1 0.694047619047619 0.6573033707865169 0.7559523809523809 0.6629213483146067 0.7559523809523809 0.6882022471910112 0.6928571428571428 0.6825842696629213
1 0.6702380952380952 0.7626404494382022 0.736904761904762 0.7654494382022472 0.7345238095238096 0.7991573033707865 0.6702380952380952 0.7991573033707865
1 0.8178571428571428 0.6137640449438202 0.8845238095238095 0.601123595505618 0.888095238095238 0.6320224719101124 0.8214285714285714 0.6446629213483146
1 0.8392857142857143 0.6629213483146067 0.8928571428571429 0.6446629213483146 0.9011904761904762 0.6741573033707865 0.8488095238095238 0.6924157303370787
1 0.8488095238095238 0.7176966292134831 0.8988095238095238 0.7247191011235955 0.8976190476190476 0.75 0.8464285714285714 0.7429775280898876
1 0.8821428571428571 0.10674157303370786 0.8452380952380952 0.1601123595505618 0.8642857142857143 0.17696629213483145 0.9011904761904762 0.12219101123595505