1 0.26785714285714285 0.2556179775280899 0.2702380952380952 0.33848314606741575 0.2988095238095238 0.3356741573033708 0.30238095238095236 0.2542134831460674
1 0.3119047619047619 0.26264044943820225 0.30952380952380953 0.33707865168539325 0.3380952380952381 0.33848314606741575 0.3404761904761905 0.26264044943820225
1 0.3523809523809524 0.2640449438202247 0.36904761904761907 0.33707865168539325 0.3952380952380952 0.3300561797752809 0.38452380952380955 0.25702247191011235
1 0.40476190476190477 0.2794943820224719 0.40595238095238095 0.3455056179775281 0.43333333333333335 0.3441011235955056 0.43452380952380953 0.27668539325842695
1 0.4630952380952381 0.2907303370786517 0.46785714285714286 0.36235955056179775 0.4380952380952381 0.3651685393258427 0.4357142857142857 0.29353932584269665
1 0.24642857142857144 0.4044943820224719 0.3238095238095238 0.40308988764044945 0.32142857142857145 0.44241573033707865 0.24761904761904763 0.44241573033707865
1 0.4452380952380952 0.40098314606741575 0.07142857142857142 0.032303370786516857
1 0.5285714285714286 0.26264044943820225 0.5511904761904762 0.33848314606741575 0.5178571428571429 0.34831460674157305 0.4976190476190476 0.2752808988764045
1 0.544047619047619 0.25702247191011235 0.5523809523809524 0.3356741573033708 0.5821428571428572 0.33286516853932585 0.5761904761904761 0.2556179775280899
1 0.5107142857142857 0.38764044943820225 0.5833333333333334 0.40870786516853935 0.5738095238095238 0.44241573033707865 0.5011904761904762 0.42134831460674155
2 0.5869047619047619 0.25842696629213485 0.5952380952380952 0.3441011235955056 0.6297619047619047 0.34269662921348315 0.6202380952380953 0.25280898876404495
1 0.6297619047619047 0.25702247191011235 0.6369047619047619 0.33707865168539325 0.6714285714285714 0.33707865168539325 0.6642857142857143 0.25
1 0.6988095238095238 0.24157303370786518 0.7095238095238096 0.32162921348314605 0.6821428571428572 0.32724719101123595 0.6714285714285714 0.24859550561797752
1 0.7892857142857143 0.2612359550561798 0.7976190476190477 0.3356741573033708 0.7702380952380953 0.34129213483146065 0.7595238095238095 0.2654494382022472
1 0.8369047619047619 0.25842696629213485 0.8404761904761905 0.3356741573033708 0.8690476190476191 0.33848314606741575 0.8678571428571429 0.25842696629213485
1 0.7976190476190477 0.2612359550561798 0.8083333333333333 0.33707865168539325 0.8369047619047619 0.3300561797752809 0.8261904761904761 0.2556179775280899
1 0.3523809523809524 0.5182584269662921 0.42857142857142855 0.5070224719101124 0.430952380952381 0.5393258426966292 0.3607142857142857 0.5589887640449438