1 0.31666666666666665 0.4297752808988764 0.3761904761904762 0.46629213483146065 0.36428571428571427 0.49719101123595505 0.3 0.4592696629213483
1 0.3595238095238095 0.5491573033707865 0.3619047619047619 0.6362359550561798 0.3345238095238095 0.6390449438202247 0.33095238095238094 0.5519662921348315
1 0.3726190476190476 0.5589887640449438 0.37142857142857144 0.6348314606741573 0.3976190476190476 0.6348314606741573 0.3976190476190476 0.5575842696629213
1 0.25357142857142856 0.5660112359550562 0.26071428571428573 0.6418539325842697 0.2869047619047619 0.6390449438202247 0.28214285714285714 0.5646067415730337
1 0.48333333333333334 0.6530898876404494 0.46785714285714286 0.7317415730337079 0.49404761904761907 0.7401685393258427 0.5095238095238095 0.6615168539325843
1 0.4452380952380952 0.6601123595505618 0.4297619047619048 0.7345505617977528 0.45595238095238094 0.7443820224719101 0.4726190476190476 0.6699438202247191
1 0.3416666666666667 0.6544943820224719 0.3333333333333333 0.7373595505617978 0.35833333333333334 0.7415730337078652 0.3726190476190476 0.6573033707865169
1 0.21904761904761905 0.6587078651685393 0.20476190476190476 0.7317415730337079 0.23452380952380952 0.7387640449438202 0.24761904761904763 0.6643258426966292
1 0.2976190476190476 0.6573033707865169 0.2904761904761905 0.7345505617977528 0.31666666666666665 0.7401685393258427 0.32857142857142857 0.6615168539325843
1 0.6452380952380953 0.7612359550561798 0.0761904761904762 0.0449438202247191
1 0.5988095238095238 0.5660112359550562 0.6023809523809524 0.6474719101123596 0.6321428571428571 0.6474719101123596 0.6273809523809524 0.5632022471910112
1 0.8142857142857143 0.7752808988764045 0.8738095238095238 0.7584269662921348 0.8785714285714286 0.7935393258426966 0.8202380952380952 0.8103932584269663
1 0.7130952380952381 0.2247191011235955 0.775 0.25 0.7654761904761904 0.28230337078651685 0.7023809523809523 0.2556179775280899
1 0.39404761904761904 0.7176966292134831 0.4142857142857143 0.726123595505618 0.43214285714285716 0.6601123595505618 0.4095238095238095 0.651685393258427