1 0.14285714285714285 0.3398876404494382 0.20238095238095238 0.3146067415730337 0.21071428571428572 0.3455056179775281 0.1523809523809524 0.3707865168539326
1 0.17142857142857143 0.41292134831460675 0.22738095238095238 0.3904494382022472 0.2369047619047619 0.42134831460674155 0.17857142857142858 0.44241573033707865
1 0.1761904761904762 0.45646067415730335 0.23333333333333334 0.4339887640449438 0.2392857142857143 0.46629213483146065 0.18214285714285713 0.4859550561797753
1 0.19047619047619047 0.5056179775280899 0.2571428571428571 0.4901685393258427 0.2630952380952381 0.5224719101123596 0.19404761904761905 0.5393258426966292
1 0.20714285714285716 0.5632022471910112 0.2702380952380952 0.5393258426966292 0.2785714285714286 0.5674157303370787 0.2154761904761905 0.5955056179775281
1 0.19642857142857142 0.6221910112359551 0.26071428571428573 0.5912921348314607 0.2714285714285714 0.6221910112359551 0.20476190476190476 0.6502808988764045
1 0.32142857142857145 0.6179775280898876 0.38333333333333336 0.6067415730337079 0.3869047619047619 0.6362359550561798 0.3273809523809524 0.6460674157303371
1 0.38571428571428573 0.6095505617977528 0.4511904761904762 0.6053370786516854 0.45357142857142857 0.6390449438202247 0.3892857142857143 0.6474719101123596
0 0.24404761904761904 0.6657303370786517 0.2571428571428571 0.848314606741573 0.29642857142857143 0.8441011235955056 0.2833333333333333 0.6615168539325843
0 0.29285714285714287 0.6671348314606742 0.3047619047619048 0.851123595505618 0.34285714285714286 0.8455056179775281 0.32976190476190476 0.6629213483146067
0 0.38452380952380955 0.6601123595505618 0.4095238095238095 0.8426966292134831 0.4488095238095238 0.8342696629213483 0.42142857142857143 0.6530898876404494
0 0.3404761904761905 0.6643258426966292 0.3619047619047619 0.8426966292134831 0.4 0.8384831460674157 0.3761904761904762 0.6587078651685393
0 0.4357142857142857 0.6573033707865169 0.46190476190476193 0.8370786516853933 0.4988095238095238 0.8286516853932584 0.46904761904761905 0.651685393258427
0 0.4928571428571429 0.651685393258427 0.5190476190476191 0.8328651685393258 0.5535714285714286 0.8258426966292135 0.5297619047619048 0.6432584269662921
0 0.5511904761904762 0.6530898876404494 0.5666666666666667 0.8384831460674157 0.6023809523809524 0.8356741573033708 0.5892857142857143 0.648876404494382
1 0.6636904761904762 0.7921348314606742 0.02738095238095238 0.07865168539325842
1 0.7154761904761905 0.5042134831460674 0.7345238095238096 0.5814606741573034 0.7642857142857142 0.5716292134831461 0.7428571428571429 0.4957865168539326
1 0.7011904761904761 0.40870786516853935 0.719047619047619 0.48174157303370785 0.7404761904761905 0.4747191011235955 0.7238095238095238 0.40168539325842695
1 0.6202380952380953 0.31320224719101125 0.6369047619047619 0.3904494382022472 0.6654761904761904 0.3806179775280899 0.6476190476190476 0.3047752808988764
1 0.6702380952380952 0.31320224719101125 0.6928571428571428 0.3848314606741573 0.719047619047619 0.37359550561797755 0.6976190476190476 0.30337078651685395
0 0.45 0.21348314606741572 0.49047619047619045 0.39185393258426965 0.530952380952381 0.37359550561797755 0.48214285714285715 0.20224719101123595
1 0.6345238095238095 0.18117977528089887 0.6547619047619048 0.2542134831460674 0.6821428571428572 0.24297752808988765 0.6583333333333333 0.17275280898876405
1 0.7107142857142857 0.12078651685393259 0.7321428571428571 0.18117977528089887 0.7571428571428571 0.17275280898876405 0.736904761904762 0.11095505617977527
1 0.763095238095238 0.30337078651685395 0.7833333333333333 0.37359550561797755 0.805952380952381 0.3637640449438202 0.7869047619047619 0.29353932584269665
1 0.7916666666666666 0.41853932584269665 0.8107142857142857 0.4887640449438202 0.8333333333333334 0.4803370786516854 0.8154761904761905 0.40870786516853935
0 0.2511904761904762 0.33848314606741575 0.29642857142857143 0.5126404494382022 0.3357142857142857 0.49859550561797755 0.2869047619047619 0.324438202247191
1 0.6488095238095238 0.4550561797752809 0.669047619047619 0.5351123595505618 0.6964285714285714 0.5252808988764045 0.675 0.4452247191011236
1 0.7333333333333333 0.20786516853932585 0.7571428571428571 0.28651685393258425 0.7821428571428571 0.2752808988764045 0.7607142857142857 0.19803370786516855