1 0.43333333333333335 0.20786516853932585 0.4869047619047619 0.2247191011235955 0.4797619047619048 0.2542134831460674 0.425 0.23595505617977527
1 0.4488095238095238 0.38202247191011235 0.41785714285714287 0.45646067415730335 0.4452380952380952 0.47191011235955055 0.4738095238095238 0.398876404494382
2 0.39880952380952384 0.38202247191011235 0.3607142857142857 0.4606741573033708 0.3880952380952381 0.47752808988764045 0.425 0.4002808988764045
1 0.30238095238095236 0.44803370786516855 0.3619047619047619 0.48735955056179775 0.3488095238095238 0.5154494382022472 0.2857142857142857 0.476123595505618
1 0.26785714285714285 0.5168539325842697 0.3333333333333333 0.5126404494382022 0.3345238095238095 0.5435393258426966 0.26904761904761904 0.5491573033707865
1 0.2523809523809524 0.5561797752808989 0.30952380952380953 0.5926966292134831 0.2976190476190476 0.6165730337078652 0.2392857142857143 0.5842696629213483
2 0.25595238095238093 0.6081460674157303 0.1988095238095238 0.6896067415730337 0.2261904761904762 0.7134831460674157 0.28214285714285714 0.6278089887640449
1 0.2904761904761905 0.6418539325842697 0.24761904761904763 0.7036516853932584 0.26666666666666666 0.7205056179775281 0.3107142857142857 0.6587078651685393
1 0.3142857142857143 0.6825842696629213 0.28095238095238095 0.7471910112359551 0.3047619047619048 0.7640449438202247 0.3380952380952381 0.6966292134831461
1 0.6785714285714286 0.6432584269662921 0.736904761904762 0.6825842696629213 0.7214285714285714 0.7176966292134831 0.6595238095238095 0.6769662921348315
1 0.7738095238095238 0.6657303370786517 0.830952380952381 0.6938202247191011 0.8226190476190476 0.7205056179775281 0.7642857142857142 0.6924157303370787
1 0.7285714285714285 0.7345505617977528 0.7869047619047619 0.7808988764044944 0.7714285714285715 0.8075842696629213 0.7142857142857143 0.7640449438202247
1 0.7988095238095239 0.7808988764044944 0.8392857142857143 0.8398876404494382 0.8178571428571428 0.8595505617977528 0.7797619047619048 0.7991573033707865
1 0.12976190476190477 0.1853932584269663 0.18095238095238095 0.21207865168539325 0.19166666666666668 0.18258426966292135 0.1392857142857143 0.15730337078651685