1 0.43214285714285716 0.3160112359550562 0.49047619047619045 0.3553370786516854 0.475 0.38202247191011235 0.42023809523809524 0.34129213483146065
1 0.3976190476190476 0.38764044943820225 0.4523809523809524 0.4241573033707865 0.44047619047619047 0.45224719101123595 0.38333333333333336 0.4157303370786517
1 0.38095238095238093 0.42275280898876405 0.4392857142857143 0.46348314606741575 0.42738095238095236 0.4887640449438202 0.36666666666666664 0.449438202247191
1 0.34404761904761905 0.5014044943820225 0.4 0.5379213483146067 0.3880952380952381 0.5660112359550562 0.33095238095238094 0.5308988764044944
1 0.325 0.5365168539325843 0.38452380952380955 0.5688202247191011 0.3738095238095238 0.598314606741573 0.3142857142857143 0.5646067415730337
1 0.3047619047619048 0.5730337078651685 0.3607142857142857 0.6123595505617978 0.3476190476190476 0.6404494382022472 0.2892857142857143 0.5997191011235955
1 0.28809523809523807 0.6165730337078652 0.3476190476190476 0.6558988764044944 0.3345238095238095 0.6839887640449438 0.27380952380952384 0.6404494382022472
1 0.2642857142857143 0.6783707865168539 0.31785714285714284 0.7191011235955056 0.3011904761904762 0.7471910112359551 0.2488095238095238 0.7036516853932584
1 0.42857142857142855 0.6685393258426966 0.3952380952380952 0.7345505617977528 0.42142857142857143 0.75 0.4523809523809524 0.6839887640449438
1 0.4666666666666667 0.5842696629213483 0.43214285714285716 0.651685393258427 0.4595238095238095 0.6713483146067416 0.49166666666666664 0.6025280898876404
1 0.5071428571428571 0.5042134831460674 0.4726190476190476 0.5730337078651685 0.49523809523809526 0.5884831460674157 0.5321428571428571 0.5196629213483146
1 0.5630952380952381 0.35814606741573035 0.6464285714285715 0.3398876404494382 0.6511904761904762 0.37359550561797755 0.5666666666666667 0.3904494382022472
1 0.6607142857142857 0.45646067415730335 0.6285714285714286 0.5224719101123596 0.6535714285714286 0.5379213483146067 0.680952380952381 0.46769662921348315
1 0.6190476190476191 0.5365168539325843 0.594047619047619 0.601123595505618 0.6178571428571429 0.6137640449438202 0.6404761904761904 0.550561797752809
1 0.5869047619047619 0.6221910112359551 0.5511904761904762 0.6938202247191011 0.575 0.7120786516853933 0.6083333333333333 0.6404494382022472
1 0.5238095238095238 0.7528089887640449 0.49166666666666664 0.8216292134831461 0.5166666666666667 0.8356741573033708 0.5488095238095239 0.7654494382022472
1 0.7428571428571429 0.29775280898876405 0.705952380952381 0.36657303370786515 0.7345238095238096 0.3848314606741573 0.7654761904761904 0.31320224719101125
1 0.5154761904761904 0.16573033707865167 0.5714285714285714 0.20224719101123595 0.5547619047619048 0.23314606741573032 0.5011904761904762 0.19241573033707865
1 0.6952380952380952 0.11938202247191011 0.6583333333333333 0.18679775280898878 0.6833333333333333 0.20365168539325842 0.7142857142857143 0.13342696629213482
1 0.8142857142857143 0.1404494382022472 0.7833333333333333 0.20365168539325842 0.8071428571428572 0.21910112359550563 0.8345238095238096 0.15589887640449437