1 0.3238095238095238 0.5140449438202247 0.4023809523809524 0.5140449438202247 0.4023809523809524 0.5463483146067416 0.3261904761904762 0.5617977528089888
1 0.30714285714285716 0.4592696629213483 0.37857142857142856 0.45224719101123595 0.3821428571428571 0.48735955056179775 0.3119047619047619 0.5
1 0.21785714285714286 0.41292134831460675 0.28809523809523807 0.3960674157303371 0.29404761904761906 0.425561797752809 0.22380952380952382 0.4438202247191011
1 0.09166666666666666 0.40730337078651685 0.15595238095238095 0.4002808988764045 0.15714285714285714 0.43258426966292135 0.09404761904761905 0.43820224719101125
1 0.20952380952380953 0.2556179775280899 0.2654761904761905 0.24578651685393257 0.2702380952380952 0.273876404494382 0.2130952380952381 0.28370786516853935
1 0.38333333333333336 0.2303370786516854 0.45595238095238094 0.2345505617977528 0.45595238095238094 0.2640449438202247 0.38095238095238093 0.2612359550561798
1 0.3761904761904762 0.37640449438202245 0.44642857142857145 0.3707865168539326 0.44761904761904764 0.40168539325842695 0.3761904761904762 0.40870786516853935
1 0.4392857142857143 0.1306179775280899 0.49642857142857144 0.1502808988764045 0.48928571428571427 0.17696629213483145 0.43333333333333335 0.15589887640449437
1 0.5273809523809524 0.14887640449438203 0.5904761904761905 0.13202247191011235 0.5988095238095238 0.16432584269662923 0.5345238095238095 0.18258426966292135
1 0.5476190476190477 0.22331460674157302 0.6166666666666667 0.21910112359550563 0.6154761904761905 0.2542134831460674 0.5488095238095239 0.2556179775280899
1 0.4630952380952381 0.23174157303370788 0.530952380952381 0.22331460674157302 0.5333333333333333 0.25280898876404495 0.4654761904761905 0.2612359550561798
1 0.44761904761904764 0.37219101123595505 0.4488095238095238 0.40308988764044945 0.5190476190476191 0.39747191011235955 0.5178571428571429 0.3609550561797753
1 0.5404761904761904 0.3637640449438202 0.6202380952380953 0.3595505617977528 0.6190476190476191 0.3960674157303371 0.5416666666666666 0.4002808988764045
1 0.65 0.35674157303370785 0.7297619047619047 0.3539325842696629 0.7297619047619047 0.3904494382022472 0.6523809523809524 0.39325842696629215
1 0.611904761904762 0.45224719101123595 0.6857142857142857 0.44803370786516855 0.6880952380952381 0.48314606741573035 0.6130952380952381 0.49157303370786515
1 0.7142857142857143 0.49157303370786515 0.794047619047619 0.4859550561797753 0.7964285714285714 0.523876404494382 0.7154761904761905 0.5308988764044944
1 0.780952380952381 0.41292134831460675 0.8535714285714285 0.40168539325842695 0.8583333333333333 0.43820224719101125 0.7857142857142857 0.44803370786516855
1 0.6333333333333333 0.5632022471910112 0.7130952380952381 0.5575842696629213 0.7130952380952381 0.5969101123595506 0.6357142857142857 0.6025280898876404
1 0.7309523809523809 0.5533707865168539 0.8035714285714286 0.5449438202247191 0.805952380952381 0.5842696629213483 0.7333333333333333 0.5912921348314607
1 0.8595238095238096 0.5526685393258427 0.06428571428571428 0.0351123595505618
1 0.8732142857142857 0.613061797752809 0.060714285714285714 0.037921348314606744
1 0.5880952380952381 0.7949438202247191 0.05952380952380952 0.025280898876404494
1 0.669047619047619 0.23665730337078653 0.06904761904761905 0.032303370786516857
1 0.7297619047619047 0.10814606741573034 0.6833333333333333 0.1502808988764045 0.7023809523809523 0.175561797752809 0.7464285714285714 0.12640449438202248
1 0.8178571428571428 0.22752808988764045 0.8202380952380952 0.2949438202247191 0.8476190476190476 0.29353932584269665 0.844047619047619 0.2247191011235955