1 0.11785714285714285 0.35252808988764045 0.15714285714285714 0.41151685393258425 0.1773809523809524 0.3946629213483146 0.1380952380952381 0.3356741573033708
1 0.17142857142857143 0.35674157303370785 0.225 0.4058988764044944 0.24166666666666667 0.3806179775280899 0.19166666666666668 0.3342696629213483
1 0.21785714285714286 0.34129213483146065 0.26071428571428573 0.39325842696629215 0.2785714285714286 0.37640449438202245 0.2369047619047619 0.324438202247191
1 0.31547619047619047 0.40730337078651685 0.3357142857142857 0.3904494382022472 0.2916666666666667 0.31741573033707865 0.2702380952380952 0.33146067415730335
1 0.36547619047619045 0.34831460674157305 0.4 0.4157303370786517 0.4226190476190476 0.398876404494382 0.3880952380952381 0.3356741573033708
1 0.4380952380952381 0.40870786516853935 0.5011904761904762 0.4101123595505618 0.5011904761904762 0.38342696629213485 0.4392857142857143 0.37640449438202245
1 0.530952380952381 0.34129213483146065 0.5297619047619048 0.41853932584269665 0.5607142857142857 0.4199438202247191 0.5630952380952381 0.34129213483146065
1 0.5869047619047619 0.34269662921348315 0.5869047619047619 0.4157303370786517 0.6166666666666667 0.41713483146067415 0.6154761904761905 0.34269662921348315
1 0.6738095238095239 0.34480337078651685 0.02857142857142857 0.07443820224719101
1 0.8696428571428572 0.4936797752808989 0.02976190476190476 0.06882022471910113
1 0.669047619047619 0.5140449438202247 0.6535714285714286 0.5898876404494382 0.6797619047619048 0.598314606741573 0.694047619047619 0.5182584269662921
1 0.6369047619047619 0.5154494382022472 0.6261904761904762 0.5828651685393258 0.6452380952380953 0.5870786516853933 0.6607142857142857 0.5224719101123596
1 0.544047619047619 0.5856741573033708 0.575 0.5224719101123596 0.5535714285714286 0.5042134831460674 0.5190476190476191 0.5688202247191011
1 0.4523809523809524 0.4901685393258427 0.48095238095238096 0.4943820224719101 0.4738095238095238 0.5758426966292135 0.44761904761904764 0.574438202247191
1 0.41904761904761906 0.5414325842696629 0.02619047619047619 0.07724719101123595
1 0.38035714285714284 0.5379213483146067 0.02738095238095238 0.08146067415730338
1 0.34285714285714286 0.5442415730337079 0.023809523809523808 0.06320224719101124
1 0.2892857142857143 0.5056179775280899 0.2869047619047619 0.5660112359550562 0.30833333333333335 0.5674157303370787 0.3119047619047619 0.5042134831460674
3 0.1863095238095238 0.5112359550561798 0.03214285714285714 0.09831460674157304
1 0.31547619047619047 0.34831460674157305 0.3345238095238095 0.33286516853932585 0.3726190476190476 0.38764044943820225 0.35714285714285715 0.40730337078651685
1 0.24404761904761904 0.4943820224719101 0.2369047619047619 0.5660112359550562 0.21428571428571427 0.5646067415730337 0.21904761904761905 0.49297752808988765
1 0.27976190476190477 0.5028089887640449 0.2702380952380952 0.5786516853932584 0.24523809523809523 0.5758426966292135 0.2571428571428571 0.49719101123595505
1 0.5345238095238095 0.4901685393258427 0.5154761904761904 0.4859550561797753 0.48214285714285715 0.5617977528089888 0.5035714285714286 0.577247191011236
1 0.780952380952381 0.6179775280898876 0.8142857142857143 0.6165730337078652 0.8130952380952381 0.7078651685393258 0.7773809523809524 0.7064606741573034