1 0.6154761904761905 0.23595505617977527 0.6142857142857143 0.31179775280898875 0.6416666666666667 0.31320224719101125 0.6440476190476191 0.23595505617977527
1 0.75 0.2345505617977528 0.8071428571428572 0.22331460674157302 0.8035714285714286 0.19662921348314608 0.7440476190476191 0.20786516853932585
1 0.6994047619047619 0.28581460674157305 0.02738095238095238 0.07443820224719101
1 0.6202380952380953 0.3946629213483146 0.5773809523809523 0.33146067415730335 0.6 0.3146067415730337 0.6428571428571429 0.3792134831460674
1 0.6773809523809524 0.4789325842696629 0.680952380952381 0.40168539325842695 0.6511904761904762 0.398876404494382 0.6488095238095238 0.4747191011235955
1 0.544047619047619 0.4747191011235955 0.4773809523809524 0.46769662921348315 0.48333333333333334 0.4339887640449438 0.5488095238095239 0.4452247191011236
1 0.5553571428571429 0.38764044943820225 0.06547619047619048 0.028089887640449437
1 0.475 0.5154494382022472 0.55 0.5323033707865169 0.5547619047619048 0.5014044943820225 0.48095238095238096 0.4859550561797753
1 0.46904761904761905 0.5870786516853933 0.5345238095238095 0.5941011235955056 0.5380952380952381 0.5660112359550562 0.4726190476190476 0.5589887640449438
1 0.18511904761904763 0.15308988764044945 0.06547619047619048 0.03089887640449438
1 0.1488095238095238 0.20365168539325842 0.21428571428571427 0.21348314606741572 0.21666666666666667 0.1797752808988764 0.15476190476190477 0.17415730337078653
1 0.18095238095238095 0.238061797752809 0.06428571428571428 0.02949438202247191
1 0.14523809523809525 0.37359550561797755 0.21428571428571427 0.3806179775280899 0.21666666666666667 0.351123595505618 0.14761904761904762 0.3441011235955056
1 0.16488095238095238 0.6678370786516854 0.0630952380952381 0.02949438202247191
1 0.16428571428571428 0.7099719101123596 0.06428571428571428 0.032303370786516857
1 0.15773809523809523 0.7521067415730337 0.0630952380952381 0.02949438202247191
1 0.6648809523809524 0.5990168539325843 0.02976190476190476 0.08567415730337079
1 0.4928571428571429 0.6938202247191011 0.5595238095238095 0.6713483146067416 0.55 0.6390449438202247 0.4869047619047619 0.6601123595505618
1 0.5261904761904762 0.7134831460674157 0.5976190476190476 0.7106741573033708 0.5964285714285714 0.6769662921348315 0.525 0.6797752808988764
1 0.530952380952381 0.7331460674157303 0.05952380952380952 0.03089887640449438
1 0.4607142857142857 0.7893258426966292 0.5333333333333333 0.7921348314606742 0.5345238095238095 0.7612359550561798 0.46190476190476193 0.7584269662921348
1 0.5684523809523809 0.7787921348314607 0.0630952380952381 0.037921348314606744
1 0.6190476190476191 0.7668539325842697 0.02857142857142857 0.08426966292134831
1 0.12738095238095237 0.6390449438202247 0.12976190476190477 0.601123595505618 0.1976190476190476 0.601123595505618 0.19404761904761905 0.6390449438202247
1 0.4797619047619048 0.8258426966292135 0.5428571428571428 0.8202247191011236 0.5452380952380952 0.8525280898876404 0.48333333333333334 0.8609550561797753