1 0.3547619047619048 0.22331460674157302 0.37857142857142856 0.22893258426966293 0.3880952380952381 0.14325842696629212 0.36428571428571427 0.1404494382022472
1 0.4607142857142857 0.24859550561797752 0.4726190476190476 0.17275280898876405 0.44285714285714284 0.16573033707865167 0.43333333333333335 0.23735955056179775
1 0.4738095238095238 0.22893258426966293 0.4988095238095238 0.23314606741573032 0.5107142857142857 0.18117977528089887 0.48333333333333334 0.17415730337078653
1 0.5297619047619048 0.24578651685393257 0.5380952380952381 0.18679775280898878 0.513095238095238 0.18117977528089887 0.5059523809523809 0.24157303370786518
1 0.580952380952381 0.26685393258426965 0.6059523809523809 0.2696629213483146 0.6154761904761905 0.20365168539325842 0.5869047619047619 0.199438202247191
1 0.7035714285714286 0.21207865168539325 0.6928571428571428 0.2808988764044944 0.7202380952380952 0.28792134831460675 0.7309523809523809 0.2205056179775281
1 0.8130952380952381 0.2345505617977528 0.8083333333333333 0.30337078651685395 0.8333333333333334 0.3061797752808989 0.8392857142857143 0.2345505617977528
1 0.8535714285714285 0.23595505617977527 0.8535714285714285 0.3103932584269663 0.8761904761904762 0.3146067415730337 0.8797619047619047 0.23735955056179775
1 0.19285714285714287 0.4859550561797753 0.1988095238095238 0.40730337078651685 0.17142857142857143 0.40730337078651685 0.16071428571428573 0.48314606741573035
1 0.16904761904761906 0.6587078651685393 0.24166666666666667 0.6699438202247191 0.24642857142857144 0.6362359550561798 0.175 0.6235955056179775
1 0.3869047619047619 0.6615168539325843 0.4630952380952381 0.6783707865168539 0.47023809523809523 0.6404494382022472 0.3952380952380952 0.6221910112359551
1 0.6226190476190476 0.7485955056179775 0.694047619047619 0.7682584269662921 0.7011904761904761 0.7289325842696629 0.6261904761904762 0.7120786516853933
1 0.5333333333333333 0.7808988764044944 0.6011904761904762 0.797752808988764 0.6083333333333333 0.7514044943820225 0.5428571428571428 0.7387640449438202
2 0.21071428571428572 0.7176966292134831 0.3 0.7275280898876404 0.30714285714285716 0.6811797752808989 0.22023809523809523 0.6685393258426966
1 0.10595238095238095 0.6980337078651685 0.15833333333333333 0.7036516853932584 0.16428571428571428 0.6713483146067416 0.10952380952380952 0.6657303370786517
1 0.1619047619047619 0.7542134831460674 0.22976190476190475 0.7682584269662921 0.2357142857142857 0.7303370786516854 0.16666666666666666 0.7176966292134831
1 0.15 0.8258426966292135 0.22380952380952382 0.8412921348314607 0.22738095238095238 0.7991573033707865 0.1523809523809524 0.7865168539325843
1 0.275 0.7837078651685393 0.3476190476190476 0.7949438202247191 0.3523809523809524 0.7598314606741573 0.28214285714285714 0.7443820224719101
2 0.3892857142857143 0.7991573033707865 0.46785714285714286 0.8174157303370787 0.4738095238095238 0.7808988764044944 0.3904761904761905 0.7682584269662921
1 0.35833333333333334 0.7345505617977528 0.4261904761904762 0.7415730337078652 0.43214285714285716 0.7106741573033708 0.3619047619047619 0.6966292134831461
1 0.26785714285714285 0.8426966292134831 0.34523809523809523 0.8609550561797753 0.3535714285714286 0.824438202247191 0.2714285714285714 0.8047752808988764
1 0.4928571428571429 0.8300561797752809 0.5642857142857143 0.8384831460674157 0.569047619047619 0.8033707865168539 0.5 0.7893258426966292
0 0.5928571428571429 0.8497191011235955 0.6988095238095238 0.8623595505617978 0.7 0.8258426966292135 0.5928571428571429 0.8117977528089888
1 0.7238095238095238 0.8258426966292135 0.8023809523809524 0.8384831460674157 0.7964285714285714 0.8721910112359551 0.7226190476190476 0.8609550561797753