0 0.5714285714285714 0.2949438202247191 0.694047619047619 0.2991573033707865 0.6916666666666667 0.24859550561797752 0.5714285714285714 0.2443820224719101
1 0.5369047619047619 0.4311797752808989 0.6071428571428571 0.4297752808988764 0.6083333333333333 0.3904494382022472 0.5392857142857143 0.3946629213483146
1 0.5571428571428572 0.4943820224719101 0.6309523809523809 0.48735955056179775 0.6309523809523809 0.45786516853932585 0.5547619047619048 0.45646067415730335
1 0.7220238095238095 0.48103932584269665 0.06785714285714285 0.037921348314606744
1 0.8839285714285714 0.5126404494382022 0.075 0.042134831460674156
1 0.1744047619047619 0.6165730337078652 0.07023809523809524 0.03651685393258427
2 0.29583333333333334 0.6207865168539326 0.07976190476190476 0.03651685393258427
1 0.4220238095238095 0.6186797752808989 0.07738095238095238 0.0351123595505618
1 0.5089285714285714 0.6207865168539326 0.06547619047619048 0.03651685393258427
1 0.6077380952380952 0.6376404494382022 0.07023809523809524 0.033707865168539325
1 0.5565476190476191 0.7015449438202247 0.07261904761904762 0.037921348314606744
3 0.6166666666666667 0.7577247191011236 0.19285714285714287 0.05758426966292135
1 0.3952380952380952 0.8132022471910112 0.08095238095238096 0.042134831460674156
1 0.34523809523809523 0.714185393258427 0.07380952380952381 0.04073033707865169