1 0.29642857142857143 0.2907303370786517 0.030952380952380953 0.0702247191011236
1 0.3678571428571429 0.2949438202247191 0.023809523809523808 0.0702247191011236
1 0.4166666666666667 0.2907303370786517 0.030952380952380953 0.07865168539325842
1 0.4523809523809524 0.2949438202247191 0.02619047619047619 0.07303370786516854
1 0.5583333333333333 0.29424157303370785 0.023809523809523808 0.06320224719101124
1 0.6113095238095239 0.3068820224719101 0.02738095238095238 0.0800561797752809
1 0.6892857142857143 0.3125 0.023809523809523808 0.07724719101123595
1 0.6047619047619047 0.8089887640449438 0.530952380952381 0.800561797752809 0.5357142857142857 0.7640449438202247 0.6059523809523809 0.7710674157303371
1 0.45595238095238094 0.827247191011236 0.4857142857142857 0.7752808988764045 0.46190476190476193 0.7584269662921348 0.4369047619047619 0.8103932584269663
1 0.3821428571428571 0.800561797752809 0.39404761904761904 0.726123595505618 0.36904761904761907 0.7205056179775281 0.3547619047619048 0.7935393258426966
1 0.6190476190476191 0.8061797752808989 0.6083333333333333 0.7752808988764045 0.675 0.7570224719101124 0.6857142857142857 0.7823033707865169