1 0.38452380952380955 0.33848314606741575 0.40595238095238095 0.33707865168539325 0.4011904761904762 0.2640449438202247 0.3761904761904762 0.2696629213483146
1 0.41309523809523807 0.42837078651685395 0.4095238095238095 0.3497191011235955 0.3821428571428571 0.3539325842696629 0.3904761904761905 0.43258426966292135
1 0.4 0.5997191011235955 0.425 0.5955056179775281 0.42023809523809524 0.5168539325842697 0.3964285714285714 0.5210674157303371
1 0.44047619047619047 0.8328651685393258 0.02619047619047619 0.06179775280898876
1 0.5095238095238095 0.8033707865168539 0.5821428571428572 0.7991573033707865 0.5833333333333334 0.827247191011236 0.5095238095238095 0.8314606741573034
1 0.5202380952380953 0.7120786516853933 0.5773809523809523 0.7050561797752809 0.5726190476190476 0.6713483146067416 0.5178571428571429 0.6839887640449438
1 0.5166666666666667 0.6362359550561798 0.5738095238095238 0.625 0.5702380952380952 0.5955056179775281 0.5095238095238095 0.6109550561797753
1 0.4880952380952381 0.5575842696629213 0.55 0.5519662921348315 0.5464285714285714 0.5182584269662921 0.48333333333333334 0.5280898876404494
1 0.49404761904761907 0.4957865168539326 0.55 0.4789325842696629 0.5452380952380952 0.45365168539325845 0.4869047619047619 0.4705056179775281
1 0.4880952380952381 0.41713483146067415 0.5416666666666666 0.41292134831460675 0.5416666666666666 0.44241573033707865 0.48928571428571427 0.44662921348314605
1 0.4994047619047619 0.36025280898876405 0.04880952380952381 0.021067415730337078
1 0.4607142857142857 0.29213483146067415 0.5226190476190476 0.28792134831460675 0.5202380952380953 0.25842696629213485 0.4607142857142857 0.26264044943820225
1 0.4738095238095238 0.324438202247191 0.5273809523809524 0.324438202247191 0.5273809523809524 0.2991573033707865 0.4773809523809524 0.29775280898876405
1 0.7690476190476191 0.29213483146067415 0.8202380952380952 0.2542134831460674 0.8071428571428572 0.22752808988764045 0.7559523809523809 0.26825842696629215
1 0.7761904761904762 0.39185393258426965 0.830952380952381 0.35252808988764045 0.8214285714285714 0.32724719101123595 0.763095238095238 0.3637640449438202
1 0.7821428571428571 0.44803370786516855 0.8380952380952381 0.40870786516853935 0.825 0.38342696629213485 0.7726190476190476 0.41853932584269665
1 0.8035714285714286 0.49157303370786515 0.8464285714285714 0.46348314606741575 0.8345238095238096 0.4353932584269663 0.7916666666666666 0.46629213483146065
1 0.7976190476190477 0.547752808988764 0.8535714285714285 0.5351123595505618 0.8464285714285714 0.5056179775280899 0.7892857142857143 0.5196629213483146
1 0.794047619047619 0.6179775280898876 0.8404761904761905 0.5856741573033708 0.8273809523809523 0.5632022471910112 0.780952380952381 0.5969101123595506
1 0.8011904761904762 0.6629213483146067 0.8511904761904762 0.6348314606741573 0.8380952380952381 0.6081460674157303 0.7904761904761904 0.6404494382022472
1 0.819047619047619 0.7191011235955056 0.8714285714285714 0.6839887640449438 0.8607142857142858 0.6601123595505618 0.8095238095238095 0.6966292134831461
1 0.8273809523809523 0.7752808988764045 0.8773809523809524 0.7429775280898876 0.8666666666666667 0.7176966292134831 0.8154761904761905 0.7514044943820225
1 0.819047619047619 0.797752808988764 0.8666666666666667 0.773876404494382 0.8738095238095238 0.800561797752809 0.8261904761904761 0.824438202247191