1 0.13452380952380952 0.23876404494382023 0.20238095238095238 0.21629213483146068 0.19285714285714287 0.17837078651685392 0.1261904761904762 0.20365168539325842
1 0.33095238095238094 0.17275280898876405 0.39285714285714285 0.15308988764044945 0.38452380952380955 0.11797752808988764 0.3202380952380952 0.13623595505617977
1 0.34404761904761905 0.26825842696629215 0.4107142857142857 0.24157303370786518 0.4 0.20786516853932585 0.33095238095238094 0.23174157303370788
1 0.39285714285714285 0.40730337078651685 0.46190476190476193 0.3862359550561798 0.45476190476190476 0.34831460674157305 0.3869047619047619 0.37359550561797755
1 0.3345238095238095 0.5632022471910112 0.4035714285714286 0.5407303370786517 0.3964285714285714 0.5112359550561798 0.325 0.5308988764044944
1 0.3619047619047619 0.6376404494382022 0.42738095238095236 0.6151685393258427 0.41904761904761906 0.5828651685393258 0.3523809523809524 0.601123595505618
1 0.21666666666666667 0.8103932584269663 0.24523809523809523 0.8019662921348315 0.225 0.7078651685393258 0.1976190476190476 0.7176966292134831
1 0.3 0.7668539325842697 0.32857142857142857 0.7556179775280899 0.3119047619047619 0.6853932584269663 0.2845238095238095 0.6966292134831461
1 0.3392857142857143 0.7598314606741573 0.36547619047619045 0.7471910112359551 0.34404761904761905 0.6643258426966292 0.3142857142857143 0.675561797752809
1 0.65 0.6643258426966292 0.6285714285714286 0.5884831460674157 0.6035714285714285 0.5941011235955056 0.625 0.6741573033707865
1 0.6678571428571428 0.6629213483146067 0.7011904761904761 0.651685393258427 0.6785714285714286 0.5716292134831461 0.65 0.5800561797752809
1 0.7107142857142857 0.651685393258427 0.7380952380952381 0.6404494382022472 0.7119047619047619 0.5561797752808989 0.6857142857142857 0.5660112359550562
1 0.7178571428571429 0.547752808988764 0.7464285714285714 0.5351123595505618 0.7678571428571429 0.6193820224719101 0.7428571428571429 0.6306179775280899
1 0.775 0.6193820224719101 0.8083333333333333 0.6095505617977528 0.7869047619047619 0.526685393258427 0.7571428571428571 0.5379213483146067
1 0.8142857142857143 0.6067415730337079 0.8428571428571429 0.5955056179775281 0.8226190476190476 0.5140449438202247 0.794047619047619 0.523876404494382
1 0.8523809523809524 0.5955056179775281 0.8833333333333333 0.577247191011236 0.8571428571428571 0.5070224719101124 0.830952380952381 0.5154494382022472
1 0.4023809523809524 0.8230337078651685 0.4261904761904762 0.8160112359550562 0.44166666666666665 0.8778089887640449 0.4166666666666667 0.8848314606741573
1 0.4785714285714286 0.800561797752809 0.5023809523809524 0.7893258426966292 0.5238095238095238 0.8609550561797753 0.5 0.8693820224719101
1 0.5202380952380953 0.7935393258426966 0.5476190476190477 0.7851123595505618 0.5678571428571428 0.8581460674157303 0.5404761904761904 0.8665730337078652
1 0.5630952380952381 0.7794943820224719 0.5892857142857143 0.7696629213483146 0.6071428571428571 0.8539325842696629 0.5797619047619048 0.8609550561797753
1 0.6023809523809524 0.7612359550561798 0.6297619047619047 0.7514044943820225 0.6511904761904762 0.827247191011236 0.6238095238095238 0.8398876404494382
1 0.6416666666666667 0.75 0.6666666666666666 0.824438202247191 0.6952380952380952 0.8103932584269663 0.6666666666666666 0.7359550561797753
1 0.6797619047619048 0.7401685393258427 0.7047619047619048 0.7331460674157303 0.7202380952380952 0.797752808988764 0.6964285714285714 0.8047752808988764
1 0.7142857142857143 0.7205056179775281 0.7345238095238096 0.7879213483146067 0.7583333333333333 0.7808988764044944 0.7380952380952381 0.7134831460674157
1 0.7690476190476191 0.7780898876404494 0.7964285714285714 0.7696629213483146 0.780952380952381 0.7036516853932584 0.7511904761904762 0.7134831460674157
1 0.7988095238095239 0.6980337078651685 0.8261904761904761 0.6882022471910112 0.8476190476190476 0.7612359550561798 0.819047619047619 0.776685393258427
1 0.8166666666666667 0.7893258426966292 0.844047619047619 0.7752808988764045 0.8726190476190476 0.848314606741573 0.844047619047619 0.8609550561797753
1 0.7380952380952381 0.8047752808988764 0.7607142857142857 0.797752808988764 0.7821428571428571 0.8623595505617978 0.7607142857142857 0.8721910112359551
1 0.8380952380952381 0.6811797752808989 0.8654761904761905 0.6741573033707865 0.8845238095238095 0.7598314606741573 0.8607142857142858 0.7668539325842697
1 0.6190476190476191 0.526685393258427 0.6107142857142858 0.5028089887640449 0.6773809523809524 0.4789325842696629 0.6869047619047619 0.5042134831460674