1 0.15476190476190477 0.2542134831460674 0.09047619047619047 0.25842696629213485 0.09047619047619047 0.22331460674157302 0.1523809523809524 0.21629213483146068
1 0.1630952380952381 0.41292134831460675 0.0880952380952381 0.41713483146067415 0.0880952380952381 0.3792134831460674 0.1630952380952381 0.375
1 0.16428571428571428 0.4592696629213483 0.1 0.46207865168539325 0.0988095238095238 0.43258426966292135 0.1619047619047619 0.425561797752809
1 0.09404761904761905 0.5098314606741573 0.16547619047619047 0.5112359550561798 0.1619047619047619 0.47752808988764045 0.09523809523809523 0.48174157303370785
1 0.16666666666666666 0.5632022471910112 0.08928571428571429 0.5674157303370787 0.09166666666666666 0.5337078651685393 0.16547619047619047 0.5280898876404494
1 0.09642857142857143 0.6657303370786517 0.17142857142857143 0.6629213483146067 0.17142857142857143 0.625 0.09523809523809523 0.6292134831460674
1 0.13214285714285715 0.6959269662921348 0.06666666666666667 0.0351123595505618
1 0.1738095238095238 0.7640449438202247 0.09642857142857143 0.7710674157303371 0.09404761904761905 0.7331460674157303 0.17142857142857143 0.726123595505618
1 0.1761904761904762 0.8160112359550562 0.09285714285714286 0.8258426966292135 0.09166666666666666 0.7893258426966292 0.17142857142857143 0.7794943820224719
1 0.2916666666666667 0.6383426966292135 0.07380952380952381 0.032303370786516857
1 0.28869047619047616 0.5393258426966292 0.07261904761904762 0.03651685393258427
1 0.25357142857142856 0.4789325842696629 0.32142857142857145 0.47331460674157305 0.3238095238095238 0.5056179775280899 0.25833333333333336 0.5140449438202247
1 0.25357142857142856 0.45365168539325845 0.32261904761904764 0.44662921348314605 0.3202380952380952 0.41853932584269665 0.2511904761904762 0.42275280898876405
1 0.31785714285714284 0.2598314606741573 0.24761904761904763 0.2612359550561798 0.24523809523809523 0.22612359550561797 0.31547619047619047 0.22191011235955055
1 0.3261904761904762 0.3497191011235955 0.39285714285714285 0.351123595505618 0.39166666666666666 0.31320224719101125 0.3261904761904762 0.3146067415730337
1 0.39285714285714285 0.39747191011235955 0.31785714285714284 0.39747191011235955 0.319047619047619 0.36235955056179775 0.39404761904761904 0.36235955056179775
1 0.33095238095238094 0.44803370786516855 0.3964285714285714 0.4452247191011236 0.39285714285714285 0.40870786516853935 0.32857142857142857 0.41713483146067415
1 0.32976190476190476 0.5 0.39404761904761904 0.49859550561797755 0.39166666666666666 0.46207865168539325 0.3273809523809524 0.4705056179775281
1 0.3333333333333333 0.5491573033707865 0.39880952380952384 0.547752808988764 0.4011904761904762 0.5112359550561798 0.33095238095238094 0.5182584269662921
1 0.34285714285714286 0.5997191011235955 0.40714285714285714 0.601123595505618 0.40595238095238095 0.5674157303370787 0.3416666666666667 0.5688202247191011
1 0.25952380952380955 0.7064606741573034 0.32976190476190476 0.7050561797752809 0.32976190476190476 0.6685393258426966 0.25952380952380955 0.6713483146067416
1 0.2571428571428571 0.7598314606741573 0.33095238095238094 0.75 0.32857142857142857 0.7176966292134831 0.25476190476190474 0.726123595505618
1 0.25952380952380955 0.8117977528089888 0.33214285714285713 0.800561797752809 0.32976190476190476 0.7626404494382022 0.25595238095238093 0.776685393258427
1 0.3392857142857143 0.8525280898876404 0.26785714285714285 0.8609550561797753 0.2654761904761905 0.8258426966292135 0.3357142857142857 0.8160112359550562
1 0.34523809523809523 0.7008426966292135 0.4083333333333333 0.6938202247191011 0.40595238095238095 0.6615168539325843 0.34285714285714286 0.6685393258426966
1 0.4095238095238095 0.75 0.3357142857142857 0.7542134831460674 0.33095238095238094 0.7148876404494382 0.40595238095238095 0.7120786516853933
1 0.40714285714285714 0.797752808988764 0.33690476190476193 0.800561797752809 0.3380952380952381 0.7640449438202247 0.40595238095238095 0.7626404494382022
1 0.41309523809523807 0.8497191011235955 0.3464285714285714 0.8539325842696629 0.34523809523809523 0.8202247191011236 0.4119047619047619 0.8117977528089888
1 0.49523809523809526 0.38202247191011235 0.0761904761904762 0.033707865168539325
1 0.5029761904761905 0.4803370786516854 0.055952380952380955 0.03089887640449438
1 0.5077380952380952 0.5217696629213483 0.07261904761904762 0.0351123595505618
1 0.5833333333333334 0.6039325842696629 0.030952380952380953 0.08146067415730338
1 0.6470238095238096 0.5912921348314607 0.02976190476190476 0.08707865168539326
1 0.7636904761904761 0.6474719101123596 0.036904761904761905 0.0898876404494382
1 0.631547619047619 0.21629213483146068 0.03214285714285714 0.08426966292134831
1 0.5214285714285715 0.19101123595505617 0.4511904761904762 0.20224719101123595 0.44761904761904764 0.17275280898876405 0.5166666666666667 0.16151685393258428