1 0.3976190476190476 0.7808988764044944 0.33095238095238094 0.773876404494382 0.3333333333333333 0.7401685393258427 0.4035714285714286 0.7485955056179775
1 0.6928571428571428 0.7823033707865169 0.0761904761904762 0.03651685393258427
1 0.3636904761904762 0.6818820224719101 0.06547619047619048 0.032303370786516857
1 0.1595238095238095 0.6207865168539326 0.1630952380952381 0.5351123595505618 0.13333333333333333 0.5323033707865169 0.12857142857142856 0.6193820224719101
1 0.29285714285714287 0.4691011235955056 0.29523809523809524 0.37640449438202245 0.2654761904761905 0.37640449438202245 0.26071428571428573 0.46769662921348315
1 0.32976190476190476 0.4747191011235955 0.33095238095238094 0.398876404494382 0.30714285714285716 0.4002808988764045 0.30238095238095236 0.47331460674157305
1 0.3869047619047619 0.4058988764044944 0.38333333333333336 0.4789325842696629 0.4107142857142857 0.4789325842696629 0.41309523809523807 0.40870786516853935
1 0.45714285714285713 0.4789325842696629 0.4607142857142857 0.39185393258426965 0.43333333333333335 0.3890449438202247 0.4261904761904762 0.476123595505618
1 0.5011904761904762 0.476123595505618 0.5 0.39747191011235955 0.475 0.398876404494382 0.4714285714285714 0.476123595505618
1 0.5464285714285714 0.4789325842696629 0.5464285714285714 0.4044943820224719 0.5166666666666667 0.40308988764044945 0.5166666666666667 0.4803370786516854
1 0.5857142857142857 0.48314606741573035 0.5928571428571429 0.398876404494382 0.5607142857142857 0.3946629213483146 0.555952380952381 0.48174157303370785
1 0.6297619047619047 0.4901685393258427 0.6357142857142857 0.40730337078651685 0.6035714285714285 0.4058988764044944 0.5976190476190476 0.4859550561797753
1 0.5714285714285714 0.6544943820224719 0.5797619047619048 0.5589887640449438 0.55 0.5547752808988764 0.5416666666666666 0.651685393258427
1 0.7488095238095238 0.6530898876404494 0.7523809523809524 0.574438202247191 0.7202380952380952 0.5716292134831461 0.7178571428571429 0.6530898876404494
1 0.4869047619047619 0.6404494382022472 0.4869047619047619 0.5660112359550562 0.4607142857142857 0.5660112359550562 0.45714285714285713 0.6390449438202247
1 0.425 0.5561797752808989 0.4511904761904762 0.5575842696629213 0.4488095238095238 0.6446629213483146 0.42142857142857143 0.6418539325842697
1 0.7107142857142857 0.40870786516853935 0.7166666666666667 0.32865168539325845 0.6880952380952381 0.32865168539325845 0.6845238095238095 0.4058988764044944
1 0.5333333333333333 0.3532303370786517 0.02857142857142857 0.08286516853932584
1 0.4875 0.34831460674157305 0.03214285714285714 0.07865168539325842
1 0.44821428571428573 0.3441011235955056 0.02976190476190476 0.08426966292134831
1 0.3636904761904762 0.3441011235955056 0.02976190476190476 0.08426966292134831
1 0.3119047619047619 0.29634831460674155 0.305952380952381 0.3792134831460674 0.33095238095238094 0.38342696629213485 0.3404761904761905 0.3047752808988764
1 0.28154761904761905 0.3335674157303371 0.02976190476190476 0.0800561797752809
1 0.24047619047619048 0.33075842696629215 0.02857142857142857 0.08567415730337079
1 0.1988095238095238 0.3335674157303371 0.02857142857142857 0.08567415730337079
1 0.19345238095238096 0.42275280898876405 0.02738095238095238 0.08707865168539326
1 0.22380952380952382 0.37640449438202245 0.2523809523809524 0.375 0.25 0.45786516853932585 0.22023809523809523 0.4592696629213483
1 0.7321428571428571 0.21769662921348315 0.7333333333333333 0.13764044943820225 0.7095238095238096 0.1348314606741573 0.705952380952381 0.21348314606741572
1 0.7738095238095238 0.2205056179775281 0.775 0.13764044943820225 0.7440476190476191 0.1348314606741573 0.7452380952380953 0.21910112359550563
1 0.7988095238095239 0.175561797752809 0.02857142857142857 0.08707865168539326
1 0.5964285714285714 0.2205056179775281 0.6 0.12780898876404495 0.5773809523809523 0.12640449438202248 0.5702380952380952 0.21629213483146068
1 0.5535714285714286 0.21769662921348315 0.5571428571428572 0.125 0.5333333333333333 0.12640449438202248 0.525 0.2148876404494382
1 0.48333333333333334 0.21067415730337077 0.5095238095238095 0.20926966292134833 0.5142857142857142 0.11938202247191011 0.49166666666666664 0.11938202247191011
1 0.46904761904761905 0.21207865168539325 0.44047619047619047 0.21067415730337077 0.44642857142857145 0.12359550561797752 0.47023809523809523 0.125
1 0.3732142857142857 0.1622191011235955 0.02738095238095238 0.09129213483146068
1 0.3333333333333333 0.15379213483146068 0.030952380952380953 0.08848314606741572
1 0.2910714285714286 0.16151685393258428 0.02976190476190476 0.07865168539325842
1 0.12142857142857143 0.14887640449438203 0.02857142857142857 0.07303370786516854
1 0.16607142857142856 0.14957865168539325 0.025 0.0800561797752809
1 0.20357142857142857 0.14817415730337077 0.030952380952380953 0.0800561797752809
1 0.24642857142857144 0.15941011235955055 0.02857142857142857 0.08286516853932584
1 0.14047619047619048 0.3707865168539326 0.14285714285714285 0.28370786516853935 0.17261904761904762 0.2851123595505618 0.16666666666666666 0.375
1 0.14166666666666666 0.46769662921348315 0.14047619047619048 0.38342696629213485 0.16904761904761906 0.38342696629213485 0.16785714285714284 0.4705056179775281