1 0.37857142857142856 0.5435393258426966 0.06666666666666667 0.03089887640449438
1 0.594047619047619 0.5533707865168539 0.06904761904761905 0.03651685393258427
1 0.5196428571428572 0.5484550561797753 0.07261904761904762 0.02949438202247191
1 0.7232142857142857 0.5730337078651685 0.07261904761904762 0.03089887640449438
1 0.7273809523809524 0.6228932584269663 0.07380952380952381 0.032303370786516857
1 0.638095238095238 0.6278089887640449 0.6047619047619047 0.6910112359550562 0.5845238095238096 0.6713483146067416 0.6154761904761905 0.6137640449438202
1 0.6369047619047619 0.7837078651685393 0.6071428571428571 0.7921348314606742 0.5916666666666667 0.7092696629213483 0.6202380952380953 0.7036516853932584
1 0.725 0.6664325842696629 0.06428571428571428 0.0351123595505618
1 0.36964285714285716 0.6214887640449438 0.07023809523809524 0.023876404494382022
1 0.24464285714285713 0.6271067415730337 0.07023809523809524 0.037921348314606744
1 0.25 0.5842696629213483 0.06666666666666667 0.03089887640449438
1 0.25952380952380955 0.5442415730337079 0.06190476190476191 0.032303370786516857
1 0.15773809523809523 0.5547752808988764 0.02261904761904762 0.07584269662921349
1 0.5708333333333333 0.19662921348314608 0.07976190476190476 0.03651685393258427