1 0.5119047619047619 0.2303370786516854 0.5035714285714286 0.15589887640449437 0.4797619047619048 0.1601123595505618 0.48928571428571427 0.23314606741573032
1 0.6321428571428571 0.1896067415730337 0.06904761904761905 0.03089887640449438
1 0.6279761904761905 0.14536516853932585 0.06547619047619048 0.026685393258426966
1 0.569047619047619 0.24859550561797752 0.594047619047619 0.31320224719101125 0.6154761904761905 0.30196629213483145 0.5916666666666667 0.23735955056179775
1 0.5857142857142857 0.3441011235955056 0.6488095238095238 0.3637640449438202 0.655952380952381 0.3342696629213483 0.5952380952380952 0.3146067415730337
1 0.7047619047619048 0.2640449438202247 0.7154761904761905 0.3398876404494382 0.7416666666666667 0.3342696629213483 0.725 0.25702247191011235
1 0.7607142857142857 0.29213483146067415 0.023809523809523808 0.07865168539325842
1 0.8041666666666667 0.29564606741573035 0.025 0.07724719101123595
1 0.8446428571428571 0.2893258426966292 0.02738095238095238 0.08146067415730338
1 0.8214285714285714 0.4339887640449438 0.8142857142857143 0.5098314606741573 0.8404761904761905 0.5140449438202247 0.8476190476190476 0.43679775280898875
1 0.7238095238095238 0.4438202247191011 0.7476190476190476 0.5140449438202247 0.7726190476190476 0.5 0.7476190476190476 0.4297752808988764
1 0.8767857142857143 0.5456460674157303 0.05119047619047619 0.026685393258426966
1 0.8696428571428572 0.589185393258427 0.06547619047619048 0.0351123595505618
1 0.8702380952380953 0.6376404494382022 0.05952380952380952 0.033707865168539325
1 0.875 0.6875 0.05 0.02949438202247191
1 0.8767857142857143 0.7345505617977528 0.058333333333333334 0.033707865168539325
1 0.8738095238095238 0.7830056179775281 0.05238095238095238 0.032303370786516857
1 0.7321428571428571 0.5533707865168539 0.6726190476190477 0.5435393258426966 0.675 0.5154494382022472 0.7345238095238096 0.526685393258427
1 0.7285714285714285 0.5969101123595506 0.6642857142857143 0.5912921348314607 0.6654761904761904 0.5603932584269663 0.7297619047619047 0.5688202247191011
1 0.6726190476190477 0.6502808988764045 0.736904761904762 0.6432584269662921 0.7333333333333333 0.6137640449438202 0.6714285714285714 0.6179775280898876
1 0.6678571428571428 0.6980337078651685 0.736904761904762 0.6938202247191011 0.736904761904762 0.6629213483146067 0.669047619047619 0.6629213483146067
1 0.6595238095238095 0.7612359550561798 0.7392857142857143 0.7612359550561798 0.7404761904761905 0.7991573033707865 0.6583333333333333 0.7949438202247191
1 0.6654761904761904 0.8103932584269663 0.7261904761904762 0.8146067415730337 0.725 0.8455056179775281 0.6619047619047619 0.8384831460674157
1 0.611904761904762 0.41151685393258425 0.6845238095238095 0.41151685393258425 0.6857142857142857 0.44803370786516855 0.611904761904762 0.4550561797752809
1 0.5714285714285714 0.5098314606741573 0.6107142857142858 0.4550561797752809 0.5904761904761905 0.4339887640449438 0.5523809523809524 0.49157303370786515
1 0.5988095238095238 0.5856741573033708 0.07142857142857142 0.033707865168539325
1 0.6309523809523809 0.6502808988764045 0.5630952380952381 0.6418539325842697 0.5678571428571428 0.6109550561797753 0.6321428571428571 0.6193820224719101
1 0.5607142857142857 0.7359550561797753 0.6297619047619047 0.7401685393258427 0.6321428571428571 0.7092696629213483 0.5630952380952381 0.7064606741573034
1 0.5607142857142857 0.8412921348314607 0.6285714285714286 0.8525280898876404 0.6321428571428571 0.8202247191011236 0.5642857142857143 0.8146067415730337
1 0.46190476190476193 0.8132022471910112 0.030952380952380953 0.0898876404494382
1 0.49702380952380953 0.36446629213483145 0.02976190476190476 0.09129213483146068
1 0.4797619047619048 0.4592696629213483 0.02619047619047619 0.07865168539325842
1 0.4779761904761905 0.5737359550561798 0.02976190476190476 0.07724719101123595
1 0.4589285714285714 0.6769662921348315 0.025 0.0702247191011236