1 0.48214285714285715 0.47752808988764045 0.023809523809523808 0.06741573033707865
1 0.44047619047619047 0.46980337078651685 0.02619047619047619 0.07443820224719101
1 0.3982142857142857 0.47331460674157305 0.025 0.07303370786516854
1 0.35535714285714287 0.47331460674157305 0.025 0.07303370786516854
1 0.31845238095238093 0.4782303370786517 0.025 0.0800561797752809
1 0.27976190476190477 0.4803370786516854 0.02619047619047619 0.08426966292134831
1 0.23511904761904762 0.48174157303370785 0.02738095238095238 0.07584269662921349
1 0.19226190476190477 0.47752808988764045 0.02738095238095238 0.08146067415730338
1 0.14702380952380953 0.4726123595505618 0.034523809523809526 0.07443820224719101
1 0.23809523809523808 0.6460674157303371 0.2619047619047619 0.6432584269662921 0.2654761904761905 0.7303370786516854 0.23809523809523808 0.7303370786516854
1 0.21369047619047618 0.6910112359550562 0.02976190476190476 0.07303370786516854
1 0.16964285714285715 0.6910112359550562 0.02738095238095238 0.06741573033707865
1 0.10595238095238095 0.6502808988764045 0.14047619047619048 0.6432584269662921 0.14761904761904762 0.7289325842696629 0.11190476190476191 0.7331460674157303
1 0.4083333333333333 0.7626404494382022 0.3464285714285714 0.7696629213483146 0.34404761904761905 0.7401685393258427 0.4035714285714286 0.7303370786516854
1 0.38095238095238093 0.6404494382022472 0.4095238095238095 0.723314606741573 0.43333333333333335 0.7092696629213483 0.40595238095238095 0.6278089887640449
1 0.4011904761904762 0.8075842696629213 0.3345238095238095 0.8117977528089888 0.3345238095238095 0.7837078651685393 0.4 0.776685393258427
1 0.3678571428571429 0.8455056179775281 0.07142857142857142 0.03089887640449438
1 0.5434523809523809 0.8426966292134831 0.07738095238095238 0.03089887640449438
1 0.5505952380952381 0.7970505617977528 0.058333333333333334 0.026685393258426966
1 0.5434523809523809 0.7507022471910112 0.06547619047619048 0.032303370786516857
3 0.5357142857142857 0.5955056179775281 0.6238095238095238 0.6039325842696629 0.6226190476190476 0.6390449438202247 0.5357142857142857 0.6348314606741573
1 0.6357142857142857 0.6306179775280899 0.6726190476190477 0.6853932584269663 0.6916666666666667 0.6685393258426966 0.6523809523809524 0.6151685393258427
1 0.6452380952380953 0.7935393258426966 0.06190476190476191 0.033707865168539325
1 0.6464285714285715 0.8412921348314607 0.06904761904761905 0.03089887640449438
1 0.55 0.38342696629213485 0.05 0.033707865168539325
1 0.5845238095238096 0.34691011235955055 0.5226190476190476 0.351123595505618 0.5202380952380953 0.32162921348314605 0.580952380952381 0.3160112359550562
1 0.5178571428571429 0.2991573033707865 0.5833333333333334 0.30337078651685395 0.5857142857142857 0.26825842696629215 0.5178571428571429 0.2640449438202247
1 0.5226190476190476 0.25280898876404495 0.5857142857142857 0.25140449438202245 0.5845238095238096 0.2205056179775281 0.5202380952380953 0.2205056179775281
1 0.5178571428571429 0.2050561797752809 0.5726190476190476 0.19803370786516855 0.5702380952380952 0.16853932584269662 0.513095238095238 0.17837078651685392
1 0.5178571428571429 0.15870786516853932 0.5904761904761905 0.1544943820224719 0.5857142857142857 0.11797752808988764 0.5166666666666667 0.12078651685393259
1 0.675 0.1896067415730337 0.7440476190476191 0.1797752808988764 0.7416666666666667 0.14747191011235955 0.6714285714285714 0.15730337078651685
1 0.7101190476190476 0.2169943820224719 0.058333333333333334 0.032303370786516857
1 0.6642857142857143 0.3321629213483146 0.030952380952380953 0.07724719101123595
1 0.6761904761904762 0.5070224719101124 0.7273809523809524 0.5575842696629213 0.7440476190476191 0.5337078651685393 0.6952380952380952 0.48314606741573035
1 0.8208333333333333 0.6446629213483146 0.07023809523809524 0.03089887640449438
1 0.8571428571428571 0.7106741573033708 0.7869047619047619 0.7036516853932584 0.7892857142857143 0.6713483146067416 0.8595238095238096 0.6783707865168539
1 0.7916666666666666 0.7654494382022472 0.861904761904762 0.7542134831460674 0.8571428571428571 0.7219101123595506 0.7869047619047619 0.7317415730337079
1 0.825 0.788623595505618 0.06904761904761905 0.032303370786516857