1 0.11785714285714285 0.4058988764044944 0.1738095238095238 0.38202247191011235 0.16547619047619047 0.35814606741573035 0.11190476190476191 0.3792134831460674
1 0.2523809523809524 0.24578651685393257 0.2119047619047619 0.2907303370786517 0.19404761904761905 0.27247191011235955 0.2357142857142857 0.22331460674157302
1 0.2714285714285714 0.29634831460674155 0.22142857142857142 0.3553370786516854 0.20357142857142857 0.3356741573033708 0.24761904761904763 0.27668539325842695
1 0.2654761904761905 0.35252808988764045 0.24166666666666667 0.40730337078651685 0.21904761904761905 0.398876404494382 0.24523809523809523 0.3398876404494382
1 0.2857142857142857 0.41292134831460675 0.2357142857142857 0.45646067415730335 0.22023809523809523 0.4311797752808989 0.2702380952380952 0.3890449438202247
1 0.1619047619047619 0.5154494382022472 0.1392857142857143 0.5168539325842697 0.1380952380952381 0.44241573033707865 0.1619047619047619 0.44241573033707865
1 0.2976190476190476 0.46769662921348315 0.25595238095238093 0.526685393258427 0.23333333333333334 0.5070224719101124 0.2785714285714286 0.4452247191011236
1 0.30238095238095236 0.5491573033707865 0.25595238095238093 0.5730337078651685 0.23809523809523808 0.5491573033707865 0.2904761904761905 0.5210674157303371
1 0.29523809523809524 0.5955056179775281 0.2523809523809524 0.6306179775280899 0.2357142857142857 0.6039325842696629 0.2833333333333333 0.5688202247191011
1 0.5666666666666667 0.7851123595505618 0.6107142857142858 0.7823033707865169 0.6154761904761905 0.8792134831460674 0.5761904761904761 0.8848314606741573
1 0.8547619047619047 0.6558988764044944 0.9 0.6137640449438202 0.8821428571428571 0.5898876404494382 0.8357142857142857 0.6362359550561798
1 0.7488095238095238 0.6025280898876404 0.8154761904761905 0.5660112359550562 0.8 0.5379213483146067 0.7357142857142858 0.577247191011236
1 0.7404761904761905 0.5603932584269663 0.7952380952380952 0.5098314606741573 0.775 0.4789325842696629 0.719047619047619 0.5323033707865169
0 0.6059523809523809 0.7387640449438202 0.5678571428571428 0.7457865168539326 0.5452380952380952 0.5730337078651685 0.5821428571428572 0.5730337078651685
0 0.5404761904761904 0.5379213483146067 0.5869047619047619 0.5323033707865169 0.5607142857142857 0.3356741573033708 0.5226190476190476 0.34129213483146065
0 0.5190476190476191 0.3146067415730337 0.5630952380952381 0.3047752808988764 0.5273809523809524 0.12780898876404495 0.48333333333333334 0.13764044943820225
1 0.7583333333333333 0.1853932584269663 0.763095238095238 0.1348314606741573 0.6738095238095239 0.1348314606741573 0.6678571428571428 0.175561797752809
1 0.763095238095238 0.2247191011235955 0.7595238095238095 0.19382022471910113 0.6821428571428572 0.199438202247191 0.6869047619047619 0.22893258426966293
1 0.8571428571428571 0.22752808988764045 0.9071428571428571 0.20786516853932585 0.9047619047619048 0.17696629213483145 0.8476190476190476 0.19241573033707865
1 0.8511904761904762 0.29353932584269665 0.905952380952381 0.2556179775280899 0.8904761904761904 0.2303370786516854 0.8333333333333334 0.2640449438202247
1 0.7511904761904762 0.3539325842696629 0.7583333333333333 0.32162921348314605 0.6845238095238095 0.30196629213483145 0.6821428571428572 0.33707865168539325
1 0.7476190476190476 0.3904494382022472 0.7535714285714286 0.3609550561797753 0.6797619047619048 0.351123595505618 0.6797619047619048 0.39325842696629215
1 0.8380952380952381 0.37780898876404495 0.8916666666666667 0.375 0.8857142857142857 0.33848314606741575 0.8321428571428572 0.3497191011235955
1 0.7857142857142857 0.45786516853932585 0.7380952380952381 0.43820224719101125 0.7333333333333333 0.46207865168539325 0.7833333333333333 0.4803370786516854
1 0.25357142857142856 0.7612359550561798 0.2642857142857143 0.7991573033707865 0.33095238095238094 0.75 0.319047619047619 0.723314606741573