1 0.1523809523809524 0.32303370786516855 0.18928571428571428 0.27247191011235955 0.17142857142857143 0.25140449438202245 0.13214285714285715 0.29775280898876405
1 0.12380952380952381 0.5154494382022472 0.1523809523809524 0.5140449438202247 0.15595238095238095 0.4396067415730337 0.1261904761904762 0.4353932584269663
1 0.3476190476190476 0.48735955056179775 0.3607142857142857 0.4691011235955056 0.32142857142857145 0.42134831460674155 0.30357142857142855 0.4438202247191011
1 0.49404761904761907 0.4887640449438202 0.5107142857142857 0.47331460674157305 0.4607142857142857 0.4101123595505618 0.44166666666666665 0.4311797752808989
1 0.5928571428571429 0.4957865168539326 0.6095238095238096 0.4691011235955056 0.555952380952381 0.41853932584269665 0.5380952380952381 0.4452247191011236
1 0.6190476190476191 0.42275280898876405 0.5988095238095238 0.4410112359550562 0.6428571428571429 0.4901685393258427 0.6619047619047619 0.47191011235955055
1 0.6714285714285714 0.42134831460674155 0.65 0.4396067415730337 0.6773809523809524 0.476123595505618 0.6928571428571428 0.4592696629213483
1 0.6988095238095238 0.4002808988764045 0.6845238095238095 0.41713483146067415 0.7238095238095238 0.46348314606741575 0.7392857142857143 0.4438202247191011
1 0.7380952380952381 0.3848314606741573 0.763095238095238 0.31320224719101125 0.7845238095238095 0.324438202247191 0.7571428571428571 0.39325842696629215
1 0.7880952380952381 0.2542134831460674 0.8678571428571429 0.25702247191011235 0.8678571428571429 0.2247191011235955 0.7880952380952381 0.22612359550561797
1 0.8023809523809524 0.21348314606741572 0.8726190476190476 0.21207865168539325 0.8726190476190476 0.17837078651685392 0.8011904761904762 0.1797752808988764
1 0.7928571428571428 0.13904494382022473 0.8702380952380953 0.13623595505617977 0.8702380952380953 0.17134831460674158 0.794047619047619 0.17415730337078653
1 0.6964285714285714 0.2050561797752809 0.7130952380952381 0.1853932584269663 0.669047619047619 0.12921348314606743 0.6511904761904762 0.14747191011235955
1 0.6452380952380953 0.33146067415730335 0.6892857142857143 0.26685393258426965 0.6666666666666666 0.25 0.6261904761904762 0.3146067415730337
1 0.5952380952380952 0.3455056179775281 0.6416666666666667 0.2808988764044944 0.6202380952380953 0.2612359550561798 0.5738095238095238 0.324438202247191
1 0.5071428571428571 0.32162921348314605 0.5523809523809524 0.273876404494382 0.5333333333333333 0.25280898876404495 0.49047619047619045 0.30196629213483145
1 0.45357142857142857 0.33146067415730335 0.49523809523809526 0.2710674157303371 0.47619047619047616 0.25140449438202245 0.430952380952381 0.31179775280898875
1 0.4035714285714286 0.3300561797752809 0.4357142857142857 0.28651685393258425 0.4142857142857143 0.26825842696629215 0.38571428571428573 0.3146067415730337
1 0.29642857142857143 0.32303370786516855 0.3547619047619048 0.2640449438202247 0.33690476190476193 0.24157303370786518 0.2761904761904762 0.30337078651685395