1 0.13333333333333333 0.30758426966292135 0.15833333333333333 0.29775280898876405 0.1357142857142857 0.23174157303370788 0.1130952380952381 0.24297752808988765
1 0.16547619047619047 0.33848314606741575 0.1976190476190476 0.3342696629213483 0.19285714285714287 0.25 0.1630952380952381 0.25140449438202245
1 0.39166666666666666 0.2303370786516854 0.42023809523809524 0.23595505617977527 0.430952380952381 0.16292134831460675 0.4035714285714286 0.15589887640449437
1 0.2785714285714286 0.33848314606741575 0.3523809523809524 0.34831460674157305 0.3535714285714286 0.31179775280898875 0.27976190476190477 0.30337078651685395
1 0.36904761904761907 0.4157303370786517 0.39404761904761904 0.4199438202247191 0.40714285714285714 0.33848314606741575 0.3773809523809524 0.33707865168539325
1 0.4142857142857143 0.42134831460674155 0.44047619047619047 0.4241573033707865 0.44642857142857145 0.34831460674157305 0.41785714285714287 0.34691011235955055
1 0.45357142857142857 0.42837078651685395 0.4797619047619048 0.42837078651685395 0.4797619047619048 0.3539325842696629 0.45714285714285713 0.3497191011235955
1 0.4976190476190476 0.3609550561797753 0.5261904761904762 0.36235955056179775 0.5238095238095238 0.4339887640449438 0.49523809523809526 0.43258426966292135
1 0.5178571428571429 0.5758426966292135 0.5392857142857143 0.577247191011236 0.5392857142857143 0.48735955056179775 0.5166666666666667 0.48735955056179775
1 0.4726190476190476 0.5491573033707865 0.49642857142857144 0.550561797752809 0.4988095238095238 0.47191011235955055 0.4738095238095238 0.46769662921348315
1 0.4142857142857143 0.5252808988764045 0.4380952380952381 0.5098314606741573 0.3976190476190476 0.4438202247191011 0.3761904761904762 0.46207865168539325
1 0.3821428571428571 0.5533707865168539 0.4035714285714286 0.5379213483146067 0.36904761904761907 0.47191011235955055 0.3476190476190476 0.48314606741573035
1 0.30833333333333335 0.5028089887640449 0.33095238095238094 0.5098314606741573 0.3404761904761905 0.4297752808988764 0.3142857142857143 0.4241573033707865
1 0.26785714285714285 0.5070224719101124 0.2916666666666667 0.5112359550561798 0.3011904761904762 0.42837078651685395 0.275 0.425561797752809
1 0.24404761904761904 0.5084269662921348 0.26666666666666666 0.49719101123595505 0.2369047619047619 0.4199438202247191 0.2130952380952381 0.4339887640449438
1 0.1261904761904762 0.43258426966292135 0.1523809523809524 0.425561797752809 0.1357142857142857 0.34269662921348315 0.10952380952380952 0.351123595505618
1 0.10595238095238095 0.5758426966292135 0.13333333333333333 0.5800561797752809 0.14166666666666666 0.5084269662921348 0.11547619047619048 0.5028089887640449
1 0.1595238095238095 0.7205056179775281 0.18571428571428572 0.7064606741573034 0.15 0.6390449438202247 0.1261904761904762 0.6587078651685393
1 0.2 0.7191011235955056 0.22976190476190475 0.7064606741573034 0.20238095238095238 0.6390449438202247 0.17857142857142858 0.6573033707865169
1 0.325 0.7710674157303371 0.35 0.773876404494382 0.3547619047619048 0.6882022471910112 0.3273809523809524 0.6867977528089888
1 0.38452380952380955 0.7682584269662921 0.40714285714285714 0.7598314606741573 0.39166666666666666 0.6896067415730337 0.36428571428571427 0.6980337078651685
1 0.4928571428571429 0.6896067415730337 0.4976190476190476 0.6643258426966292 0.430952380952381 0.6348314606741573 0.42023809523809524 0.6643258426966292
1 0.4880952380952381 0.7345505617977528 0.49404761904761907 0.7036516853932584 0.42738095238095236 0.6882022471910112 0.4226190476190476 0.7176966292134831
1 0.49047619047619045 0.7752808988764045 0.49047619047619045 0.7415730337078652 0.41785714285714287 0.7359550561797753 0.4142857142857143 0.7682584269662921
1 0.49047619047619045 0.8216292134831461 0.4880952380952381 0.7837078651685393 0.4107142857142857 0.7851123595505618 0.4119047619047619 0.8174157303370787
1 0.4595238095238095 0.8384831460674157 0.5226190476190476 0.8426966292134831 0.5238095238095238 0.8693820224719101 0.4607142857142857 0.8665730337078652
1 0.6869047619047619 0.8061797752808989 0.7607142857142857 0.8047752808988764 0.7607142857142857 0.7724719101123596 0.6845238095238095 0.7710674157303371
1 0.6916666666666667 0.7247191011235955 0.7595238095238095 0.7289325842696629 0.7642857142857142 0.7654494382022472 0.6916666666666667 0.7598314606741573
1 0.6892857142857143 0.6769662921348315 0.7595238095238095 0.6811797752808989 0.7595238095238095 0.7134831460674157 0.6880952380952381 0.7106741573033708
1 0.805952380952381 0.5730337078651685 0.8380952380952381 0.5786516853932584 0.844047619047619 0.49859550561797755 0.8130952380952381 0.4957865168539326