1 0.1380952380952381 0.6629213483146067 0.09761904761904762 0.648876404494382 0.10476190476190476 0.6221910112359551 0.14642857142857144 0.6390449438202247
1 0.33690476190476193 0.6896067415730337 0.4035714285714286 0.6980337078651685 0.40595238095238095 0.6629213483146067 0.3404761904761905 0.6544943820224719
1 0.3345238095238095 0.7401685393258427 0.4035714285714286 0.7415730337078652 0.4035714285714286 0.7120786516853933 0.3357142857142857 0.7064606741573034
1 0.3238095238095238 0.7837078651685393 0.4 0.7879213483146067 0.4 0.7528089887640449 0.325 0.7457865168539326
1 0.42738095238095236 0.8286516853932584 0.47023809523809523 0.7528089887640449 0.44285714285714284 0.7317415730337079 0.3964285714285714 0.8103932584269663
1 0.575 0.7991573033707865 0.6416666666666667 0.797752808988764 0.6428571428571429 0.7598314606741573 0.5726190476190476 0.7598314606741573
1 0.5761904761904761 0.7134831460674157 0.6440476190476191 0.7162921348314607 0.6440476190476191 0.7485955056179775 0.5761904761904761 0.7471910112359551
1 0.6071428571428571 0.6109550561797753 0.638095238095238 0.6109550561797753 0.6452380952380953 0.5337078651685393 0.6166666666666667 0.5252808988764045
1 0.5738095238095238 0.6095505617977528 0.6 0.6109550561797753 0.6047619047619047 0.5463483146067416 0.5797619047619048 0.5449438202247191
1 0.1392857142857143 0.3160112359550562 0.1392857142857143 0.39185393258426965 0.11666666666666667 0.39325842696629215 0.11071428571428571 0.3160112359550562
1 0.15714285714285714 0.3300561797752809 0.1880952380952381 0.33286516853932585 0.17976190476190476 0.39747191011235955 0.15595238095238095 0.3946629213483146
1 0.12142857142857143 0.5210674157303371 0.1488095238095238 0.523876404494382 0.15595238095238095 0.4452247191011236 0.12857142857142856 0.4438202247191011
1 0.16428571428571428 0.5533707865168539 0.19285714285714287 0.5547752808988764 0.1976190476190476 0.4648876404494382 0.17261904761904762 0.4606741573033708
1 0.6880952380952381 0.4901685393258427 0.7178571428571429 0.49157303370786515 0.725 0.40168539325842695 0.6964285714285714 0.398876404494382
1 0.7297619047619047 0.48314606741573035 0.7559523809523809 0.48735955056179775 0.7583333333333333 0.40870786516853935 0.7309523809523809 0.4044943820224719
1 0.7666666666666667 0.4859550561797753 0.794047619047619 0.48735955056179775 0.7952380952380952 0.40308988764044945 0.7666666666666667 0.40168539325842695
1 0.8023809523809524 0.4901685393258427 0.8273809523809523 0.49297752808988765 0.8321428571428572 0.41292134831460675 0.8047619047619048 0.41292134831460675
1 0.8416666666666667 0.2991573033707865 0.8833333333333333 0.24859550561797752 0.8607142857142858 0.22612359550561797 0.8214285714285714 0.27808988764044945
1 0.31785714285714284 0.2148876404494382 0.2916666666666667 0.17837078651685392 0.3119047619047619 0.16292134831460675 0.33690476190476193 0.20365168539325842