1 0.1130952380952381 0.33146067415730335 0.14285714285714285 0.3356741573033708 0.1523809523809524 0.2443820224719101 0.11785714285714285 0.23735955056179775
1 0.14642857142857144 0.4241573033707865 0.175 0.425561797752809 0.18333333333333332 0.3398876404494382 0.15357142857142858 0.33707865168539325
1 0.20357142857142857 0.36235955056179775 0.23333333333333334 0.3651685393258427 0.2392857142857143 0.27808988764044945 0.2119047619047619 0.273876404494382
1 0.17261904761904762 0.7148876404494382 0.20357142857142857 0.7134831460674157 0.21071428571428572 0.6292134831460674 0.1761904761904762 0.625
1 0.10952380952380952 0.7556179775280899 0.13095238095238096 0.7598314606741573 0.14523809523809525 0.6839887640449438 0.11904761904761904 0.6811797752808989
1 0.4928571428571429 0.8455056179775281 0.4928571428571429 0.8047752808988764 0.42023809523809524 0.8146067415730337 0.425 0.8525280898876404
1 0.43214285714285716 0.6853932584269663 0.5059523809523809 0.6896067415730337 0.5059523809523809 0.651685393258427 0.430952380952381 0.6474719101123596
1 0.44285714285714284 0.6039325842696629 0.5095238095238095 0.6067415730337079 0.5095238095238095 0.6390449438202247 0.44047619047619047 0.6390449438202247
1 0.6321428571428571 0.800561797752809 0.7119047619047619 0.7949438202247191 0.7119047619047619 0.7626404494382022 0.6333333333333333 0.7640449438202247
1 0.7119047619047619 0.8455056179775281 0.7869047619047619 0.8230337078651685 0.7773809523809524 0.7879213483146067 0.7011904761904761 0.8132022471910112
1 0.7988095238095239 0.7401685393258427 0.8047619047619048 0.7752808988764045 0.7261904761904762 0.7991573033707865 0.7202380952380952 0.7682584269662921
1 0.7083333333333334 0.7162921348314607 0.7857142857142857 0.6938202247191011 0.7964285714285714 0.726123595505618 0.7178571428571429 0.7485955056179775
1 0.7261904761904762 0.6615168539325843 0.7880952380952381 0.648876404494382 0.7916666666666666 0.6769662921348315 0.7309523809523809 0.6938202247191011
1 0.7345238095238096 0.601123595505618 0.7988095238095239 0.5870786516853933 0.8035714285714286 0.6179775280898876 0.7380952380952381 0.6376404494382022
1 0.6630952380952381 0.6544943820224719 0.7285714285714285 0.6390449438202247 0.725 0.6081460674157303 0.6583333333333333 0.6221910112359551
1 0.6488095238095238 0.5730337078651685 0.7202380952380952 0.5603932584269663 0.7238095238095238 0.5955056179775281 0.6488095238095238 0.6109550561797753
1 0.7071428571428572 0.49859550561797755 0.780952380952381 0.4887640449438202 0.7773809523809524 0.45224719101123595 0.7023809523809523 0.4606741573033708
1 0.5535714285714286 0.44803370786516855 0.5892857142857143 0.44241573033707865 0.5845238095238096 0.36235955056179775 0.5523809523809524 0.3651685393258427
1 0.4607142857142857 0.4297752808988764 0.5333333333333333 0.4241573033707865 0.530952380952381 0.38764044943820225 0.4607142857142857 0.39325842696629215
1 0.6154761904761905 0.36657303370786515 0.6833333333333333 0.32724719101123595 0.6738095238095239 0.300561797752809 0.6071428571428571 0.33286516853932585
2 0.444047619047619 0.28370786516853935 0.5273809523809524 0.2893258426966292 0.5285714285714286 0.25140449438202245 0.44761904761904764 0.24297752808988765
1 0.6035714285714285 0.30758426966292135 0.669047619047619 0.2893258426966292 0.6619047619047619 0.2640449438202247 0.5988095238095238 0.27808988764044945
1 0.7464285714285714 0.2851123595505618 0.7380952380952381 0.2542134831460674 0.6714285714285714 0.273876404494382 0.6797619047619048 0.30337078651685395
1 0.669047619047619 0.2443820224719101 0.6702380952380952 0.21769662921348315 0.6059523809523809 0.22612359550561797 0.6107142857142858 0.24578651685393257
1 0.7273809523809524 0.19662921348314608 0.7226190476190476 0.1699438202247191 0.6654761904761904 0.175561797752809 0.6714285714285714 0.2050561797752809