1 0.14642857142857144 0.5828651685393258 0.14285714285714285 0.6193820224719101 0.2130952380952381 0.6306179775280899 0.21904761904761905 0.5955056179775281
1 0.5392857142857143 0.4438202247191011 0.5642857142857143 0.4410112359550562 0.5654761904761905 0.3497191011235955 0.5345238095238095 0.34831460674157305
1 0.5488095238095239 0.5856741573033708 0.6130952380952381 0.6151685393258427 0.6130952380952381 0.5758426966292135 0.5607142857142857 0.5491573033707865
1 0.6107142857142858 0.5379213483146067 0.6773809523809524 0.5337078651685393 0.680952380952381 0.5730337078651685 0.6142857142857143 0.5758426966292135
1 0.719047619047619 0.5688202247191011 0.7357142857142858 0.5435393258426966 0.6904761904761905 0.4887640449438202 0.6702380952380952 0.5168539325842697
1 0.7761904761904762 0.5 0.7857142857142857 0.46769662921348315 0.7380952380952381 0.43679775280898875 0.7261904761904762 0.4747191011235955
1 0.7714285714285715 0.21067415730337077 0.780952380952381 0.18258426966292135 0.7297619047619047 0.15870786516853932 0.7214285714285714 0.1853932584269663
1 0.7785714285714286 0.2640449438202247 0.7880952380952381 0.22612359550561797 0.7178571428571429 0.20224719101123595 0.7083333333333334 0.23314606741573032
1 0.7714285714285715 0.3258426966292135 0.7845238095238095 0.30196629213483145 0.7285714285714285 0.2612359550561798 0.7154761904761905 0.2893258426966292
1 0.7714285714285715 0.38202247191011235 0.7857142857142857 0.35814606741573035 0.7297619047619047 0.3188202247191011 0.7166666666666667 0.34691011235955055
1 0.7678571428571429 0.4396067415730337 0.7821428571428571 0.4157303370786517 0.7357142857142858 0.38202247191011235 0.7202380952380952 0.40870786516853935
1 0.611904761904762 0.6938202247191011 0.6773809523809524 0.6980337078651685 0.6785714285714286 0.6657303370786517 0.6130952380952381 0.6615168539325843
1 0.6333333333333333 0.7191011235955056 0.6214285714285714 0.7514044943820225 0.6880952380952381 0.7752808988764045 0.6976190476190476 0.7401685393258427
1 0.7892857142857143 0.8441011235955056 0.7964285714285714 0.8089887640449438 0.7357142857142858 0.7879213483146067 0.7285714285714285 0.8258426966292135