1 0.33214285714285713 0.15870786516853932 0.3952380952380952 0.16853932584269662 0.39880952380952384 0.13202247191011235 0.3345238095238095 0.12640449438202248
1 0.6738095238095239 0.1601123595505618 0.7380952380952381 0.14606741573033707 0.7321428571428571 0.11938202247191011 0.6702380952380952 0.13342696629213482
2 0.7321428571428571 0.41151685393258425 0.8166666666666667 0.39185393258426965 0.8083333333333333 0.3553370786516854 0.7238095238095238 0.3693820224719101
1 0.7023809523809523 0.2851123595505618 0.775 0.2654494382022472 0.7666666666666667 0.23314606741573032 0.7 0.25
1 0.7142857142857143 0.33848314606741575 0.7904761904761904 0.3160112359550562 0.7797619047619048 0.2851123595505618 0.7047619047619048 0.30196629213483145
1 0.7833333333333333 0.3258426966292135 0.7880952380952381 0.3539325842696629 0.7214285714285714 0.36797752808988765 0.7142857142857143 0.3398876404494382
1 0.7 0.4592696629213483 0.7261904761904762 0.45365168539325845 0.7095238095238096 0.36797752808988765 0.6797619047619048 0.375
1 0.4083333333333333 0.24297752808988765 0.475 0.23314606741573032 0.46904761904761905 0.199438202247191 0.4023809523809524 0.21067415730337077
1 0.42857142857142855 0.2542134831460674 0.4226190476190476 0.2949438202247191 0.49404761904761907 0.3103932584269663 0.5 0.2696629213483146
1 0.530952380952381 0.34269662921348315 0.5988095238095238 0.34691011235955055 0.5988095238095238 0.3146067415730337 0.5297619047619048 0.31179775280898875
1 0.555952380952381 0.3553370786516854 0.5488095238095239 0.37640449438202245 0.6071428571428571 0.40168539325842695 0.6142857142857143 0.37780898876404495
1 0.6035714285714285 0.46207865168539325 0.6178571428571429 0.42275280898876405 0.555952380952381 0.39325842696629215 0.544047619047619 0.41713483146067415
1 0.6345238095238095 0.5603932584269663 0.6392857142857142 0.5224719101123596 0.5761904761904761 0.49719101123595505 0.5642857142857143 0.5294943820224719
1 0.6369047619047619 0.6109550561797753 0.6464285714285715 0.5800561797752809 0.5869047619047619 0.550561797752809 0.5773809523809523 0.5842696629213483
1 0.41309523809523807 0.6699438202247191 0.44047619047619047 0.6629213483146067 0.42738095238095236 0.5575842696629213 0.3880952380952381 0.5688202247191011
0 0.42142857142857143 0.7556179775280899 0.4523809523809524 0.7443820224719101 0.47619047619047616 0.8735955056179775 0.444047619047619 0.8834269662921348
1 0.6535714285714286 0.7176966292134831 0.6607142857142857 0.6910112359550562 0.6130952380952381 0.6615168539325843 0.5988095238095238 0.6924157303370787
1 0.669047619047619 0.776685393258427 0.6773809523809524 0.7443820224719101 0.6095238095238096 0.7205056179775281 0.6 0.7514044943820225
1 0.7226190476190476 0.7134831460674157 0.7666666666666667 0.6474719101123596 0.7476190476190476 0.6278089887640449 0.7 0.6938202247191011
1 0.7226190476190476 0.7457865168539326 0.7511904761904762 0.7654494382022472 0.780952380952381 0.6867977528089888 0.7583333333333333 0.6699438202247191
1 0.7345238095238096 0.8370786516853933 0.7880952380952381 0.7991573033707865 0.8047619047619048 0.8314606741573034 0.7535714285714286 0.8679775280898876
1 0.6416666666666667 0.824438202247191 0.625 0.8539325842696629 0.6821428571428572 0.8792134831460674 0.6928571428571428 0.8553370786516854
1 0.225 0.4002808988764045 0.25 0.39185393258426965 0.2357142857142857 0.3103932584269663 0.20833333333333334 0.31741573033707865
1 0.22380952380952382 0.6558988764044944 0.2488095238095238 0.648876404494382 0.2357142857142857 0.5617977528089888 0.20595238095238094 0.5674157303370787