1 0.11071428571428571 0.2949438202247191 0.1392857142857143 0.2949438202247191 0.1357142857142857 0.20646067415730338 0.10952380952380952 0.2050561797752809
1 0.19285714285714287 0.5856741573033708 0.225 0.5814606741573034 0.21904761904761905 0.49157303370786515 0.19166666666666668 0.4901685393258427
1 0.7559523809523809 0.20646067415730338 0.7714285714285715 0.17696629213483145 0.7119047619047619 0.13764044943820225 0.6964285714285714 0.16713483146067415
1 0.8392857142857143 0.175561797752809 0.8761904761904762 0.13764044943820225 0.8547619047619047 0.1151685393258427 0.8214285714285714 0.1601123595505618
1 0.7714285714285715 0.2612359550561798 0.7845238095238095 0.2345505617977528 0.725 0.19382022471910113 0.7071428571428572 0.22191011235955055
1 0.7678571428571429 0.32303370786516855 0.7773809523809524 0.300561797752809 0.7345238095238096 0.26825842696629215 0.7226190476190476 0.2907303370786517
1 0.7678571428571429 0.375 0.7785714285714286 0.3497191011235955 0.7380952380952381 0.3146067415730337 0.7238095238095238 0.33848314606741575
1 0.8357142857142857 0.34691011235955055 0.8666666666666667 0.34691011235955055 0.8666666666666667 0.25842696629213485 0.8333333333333334 0.25702247191011235
1 0.8369047619047619 0.5196629213483146 0.8690476190476191 0.5126404494382022 0.8607142857142858 0.43258426966292135 0.825 0.4339887640449438
1 0.7547619047619047 0.4396067415730337 0.775 0.42134831460674155 0.7416666666666667 0.37359550561797755 0.7214285714285714 0.3904494382022472
1 0.7583333333333333 0.48735955056179775 0.7607142857142857 0.45365168539325845 0.6952380952380952 0.4396067415730337 0.6892857142857143 0.47752808988764045
1 0.7178571428571429 0.5856741573033708 0.7273809523809524 0.550561797752809 0.7928571428571428 0.5828651685393258 0.7821428571428571 0.6151685393258427
1 0.7297619047619047 0.6601123595505618 0.7976190476190477 0.6573033707865169 0.794047619047619 0.6179775280898876 0.7321428571428571 0.6235955056179775
1 0.7309523809523809 0.6938202247191011 0.7904761904761904 0.7078651685393258 0.7976190476190477 0.6769662921348315 0.7380952380952381 0.6601123595505618
1 0.794047619047619 0.7584269662921348 0.794047619047619 0.726123595505618 0.7333333333333333 0.7106741573033708 0.7261904761904762 0.7443820224719101
1 0.7880952380952381 0.8174157303370787 0.8 0.7921348314606742 0.7464285714285714 0.7640449438202247 0.736904761904762 0.7907303370786517
1 0.780952380952381 0.8665730337078652 0.7976190476190477 0.8412921348314607 0.7440476190476191 0.8047752808988764 0.7273809523809524 0.8314606741573034
1 0.5416666666666666 0.8735955056179775 0.5428571428571428 0.776685393258427 0.5714285714285714 0.7752808988764045 0.5702380952380952 0.8721910112359551