0 0.20952380952380953 0.7949438202247191 0.20476190476190476 0.8426966292134831 0.09166666666666666 0.8370786516853933 0.09404761904761905 0.7921348314606742
0 0.22380952380952382 0.7935393258426966 0.22023809523809523 0.848314606741573 0.39166666666666666 0.8525280898876404 0.39404761904761904 0.8033707865168539
1 0.5214285714285715 0.773876404494382 0.5369047619047619 0.6910112359550562 0.5630952380952381 0.7008426966292135 0.5547619047619048 0.7837078651685393
1 0.5904761904761905 0.6376404494382022 0.6190476190476191 0.6390449438202247 0.6226190476190476 0.5491573033707865 0.5880952380952381 0.547752808988764
1 0.6428571428571429 0.6264044943820225 0.6714285714285714 0.625 0.6714285714285714 0.5379213483146067 0.6440476190476191 0.5365168539325843
1 0.6892857142857143 0.6081460674157303 0.7178571428571429 0.6109550561797753 0.719047619047619 0.5435393258426966 0.6916666666666667 0.5421348314606742
1 0.7357142857142858 0.5842696629213483 0.7666666666666667 0.577247191011236 0.763095238095238 0.4901685393258427 0.7309523809523809 0.4887640449438202
1 0.5964285714285714 0.5280898876404494 0.6285714285714286 0.526685393258427 0.6321428571428571 0.43258426966292135 0.5964285714285714 0.4297752808988764
1 0.638095238095238 0.5084269662921348 0.6678571428571428 0.5084269662921348 0.669047619047619 0.42696629213483145 0.6392857142857142 0.42696629213483145
1 0.6845238095238095 0.476123595505618 0.7214285714285714 0.4747191011235955 0.719047619047619 0.3848314606741573 0.6821428571428572 0.3848314606741573
1 0.5880952380952381 0.3258426966292135 0.625 0.3258426966292135 0.6238095238095238 0.23876404494382023 0.5928571428571429 0.23595505617977527
1 0.6416666666666667 0.29353932584269665 0.6761904761904762 0.29213483146067415 0.675 0.3848314606741573 0.638095238095238 0.3848314606741573
1 0.6880952380952381 0.3441011235955056 0.7154761904761905 0.3441011235955056 0.7154761904761905 0.26685393258426965 0.6880952380952381 0.26825842696629215
1 0.6892857142857143 0.22752808988764045 0.7202380952380952 0.22752808988764045 0.7178571428571429 0.14325842696629212 0.6904761904761905 0.1404494382022472
1 0.6416666666666667 0.23174157303370788 0.675 0.23314606741573032 0.6726190476190477 0.1404494382022472 0.6428571428571429 0.14325842696629212
1 0.5964285714285714 0.17415730337078653 0.6285714285714286 0.17415730337078653 0.6285714285714286 0.11797752808988764 0.594047619047619 0.11797752808988764