1 0.15595238095238095 0.3693820224719101 0.15714285714285714 0.33707865168539325 0.09761904761904762 0.33146067415730335 0.09404761904761905 0.36235955056179775
1 0.14166666666666666 0.4943820224719101 0.11428571428571428 0.48735955056179775 0.10238095238095238 0.5800561797752809 0.1261904761904762 0.5856741573033708
1 0.1595238095238095 0.5688202247191011 0.15357142857142858 0.49297752808988765 0.18095238095238095 0.4887640449438202 0.18214285714285713 0.5660112359550562
1 0.5333333333333333 0.199438202247191 0.6083333333333333 0.21207865168539325 0.6095238095238096 0.17696629213483145 0.530952380952381 0.16713483146067415
1 0.5023809523809524 0.26825842696629215 0.5857142857142857 0.28370786516853935 0.5892857142857143 0.2443820224719101 0.5059523809523809 0.22893258426966293
1 0.4666666666666667 0.37359550561797755 0.5523809523809524 0.39747191011235955 0.5595238095238095 0.3595505617977528 0.47023809523809523 0.33286516853932585
1 0.44047619047619047 0.4199438202247191 0.513095238095238 0.44241573033707865 0.5202380952380953 0.40730337078651685 0.44761904761904764 0.3792134831460674
1 0.5369047619047619 0.6264044943820225 0.6166666666666667 0.6432584269662921 0.6214285714285714 0.6039325842696629 0.5392857142857143 0.5898876404494382
1 0.5404761904761904 0.726123595505618 0.6130952380952381 0.7387640449438202 0.6154761904761905 0.7050561797752809 0.5428571428571428 0.6910112359550562
1 0.5261904761904762 0.7724719101123596 0.6095238095238096 0.7893258426966292 0.611904761904762 0.7556179775280899 0.5285714285714286 0.7359550561797753
1 0.525 0.8258426966292135 0.5928571428571429 0.8398876404494382 0.5976190476190476 0.8089887640449438 0.5285714285714286 0.7907303370786517
1 0.694047619047619 0.6713483146067416 0.7214285714285714 0.6896067415730337 0.75 0.6067415730337079 0.7178571428571429 0.5898876404494382
1 0.6726190476190477 0.5646067415730337 0.7595238095238095 0.5786516853932584 0.7642857142857142 0.5393258426966292 0.675 0.5252808988764045
1 0.6916666666666667 0.5140449438202247 0.7702380952380953 0.5308988764044944 0.7761904761904762 0.4943820224719101 0.6976190476190476 0.47191011235955055
1 0.7285714285714285 0.17696629213483145 0.8142857142857143 0.18258426966292135 0.8154761904761905 0.14747191011235955 0.7273809523809524 0.13623595505617977
1 0.7285714285714285 0.22191011235955055 0.8083333333333333 0.2345505617977528 0.8107142857142857 0.199438202247191 0.7297619047619047 0.1853932584269663
1 0.7238095238095238 0.27808988764044945 0.8047619047619048 0.2907303370786517 0.8071428571428572 0.25140449438202245 0.7273809523809524 0.23876404494382023
1 0.7142857142857143 0.32724719101123595 0.7952380952380952 0.3398876404494382 0.7976190476190477 0.30196629213483145 0.719047619047619 0.2893258426966292
1 0.705952380952381 0.40168539325842695 0.780952380952381 0.40308988764044945 0.7845238095238095 0.3707865168539326 0.7047619047619048 0.36657303370786515
1 0.6952380952380952 0.45224719101123595 0.7714285714285715 0.4691011235955056 0.775 0.42837078651685395 0.7011904761904761 0.4143258426966292