1 0.3202380952380952 0.15870786516853932 0.4023809523809524 0.16292134831460675 0.4023809523809524 0.12780898876404495 0.31785714285714284 0.12780898876404495
1 0.30833333333333335 0.20646067415730338 0.38452380952380955 0.21348314606741572 0.38452380952380955 0.17275280898876405 0.3119047619047619 0.16713483146067415
1 0.12738095238095237 0.47752808988764045 0.12261904761904761 0.5084269662921348 0.2 0.5140449438202247 0.2011904761904762 0.4859550561797753
1 0.17142857142857143 0.7514044943820225 0.20595238095238094 0.7570224719101124 0.22023809523809523 0.6741573033707865 0.18452380952380953 0.6629213483146067
1 0.31785714285714284 0.5224719101123596 0.39166666666666666 0.5224719101123596 0.39166666666666666 0.4901685393258427 0.319047619047619 0.48735955056179775
1 0.43452380952380953 0.4199438202247191 0.4095238095238095 0.44803370786516855 0.4607142857142857 0.5042134831460674 0.4797619047619048 0.4803370786516854
1 0.5297619047619048 0.29213483146067415 0.5761904761904761 0.22191011235955055 0.5511904761904762 0.20224719101123595 0.5059523809523809 0.27247191011235955
1 0.5964285714285714 0.23735955056179775 0.6297619047619047 0.24157303370786518 0.6416666666666667 0.15168539325842698 0.611904761904762 0.14325842696629212
1 0.669047619047619 0.5252808988764045 0.7023809523809523 0.523876404494382 0.7023809523809523 0.4199438202247191 0.6630952380952381 0.4199438202247191
1 0.8333333333333334 0.5491573033707865 0.8666666666666667 0.5449438202247191 0.8523809523809524 0.4438202247191011 0.8142857142857143 0.45365168539325845
1 0.6988095238095238 0.7528089887640449 0.7380952380952381 0.7528089887640449 0.7404761904761905 0.6460674157303371 0.705952380952381 0.648876404494382
1 0.6154761904761905 0.7794943820224719 0.6464285714285715 0.7682584269662921 0.6678571428571428 0.8665730337078652 0.638095238095238 0.8764044943820225
1 0.430952380952381 0.5182584269662921 0.42023809523809524 0.5589887640449438 0.5 0.577247191011236 0.5119047619047619 0.5337078651685393
1 0.32142857142857145 0.5688202247191011 0.39166666666666666 0.5800561797752809 0.39404761904761904 0.5449438202247191 0.3238095238095238 0.5365168539325843
1 0.30714285714285716 0.6334269662921348 0.3904761904761905 0.6320224719101124 0.39285714285714285 0.5926966292134831 0.305952380952381 0.5884831460674157
1 0.2976190476190476 0.7050561797752809 0.38452380952380955 0.7036516853932584 0.38452380952380955 0.6587078651685393 0.3 0.6657303370786517
1 0.2988095238095238 0.7317415730337079 0.2857142857142857 0.7626404494382022 0.375 0.7907303370786517 0.38452380952380955 0.7584269662921348
1 0.30357142857142855 0.7837078651685393 0.2916666666666667 0.8146067415730337 0.36547619047619045 0.851123595505618 0.375 0.8230337078651685
1 0.2488095238095238 0.8230337078651685 0.28214285714285714 0.8216292134831461 0.27976190476190477 0.8876404494382022 0.2488095238095238 0.8890449438202247