1 0.14285714285714285 0.29353932584269665 0.20952380952380953 0.29213483146067415 0.20952380952380953 0.2612359550561798 0.14404761904761904 0.2612359550561798
1 0.12976190476190477 0.3792134831460674 0.20357142857142857 0.398876404494382 0.21071428571428572 0.3637640449438202 0.1392857142857143 0.34691011235955055
1 0.1261904761904762 0.4353932584269663 0.20238095238095238 0.43820224719101125 0.20238095238095238 0.4002808988764045 0.1261904761904762 0.398876404494382
1 0.1261904761904762 0.4887640449438202 0.1976190476190476 0.4859550561797753 0.1988095238095238 0.44803370786516855 0.12857142857142856 0.44803370786516855
1 0.11904761904761904 0.5449438202247191 0.19642857142857142 0.5252808988764045 0.18452380952380953 0.4901685393258427 0.1130952380952381 0.5098314606741573
1 0.12857142857142856 0.6657303370786517 0.19285714285714287 0.6685393258426966 0.19523809523809524 0.6348314606741573 0.12976190476190477 0.6306179775280899
1 0.11666666666666667 0.7092696629213483 0.18571428571428572 0.7134831460674157 0.1869047619047619 0.6783707865168539 0.12142857142857143 0.6741573033707865
1 0.10357142857142858 0.7598314606741573 0.17261904761904762 0.7556179775280899 0.1738095238095238 0.723314606741573 0.10357142857142858 0.7289325842696629
1 0.29523809523809524 0.8300561797752809 0.3416666666666667 0.7654494382022472 0.3238095238095238 0.7471910112359551 0.2773809523809524 0.8146067415730337
1 0.3404761904761905 0.5393258426966292 0.37023809523809526 0.5365168539325843 0.37142857142857144 0.44241573033707865 0.3404761904761905 0.4438202247191011
1 0.3404761904761905 0.4199438202247191 0.37023809523809526 0.42837078651685395 0.38333333333333336 0.34129213483146065 0.3547619047619048 0.3356741573033708
1 0.36428571428571427 0.21067415730337077 0.3869047619047619 0.20926966292134833 0.3904761904761905 0.12921348314606743 0.3630952380952381 0.12921348314606743
1 0.35833333333333334 0.3188202247191011 0.38452380952380955 0.3188202247191011 0.38571428571428573 0.23595505617977527 0.35714285714285715 0.23314606741573032
1 0.49047619047619045 0.30196629213483145 0.5226190476190476 0.2991573033707865 0.5226190476190476 0.21769662921348315 0.4928571428571429 0.21910112359550563
1 0.6416666666666667 0.3497191011235955 0.6761904761904762 0.351123595505618 0.6785714285714286 0.2612359550561798 0.6464285714285715 0.2612359550561798
1 0.6880952380952381 0.526685393258427 0.7142857142857143 0.5294943820224719 0.719047619047619 0.449438202247191 0.6880952380952381 0.44803370786516855
1 0.8595238095238096 0.39325842696629215 0.8809523809523809 0.3946629213483146 0.8821428571428571 0.31179775280898875 0.8583333333333333 0.31179775280898875
1 0.8583333333333333 0.7471910112359551 0.8892857142857142 0.7485955056179775 0.8892857142857142 0.6685393258426966 0.861904761904762 0.6643258426966292