1 0.17857142857142858 0.20786516853932585 0.24761904761904763 0.20365168539325842 0.24642857142857144 0.16713483146067415 0.17261904761904762 0.17134831460674158
1 0.37023809523809526 0.2640449438202247 0.3964285714285714 0.26685393258426965 0.4 0.17837078651685392 0.375 0.17837078651685392
1 0.16904761904761906 0.30196629213483145 0.23809523809523808 0.29775280898876405 0.2392857142857143 0.2640449438202247 0.16666666666666666 0.2654494382022472
1 0.17142857142857143 0.3707865168539326 0.23452380952380952 0.37359550561797755 0.2357142857142857 0.34129213483146065 0.17023809523809524 0.3398876404494382
1 0.1761904761904762 0.4101123595505618 0.2392857142857143 0.41853932584269665 0.24166666666666667 0.3862359550561798 0.1773809523809524 0.375
1 0.35833333333333334 0.48314606741573035 0.3892857142857143 0.48314606741573035 0.3952380952380952 0.40168539325842695 0.36428571428571427 0.398876404494382
1 0.15595238095238095 0.47331460674157305 0.23214285714285715 0.476123595505618 0.23214285714285715 0.43679775280898875 0.15595238095238095 0.43679775280898875
1 0.14761904761904762 0.5308988764044944 0.225 0.5294943820224719 0.225 0.49157303370786515 0.14761904761904762 0.48735955056179775
1 0.1523809523809524 0.5955056179775281 0.2226190476190476 0.5730337078651685 0.21785714285714286 0.5393258426966292 0.14166666666666666 0.5603932584269663
1 0.14047619047619048 0.6390449438202247 0.2130952380952381 0.6587078651685393 0.22142857142857142 0.6264044943820225 0.1488095238095238 0.6081460674157303
1 0.12976190476190477 0.8117977528089888 0.2 0.8089887640449438 0.1988095238095238 0.7752808988764045 0.13095238095238096 0.7808988764044944
1 0.35833333333333334 0.5884831460674157 0.38452380952380955 0.5884831460674157 0.3880952380952381 0.5070224719101124 0.35714285714285715 0.5042134831460674
1 0.3523809523809524 0.7191011235955056 0.37976190476190474 0.7176966292134831 0.38095238095238093 0.6278089887640449 0.35595238095238096 0.6306179775280899
1 0.3476190476190476 0.8342696629213483 0.375 0.8300561797752809 0.38095238095238093 0.7415730337078652 0.3488095238095238 0.7401685393258427
1 0.5011904761904762 0.6151685393258427 0.5321428571428571 0.6123595505617978 0.5345238095238095 0.5337078651685393 0.4988095238095238 0.5337078651685393
1 0.4797619047619048 0.7710674157303371 0.5107142857142857 0.7710674157303371 0.5083333333333333 0.8693820224719101 0.47619047619047616 0.8693820224719101