1 0.29345238095238096 0.19171348314606743 0.02976190476190476 0.0800561797752809
1 0.2910714285714286 0.28019662921348315 0.02738095238095238 0.08567415730337079
1 0.2761904761904762 0.4241573033707865 0.30833333333333335 0.4199438202247191 0.3047619047619048 0.3342696629213483 0.275 0.3356741573033708
1 0.2714285714285714 0.5210674157303371 0.30238095238095236 0.5182584269662921 0.3011904761904762 0.43258426966292135 0.2702380952380952 0.4339887640449438
1 0.27976190476190477 0.5870786516853933 0.03333333333333333 0.08707865168539326
1 0.28273809523809523 0.7008426966292135 0.02976190476190476 0.0898876404494382
1 0.28214285714285714 0.8061797752808989 0.02619047619047619 0.07584269662921349
1 0.4095238095238095 0.5835674157303371 0.03333333333333333 0.09410112359550561
1 0.5017857142857143 0.4241573033707865 0.034523809523809526 0.08707865168539326
1 0.7083333333333334 0.21980337078651685 0.03333333333333333 0.09129213483146068
1 0.7345238095238096 0.5231741573033708 0.03333333333333333 0.08567415730337079
1 0.6886904761904762 0.5610955056179775 0.034523809523809526 0.09410112359550561