1 0.13214285714285715 0.5870786516853933 0.15833333333333333 0.5926966292134831 0.1595238095238095 0.5140449438202247 0.13452380952380952 0.5140449438202247
0 0.3880952380952381 0.3061797752808989 0.4297619047619048 0.3047752808988764 0.4380952380952381 0.14325842696629212 0.3976190476190476 0.14325842696629212
1 0.4869047619047619 0.21348314606741572 0.5154761904761904 0.21348314606741572 0.5178571428571429 0.13342696629213482 0.4869047619047619 0.13623595505617977
1 0.8 0.2148876404494382 0.8380952380952381 0.21207865168539325 0.8357142857142857 0.12640449438202248 0.794047619047619 0.13202247191011235
1 0.775 0.3089887640449438 0.8035714285714286 0.21769662921348315 0.8345238095238096 0.23174157303370788 0.8047619047619048 0.32162921348314605
1 0.65 0.23314606741573032 0.7226190476190476 0.24859550561797752 0.7297619047619047 0.21348314606741572 0.6547619047619048 0.19803370786516855
1 0.6511904761904762 0.3103932584269663 0.725 0.29775280898876405 0.7178571428571429 0.25702247191011235 0.6452380952380953 0.26825842696629215
1 0.48214285714285715 0.34691011235955055 0.5095238095238095 0.351123595505618 0.5166666666666667 0.2654494382022472 0.48333333333333334 0.2612359550561798
1 0.4726190476190476 0.4452247191011236 0.5059523809523809 0.44662921348314605 0.5107142857142857 0.3637640449438202 0.4773809523809524 0.36235955056179775
1 0.7202380952380952 0.4199438202247191 0.7571428571428571 0.425561797752809 0.7642857142857142 0.32303370786516855 0.725 0.324438202247191
1 0.6357142857142857 0.4157303370786517 0.7119047619047619 0.41853932584269665 0.7119047619047619 0.3792134831460674 0.6369047619047619 0.37780898876404495
1 0.625 0.4648876404494382 0.694047619047619 0.4789325842696629 0.7011904761904761 0.43820224719101125 0.6297619047619047 0.42837078651685395
1 0.7714285714285715 0.5519662921348315 0.8178571428571428 0.4943820224719101 0.794047619047619 0.46769662921348315 0.75 0.5337078651685393
1 0.7726190476190476 0.6348314606741573 0.8142857142857143 0.5660112359550562 0.7857142857142857 0.5421348314606742 0.7452380952380953 0.6081460674157303
1 0.7607142857142857 0.726123595505618 0.8011904761904762 0.6699438202247191 0.7797619047619048 0.6460674157303371 0.7380952380952381 0.7050561797752809
1 0.705952380952381 0.6207865168539326 0.7392857142857143 0.6235955056179775 0.7428571428571429 0.5351123595505618 0.7095238095238096 0.5379213483146067
1 0.6321428571428571 0.598314606741573 0.7 0.5997191011235955 0.7035714285714286 0.550561797752809 0.6297619047619047 0.5519662921348315
1 0.6273809523809524 0.5098314606741573 0.6928571428571428 0.5168539325842697 0.6976190476190476 0.48174157303370785 0.6285714285714286 0.48174157303370785
1 0.6190476190476191 0.7415730337078652 0.6916666666666667 0.7443820224719101 0.694047619047619 0.702247191011236 0.6202380952380953 0.7078651685393258
1 0.6226190476190476 0.7724719101123596 0.6952380952380952 0.7696629213483146 0.6952380952380952 0.8089887640449438 0.6238095238095238 0.8089887640449438
1 0.6095238095238096 0.8300561797752809 0.6833333333333333 0.8314606741573034 0.6833333333333333 0.8693820224719101 0.6095238095238096 0.8637640449438202
1 0.4583333333333333 0.7935393258426966 0.48333333333333334 0.7949438202247191 0.49047619047619045 0.7134831460674157 0.4607142857142857 0.7134831460674157
1 0.4666666666666667 0.6797752808988764 0.49523809523809526 0.6811797752808989 0.4976190476190476 0.5884831460674157 0.47023809523809523 0.5856741573033708
1 0.3523809523809524 0.827247191011236 0.38095238095238093 0.827247191011236 0.38452380952380955 0.7401685393258427 0.35119047619047616 0.7401685393258427
1 0.4166666666666667 0.5730337078651685 0.444047619047619 0.5730337078651685 0.4488095238095238 0.4845505617977528 0.41785714285714287 0.4803370786516854