1 0.28214285714285714 0.19241573033707865 0.3107142857142857 0.19101123595505617 0.3011904761904762 0.10814606741573034 0.2726190476190476 0.10814606741573034
1 0.2761904761904762 0.351123595505618 0.2916666666666667 0.3300561797752809 0.25595238095238093 0.29775280898876405 0.24285714285714285 0.3146067415730337
1 0.24642857142857144 0.38202247191011235 0.2619047619047619 0.36235955056179775 0.20595238095238094 0.3103932584269663 0.19047619047619047 0.32865168539325845
1 0.19523809523809524 0.3904494382022472 0.2130952380952381 0.3693820224719101 0.1630952380952381 0.31741573033707865 0.14761904761904762 0.33848314606741575
1 0.15476190476190477 0.4901685393258427 0.23333333333333334 0.48174157303370785 0.23214285714285715 0.44803370786516855 0.1523809523809524 0.4592696629213483
1 0.30238095238095236 0.47752808988764045 0.2857142857142857 0.5014044943820225 0.33690476190476193 0.5519662921348315 0.35 0.5323033707865169
1 0.44047619047619047 0.6839887640449438 0.4630952380952381 0.6853932584269663 0.4642857142857143 0.7682584269662921 0.44047619047619047 0.7682584269662921
1 0.44166666666666665 0.7752808988764045 0.4607142857142857 0.7710674157303371 0.47023809523809523 0.8525280898876404 0.44642857142857145 0.8581460674157303
1 0.5154761904761904 0.7247191011235955 0.5428571428571428 0.7176966292134831 0.5345238095238095 0.6460674157303371 0.5095238095238095 0.651685393258427
1 0.555952380952381 0.6278089887640449 0.5857142857142857 0.6221910112359551 0.5714285714285714 0.5365168539325843 0.544047619047619 0.5421348314606742
1 0.6476190476190476 0.5533707865168539 0.5928571428571429 0.4901685393258427 0.6154761904761905 0.46348314606741575 0.6654761904761904 0.5280898876404494
1 0.4452380952380952 0.41292134831460675 0.5071428571428571 0.39185393258426965 0.4976190476190476 0.36235955056179775 0.4357142857142857 0.38764044943820225
1 0.569047619047619 0.3890449438202247 0.6464285714285715 0.3792134831460674 0.6464285714285715 0.3455056179775281 0.5666666666666667 0.3497191011235955
1 0.6607142857142857 0.37780898876404495 0.7416666666666667 0.36657303370786515 0.7380952380952381 0.3342696629213483 0.655952380952381 0.33848314606741575
1 0.6845238095238095 0.5323033707865169 0.705952380952381 0.5182584269662921 0.6642857142857143 0.44803370786516855 0.6392857142857142 0.4648876404494382
1 0.7238095238095238 0.5098314606741573 0.7404761904761905 0.4901685393258427 0.6988095238095238 0.43258426966292135 0.6761904761904762 0.4550561797752809
1 0.8011904761904762 0.523876404494382 0.8226190476190476 0.49297752808988765 0.780952380952381 0.4241573033707865 0.7535714285714286 0.45224719101123595
1 0.8535714285714285 0.5112359550561798 0.8761904761904762 0.4943820224719101 0.8416666666666667 0.42837078651685395 0.8166666666666667 0.4452247191011236