1 0.36547619047619045 0.17415730337078653 0.3892857142857143 0.17415730337078653 0.39285714285714285 0.125 0.36666666666666664 0.12359550561797752
1 0.45595238095238094 0.18117977528089887 0.4857142857142857 0.18258426966292135 0.4857142857142857 0.11938202247191011 0.45595238095238094 0.11938202247191011
1 0.6 0.18117977528089887 0.6214285714285714 0.12640449438202248 0.5964285714285714 0.11376404494382023 0.5761904761904761 0.16853932584269662
1 0.7285714285714285 0.1896067415730337 0.7928571428571428 0.1853932584269663 0.7904761904761904 0.14606741573033707 0.7273809523809524 0.15589887640449437
1 0.85 0.16853932584269662 0.8904761904761904 0.21910112359550563 0.9047619047619048 0.19382022471910113 0.8654761904761905 0.14747191011235955
1 0.725 0.24297752808988765 0.7952380952380952 0.2401685393258427 0.7892857142857143 0.199438202247191 0.7202380952380952 0.20646067415730338
1 0.7273809523809524 0.26825842696629215 0.75 0.24297752808988765 0.7988095238095239 0.3061797752808989 0.7761904761904762 0.33286516853932585
1 0.7238095238095238 0.41292134831460675 0.7904761904761904 0.41292134831460675 0.7892857142857143 0.375 0.7214285714285714 0.3806179775280899
1 0.7273809523809524 0.4550561797752809 0.7869047619047619 0.449438202247191 0.7845238095238095 0.4199438202247191 0.725 0.42837078651685395
1 0.719047619047619 0.5042134831460674 0.7916666666666666 0.5 0.7904761904761904 0.4592696629213483 0.719047619047619 0.46769662921348315
1 0.7273809523809524 0.5575842696629213 0.7928571428571428 0.5533707865168539 0.7904761904761904 0.5168539325842697 0.7273809523809524 0.523876404494382
1 0.7154761904761905 0.5884831460674157 0.7880952380952381 0.5912921348314607 0.7892857142857143 0.5575842696629213 0.7142857142857143 0.5575842696629213
1 0.7226190476190476 0.6320224719101124 0.7869047619047619 0.6320224719101124 0.7869047619047619 0.6053370786516854 0.7238095238095238 0.6039325842696629
1 0.725 0.675561797752809 0.7869047619047619 0.6811797752808989 0.7833333333333333 0.6418539325842697 0.725 0.6460674157303371
1 0.8666666666666667 0.6137640449438202 0.9083333333333333 0.577247191011236 0.8952380952380953 0.5449438202247191 0.8476190476190476 0.5814606741573034
1 0.8678571428571429 0.7556179775280899 0.9083333333333333 0.7064606741573034 0.888095238095238 0.6741573033707865 0.844047619047619 0.7275280898876404
1 0.7285714285714285 0.7275280898876404 0.8023809523809524 0.7303370786516854 0.8 0.6910112359550562 0.7273809523809524 0.6980337078651685
1 0.7261904761904762 0.773876404494382 0.7976190476190477 0.7724719101123596 0.7988095238095239 0.7387640449438202 0.7273809523809524 0.7415730337078652
1 0.725 0.8160112359550562 0.7880952380952381 0.8174157303370787 0.7880952380952381 0.7837078651685393 0.7238095238095238 0.7865168539325843
1 0.5523809523809524 0.4002808988764045 0.5797619047619048 0.40168539325842695 0.5797619047619048 0.3188202247191011 0.5535714285714286 0.3188202247191011
1 0.4523809523809524 0.28370786516853935 0.4880952380952381 0.2851123595505618 0.48928571428571427 0.19803370786516855 0.45 0.20084269662921347
1 0.4035714285714286 0.29353932584269665 0.4357142857142857 0.29213483146067415 0.4380952380952381 0.2148876404494382 0.40476190476190477 0.21629213483146068
1 0.3595238095238095 0.7092696629213483 0.3892857142857143 0.7078651685393258 0.38571428571428573 0.6306179775280899 0.3595238095238095 0.6320224719101124
1 0.45357142857142857 0.7542134831460674 0.4857142857142857 0.7542134831460674 0.48095238095238096 0.8426966292134831 0.45357142857142857 0.8455056179775281