1 0.319047619047619 0.16853932584269662 0.3869047619047619 0.1502808988764045 0.37857142857142856 0.12219101123595505 0.3119047619047619 0.13623595505617977
1 0.32142857142857145 0.25 0.3892857142857143 0.23735955056179775 0.38452380952380955 0.2050561797752809 0.319047619047619 0.21769662921348315
1 0.3202380952380952 0.29634831460674155 0.37976190476190474 0.29634831460674155 0.38095238095238093 0.2598314606741573 0.3202380952380952 0.2640449438202247
1 0.30952380952380953 0.34691011235955055 0.3761904761904762 0.34831460674157305 0.3738095238095238 0.3089887640449438 0.3119047619047619 0.3047752808988764
1 0.305952380952381 0.3904494382022472 0.37142857142857144 0.3862359550561798 0.36904761904761907 0.35252808988764045 0.3047619047619048 0.3595505617977528
1 0.31785714285714284 0.43679775280898875 0.3726190476190476 0.43258426966292135 0.36904761904761907 0.40168539325842695 0.31666666666666665 0.4058988764044944
1 0.3238095238095238 0.4747191011235955 0.37857142857142856 0.476123595505618 0.37857142857142856 0.4438202247191011 0.3261904761904762 0.4438202247191011
1 0.319047619047619 0.5154494382022472 0.38333333333333336 0.5154494382022472 0.38333333333333336 0.48314606741573035 0.319047619047619 0.4803370786516854
1 0.319047619047619 0.6193820224719101 0.38452380952380955 0.6207865168539326 0.38571428571428573 0.5828651685393258 0.31785714285714284 0.5828651685393258
1 0.31547619047619047 0.6713483146067416 0.38571428571428573 0.6671348314606742 0.38333333333333336 0.6306179775280899 0.3130952380952381 0.6334269662921348
1 0.4142857142857143 0.7176966292134831 0.45714285714285713 0.6460674157303371 0.43333333333333335 0.6235955056179775 0.3904761904761905 0.6938202247191011
1 0.31785714285714284 0.7191011235955056 0.38333333333333336 0.7191011235955056 0.37857142857142856 0.6811797752808989 0.319047619047619 0.6853932584269663
1 0.31547619047619047 0.7710674157303371 0.38571428571428573 0.7570224719101124 0.3821428571428571 0.723314606741573 0.3119047619047619 0.7331460674157303
1 0.30833333333333335 0.8398876404494382 0.3761904761904762 0.8412921348314607 0.37857142857142856 0.8047752808988764 0.30833333333333335 0.800561797752809
1 0.4357142857142857 0.8370786516853933 0.3880952380952381 0.875 0.37142857142857144 0.8539325842696629 0.4226190476190476 0.8089887640449438
1 0.6797619047619048 0.18258426966292135 0.7035714285714286 0.1797752808988764 0.6964285714285714 0.11797752808988764 0.6726190476190477 0.11938202247191011