1 0.2833333333333333 0.3960674157303371 0.30833333333333335 0.3890449438202247 0.2904761904761905 0.31320224719101125 0.26071428571428573 0.32303370786516855
1 0.4011904761904762 0.3146067415730337 0.45476190476190476 0.3089887640449438 0.45595238095238094 0.33286516853932585 0.4035714285714286 0.34129213483146065
1 0.4297619047619048 0.37570224719101125 0.06666666666666667 0.032303370786516857
1 0.4666666666666667 0.43258426966292135 0.46190476190476193 0.40308988764044945 0.39166666666666666 0.41713483146067415 0.3964285714285714 0.44662921348314605
1 0.2220238095238095 0.4782303370786517 0.06547619047619048 0.0351123595505618
1 0.125 0.49157303370786515 0.05714285714285714 0.03089887640449438
3 0.4505952380952381 0.4922752808988764 0.08214285714285714 0.04073033707865169
1 0.2571428571428571 0.7745786516853933 0.06428571428571428 0.0351123595505618
1 0.25 0.8181179775280899 0.06428571428571428 0.02949438202247191
1 0.5773809523809523 0.6853932584269663 0.06428571428571428 0.033707865168539325
1 0.7613095238095238 0.8286516853932584 0.07261904761904762 0.028089887640449437
1 0.7779761904761905 0.6938202247191011 0.055952380952380955 0.033707865168539325
1 0.4589285714285714 0.6804775280898876 0.06547619047619048 0.02949438202247191
1 0.4392857142857143 0.19241573033707865 0.06428571428571428 0.028089887640449437
1 0.4023809523809524 0.2247191011235955 0.4642857142857143 0.22331460674157302 0.4642857142857143 0.25140449438202245 0.4023809523809524 0.25140449438202245
1 0.525 0.4901685393258427 0.5904761904761905 0.4957865168539326 0.5892857142857143 0.5294943820224719 0.5226190476190476 0.5196629213483146
1 0.6309523809523809 0.5154494382022472 0.6916666666666667 0.5210674157303371 0.6928571428571428 0.4957865168539326 0.6333333333333333 0.4887640449438202
1 0.705952380952381 0.5196629213483146 0.7761904761904762 0.526685393258427 0.7773809523809524 0.4957865168539326 0.705952380952381 0.4901685393258427
1 0.7452380952380953 0.4353932584269663 0.8107142857142857 0.4353932584269663 0.8107142857142857 0.4691011235955056 0.7464285714285714 0.46769662921348315
1 0.8142857142857143 0.300561797752809 0.8428571428571429 0.3061797752808989 0.8297619047619048 0.38764044943820225 0.8035714285714286 0.3806179775280899
1 0.8333333333333334 0.6544943820224719 0.8869047619047619 0.6769662921348315 0.8821428571428571 0.7092696629213483 0.825 0.6825842696629213
1 0.7321428571428571 0.7935393258426966 0.8023809523809524 0.7963483146067416 0.8047619047619048 0.7668539325842697 0.7321428571428571 0.7640449438202247