1 0.2654761904761905 0.7584269662921348 0.05476190476190476 0.028089887640449437
1 0.34226190476190477 0.8117977528089888 0.06547619047619048 0.03089887640449438
1 0.23273809523809524 0.8518258426966292 0.06547619047619048 0.032303370786516857
1 0.3738095238095238 0.7373595505617978 0.375 0.7654494382022472 0.3130952380952381 0.773876404494382 0.30833333333333335 0.7443820224719101
1 0.5047619047619047 0.8342696629213483 0.07142857142857142 0.03651685393258427
1 0.5125 0.7661516853932584 0.06785714285714285 0.032303370786516857
1 0.5089285714285714 0.7120786516853933 0.06547619047619048 0.033707865168539325
1 0.5083333333333333 0.6467696629213483 0.07142857142857142 0.032303370786516857
1 0.4857142857142857 0.5786516853932584 0.48095238095238096 0.6025280898876404 0.5380952380952381 0.6165730337078652 0.5416666666666666 0.5870786516853933
1 0.5083333333333333 0.40308988764044945 0.05476190476190476 0.028089887640449437
1 0.5035714285714286 0.35674157303370785 0.06666666666666667 0.033707865168539325
1 0.5119047619047619 0.261938202247191 0.07142857142857142 0.02949438202247191
1 0.5113095238095238 0.20856741573033707 0.0630952380952381 0.032303370786516857
1 0.17261904761904762 0.702247191011236 0.2392857142857143 0.7008426966292135 0.24047619047619048 0.7275280898876404 0.1738095238095238 0.7289325842696629
1 0.2357142857142857 0.7780898876404494 0.2988095238095238 0.7794943820224719 0.2988095238095238 0.8089887640449438 0.23452380952380952 0.8075842696629213