1 0.4255952380952381 0.18679775280898878 0.0630952380952381 0.028089887640449437
1 0.4238095238095238 0.27247191011235955 0.06190476190476191 0.033707865168539325
1 0.1595238095238095 0.5463483146067416 0.05476190476190476 0.03089887640449438
1 0.4101190476190476 0.34901685393258425 0.0630952380952381 0.0351123595505618
1 0.37857142857142856 0.476123595505618 0.4357142857142857 0.449438202247191 0.4488095238095238 0.47752808988764045 0.3869047619047619 0.5014044943820225
1 0.4220238095238095 0.22963483146067415 0.06547619047619048 0.026685393258426966
1 0.42678571428571427 0.14676966292134833 0.06547619047619048 0.026685393258426966
1 0.4 0.6257022471910112 0.0761904761904762 0.0351123595505618
1 0.40535714285714286 0.7247191011235955 0.060714285714285714 0.03089887640449438
1 0.39880952380952384 0.7759831460674157 0.06190476190476191 0.032303370786516857
1 0.430952380952381 0.8412921348314607 0.430952380952381 0.8089887640449438 0.3678571428571429 0.8047752808988764 0.36547619047619045 0.8328651685393258
1 0.26071428571428573 0.7289325842696629 0.2833333333333333 0.7092696629213483 0.24166666666666667 0.6474719101123596 0.22380952380952382 0.6629213483146067
1 0.22380952380952382 0.7471910112359551 0.2642857142857143 0.7991573033707865 0.2785714285714286 0.7823033707865169 0.24285714285714285 0.7303370786516854
1 0.7988095238095239 0.6179775280898876 0.8154761904761905 0.6053370786516854 0.7857142857142857 0.5491573033707865 0.7714285714285715 0.5603932584269663
1 0.7761904761904762 0.8103932584269663 0.8130952380952381 0.8707865168539326 0.7916666666666666 0.8834269662921348 0.7571428571428571 0.824438202247191
1 0.25833333333333336 0.28792134831460675 0.2869047619047619 0.2696629213483146 0.25 0.20786516853932585 0.2226190476190476 0.22893258426966293
1 0.38452380952380955 0.38202247191011235 0.4380952380952381 0.37640449438202245 0.44047619047619047 0.4044943820224719 0.38571428571428573 0.4101123595505618
1 0.24404761904761904 0.39185393258426965 0.2642857142857143 0.46629213483146065 0.2857142857142857 0.45786516853932585 0.2726190476190476 0.3862359550561798