1 0.2833333333333333 0.5182584269662921 0.305952380952381 0.526685393258427 0.32142857142857145 0.45786516853932585 0.29523809523809524 0.44803370786516855
1 0.2 0.675561797752809 0.225 0.6825842696629213 0.2119047619047619 0.7612359550561798 0.18333333333333332 0.7485955056179775
1 0.49642857142857144 0.43679775280898875 0.5238095238095238 0.4438202247191011 0.5107142857142857 0.5056179775280899 0.4857142857142857 0.49859550561797755
1 0.5392857142857143 0.3441011235955056 0.5273809523809524 0.4143258426966292 0.55 0.4199438202247191 0.5630952380952381 0.3497191011235955
1 0.4607142857142857 0.6165730337078652 0.4869047619047619 0.6278089887640449 0.5011904761904762 0.5491573033707865 0.47619047619047616 0.5393258426966292
1 0.44761904761904764 0.7148876404494382 0.475 0.7176966292134831 0.4857142857142857 0.6362359550561798 0.4607142857142857 0.6320224719101124
1 0.43333333333333335 0.8019662921348315 0.4595238095238095 0.8117977528089888 0.47619047619047616 0.7359550561797753 0.4488095238095238 0.7275280898876404
1 0.5380952380952381 0.17134831460674158 0.5607142857142857 0.18117977528089887 0.580952380952381 0.11938202247191011 0.5583333333333333 0.11095505617977527
1 0.5595238095238095 0.199438202247191 0.5428571428571428 0.2612359550561798 0.5702380952380952 0.26825842696629215 0.5869047619047619 0.21067415730337077
1 0.6023809523809524 0.23595505617977527 0.5988095238095238 0.2654494382022472 0.6642857142857143 0.27808988764044945 0.6702380952380952 0.25140449438202245
1 0.5702380952380952 0.42134831460674155 0.5952380952380952 0.42275280898876405 0.6023809523809524 0.3497191011235955 0.5773809523809523 0.34691011235955055
1 0.6071428571428571 0.42837078651685395 0.6309523809523809 0.43820224719101125 0.6452380952380953 0.3637640449438202 0.6190476190476191 0.3553370786516854
1 0.6464285714285715 0.44241573033707865 0.6726190476190477 0.44662921348314605 0.6821428571428572 0.375 0.6571428571428571 0.36657303370786515
1 0.6845238095238095 0.44803370786516855 0.7154761904761905 0.45365168539325845 0.7261904761904762 0.38202247191011235 0.6976190476190476 0.37359550561797755
1 0.7392857142857143 0.449438202247191 0.7547619047619047 0.4691011235955056 0.7964285714285714 0.4297752808988764 0.7845238095238095 0.40870786516853935
1 0.8517857142857143 0.30547752808988765 0.05357142857142857 0.02949438202247191
1 0.8107142857142857 0.4044943820224719 0.8369047619047619 0.41151685393258425 0.825 0.48174157303370785 0.8011904761904762 0.47331460674157305
1 0.8488095238095238 0.41853932584269665 0.8726190476190476 0.42837078651685395 0.861904761904762 0.4887640449438202 0.8392857142857143 0.4859550561797753
1 0.5166666666666667 0.16853932584269662 0.5059523809523809 0.24719101123595505 0.5321428571428571 0.2542134831460674 0.5452380952380952 0.175561797752809
1 0.7428571428571429 0.2640449438202247 0.8083333333333333 0.2808988764044944 0.8023809523809524 0.3146067415730337 0.736904761904762 0.2991573033707865