1 0.19166666666666668 0.15870786516853932 0.21666666666666667 0.1797752808988764 0.17857142857142858 0.24297752808988765 0.15119047619047618 0.22331460674157302
1 0.24523809523809523 0.199438202247191 0.26071428571428573 0.23876404494382023 0.3345238095238095 0.1952247191011236 0.3202380952380952 0.1601123595505618
1 0.42857142857142855 0.17837078651685392 0.444047619047619 0.20084269662921347 0.5011904761904762 0.1544943820224719 0.4845238095238095 0.13202247191011235
1 0.31547619047619047 0.29353932584269665 0.2833333333333333 0.3693820224719101 0.3142857142857143 0.3848314606741573 0.3476190476190476 0.30758426966292135
1 0.3404761904761905 0.5449438202247191 0.33214285714285713 0.6193820224719101 0.3607142857142857 0.6264044943820225 0.37142857142857144 0.547752808988764
1 0.5488095238095239 0.19803370786516855 0.5583333333333333 0.22752808988764045 0.6202380952380953 0.199438202247191 0.6095238095238096 0.16853932584269662
3 0.775 0.7556179775280899 0.8130952380952381 0.7373595505617978 0.7071428571428572 0.48314606741573035 0.6678571428571428 0.5070224719101124
1 0.611904761904762 0.49859550561797755 0.6404761904761904 0.48174157303370785 0.6702380952380952 0.5491573033707865 0.6452380952380953 0.5674157303370787
1 0.5630952380952381 0.5224719101123596 0.5976190476190476 0.601123595505618 0.6285714285714286 0.5828651685393258 0.594047619047619 0.5014044943820225
1 0.5202380952380953 0.5856741573033708 0.5452380952380952 0.5716292134831461 0.5785714285714286 0.6432584269662921 0.5535714285714286 0.6615168539325843
1 0.6404761904761904 0.6966292134831461 0.6654761904761904 0.6797752808988764 0.6333333333333333 0.6123595505617978 0.6095238095238096 0.625
1 0.5928571428571429 0.7542134831460674 0.6178571428571429 0.7415730337078652 0.5869047619047619 0.6769662921348315 0.5654761904761905 0.6938202247191011
1 0.6107142857142858 0.8047752808988764 0.6333333333333333 0.7893258426966292 0.6666666666666666 0.8651685393258427 0.6452380952380953 0.875
1 0.6857142857142857 0.8089887640449438 0.7130952380952381 0.7921348314606742 0.6773809523809524 0.7205056179775281 0.6511904761904762 0.7345505617977528