1 0.14523809523809525 0.40870786516853935 0.17023809523809524 0.40168539325842695 0.18928571428571428 0.476123595505618 0.16428571428571428 0.4845505617977528
1 0.5964285714285714 0.6952247191011236 0.5916666666666667 0.723314606741573 0.6666666666666666 0.7401685393258427 0.6714285714285714 0.7120786516853933
1 0.5952380952380952 0.7345505617977528 0.5892857142857143 0.7668539325842697 0.6523809523809524 0.7823033707865169 0.655952380952381 0.7556179775280899
1 0.6071428571428571 0.651685393258427 0.5988095238095238 0.6783707865168539 0.6654761904761904 0.6980337078651685 0.6714285714285714 0.6699438202247191
1 0.625 0.5632022471910112 0.6166666666666667 0.5941011235955056 0.6869047619047619 0.6151685393258427 0.6928571428571428 0.5842696629213483
1 0.6059523809523809 0.6109550561797753 0.6035714285714285 0.6404494382022472 0.6678571428571428 0.651685393258427 0.6714285714285714 0.625
1 0.6357142857142857 0.5168539325842697 0.6285714285714286 0.5449438202247191 0.6928571428571428 0.5646067415730337 0.6976190476190476 0.5365168539325843
1 0.6369047619047619 0.476123595505618 0.6321428571428571 0.5070224719101124 0.6928571428571428 0.5224719101123596 0.6988095238095238 0.4887640449438202
1 0.7702380952380953 0.16713483146067415 0.7619047619047619 0.19803370786516855 0.7035714285714286 0.1699438202247191 0.7142857142857143 0.1446629213483146
1 0.8273809523809523 0.19662921348314608 0.8178571428571428 0.22331460674157302 0.8642857142857143 0.24859550561797752 0.875 0.2247191011235955
1 0.7464285714285714 0.2556179775280899 0.7345238095238096 0.28792134831460675 0.8 0.32303370786516855 0.8095238095238095 0.29213483146067415
1 0.6511904761904762 0.4297752808988764 0.7166666666666667 0.44803370786516855 0.7095238095238096 0.4789325842696629 0.6416666666666667 0.4592696629213483
1 0.5833333333333334 0.7837078651685393 0.6523809523809524 0.8075842696629213 0.6464285714285715 0.8370786516853933 0.5761904761904761 0.8160112359550562