1 0.17857142857142858 0.3693820224719101 0.1130952380952381 0.36235955056179775 0.11785714285714285 0.3300561797752809 0.18333333333333332 0.3356741573033708
1 0.23095238095238096 0.32724719101123595 0.17142857142857143 0.32162921348314605 0.1738095238095238 0.29213483146067415 0.23452380952380952 0.29634831460674155
1 0.1988095238095238 0.24719101123595505 0.2630952380952381 0.25842696629213485 0.2630952380952381 0.22331460674157302 0.1988095238095238 0.21769662921348315
1 0.2511904761904762 0.37780898876404495 0.3202380952380952 0.38764044943820225 0.3238095238095238 0.35252808988764045 0.25476190476190474 0.3441011235955056
1 0.4166666666666667 0.28370786516853935 0.4845238095238095 0.2907303370786517 0.4857142857142857 0.25842696629213485 0.42023809523809524 0.25140449438202245
1 0.3738095238095238 0.33146067415730335 0.44285714285714284 0.3356741573033708 0.4452380952380952 0.30196629213483145 0.375 0.29634831460674155
1 0.4083333333333333 0.3904494382022472 0.4714285714285714 0.39185393258426965 0.4726190476190476 0.3609550561797753 0.4095238095238095 0.3553370786516854
1 0.5404761904761904 0.34058988764044945 0.06428571428571428 0.0351123595505618
1 0.5928571428571429 0.29775280898876405 0.6607142857142857 0.30758426966292135 0.6619047619047619 0.2752808988764045 0.594047619047619 0.26825842696629215
1 0.5071428571428571 0.5196629213483146 0.5214285714285715 0.598314606741573 0.5511904761904762 0.5856741573033708 0.5333333333333333 0.5098314606741573
1 0.5297619047619048 0.4044943820224719 0.5642857142857143 0.46207865168539325 0.5904761904761905 0.44241573033707865 0.5535714285714286 0.3862359550561798
1 0.8047619047619048 0.29775280898876405 0.06428571428571428 0.033707865168539325
1 0.7678571428571429 0.3693820224719101 0.8369047619047619 0.37219101123595505 0.8369047619047619 0.3342696629213483 0.7690476190476191 0.3300561797752809
1 0.819047619047619 0.4943820224719101 0.875 0.45646067415730335 0.8559523809523809 0.42837078651685395 0.8035714285714286 0.4705056179775281
1 0.6392857142857142 0.7092696629213483 0.6738095238095239 0.6446629213483146 0.6488095238095238 0.6292134831460674 0.6166666666666667 0.6938202247191011
3 0.5702380952380952 0.8455056179775281 0.6190476190476191 0.7528089887640449 0.5892857142857143 0.7317415730337079 0.5380952380952381 0.8216292134831461
1 0.8083333333333333 0.16292134831460675 0.8690476190476191 0.16713483146067415 0.8702380952380953 0.13202247191011235 0.8095238095238095 0.1306179775280899
1 0.1738095238095238 0.7724719101123596 0.19642857142857142 0.7837078651685393 0.16547619047619047 0.8792134831460674 0.14047619047619048 0.8693820224719101
1 0.2011904761904762 0.7935393258426966 0.23095238095238096 0.8033707865168539 0.20357142857142857 0.8848314606741573 0.1738095238095238 0.8707865168539326
3 0.3345238095238095 0.7654494382022472 0.2761904761904762 0.8918539325842697 0.30714285714285716 0.9129213483146067 0.3630952380952381 0.7837078651685393