0 0.4226190476190476 0.7387640449438202 0.430952380952381 0.5210674157303371 0.4714285714285714 0.5224719101123596 0.4654761904761905 0.7387640449438202
1 0.5005952380952381 0.8237359550561798 0.02738095238095238 0.07443820224719101
1 0.4976190476190476 0.7015449438202247 0.03333333333333333 0.08567415730337079
1 0.5095238095238095 0.5990168539325843 0.02857142857142857 0.08567415730337079
1 0.5089285714285714 0.5035112359550562 0.025 0.06882022471910113
1 0.5595238095238095 0.5084269662921348 0.02857142857142857 0.07584269662921349
1 0.5095238095238095 0.3883426966292135 0.02857142857142857 0.0800561797752809
1 0.5416666666666666 0.4199438202247191 0.5464285714285714 0.34269662921348315 0.5785714285714286 0.3455056179775281 0.5738095238095238 0.425561797752809
1 0.5023809523809524 0.27808988764044945 0.5095238095238095 0.20224719101123595 0.5321428571428571 0.20365168539325842 0.5297619047619048 0.2808988764044944
1 0.5523809523809524 0.2907303370786517 0.5595238095238095 0.21067415730337077 0.5857142857142857 0.21348314606741572 0.5821428571428572 0.29353932584269665
1 0.5011904761904762 0.16853932584269662 0.5059523809523809 0.09410112359550561 0.5345238095238095 0.09550561797752809 0.5297619047619048 0.17415730337078653
1 0.5630952380952381 0.17837078651685392 0.5678571428571428 0.0997191011235955 0.5976190476190476 0.10112359550561797 0.5928571428571429 0.1797752808988764
1 0.6261904761904762 0.3595505617977528 0.02857142857142857 0.08146067415730338
1 0.6654761904761904 0.24297752808988765 0.6964285714285714 0.24859550561797752 0.7047619047619048 0.17134831460674158 0.675 0.16573033707865167
0 0.7261904761904762 0.1952247191011236 0.7357142857142858 0.07303370786516854 0.775 0.07724719101123595 0.7654761904761904 0.199438202247191
0 0.7107142857142857 0.41713483146067415 0.7511904761904762 0.42275280898876405 0.7690476190476191 0.2443820224719101 0.7261904761904762 0.2345505617977528
2 0.6583333333333333 0.38342696629213485 0.7011904761904761 0.39325842696629215 0.7095238095238096 0.2851123595505618 0.669047619047619 0.2794943820224719
3 0.6720238095238096 0.48946629213483145 0.039285714285714285 0.0997191011235955
1 0.7386904761904762 0.5526685393258427 0.02738095238095238 0.07443820224719101
0 0.705952380952381 0.7542134831460674 0.7095238095238096 0.6067415730337079 0.7488095238095238 0.6067415730337079 0.7452380952380953 0.7570224719101124
1 0.5529761904761905 0.7422752808988764 0.025 0.06882022471910113
1 0.555952380952381 0.6278089887640449 0.02857142857142857 0.08146067415730338
1 0.7154761904761905 0.8300561797752809 0.02857142857142857 0.07303370786516854