1 0.15773809523809523 0.2422752808988764 0.06785714285714285 0.02949438202247191
1 0.3970238095238095 0.32935393258426965 0.02738095238095238 0.08286516853932584
1 0.46785714285714286 0.24719101123595505 0.4857142857142857 0.31320224719101125 0.513095238095238 0.30196629213483145 0.4928571428571429 0.23735955056179775
1 0.4607142857142857 0.5056179775280899 0.02857142857142857 0.07865168539325842
1 0.47619047619047616 0.4297752808988764 0.4928571428571429 0.49859550561797755 0.5190476190476191 0.4887640449438202 0.5011904761904762 0.42134831460674155
1 0.5273809523809524 0.398876404494382 0.5571428571428572 0.47191011235955055 0.5321428571428571 0.4859550561797753 0.5047619047619047 0.41151685393258425
1 0.4869047619047619 0.5435393258426966 0.5166666666666667 0.6137640449438202 0.5452380952380952 0.5997191011235955 0.513095238095238 0.526685393258427
1 0.5095238095238095 0.6769662921348315 0.5738095238095238 0.7134831460674157 0.5892857142857143 0.6741573033707865 0.5238095238095238 0.6390449438202247
1 0.5904761904761905 0.7148876404494382 0.6011904761904762 0.6390449438202247 0.6297619047619047 0.6418539325842697 0.6190476190476191 0.7191011235955056
1 0.5791666666666667 0.34691011235955055 0.02976190476190476 0.08146067415730338
1 0.575595238095238 0.2443820224719101 0.02738095238095238 0.0702247191011236
1 0.5815476190476191 0.14325842696629212 0.025 0.0702247191011236
2 0.6339285714285714 0.2808988764044944 0.034523809523809526 0.10112359550561797
1 0.7202380952380952 0.3553370786516854 0.02142857142857143 0.06460674157303371
1 0.7690476190476191 0.40168539325842695 0.7761904761904762 0.32162921348314605 0.7511904761904762 0.31741573033707865 0.7404761904761905 0.3960674157303371
1 0.5797619047619048 0.5028089887640449 0.6095238095238096 0.5112359550561798 0.625 0.4311797752808989 0.5952380952380952 0.42134831460674155
1 0.725 0.7528089887640449 0.7892857142857143 0.7247191011235955 0.7785714285714286 0.6966292134831461 0.7166666666666667 0.723314606741573
1 0.7380952380952381 0.6235955056179775 0.805952380952381 0.6348314606741573 0.8095238095238095 0.601123595505618 0.7440476190476191 0.5912921348314607
1 0.8023809523809524 0.41151685393258425 0.8083333333333333 0.34269662921348315 0.7857142857142857 0.3398876404494382 0.7773809523809524 0.40870786516853935
1 0.8380952380952381 0.4143258426966292 0.8476190476190476 0.33707865168539325 0.819047619047619 0.3300561797752809 0.8095238095238095 0.40730337078651685
1 0.8380952380952381 0.6432584269662921 0.8797619047619047 0.651685393258427 0.8821428571428571 0.6207865168539326 0.8380952380952381 0.6137640449438202
1 0.8369047619047619 0.2598314606741573 0.02142857142857143 0.07303370786516854
1 0.8571428571428571 0.22612359550561797 0.85 0.300561797752809 0.8785714285714286 0.3089887640449438 0.8857142857142857 0.23174157303370788
1 0.8363095238095238 0.16432584269662923 0.025 0.07865168539325842
1 0.8809523809523809 0.3300561797752809 0.8738095238095238 0.42134831460674155 0.8452380952380952 0.4157303370786517 0.8535714285714285 0.32303370786516855