1 0.12857142857142856 0.36657303370786515 0.19404761904761905 0.3707865168539326 0.19642857142857142 0.33707865168539325 0.12857142857142856 0.3300561797752809
1 0.12678571428571428 0.45786516853932585 0.055952380952380955 0.03651685393258427
1 0.1494047619047619 0.5049157303370787 0.06785714285714285 0.0351123595505618
1 0.2154761904761905 0.45997191011235955 0.06904761904761905 0.0351123595505618
1 0.23095238095238096 0.5042134831460674 0.06666666666666667 0.03651685393258427
1 0.3113095238095238 0.4648876404494382 0.07023809523809524 0.03651685393258427
1 0.325 0.5091292134831461 0.06428571428571428 0.037921348314606744
1 0.39345238095238094 0.4550561797752809 0.06785714285714285 0.033707865168539325
1 0.3773809523809524 0.5252808988764045 0.4488095238095238 0.5098314606741573 0.44285714285714284 0.476123595505618 0.37142857142857144 0.49297752808988765
1 0.5321428571428571 0.48735955056179775 0.4607142857142857 0.4803370786516854 0.46190476190476193 0.44803370786516855 0.5321428571428571 0.45224719101123595
1 0.48988095238095236 0.5133426966292135 0.0630952380952381 0.032303370786516857
1 0.6005952380952381 0.48384831460674155 0.06785714285714285 0.037921348314606744
1 0.5767857142857142 0.5280898876404494 0.07023809523809524 0.042134831460674156
1 0.6910714285714286 0.47542134831460675 0.06547619047619048 0.032303370786516857
1 0.6547619047619048 0.5561797752808989 0.6976190476190476 0.5617977528089888 0.7 0.5294943820224719 0.6571428571428571 0.526685393258427
1 0.7559523809523809 0.5196629213483146 0.825 0.523876404494382 0.8238095238095238 0.49297752808988765 0.7559523809523809 0.4859550561797753
1 0.7166666666666667 0.5632022471910112 0.7845238095238095 0.5674157303370787 0.7845238095238095 0.5337078651685393 0.719047619047619 0.526685393258427
1 0.14761904761904762 0.6601123595505618 0.225 0.6699438202247191 0.2261904761904762 0.6306179775280899 0.15 0.625
1 0.4857142857142857 0.773876404494382 0.5535714285714286 0.7808988764044944 0.5571428571428572 0.7471910112359551 0.4845238095238095 0.7401685393258427
1 0.6345238095238095 0.7373595505617978 0.7071428571428572 0.7443820224719101 0.7107142857142857 0.7008426966292135 0.6345238095238095 0.6980337078651685