1 0.3345238095238095 0.31179775280898875 0.3607142857142857 0.324438202247191 0.38452380952380955 0.24719101123595505 0.35714285714285715 0.23735955056179775
1 0.2726190476190476 0.476123595505618 0.2976190476190476 0.4901685393258427 0.32261904761904764 0.41853932584269665 0.29642857142857143 0.4058988764044944
1 0.1988095238095238 0.7036516853932584 0.23095238095238096 0.7176966292134831 0.2523809523809524 0.6362359550561798 0.2261904761904762 0.6235955056179775
0 0.225 0.7668539325842697 0.2654761904761905 0.7879213483146067 0.30833333333333335 0.6544943820224719 0.2714285714285714 0.6390449438202247
1 0.2226190476190476 0.8202247191011236 0.2488095238095238 0.8314606741573034 0.225 0.8876404494382022 0.2 0.8764044943820225
0 0.325 0.7528089887640449 0.36428571428571427 0.773876404494382 0.2976190476190476 0.952247191011236 0.26071428571428573 0.9311797752808989
1 0.36547619047619045 0.8202247191011236 0.3904761904761905 0.8300561797752809 0.37023809523809526 0.8946629213483146 0.34523809523809523 0.8820224719101124
1 0.37142857142857144 0.7949438202247191 0.4 0.8075842696629213 0.4297619047619048 0.7331460674157303 0.3964285714285714 0.7162921348314607
0 0.5166666666666667 0.6783707865168539 0.5535714285714286 0.6938202247191011 0.4928571428571429 0.9044943820224719 0.45595238095238094 0.8862359550561798
1 0.5595238095238095 0.32303370786516855 0.5904761904761905 0.3342696629213483 0.6095238095238096 0.2654494382022472 0.5785714285714286 0.25140449438202245
1 0.5416666666666666 0.773876404494382 0.5738095238095238 0.7851123595505618 0.5535714285714286 0.8707865168539326 0.5178571428571429 0.8581460674157303
1 0.5547619047619048 0.7654494382022472 0.5797619047619048 0.7780898876404494 0.6023809523809524 0.6966292134831461 0.575 0.6867977528089888
1 0.5345238095238095 0.6558988764044944 0.5619047619047619 0.6699438202247191 0.5880952380952381 0.5955056179775281 0.5595238095238095 0.5828651685393258
1 0.5833333333333334 0.6629213483146067 0.6130952380952381 0.675561797752809 0.6297619047619047 0.6081460674157303 0.6023809523809524 0.5955056179775281
1 0.5595238095238095 0.5533707865168539 0.5928571428571429 0.5688202247191011 0.6130952380952381 0.48735955056179775 0.5833333333333334 0.476123595505618
1 0.6130952380952381 0.5617977528089888 0.6416666666666667 0.5702247191011236 0.6571428571428571 0.4943820224719101 0.6285714285714286 0.4845505617977528
1 0.6 0.4438202247191011 0.6285714285714286 0.45646067415730335 0.6464285714285715 0.38342696629213485 0.6178571428571429 0.37219101123595505
1 0.6369047619047619 0.4747191011235955 0.669047619047619 0.4845505617977528 0.6869047619047619 0.4044943820224719 0.6523809523809524 0.3946629213483146
1 0.6226190476190476 0.34831460674157305 0.6535714285714286 0.3539325842696629 0.6678571428571428 0.27247191011235955 0.6369047619047619 0.26825842696629215
1 0.705952380952381 0.28370786516853935 0.6904761904761905 0.35814606741573035 0.6607142857142857 0.34691011235955055 0.6773809523809524 0.2710674157303371
1 0.6619047619047619 0.18117977528089887 0.6952380952380952 0.19241573033707865 0.6785714285714286 0.26825842696629215 0.6428571428571429 0.25842696629213485
1 0.7380952380952381 0.18117977528089887 0.7178571428571429 0.2612359550561798 0.6857142857142857 0.24859550561797752 0.7047619047619048 0.1699438202247191