1 0.3345238095238095 0.2794943820224719 0.3619047619047619 0.29775280898876405 0.4 0.2247191011235955 0.3726190476190476 0.20786516853932585
1 0.36428571428571427 0.3637640449438202 0.3904761904761905 0.3792134831460674 0.42738095238095236 0.3103932584269663 0.4035714285714286 0.2949438202247191
1 0.39404761904761904 0.5758426966292135 0.43214285714285716 0.5070224719101124 0.4035714285714286 0.4887640449438202 0.36666666666666664 0.5575842696629213
1 0.39880952380952384 0.6025280898876404 0.42738095238095236 0.6193820224719101 0.4666666666666667 0.5449438202247191 0.4392857142857143 0.5252808988764045
1 0.30952380952380953 0.6587078651685393 0.3416666666666667 0.6797752808988764 0.3773809523809524 0.6081460674157303 0.35 0.5898876404494382
1 0.35119047619047616 0.7008426966292135 0.38095238095238093 0.7247191011235955 0.42023809523809524 0.6432584269662921 0.39166666666666666 0.6264044943820225
1 0.27380952380952384 0.7485955056179775 0.2976190476190476 0.7710674157303371 0.3345238095238095 0.7036516853932584 0.305952380952381 0.6811797752808989
1 0.25833333333333336 0.7780898876404494 0.2845238095238095 0.7963483146067416 0.24523809523809523 0.8679775280898876 0.21904761904761905 0.8469101123595506
1 0.3107142857142857 0.7907303370786517 0.33690476190476193 0.8075842696629213 0.3738095238095238 0.7359550561797753 0.34404761904761905 0.7191011235955056
1 0.3476190476190476 0.8230337078651685 0.375 0.8441011235955056 0.41309523809523807 0.7696629213483146 0.38333333333333336 0.7485955056179775
1 0.40714285714285714 0.8300561797752809 0.43214285714285716 0.8539325842696629 0.47023809523809523 0.7907303370786517 0.44166666666666665 0.7696629213483146
0 0.5297619047619048 0.7064606741573034 0.5702380952380952 0.7345505617977528 0.4738095238095238 0.9199438202247191 0.430952380952381 0.8960674157303371
1 0.5761904761904761 0.8019662921348315 0.6011904761904762 0.8146067415730337 0.6297619047619047 0.7457865168539326 0.6 0.7289325842696629
1 0.6095238095238096 0.7050561797752809 0.6333333333333333 0.7191011235955056 0.6666666666666666 0.6460674157303371 0.6416666666666667 0.6320224719101124
1 0.4797619047619048 0.6882022471910112 0.5059523809523809 0.7134831460674157 0.55 0.6362359550561798 0.5178571428571429 0.6165730337078652
1 0.5666666666666667 0.648876404494382 0.5904761904761905 0.6657303370786517 0.625 0.601123595505618 0.6 0.5828651685393258
1 0.6547619047619048 0.6123595505617978 0.6845238095238095 0.6362359550561798 0.7142857142857143 0.5603932584269663 0.6857142857142857 0.547752808988764
1 0.4226190476190476 0.45786516853932585 0.4452380952380952 0.4747191011235955 0.4857142857142857 0.4002808988764045 0.4595238095238095 0.3862359550561798
1 0.45476190476190476 0.5042134831460674 0.4773809523809524 0.523876404494382 0.5071428571428571 0.46348314606741575 0.4845238095238095 0.449438202247191
1 0.4880952380952381 0.5646067415730337 0.513095238095238 0.5800561797752809 0.5380952380952381 0.5224719101123596 0.5166666666666667 0.5056179775280899
1 0.49047619047619045 0.42837078651685395 0.513095238095238 0.44803370786516855 0.5416666666666666 0.3904494382022472 0.5166666666666667 0.37219101123595505
1 0.5857142857142857 0.36235955056179775 0.6142857142857143 0.37780898876404495 0.6464285714285715 0.31179775280898875 0.6190476190476191 0.29775280898876405
1 0.6273809523809524 0.4044943820224719 0.6595238095238095 0.425561797752809 0.6988095238095238 0.3441011235955056 0.669047619047619 0.324438202247191
1 0.669047619047619 0.4438202247191011 0.6976190476190476 0.4606741573033708 0.7297619047619047 0.39325842696629215 0.7011904761904761 0.375
1 0.7321428571428571 0.2893258426966292 0.7607142857142857 0.30337078651685395 0.7916666666666666 0.23174157303370788 0.7607142857142857 0.21769662921348315
1 0.8202380952380952 0.27247191011235955 0.8476190476190476 0.2893258426966292 0.8773809523809524 0.19803370786516855 0.8464285714285714 0.18258426966292135