0 0.22857142857142856 0.7598314606741573 0.3821428571428571 0.6376404494382022 0.3607142857142857 0.5955056179775281 0.20238095238095238 0.7148876404494382
1 0.5738095238095238 0.20224719101123595 0.6035714285714285 0.20646067415730338 0.611904761904762 0.12640449438202248 0.5845238095238096 0.12219101123595505
1 0.49642857142857144 0.2991573033707865 0.5238095238095238 0.30337078651685395 0.5345238095238095 0.2247191011235955 0.5083333333333333 0.21910112359550563
1 0.6238095238095238 0.2949438202247191 0.6523809523809524 0.300561797752809 0.6619047619047619 0.2247191011235955 0.6285714285714286 0.2205056179775281
1 0.6785714285714286 0.2949438202247191 0.6869047619047619 0.21629213483146068 0.7154761904761905 0.22191011235955055 0.7083333333333334 0.29775280898876405
1 0.5595238095238095 0.34129213483146065 0.5869047619047619 0.34831460674157305 0.594047619047619 0.26825842696629215 0.569047619047619 0.2654494382022472
1 0.44642857142857145 0.44803370786516855 0.4726190476190476 0.4508426966292135 0.48214285714285715 0.3792134831460674 0.45595238095238094 0.3792134831460674
1 0.5011904761904762 0.46769662921348315 0.5297619047619048 0.4705056179775281 0.5333333333333333 0.3904494382022472 0.5059523809523809 0.3890449438202247
0 0.5916666666666667 0.6278089887640449 0.6321428571428571 0.6334269662921348 0.6452380952380953 0.4705056179775281 0.6011904761904762 0.46629213483146065
1 0.6547619047619048 0.5042134831460674 0.6869047619047619 0.5084269662921348 0.6916666666666667 0.42696629213483145 0.6607142857142857 0.42275280898876405
1 0.7011904761904761 0.5056179775280899 0.7083333333333334 0.43820224719101125 0.7380952380952381 0.4410112359550562 0.7309523809523809 0.5084269662921348
1 0.43214285714285716 0.6179775280898876 0.4630952380952381 0.6193820224719101 0.46785714285714286 0.5337078651685393 0.4392857142857143 0.5351123595505618
1 0.48095238095238096 0.6629213483146067 0.5095238095238095 0.6699438202247191 0.4988095238095238 0.7457865168539326 0.46785714285714286 0.7401685393258427
1 0.6702380952380952 0.7556179775280899 0.6988095238095238 0.7556179775280899 0.7035714285714286 0.6685393258426966 0.6714285714285714 0.6671348314606742