1 0.4166666666666667 0.2710674157303371 0.41785714285714287 0.18258426966292135 0.4488095238095238 0.18258426966292135 0.45 0.2710674157303371
1 0.4642857142857143 0.24719101123595505 0.4654761904761905 0.16432584269662923 0.49642857142857144 0.16573033707865167 0.49404761904761907 0.2443820224719101
1 0.5226190476190476 0.21769662921348315 0.5238095238095238 0.13904494382022473 0.5535714285714286 0.13904494382022473 0.5523809523809524 0.2148876404494382
1 0.5904761904761905 0.23735955056179775 0.5892857142857143 0.16292134831460675 0.6154761904761905 0.16292134831460675 0.6178571428571429 0.23595505617977527
1 0.6297619047619047 0.3862359550561798 0.6297619047619047 0.3188202247191011 0.6571428571428571 0.31741573033707865 0.6571428571428571 0.3848314606741573
1 0.4642857142857143 0.4311797752808989 0.4642857142857143 0.3539325842696629 0.4928571428571429 0.35252808988764045 0.49166666666666664 0.4311797752808989
1 0.5190476190476191 0.43820224719101125 0.5190476190476191 0.36235955056179775 0.55 0.36235955056179775 0.5511904761904762 0.43820224719101125
1 0.4166666666666667 0.48735955056179775 0.4166666666666667 0.40870786516853935 0.45 0.40730337078651685 0.4511904761904762 0.4859550561797753
1 0.4583333333333333 0.5449438202247191 0.4583333333333333 0.4592696629213483 0.48928571428571427 0.4592696629213483 0.48928571428571427 0.5435393258426966
1 0.4023809523809524 0.699438202247191 0.3964285714285714 0.6264044943820225 0.430952380952381 0.6235955056179775 0.43452380952380953 0.6966292134831461
1 0.4726190476190476 0.651685393258427 0.4392857142857143 0.6530898876404494 0.43214285714285716 0.574438202247191 0.4630952380952381 0.5702247191011236
1 0.4589285714285714 0.7085674157303371 0.02976190476190476 0.08286516853932584
1 0.5119047619047619 0.7387640449438202 0.5083333333333333 0.651685393258427 0.5404761904761904 0.6530898876404494 0.544047619047619 0.7345505617977528
1 0.6309523809523809 0.5941011235955056 0.6309523809523809 0.5 0.6619047619047619 0.5014044943820225 0.6607142857142857 0.5926966292134831