1 0.17857142857142858 0.5702247191011236 0.24047619047619048 0.550561797752809 0.23333333333333334 0.5168539325842697 0.1738095238095238 0.5323033707865169
1 0.1738095238095238 0.6123595505617978 0.2369047619047619 0.5997191011235955 0.23095238095238096 0.5702247191011236 0.16904761904761906 0.5842696629213483
1 0.25357142857142856 0.5955056179775281 0.319047619047619 0.5716292134831461 0.30714285714285716 0.5379213483146067 0.24642857142857144 0.5589887640449438
1 0.3345238095238095 0.5561797752808989 0.4011904761904762 0.5393258426966292 0.39285714285714285 0.5 0.3261904761904762 0.5182584269662921
1 0.34285714285714286 0.601123595505618 0.41309523809523807 0.5842696629213483 0.40714285714285714 0.550561797752809 0.33690476190476193 0.5603932584269663
1 0.4166666666666667 0.6474719101123596 0.4857142857142857 0.6362359550561798 0.48095238095238096 0.5997191011235955 0.4107142857142857 0.6123595505617978
1 0.4392857142857143 0.5828651685393258 0.5035714285714286 0.5688202247191011 0.5 0.5351123595505618 0.4357142857142857 0.5491573033707865
1 0.43452380952380953 0.5365168539325843 0.5035714285714286 0.5182584269662921 0.49404761904761907 0.4803370786516854 0.42738095238095236 0.5
1 0.5119047619047619 0.7794943820224719 0.5797619047619048 0.7626404494382022 0.575 0.726123595505618 0.5059523809523809 0.7443820224719101
1 0.5511904761904762 0.5014044943820225 0.6214285714285714 0.4887640449438202 0.6154761904761905 0.45786516853932585 0.5464285714285714 0.46769662921348315
1 0.5761904761904761 0.5561797752808989 0.6464285714285715 0.5407303370786517 0.6404761904761904 0.5070224719101124 0.569047619047619 0.5168539325842697
0 0.6678571428571428 0.476123595505618 0.775 0.4550561797752809 0.7678571428571429 0.4157303370786517 0.6607142857142857 0.4353932584269663
1 0.6845238095238095 0.5337078651685393 0.7523809523809524 0.5168539325842697 0.7476190476190476 0.4859550561797753 0.6773809523809524 0.4957865168539326
1 0.7702380952380953 0.5182584269662921 0.8202380952380952 0.5098314606741573 0.8142857142857143 0.4747191011235955 0.7654761904761904 0.4859550561797753
1 0.8380952380952381 0.5126404494382022 0.9047619047619048 0.49859550561797755 0.9 0.46769662921348315 0.8321428571428572 0.476123595505618
1 0.7857142857142857 0.5842696629213483 0.85 0.5702247191011236 0.8464285714285714 0.5379213483146067 0.7821428571428571 0.5491573033707865