1 0.10357142857142858 0.35252808988764045 0.12261904761904761 0.37780898876404495 0.16785714285714284 0.31741573033707865 0.1488095238095238 0.2991573033707865
1 0.17857142857142858 0.3300561797752809 0.20833333333333334 0.34691011235955055 0.24166666666666667 0.26264044943820225 0.2119047619047619 0.24578651685393257
1 0.15476190476190477 0.42837078651685395 0.2119047619047619 0.36657303370786515 0.19047619047619047 0.34129213483146065 0.1357142857142857 0.4002808988764045
1 0.25357142857142856 0.24859550561797752 0.2773809523809524 0.33146067415730335 0.30714285714285716 0.3188202247191011 0.28214285714285714 0.23314606741573032
1 0.2857142857142857 0.39747191011235955 0.3273809523809524 0.46769662921348315 0.35595238095238096 0.45224719101123595 0.30952380952380953 0.37359550561797755
1 0.4392857142857143 0.5252808988764045 0.513095238095238 0.5393258426966292 0.5190476190476191 0.49859550561797755 0.4452380952380952 0.4901685393258427
1 0.4511904761904762 0.4508426966292135 0.5202380952380953 0.449438202247191 0.5202380952380953 0.40870786516853935 0.4511904761904762 0.40870786516853935
1 0.5226190476190476 0.39185393258426965 0.45714285714285713 0.3904494382022472 0.45714285714285713 0.35252808988764045 0.5226190476190476 0.3539325842696629
1 0.6178571428571429 0.45224719101123595 0.5523809523809524 0.4508426966292135 0.5535714285714286 0.41151685393258425 0.6154761904761905 0.41151685393258425
1 0.6440476190476191 0.44241573033707865 0.7178571428571429 0.4396067415730337 0.7166666666666667 0.40730337078651685 0.6428571428571429 0.40870786516853935
0 0.7333333333333333 0.3904494382022472 0.5738095238095238 0.39185393258426965 0.575 0.34269662921348315 0.7333333333333333 0.34129213483146065
1 0.7154761904761905 0.672752808988764 0.7857142857142857 0.6699438202247191 0.7857142857142857 0.6362359550561798 0.7142857142857143 0.6404494382022472
1 0.8238095238095238 0.45224719101123595 0.7511904761904762 0.449438202247191 0.7523809523809524 0.41292134831460675 0.8226190476190476 0.4143258426966292
1 0.8452380952380952 0.3946629213483146 0.775 0.39325842696629215 0.7761904761904762 0.3553370786516854 0.8464285714285714 0.35814606741573035
0 0.8011904761904762 0.32865168539325845 0.6404761904761904 0.324438202247191 0.6428571428571429 0.27247191011235955 0.8023809523809524 0.27668539325842695
0 0.5785714285714286 0.32162921348314605 0.4452380952380952 0.3258426966292135 0.444047619047619 0.273876404494382 0.5761904761904761 0.2710674157303371
1 0.43333333333333335 0.18820224719101122 0.5011904761904762 0.1896067415730337 0.5035714285714286 0.16151685393258428 0.43452380952380953 0.15730337078651685