1 0.12261904761904761 0.4199438202247191 0.17976190476190476 0.36657303370786515 0.1619047619047619 0.33707865168539325 0.10595238095238095 0.39325842696629215
1 0.17261904761904762 0.45224719101123595 0.22857142857142856 0.398876404494382 0.2119047619047619 0.3707865168539326 0.15714285714285714 0.4241573033707865
1 0.24166666666666667 0.26825842696629215 0.2714285714285714 0.2893258426966292 0.23452380952380952 0.37780898876404495 0.20476190476190476 0.35814606741573035
1 0.2773809523809524 0.25702247191011235 0.2976190476190476 0.33707865168539325 0.3273809523809524 0.32724719101123595 0.30833333333333335 0.2443820224719101
1 0.3119047619047619 0.4058988764044944 0.35714285714285715 0.47752808988764045 0.3821428571428571 0.449438202247191 0.3333333333333333 0.38342696629213485
1 0.2773809523809524 0.2148876404494382 0.30714285714285716 0.20646067415730338 0.29404761904761906 0.1306179775280899 0.26666666666666666 0.13904494382022473
1 0.5357142857142857 0.19382022471910113 0.4642857142857143 0.19101123595505617 0.4666666666666667 0.16151685393258428 0.5357142857142857 0.16573033707865167
0 0.625 0.324438202247191 0.4928571428571429 0.32724719101123595 0.4880952380952381 0.2752808988764045 0.6238095238095238 0.27247191011235955
1 0.555952380952381 0.39185393258426965 0.49047619047619045 0.3946629213483146 0.49047619047619045 0.3539325842696629 0.5547619047619048 0.3539325842696629
1 0.4857142857142857 0.45365168539325845 0.5535714285714286 0.449438202247191 0.5547619047619048 0.41292134831460675 0.4845238095238095 0.41151685393258425
1 0.5869047619047619 0.45365168539325845 0.6535714285714286 0.45224719101123595 0.6511904761904762 0.4143258426966292 0.5857142857142857 0.41292134831460675
0 0.7678571428571429 0.39325842696629215 0.6083333333333333 0.39325842696629215 0.6059523809523809 0.3441011235955056 0.7666666666666667 0.3441011235955056
1 0.7523809523809524 0.4452247191011236 0.6785714285714286 0.4438202247191011 0.6785714285714286 0.40870786516853935 0.7523809523809524 0.40870786516853935
1 0.7833333333333333 0.449438202247191 0.8571428571428571 0.44803370786516855 0.8559523809523809 0.4143258426966292 0.7857142857142857 0.4157303370786517
1 0.8773809523809524 0.39325842696629215 0.8095238095238095 0.39325842696629215 0.8095238095238095 0.3553370786516854 0.8773809523809524 0.35674157303370785
0 0.7511904761904762 0.3300561797752809 0.9226190476190477 0.3300561797752809 0.9214285714285714 0.27247191011235955 0.7488095238095238 0.27668539325842695
1 0.75 0.672752808988764 0.8202380952380952 0.6699438202247191 0.819047619047619 0.6348314606741573 0.7476190476190476 0.6404494382022472