1 0.1988095238095238 0.38202247191011235 0.1261904761904762 0.3806179775280899 0.12976190476190477 0.34269662921348315 0.2011904761904762 0.34691011235955055
1 0.2916666666666667 0.36797752808988765 0.2261904761904762 0.3651685393258427 0.22976190476190475 0.33286516853932585 0.2904761904761905 0.33286516853932585
1 0.37976190476190474 0.3862359550561798 0.31547619047619047 0.38764044943820225 0.31547619047619047 0.34831460674157305 0.3821428571428571 0.34831460674157305
1 0.4083333333333333 0.3693820224719101 0.475 0.36657303370786515 0.4738095238095238 0.33146067415730335 0.40714285714285714 0.33286516853932585
1 0.17023809523809524 0.43820224719101125 0.10119047619047619 0.43679775280898875 0.1 0.40730337078651685 0.17023809523809524 0.4058988764044944
1 0.2130952380952381 0.4845505617977528 0.14285714285714285 0.4845505617977528 0.14642857142857144 0.4508426966292135 0.2130952380952381 0.4508426966292135
1 0.2845238095238095 0.44241573033707865 0.21428571428571427 0.4396067415730337 0.21428571428571427 0.4044943820224719 0.28214285714285714 0.40168539325842695
1 0.3107142857142857 0.4396067415730337 0.3726190476190476 0.43820224719101125 0.37142857142857144 0.40730337078651685 0.3107142857142857 0.4058988764044944
1 0.4083333333333333 0.43820224719101125 0.4785714285714286 0.4353932584269663 0.47619047619047616 0.40308988764044945 0.4083333333333333 0.4044943820224719
1 0.49047619047619045 0.43820224719101125 0.5583333333333333 0.4438202247191011 0.5595238095238095 0.41292134831460675 0.49047619047619045 0.40730337078651685
0 0.6333333333333333 0.3707865168539326 0.5142857142857142 0.3707865168539326 0.5142857142857142 0.324438202247191 0.6345238095238095 0.32303370786516855
1 0.6142857142857143 0.4353932584269663 0.6904761904761905 0.4353932584269663 0.6916666666666667 0.4002808988764045 0.6154761904761905 0.4002808988764045
1 0.7214285714285714 0.37359550561797755 0.6547619047619048 0.37640449438202245 0.6535714285714286 0.34269662921348315 0.7214285714285714 0.34269662921348315
1 0.7845238095238095 0.43820224719101125 0.7047619047619048 0.43820224719101125 0.705952380952381 0.4002808988764045 0.7833333333333333 0.39747191011235955
1 0.7380952380952381 0.36797752808988765 0.8035714285714286 0.3651685393258427 0.8011904761904762 0.33286516853932585 0.7392857142857143 0.3356741573033708
1 0.8357142857142857 0.36657303370786515 0.9023809523809524 0.36657303370786515 0.9035714285714286 0.3300561797752809 0.8357142857142857 0.33286516853932585
1 0.7988095238095239 0.4438202247191011 0.8666666666666667 0.4410112359550562 0.8654761904761905 0.4044943820224719 0.7988095238095239 0.40730337078651685
1 0.7035714285714286 0.49719101123595505 0.7702380952380953 0.4943820224719101 0.7702380952380953 0.4592696629213483 0.7035714285714286 0.46207865168539325