1 0.15 0.28651685393258425 0.1630952380952381 0.25702247191011235 0.10833333333333334 0.22191011235955055 0.09523809523809523 0.25
0 0.16666666666666666 0.29775280898876405 0.3047619047619048 0.38342696629213485 0.3261904761904762 0.3398876404494382 0.18928571428571428 0.2542134831460674
1 0.17142857142857143 0.36797752808988765 0.1869047619047619 0.33848314606741575 0.12857142857142856 0.30337078651685395 0.1130952380952381 0.3356741573033708
1 0.1488095238095238 0.41151685393258425 0.2 0.4438202247191011 0.2154761904761905 0.41713483146067415 0.1630952380952381 0.38342696629213485
1 0.20357142857142857 0.3946629213483146 0.2726190476190476 0.43679775280898875 0.2904761904761905 0.4044943820224719 0.21904761904761905 0.3609550561797753
1 0.2226190476190476 0.47331460674157305 0.28214285714285714 0.5112359550561798 0.2976190476190476 0.4803370786516854 0.2357142857142857 0.4410112359550562
1 0.30357142857142855 0.4452247191011236 0.3619047619047619 0.48314606741573035 0.3761904761904762 0.4550561797752809 0.31666666666666665 0.4143258426966292
1 0.3392857142857143 0.398876404494382 0.4011904761904762 0.43820224719101125 0.41904761904761906 0.4101123595505618 0.35833333333333334 0.3637640449438202
3 0.33214285714285713 0.5435393258426966 0.4035714285714286 0.5912921348314607 0.41904761904761906 0.5561797752808989 0.34523809523809523 0.5126404494382022
1 0.38095238095238093 0.5070224719101124 0.430952380952381 0.5365168539325843 0.44761904761904764 0.5070224719101124 0.3964285714285714 0.47331460674157305
1 0.4297619047619048 0.4691011235955056 0.4869047619047619 0.5042134831460674 0.5023809523809524 0.47331460674157305 0.44166666666666665 0.43679775280898875
1 0.5297619047619048 0.5224719101123596 0.5952380952380952 0.5660112359550562 0.6071428571428571 0.5323033707865169 0.5428571428571428 0.49157303370786515
1 0.4726190476190476 0.5547752808988764 0.5321428571428571 0.5955056179775281 0.55 0.5632022471910112 0.4880952380952381 0.5210674157303371
1 0.45714285714285713 0.625 0.5059523809523809 0.6587078651685393 0.5214285714285715 0.6264044943820225 0.46904761904761905 0.5941011235955056
1 0.5630952380952381 0.6278089887640449 0.625 0.6615168539325843 0.6357142857142857 0.6292134831460674 0.575 0.5941011235955056
1 0.6178571428571429 0.5828651685393258 0.6797619047619048 0.6193820224719101 0.6976190476190476 0.5884831460674157 0.6345238095238095 0.5435393258426966
1 0.6714285714285714 0.6825842696629213 0.7321428571428571 0.7219101123595506 0.7488095238095238 0.6938202247191011 0.6845238095238095 0.6502808988764045
1 0.7178571428571429 0.6460674157303371 0.7773809523809524 0.6839887640449438 0.7928571428571428 0.651685393258427 0.7321428571428571 0.6137640449438202
1 0.7583333333333333 0.7359550561797753 0.8178571428571428 0.7808988764044944 0.8333333333333334 0.7471910112359551 0.7761904761904762 0.7064606741573034
1 0.75 0.8174157303370787 0.8166666666666667 0.848314606741573 0.8321428571428572 0.8117977528089888 0.7702380952380953 0.776685393258427
1 0.8357142857142857 0.797752808988764 0.8940476190476191 0.8314606741573034 0.9035714285714286 0.8019662921348315 0.8464285714285714 0.7668539325842697
1 0.42142857142857143 0.8188202247191011 0.4857142857142857 0.8623595505617978 0.4654761904761905 0.8946629213483146 0.40476190476190477 0.8525280898876404