1 0.2488095238095238 0.21067415730337077 0.30714285714285716 0.24719101123595505 0.32142857142857145 0.21629213483146068 0.2642857142857143 0.17837078651685392
1 0.27380952380952384 0.16432584269662923 0.32976190476190476 0.19662921348314608 0.3488095238095238 0.16573033707865167 0.2904761904761905 0.1306179775280899
1 0.3357142857142857 0.2640449438202247 0.39404761904761904 0.300561797752809 0.4107142857142857 0.2696629213483146 0.35119047619047616 0.23314606741573032
1 0.3238095238095238 0.44662921348314605 0.3880952380952381 0.4803370786516854 0.4 0.449438202247191 0.3345238095238095 0.4157303370786517
1 0.39166666666666666 0.547752808988764 0.45476190476190476 0.5842696629213483 0.46785714285714286 0.550561797752809 0.40476190476190477 0.5182584269662921
1 0.41904761904761906 0.30758426966292135 0.4857142857142857 0.3455056179775281 0.4976190476190476 0.3146067415730337 0.4297619047619048 0.27808988764044945
0 0.5154761904761904 0.3089887640449438 0.5357142857142857 0.26264044943820225 0.3952380952380952 0.18398876404494383 0.3761904761904762 0.2303370786516854
0 0.5869047619047619 0.2794943820224719 0.6083333333333333 0.23174157303370788 0.4654761904761905 0.14887640449438203 0.4452380952380952 0.19382022471910113
1 0.5119047619047619 0.3707865168539326 0.5785714285714286 0.41151685393258425 0.5904761904761905 0.37780898876404495 0.5261904761904762 0.33848314606741575
1 0.555952380952381 0.3342696629213483 0.6190476190476191 0.37219101123595505 0.6345238095238095 0.33707865168539325 0.5726190476190476 0.300561797752809
1 0.6023809523809524 0.29634831460674155 0.6619047619047619 0.3300561797752809 0.6773809523809524 0.29775280898876405 0.6166666666666667 0.2612359550561798
1 0.7011904761904761 0.3497191011235955 0.7726190476190476 0.3904494382022472 0.7833333333333333 0.35814606741573035 0.7166666666666667 0.3188202247191011
1 0.6452380952380953 0.3792134831460674 0.7166666666666667 0.41853932584269665 0.7309523809523809 0.3848314606741573 0.6619047619047619 0.34129213483146065
1 0.6107142857142858 0.43679775280898875 0.6738095238095239 0.4747191011235955 0.6880952380952381 0.43679775280898875 0.6238095238095238 0.4058988764044944
1 0.7011904761904761 0.4747191011235955 0.7619047619047619 0.5056179775280899 0.7702380952380953 0.4789325842696629 0.7095238095238096 0.4452247191011236
1 0.7357142857142858 0.43679775280898875 0.7976190476190477 0.47331460674157305 0.8107142857142857 0.4410112359550562 0.7464285714285714 0.4044943820224719
1 0.7785714285714286 0.5140449438202247 0.8321428571428572 0.5449438202247191 0.8404761904761905 0.5168539325842697 0.7880952380952381 0.48735955056179775
1 0.6238095238095238 0.5575842696629213 0.6952380952380952 0.598314606741573 0.7095238095238096 0.5646067415730337 0.638095238095238 0.523876404494382
0 0.7952380952380952 0.398876404494382 0.919047619047619 0.47752808988764045 0.9380952380952381 0.4297752808988764 0.8107142857142857 0.35252808988764045
1 0.8333333333333334 0.49859550561797755 0.9047619047619048 0.5337078651685393 0.9142857142857143 0.5028089887640449 0.844047619047619 0.46348314606741575