1 0.16071428571428573 0.175561797752809 0.1738095238095238 0.14887640449438203 0.11904761904761904 0.11938202247191011 0.10357142857142858 0.14747191011235955
1 0.175 0.1896067415730337 0.23452380952380952 0.2247191011235955 0.25 0.19101123595505617 0.19285714285714287 0.1601123595505618
1 0.2619047619047619 0.16713483146067415 0.3142857142857143 0.19382022471910113 0.33095238095238094 0.16151685393258428 0.27380952380952384 0.13623595505617977
1 0.3773809523809524 0.1853932584269663 0.39404761904761904 0.15308988764044945 0.3357142857142857 0.11938202247191011 0.3202380952380952 0.1502808988764045
1 0.3380952380952381 0.21348314606741572 0.4083333333333333 0.25140449438202245 0.4226190476190476 0.22331460674157302 0.3523809523809524 0.18117977528089887
0 0.2904761904761905 0.2598314606741573 0.43452380952380953 0.3441011235955056 0.45476190476190476 0.29353932584269665 0.30714285714285716 0.21348314606741572
1 0.41785714285714287 0.199438202247191 0.4773809523809524 0.23174157303370788 0.49166666666666664 0.20224719101123595 0.430952380952381 0.16713483146067415
1 0.4976190476190476 0.23595505617977527 0.5452380952380952 0.2640449438202247 0.5583333333333333 0.23314606741573032 0.5095238095238095 0.20926966292134833
1 0.45 0.2851123595505618 0.5119047619047619 0.32162921348314605 0.5273809523809524 0.28792134831460675 0.4630952380952381 0.25140449438202245
1 0.5619047619047619 0.27668539325842695 0.6226190476190476 0.31179775280898875 0.638095238095238 0.2752808988764045 0.5714285714285714 0.2443820224719101
1 0.5261904761904762 0.3342696629213483 0.5880952380952381 0.36797752808988765 0.6047619047619047 0.33286516853932585 0.5369047619047619 0.2991573033707865
1 0.44047619047619047 0.35674157303370785 0.5011904761904762 0.39325842696629215 0.5154761904761904 0.36235955056179775 0.45595238095238094 0.3258426966292135
1 0.5452380952380952 0.41151685393258425 0.6107142857142858 0.44662921348314605 0.6238095238095238 0.41292134831460675 0.5583333333333333 0.375
1 0.8321428571428572 0.7640449438202247 0.8595238095238096 0.7921348314606742 0.9083333333333333 0.7191011235955056 0.8857142857142857 0.6952247191011236