1 0.14285714285714285 0.17696629213483145 0.19523809523809524 0.20365168539325842 0.21071428571428572 0.17275280898876405 0.15714285714285714 0.1446629213483146
1 0.2 0.15870786516853932 0.25833333333333336 0.19382022471910113 0.275 0.16151685393258428 0.2154761904761905 0.1306179775280899
1 0.21785714285714286 0.21629213483146068 0.28214285714285714 0.25842696629213485 0.2988095238095238 0.22612359550561797 0.22976190476190475 0.18679775280898878
1 0.29404761904761906 0.2050561797752809 0.3547619047619048 0.23735955056179775 0.37023809523809526 0.20365168539325842 0.305952380952381 0.17275280898876405
1 0.3761904761904762 0.24157303370786518 0.4238095238095238 0.26825842696629215 0.4369047619047619 0.23876404494382023 0.3892857142857143 0.21348314606741572
1 0.4357142857142857 0.2794943820224719 0.5035714285714286 0.3160112359550562 0.5154761904761904 0.27808988764044945 0.4511904761904762 0.24578651685393257
0 0.16547619047619047 0.2612359550561798 0.305952380952381 0.3455056179775281 0.3261904761904762 0.29634831460674155 0.18214285714285713 0.21769662921348315
1 0.32857142857142857 0.2907303370786517 0.39166666666666666 0.32865168539325845 0.4035714285714286 0.2893258426966292 0.3380952380952381 0.2612359550561798
1 0.31666666666666665 0.3609550561797753 0.3773809523809524 0.3960674157303371 0.3892857142857143 0.36657303370786515 0.33214285714285713 0.32865168539325845
1 0.4035714285714286 0.3398876404494382 0.4654761904761905 0.37359550561797755 0.4797619047619048 0.33848314606741575 0.4154761904761905 0.30337078651685395
1 0.42142857142857143 0.4157303370786517 0.48333333333333334 0.449438202247191 0.4976190476190476 0.41713483146067415 0.43333333333333335 0.3806179775280899
1 0.6738095238095239 0.75 0.7 0.7654494382022472 0.7309523809523809 0.6924157303370787 0.7083333333333334 0.6769662921348315
1 0.7154761904761905 0.7668539325842697 0.7380952380952381 0.7879213483146067 0.7833333333333333 0.726123595505618 0.7619047619047619 0.7050561797752809