1 0.09285714285714286 0.19382022471910113 0.15476190476190477 0.2345505617977528 0.17261904761904762 0.20365168539325842 0.11071428571428571 0.16853932584269662
1 0.19404761904761905 0.18398876404494383 0.25476190476190474 0.22191011235955055 0.2714285714285714 0.18679775280898878 0.20714285714285716 0.14606741573033707
1 0.175 0.24157303370786518 0.23333333333333334 0.27808988764044945 0.2511904761904762 0.24157303370786518 0.1880952380952381 0.20786516853932585
1 0.1488095238095238 0.2907303370786517 0.20952380952380953 0.3300561797752809 0.22380952380952382 0.29353932584269665 0.16428571428571428 0.26264044943820225
1 0.2392857142857143 0.351123595505618 0.2869047619047619 0.38342696629213485 0.3 0.34831460674157305 0.25 0.3202247191011236
1 0.2869047619047619 0.23595505617977527 0.3476190476190476 0.2710674157303371 0.3630952380952381 0.23876404494382023 0.2976190476190476 0.20224719101123595
1 0.3142857142857143 0.31741573033707865 0.36904761904761907 0.34691011235955055 0.38333333333333336 0.31741573033707865 0.3273809523809524 0.2851123595505618
1 0.3738095238095238 0.3047752808988764 0.43333333333333335 0.34269662921348315 0.4511904761904762 0.3047752808988764 0.3892857142857143 0.26825842696629215
0 0.34523809523809523 0.41713483146067415 0.49047619047619045 0.5098314606741573 0.5119047619047619 0.4606741573033708 0.36428571428571427 0.37780898876404495
1 0.39285714285714285 0.3707865168539326 0.46190476190476193 0.4101123595505618 0.47619047619047616 0.3792134831460674 0.4083333333333333 0.34129213483146065
1 0.4738095238095238 0.35252808988764045 0.5333333333333333 0.39185393258426965 0.5488095238095239 0.35674157303370785 0.4857142857142857 0.32162921348314605
1 0.5571428571428572 0.39747191011235955 0.6011904761904762 0.425561797752809 0.6166666666666667 0.3946629213483146 0.5666666666666667 0.36797752808988765
1 0.6190476190476191 0.43820224719101125 0.680952380952381 0.476123595505618 0.694047619047619 0.43679775280898875 0.6321428571428571 0.4058988764044944
1 0.5666666666666667 0.48314606741573035 0.5833333333333334 0.44803370786516855 0.5166666666666667 0.40870786516853935 0.5035714285714286 0.44241573033707865
1 0.5821428571428572 0.49719101123595505 0.6440476190476191 0.5337078651685393 0.6595238095238095 0.49719101123595505 0.5964285714285714 0.4648876404494382
1 0.4988095238095238 0.5196629213483146 0.5583333333333333 0.5603932584269663 0.5726190476190476 0.5280898876404494 0.5119047619047619 0.49157303370786515
1 0.6047619047619047 0.5758426966292135 0.6666666666666666 0.6137640449438202 0.6833333333333333 0.5800561797752809 0.6202380952380953 0.5407303370786517