1 0.2642857142857143 0.39747191011235955 0.19166666666666668 0.3960674157303371 0.19285714285714287 0.36235955056179775 0.2642857142857143 0.3651685393258427
1 0.13095238095238096 0.48735955056179775 0.10476190476190476 0.48735955056179775 0.10357142857142858 0.4101123595505618 0.12857142857142856 0.4101123595505618
1 0.12142857142857143 0.5997191011235955 0.14761904761904762 0.577247191011236 0.11666666666666667 0.5070224719101124 0.09285714285714286 0.5280898876404494
1 0.27380952380952384 0.5126404494382022 0.3047619047619048 0.5028089887640449 0.3202380952380952 0.5856741573033708 0.2892857142857143 0.5969101123595506
1 0.33214285714285713 0.5168539325842697 0.35595238095238096 0.5969101123595506 0.38452380952380955 0.5842696629213483 0.3607142857142857 0.5042134831460674
1 0.375 0.4901685393258427 0.39880952380952384 0.5646067415730337 0.4226190476190476 0.5547752808988764 0.4035714285714286 0.4803370786516854
1 0.44166666666666665 0.4550561797752809 0.4583333333333333 0.5379213483146067 0.4297619047619048 0.5435393258426966 0.4083333333333333 0.46629213483146065
1 0.5380952380952381 0.45786516853932585 0.5630952380952381 0.5393258426966292 0.5321428571428571 0.550561797752809 0.5071428571428571 0.47191011235955055
1 0.5357142857142857 0.4438202247191011 0.5869047619047619 0.5084269662921348 0.6095238095238096 0.48314606741573035 0.5595238095238095 0.4199438202247191
1 0.569047619047619 0.41151685393258425 0.6154761904761905 0.47331460674157305 0.6404761904761904 0.4438202247191011 0.5892857142857143 0.38764044943820225
1 0.5988095238095238 0.3848314606741573 0.6535714285714286 0.4353932584269663 0.6714285714285714 0.40870786516853935 0.6178571428571429 0.3539325842696629
1 0.6404761904761904 0.34129213483146065 0.6833333333333333 0.3848314606741573 0.7011904761904761 0.3595505617977528 0.6630952380952381 0.31320224719101125
1 0.7083333333333334 0.2542134831460674 0.7726190476190476 0.29634831460674155 0.7880952380952381 0.26685393258426965 0.7261904761904762 0.2247191011235955
1 0.13690476190476192 0.7907303370786517 0.14523809523809525 0.8693820224719101 0.11547619047619048 0.875 0.10833333333333334 0.7921348314606742
1 0.20238095238095238 0.7879213483146067 0.2130952380952381 0.8693820224719101 0.18333333333333332 0.8764044943820225 0.17023809523809524 0.7949438202247191
1 0.275 0.8089887640449438 0.2904761904761905 0.8848314606741573 0.25833333333333336 0.8932584269662921 0.24761904761904763 0.8117977528089888
1 0.42857142857142855 0.7696629213483146 0.4392857142857143 0.8525280898876404 0.4738095238095238 0.8455056179775281 0.46190476190476193 0.7640449438202247
1 0.5 0.7640449438202247 0.5071428571428571 0.8370786516853933 0.4773809523809524 0.8412921348314607 0.4642857142857143 0.7682584269662921
1 0.6285714285714286 0.7415730337078652 0.638095238095238 0.8202247191011236 0.6678571428571428 0.8174157303370787 0.6571428571428571 0.7345505617977528
1 0.7 0.7331460674157303 0.7047619047619048 0.8117977528089888 0.675 0.8146067415730337 0.6666666666666666 0.7331460674157303
1 0.7523809523809524 0.851123595505618 0.8095238095238095 0.8370786516853933 0.8071428571428572 0.8075842696629213 0.7452380952380953 0.8230337078651685
1 0.8226190476190476 0.2247191011235955 0.844047619047619 0.24578651685393257 0.8845238095238095 0.1896067415730337 0.8607142857142858 0.16713483146067415