1 0.15 0.7401685393258427 0.15119047619047618 0.6573033707865169 0.17976190476190476 0.6587078651685393 0.17976190476190476 0.7415730337078652
1 0.39166666666666666 0.8033707865168539 0.4642857142857143 0.800561797752809 0.4607142857142857 0.7654494382022472 0.39166666666666666 0.7682584269662921
1 0.3357142857142857 0.7387640449438202 0.3678571428571429 0.7401685393258427 0.3678571428571429 0.6601123595505618 0.33690476190476193 0.6601123595505618
1 0.40595238095238095 0.5674157303370787 0.4095238095238095 0.6474719101123596 0.3678571428571429 0.6502808988764045 0.3619047619047619 0.5702247191011236
1 0.40595238095238095 0.7485955056179775 0.4392857142857143 0.7485955056179775 0.44285714285714284 0.6671348314606742 0.4083333333333333 0.6671348314606742
1 0.4797619047619048 0.6615168539325843 0.4928571428571429 0.7415730337078652 0.4595238095238095 0.7485955056179775 0.44761904761904764 0.6685393258426966
1 0.5607142857142857 0.5646067415730337 0.5619047619047619 0.6502808988764045 0.5321428571428571 0.651685393258427 0.5285714285714286 0.5632022471910112
1 0.5666666666666667 0.6615168539325843 0.5666666666666667 0.7457865168539326 0.5345238095238095 0.7443820224719101 0.530952380952381 0.6601123595505618
1 0.6011904761904762 0.5646067415730337 0.6011904761904762 0.6376404494382022 0.569047619047619 0.6376404494382022 0.5654761904761905 0.5632022471910112
1 0.6 0.651685393258427 0.6035714285714285 0.7373595505617978 0.5726190476190476 0.7373595505617978 0.5702380952380952 0.651685393258427
1 0.638095238095238 0.5646067415730337 0.6392857142857142 0.648876404494382 0.6095238095238096 0.648876404494382 0.6035714285714285 0.5632022471910112
1 0.6476190476190476 0.6601123595505618 0.6416666666666667 0.7401685393258427 0.6130952380952381 0.7359550561797753 0.6154761904761905 0.6573033707865169
1 0.6833333333333333 0.5800561797752809 0.6845238095238095 0.6573033707865169 0.6535714285714286 0.6558988764044944 0.65 0.5786516853932584
1 0.6952380952380952 0.6615168539325843 0.6904761904761905 0.7457865168539326 0.6607142857142857 0.7429775280898876 0.6630952380952381 0.6601123595505618
1 0.7333333333333333 0.6558988764044944 0.7357142857142858 0.7401685393258427 0.705952380952381 0.7387640449438202 0.7035714285714286 0.6558988764044944
1 0.7845238095238095 0.6587078651685393 0.7869047619047619 0.7401685393258427 0.7559523809523809 0.7401685393258427 0.7547619047619047 0.6587078651685393
1 0.8011904761904762 0.5730337078651685 0.7988095238095239 0.6474719101123596 0.7678571428571429 0.6446629213483146 0.7702380952380953 0.5730337078651685
1 0.861904761904762 0.577247191011236 0.8630952380952381 0.6432584269662921 0.830952380952381 0.6418539325842697 0.8321428571428572 0.5758426966292135
1 0.8357142857142857 0.6530898876404494 0.8404761904761905 0.7345505617977528 0.8714285714285714 0.7317415730337079 0.8666666666666667 0.651685393258427
1 0.6047619047619047 0.39747191011235955 0.6059523809523809 0.31320224719101125 0.6345238095238095 0.3146067415730337 0.6333333333333333 0.39747191011235955
1 0.5630952380952381 0.3904494382022472 0.5666666666666667 0.31741573033707865 0.5392857142857143 0.3160112359550562 0.5369047619047619 0.38764044943820225
1 0.5011904761904762 0.4002808988764045 0.5 0.31741573033707865 0.5345238095238095 0.3202247191011236 0.5321428571428571 0.398876404494382
1 0.3773809523809524 0.45786516853932585 0.3773809523809524 0.41713483146067415 0.45357142857142857 0.4199438202247191 0.45357142857142857 0.4550561797752809