1 0.3392857142857143 0.24297752808988765 0.3678571428571429 0.2443820224719101 0.36904761904761907 0.14325842696629212 0.34285714285714286 0.1446629213483146
1 0.40476190476190477 0.3651685393258427 0.40714285714285714 0.28370786516853935 0.43452380952380953 0.28370786516853935 0.4357142857142857 0.36657303370786515
1 0.4607142857142857 0.43679775280898875 0.46190476190476193 0.35674157303370785 0.49404761904761907 0.35674157303370785 0.49404761904761907 0.43820224719101125
1 0.39880952380952384 0.7457865168539326 0.4 0.6601123595505618 0.430952380952381 0.6615168539325843 0.430952380952381 0.7457865168539326
3 0.5392857142857143 0.6769662921348315 0.5404761904761904 0.577247191011236 0.5726190476190476 0.5786516853932584 0.569047619047619 0.6769662921348315
1 0.6285714285714286 0.7429775280898876 0.6976190476190476 0.7415730337078652 0.6976190476190476 0.7078651685393258 0.6273809523809524 0.7078651685393258
1 0.6345238095238095 0.6938202247191011 0.7 0.6938202247191011 0.6988095238095238 0.6587078651685393 0.6333333333333333 0.6629213483146067
1 0.6357142857142857 0.6474719101123596 0.7047619047619048 0.6446629213483146 0.7047619047619048 0.6081460674157303 0.6357142857142857 0.6095505617977528
1 0.6392857142857142 0.5617977528089888 0.7083333333333334 0.5603932584269663 0.7107142857142857 0.598314606741573 0.6404761904761904 0.5997191011235955
1 0.6369047619047619 0.5042134831460674 0.7083333333333334 0.5056179775280899 0.7083333333333334 0.4691011235955056 0.638095238095238 0.4691011235955056
1 0.6428571428571429 0.42837078651685395 0.7083333333333334 0.4143258426966292 0.7178571428571429 0.449438202247191 0.6488095238095238 0.4648876404494382
1 0.6392857142857142 0.41713483146067415 0.7071428571428572 0.40730337078651685 0.7011904761904761 0.37359550561797755 0.6345238095238095 0.3792134831460674
1 0.6428571428571429 0.3637640449438202 0.7071428571428572 0.3637640449438202 0.705952380952381 0.32865168539325845 0.6404761904761904 0.3300561797752809
1 0.6452380952380953 0.3202247191011236 0.7095238095238096 0.3188202247191011 0.705952380952381 0.2851123595505618 0.6452380952380953 0.28792134831460675
1 0.8488095238095238 0.5070224719101124 0.9047619047619048 0.5140449438202247 0.9047619047619048 0.4803370786516854 0.85 0.4747191011235955