1 0.49523809523809526 0.18258426966292135 0.5416666666666666 0.2303370786516854 0.5619047619047619 0.20786516853932585 0.513095238095238 0.15870786516853932
1 0.5535714285714286 0.25280898876404495 0.5476190476190477 0.32865168539325845 0.5154761904761904 0.3258426966292135 0.5202380952380953 0.25280898876404495
1 0.513095238095238 0.42134831460674155 0.5166666666666667 0.35252808988764045 0.5452380952380952 0.3539325842696629 0.5404761904761904 0.42134831460674155
1 0.30714285714285716 0.6713483146067416 0.36428571428571427 0.6867977528089888 0.37023809523809526 0.6587078651685393 0.3130952380952381 0.6418539325842697
1 0.2857142857142857 0.776685393258427 0.35595238095238096 0.7907303370786517 0.3607142857142857 0.7556179775280899 0.2904761904761905 0.7443820224719101
1 0.29404761904761906 0.8216292134831461 0.3595238095238095 0.8370786516853933 0.35119047619047616 0.8721910112359551 0.2845238095238095 0.8553370786516854
1 0.4107142857142857 0.7345505617977528 0.42738095238095236 0.7598314606741573 0.4869047619047619 0.7120786516853933 0.4654761904761905 0.6811797752808989
1 0.5869047619047619 0.8455056179775281 0.5904761904761905 0.7935393258426966 0.6166666666666667 0.7963483146067416 0.6154761904761905 0.8469101123595506
1 0.6619047619047619 0.7528089887640449 0.6714285714285714 0.8356741573033708 0.7035714285714286 0.827247191011236 0.6928571428571428 0.7471910112359551
1 0.6833333333333333 0.7205056179775281 0.6869047619047619 0.651685393258427 0.7119047619047619 0.651685393258427 0.7083333333333334 0.7205056179775281
1 0.5928571428571429 0.7275280898876404 0.5916666666666667 0.6502808988764045 0.6238095238095238 0.651685393258427 0.6226190476190476 0.7289325842696629
1 0.544047619047619 0.7598314606741573 0.5738095238095238 0.7626404494382022 0.5821428571428572 0.6797752808988764 0.5523809523809524 0.6769662921348315
1 0.5571428571428572 0.6165730337078652 0.5892857142857143 0.6165730337078652 0.5964285714285714 0.5280898876404494 0.5654761904761905 0.5224719101123596
1 0.6464285714285715 0.6615168539325843 0.675 0.6657303370786517 0.6857142857142857 0.5828651685393258 0.6535714285714286 0.5800561797752809
1 0.6916666666666667 0.6264044943820225 0.7142857142857143 0.6292134831460674 0.7166666666666667 0.5660112359550562 0.6952380952380952 0.5632022471910112
1 0.6916666666666667 0.5337078651685393 0.6952380952380952 0.45365168539325845 0.7261904761904762 0.45224719101123595 0.725 0.5351123595505618
1 0.5773809523809523 0.4803370786516854 0.5821428571428572 0.40308988764044945 0.6130952380952381 0.4044943820224719 0.6083333333333333 0.4803370786516854
1 0.580952380952381 0.324438202247191 0.5869047619047619 0.24859550561797752 0.6190476190476191 0.25 0.6130952380952381 0.32303370786516855
1 0.6726190476190477 0.3595505617977528 0.6773809523809524 0.2851123595505618 0.7083333333333334 0.2907303370786517 0.7023809523809523 0.3637640449438202
1 0.7035714285714286 0.4157303370786517 0.7297619047619047 0.41713483146067415 0.7285714285714285 0.3441011235955056 0.7035714285714286 0.3441011235955056
1 0.7857142857142857 0.46769662921348315 0.7535714285714286 0.46769662921348315 0.7511904761904762 0.3890449438202247 0.7845238095238095 0.3890449438202247
1 0.7380952380952381 0.3103932584269663 0.7416666666666667 0.2247191011235955 0.7119047619047619 0.2247191011235955 0.7107142857142857 0.30758426966292135
1 0.7083333333333334 0.1952247191011236 0.7738095238095238 0.20926966292134833 0.775 0.17275280898876405 0.7107142857142857 0.16573033707865167