1 0.30714285714285716 0.27668539325842695 0.36547619047619045 0.27668539325842695 0.36547619047619045 0.24719101123595505 0.30714285714285716 0.24719101123595505
1 0.40714285714285714 0.15730337078651685 0.40595238095238095 0.08707865168539326 0.42857142857142855 0.08567415730337079 0.43333333333333335 0.1544943820224719
1 0.40476190476190477 0.2542134831460674 0.430952380952381 0.2542134831460674 0.4297619047619048 0.17837078651685392 0.40595238095238095 0.17837078651685392
1 0.3202380952380952 0.33848314606741575 0.3892857142857143 0.3539325842696629 0.39285714285714285 0.3188202247191011 0.3261904761904762 0.30758426966292135
1 0.30952380952380953 0.3960674157303371 0.36904761904761907 0.4002808988764045 0.37023809523809526 0.3693820224719101 0.30714285714285716 0.36797752808988765
1 0.2976190476190476 0.44803370786516855 0.3619047619047619 0.48174157303370785 0.375 0.449438202247191 0.3119047619047619 0.4157303370786517
1 0.29285714285714287 0.5224719101123596 0.3607142857142857 0.5252808988764045 0.3607142857142857 0.4901685393258427 0.29404761904761906 0.48314606741573035
1 0.29523809523809524 0.6320224719101124 0.3619047619047619 0.6193820224719101 0.3547619047619048 0.5856741573033708 0.2892857142857143 0.5969101123595506
1 0.28809523809523807 0.6938202247191011 0.35833333333333334 0.6811797752808989 0.3523809523809524 0.6446629213483146 0.2833333333333333 0.6629213483146067
1 0.2976190476190476 0.7626404494382022 0.36666666666666664 0.7626404494382022 0.36666666666666664 0.7247191011235955 0.2976190476190476 0.723314606741573
1 0.305952380952381 0.797752808988764 0.34404761904761905 0.800561797752809 0.34404761904761905 0.7696629213483146 0.3047619047619048 0.7668539325842697
1 0.430952380952381 0.3651685393258427 0.4369047619047619 0.28230337078651685 0.4035714285714286 0.2794943820224719 0.39880952380952384 0.36235955056179775
1 0.3976190476190476 0.4606741573033708 0.3952380952380952 0.38342696629213485 0.42738095238095236 0.38342696629213485 0.430952380952381 0.4606741573033708
1 0.3976190476190476 0.5561797752808989 0.42857142857142855 0.5589887640449438 0.42738095238095236 0.4789325842696629 0.3964285714285714 0.4789325842696629
1 0.3976190476190476 0.6558988764044944 0.4297619047619048 0.6573033707865169 0.42738095238095236 0.577247191011236 0.39880952380952384 0.5758426966292135
1 0.39880952380952384 0.7584269662921348 0.4238095238095238 0.7584269662921348 0.4226190476190476 0.6910112359550562 0.3976190476190476 0.6910112359550562
1 0.4369047619047619 0.7949438202247191 0.4380952380952381 0.8778089887640449 0.41309523809523807 0.8778089887640449 0.4142857142857143 0.7963483146067416
1 0.5916666666666667 0.8019662921348315 0.5904761904761905 0.7247191011235955 0.6214285714285714 0.723314606741573 0.6226190476190476 0.800561797752809
1 0.5047619047619047 0.7401685393258427 0.5035714285714286 0.6643258426966292 0.5369047619047619 0.6657303370786517 0.5357142857142857 0.7415730337078652
1 0.5511904761904762 0.7289325842696629 0.5833333333333334 0.7317415730337079 0.5857142857142857 0.6474719101123596 0.5547619047619048 0.6446629213483146
2 0.5904761904761905 0.7191011235955056 0.6166666666666667 0.7191011235955056 0.6154761904761905 0.6474719101123596 0.5892857142857143 0.6502808988764045
1 0.6202380952380953 0.5463483146067416 0.6214285714285714 0.6278089887640449 0.5904761904761905 0.6306179775280899 0.5892857142857143 0.547752808988764
1 0.5869047619047619 0.526685393258427 0.5869047619047619 0.4438202247191011 0.6190476190476191 0.4452247191011236 0.6178571428571429 0.5224719101123596
1 0.6452380952380953 0.48174157303370785 0.6702380952380952 0.4789325842696629 0.6666666666666666 0.40168539325842695 0.6404761904761904 0.40308988764044945
1 0.580952380952381 0.42134831460674155 0.6059523809523809 0.42275280898876405 0.6154761904761905 0.3455056179775281 0.5857142857142857 0.34269662921348315
1 0.6416666666666667 0.3693820224719101 0.6702380952380952 0.36797752808988765 0.669047619047619 0.28651685393258425 0.6392857142857142 0.2851123595505618
1 0.5166666666666667 0.20224719101123595 0.5166666666666667 0.1404494382022472 0.5404761904761904 0.1404494382022472 0.5392857142857143 0.20365168539325842
1 0.5845238095238096 0.20084269662921347 0.6107142857142858 0.19803370786516855 0.6083333333333333 0.125 0.5821428571428572 0.12640449438202248