2 0.45357142857142857 0.48174157303370785 0.47619047619047616 0.48314606741573035 0.4880952380952381 0.4058988764044944 0.4642857142857143 0.40308988764044945
2 0.44761904761904764 0.5786516853932584 0.5369047619047619 0.547752808988764 0.5238095238095238 0.5056179775280899 0.44166666666666665 0.5351123595505618
1 0.45714285714285713 0.6474719101123596 0.48095238095238096 0.7106741573033708 0.5047619047619047 0.6952247191011236 0.48214285714285715 0.6362359550561798
1 0.5214285714285715 0.7078651685393258 0.5214285714285715 0.6348314606741573 0.5511904761904762 0.6348314606741573 0.5523809523809524 0.7078651685393258
1 0.5928571428571429 0.726123595505618 0.5916666666666667 0.6376404494382022 0.6238095238095238 0.6376404494382022 0.6226190476190476 0.7247191011235955
1 0.6654761904761904 0.723314606741573 0.6654761904761904 0.6418539325842697 0.6321428571428571 0.6418539325842697 0.6321428571428571 0.723314606741573
2 0.4845238095238095 0.824438202247191 0.5547619047619048 0.7963483146067416 0.544047619047619 0.7640449438202247 0.475 0.797752808988764
1 0.7071428571428572 0.6643258426966292 0.7071428571428572 0.7485955056179775 0.6761904761904762 0.7485955056179775 0.6761904761904762 0.6643258426966292
1 0.7404761904761905 0.8075842696629213 0.7404761904761905 0.7176966292134831 0.7095238095238096 0.7176966292134831 0.7083333333333334 0.8075842696629213
1 0.7095238095238096 0.6137640449438202 0.7142857142857143 0.6952247191011236 0.7464285714285714 0.6910112359550562 0.7404761904761905 0.6109550561797753
1 0.7107142857142857 0.5912921348314607 0.7095238095238096 0.5154494382022472 0.7392857142857143 0.5154494382022472 0.7416666666666667 0.5884831460674157
1 0.6976190476190476 0.42275280898876405 0.7023809523809523 0.5014044943820225 0.7309523809523809 0.5014044943820225 0.7285714285714285 0.41853932584269665
1 0.5821428571428572 0.5056179775280899 0.5785714285714286 0.4199438202247191 0.6083333333333333 0.41853932584269665 0.6107142857142858 0.5056179775280899
1 0.5214285714285715 0.4241573033707865 0.5535714285714286 0.4241573033707865 0.555952380952381 0.34691011235955055 0.5214285714285715 0.3455056179775281
1 0.525 0.28370786516853935 0.5535714285714286 0.2808988764044944 0.5511904761904762 0.2050561797752809 0.5238095238095238 0.20365168539325842
1 0.5821428571428572 0.32303370786516855 0.580952380952381 0.24157303370786518 0.6107142857142858 0.24297752808988765 0.611904761904762 0.32303370786516855
1 0.6547619047619048 0.28230337078651685 0.7178571428571429 0.30337078651685395 0.7273809523809524 0.273876404494382 0.6642857142857143 0.25280898876404495
1 0.6154761904761905 0.21348314606741572 0.6428571428571429 0.20786516853932585 0.638095238095238 0.13202247191011235 0.6083333333333333 0.13623595505617977
1 0.6785714285714286 0.17134831460674158 0.7083333333333334 0.17275280898876405 0.7095238095238096 0.10533707865168539 0.6797619047619048 0.10252808988764045
1 0.7273809523809524 0.3061797752808989 0.7976190476190477 0.30758426966292135 0.7952380952380952 0.27247191011235955 0.7297619047619047 0.2710674157303371
1 0.8273809523809523 0.30337078651685395 0.888095238095238 0.30337078651685395 0.888095238095238 0.273876404494382 0.8273809523809523 0.2710674157303371