1 0.3404761904761905 0.5365168539325843 0.3821428571428571 0.46629213483146065 0.35833333333333334 0.44662921348314605 0.3142857142857143 0.5182584269662921
1 0.4095238095238095 0.476123595505618 0.42738095238095236 0.49859550561797755 0.47619047619047616 0.4438202247191011 0.45476190476190476 0.42275280898876405
1 0.4297619047619048 0.35252808988764045 0.44642857142857145 0.3890449438202247 0.5059523809523809 0.34269662921348315 0.4857142857142857 0.31179775280898875
1 0.5047619047619047 0.38202247191011235 0.5166666666666667 0.41292134831460675 0.5726190476190476 0.3792134831460674 0.5571428571428572 0.3497191011235955
1 0.6083333333333333 0.3258426966292135 0.6154761904761905 0.3497191011235955 0.6595238095238095 0.33707865168539325 0.6488095238095238 0.30758426966292135
1 0.7452380952380953 0.35814606741573035 0.7583333333333333 0.3960674157303371 0.8297619047619048 0.36797752808988765 0.8214285714285714 0.3356741573033708
1 0.5154761904761904 0.6025280898876404 0.5345238095238095 0.6853932584269663 0.5654761904761905 0.672752808988764 0.5488095238095239 0.5912921348314607
1 0.5738095238095238 0.6334269662921348 0.5964285714285714 0.7120786516853933 0.6261904761904762 0.6980337078651685 0.6071428571428571 0.6207865168539326
1 0.6095238095238096 0.5393258426966292 0.6357142857142857 0.6235955056179775 0.6630952380952381 0.6123595505617978 0.638095238095238 0.523876404494382
1 0.6892857142857143 0.598314606741573 0.7178571428571429 0.5856741573033708 0.6964285714285714 0.5056179775280899 0.6630952380952381 0.5182584269662921
1 0.6904761904761905 0.6207865168539326 0.719047619047619 0.6081460674157303 0.7416666666666667 0.6882022471910112 0.7130952380952381 0.7008426966292135
1 0.6619047619047619 0.6334269662921348 0.675 0.6811797752808989 0.65 0.6924157303370787 0.6345238095238095 0.6446629213483146
1 0.5773809523809523 0.7050561797752809 0.5976190476190476 0.7879213483146067 0.5702380952380952 0.797752808988764 0.5452380952380952 0.7191011235955056
1 0.6083333333333333 0.726123595505618 0.6321428571428571 0.8047752808988764 0.6607142857142857 0.7907303370786517 0.638095238095238 0.7120786516853933