1 0.16666666666666666 0.4887640449438202 0.16904761904761906 0.4592696629213483 0.11190476190476191 0.45365168539325845 0.11071428571428571 0.4887640449438202
1 0.19285714285714287 0.4943820224719101 0.25595238095238093 0.4943820224719101 0.2619047619047619 0.46207865168539325 0.19523809523809524 0.4592696629213483
1 0.3464285714285714 0.526685393258427 0.41904761904761906 0.5294943820224719 0.4166666666666667 0.5 0.3476190476190476 0.5
1 0.4785714285714286 0.5084269662921348 0.4785714285714286 0.47191011235955055 0.4095238095238095 0.4691011235955056 0.4083333333333333 0.5014044943820225
1 0.5857142857142857 0.44241573033707865 0.6547619047619048 0.43679775280898875 0.6535714285714286 0.4044943820224719 0.5857142857142857 0.4044943820224719
1 0.6392857142857142 0.6207865168539326 0.6404761904761904 0.5294943820224719 0.6714285714285714 0.5308988764044944 0.6678571428571428 0.6221910112359551
1 0.6714285714285714 0.6657303370786517 0.7011904761904761 0.6657303370786517 0.7035714285714286 0.5870786516853933 0.6726190476190477 0.5856741573033708
1 0.6321428571428571 0.7640449438202247 0.6333333333333333 0.6839887640449438 0.6630952380952381 0.6839887640449438 0.6619047619047619 0.7626404494382022
1 0.6285714285714286 0.800561797752809 0.6285714285714286 0.875 0.6583333333333333 0.8764044943820225 0.6571428571428571 0.8019662921348315
1 0.8166666666666667 0.824438202247191 0.819047619047619 0.7415730337078652 0.8535714285714285 0.7429775280898876 0.8476190476190476 0.827247191011236
1 0.780952380952381 0.6629213483146067 0.8261904761904761 0.7191011235955056 0.8452380952380952 0.6938202247191011 0.8047619047619048 0.6390449438202247
1 0.7464285714285714 0.6348314606741573 0.7464285714285714 0.5603932584269663 0.7785714285714286 0.5589887640449438 0.775 0.6320224719101124
1 0.8166666666666667 0.6025280898876404 0.8488095238095238 0.6025280898876404 0.8452380952380952 0.5252808988764045 0.8142857142857143 0.5252808988764045
1 0.7488095238095238 0.47191011235955055 0.7488095238095238 0.39325842696629215 0.7785714285714286 0.3946629213483146 0.7773809523809524 0.4705056179775281
1 0.6452380952380953 0.3806179775280899 0.6464285714285715 0.3146067415730337 0.6702380952380952 0.3146067415730337 0.669047619047619 0.3792134831460674
1 0.8214285714285714 0.41713483146067415 0.8226190476190476 0.34269662921348315 0.85 0.3441011235955056 0.8511904761904762 0.4199438202247191
1 0.7523809523809524 0.31320224719101125 0.7511904761904762 0.23876404494382023 0.7821428571428571 0.2401685393258427 0.7857142857142857 0.31320224719101125
2 0.8214285714285714 0.32724719101123595 0.8202380952380952 0.24859550561797752 0.8488095238095238 0.25 0.8511904761904762 0.32724719101123595
2 0.6428571428571429 0.29353932584269665 0.6773809523809524 0.29213483146067415 0.675 0.17837078651685392 0.6392857142857142 0.1797752808988764
1 0.7 0.2612359550561798 0.7011904761904761 0.1896067415730337 0.7321428571428571 0.1896067415730337 0.7309523809523809 0.26264044943820225
1 0.7595238095238095 0.1699438202247191 0.7869047619047619 0.17275280898876405 0.7880952380952381 0.10533707865168539 0.7571428571428571 0.10533707865168539
1 0.8202380952380952 0.23174157303370788 0.8488095238095238 0.23314606741573032 0.8476190476190476 0.16151685393258428 0.819047619047619 0.16151685393258428
1 0.6523809523809524 0.16151685393258428 0.6488095238095238 0.10814606741573034 0.6761904761904762 0.10814606741573034 0.6761904761904762 0.16432584269662923