1 0.14166666666666666 0.18258426966292135 0.20833333333333334 0.175561797752809 0.20357142857142857 0.14185393258426968 0.1392857142857143 0.14606741573033707
1 0.430952380952381 0.15308988764044945 0.49642857142857144 0.15168539325842698 0.49642857142857144 0.11235955056179775 0.43452380952380953 0.10955056179775281
1 0.5345238095238095 0.18679775280898878 0.5642857142857143 0.18398876404494383 0.5630952380952381 0.10814606741573034 0.5333333333333333 0.10814606741573034
1 0.5773809523809523 0.1952247191011236 0.6059523809523809 0.1952247191011236 0.6047619047619047 0.12640449438202248 0.5726190476190476 0.12640449438202248
1 0.4154761904761905 0.45224719101123595 0.4142857142857143 0.37219101123595505 0.4452380952380952 0.37219101123595505 0.44761904761904764 0.45224719101123595
3 0.4726190476190476 0.40730337078651685 0.46785714285714286 0.2851123595505618 0.5023809523809524 0.2808988764044944 0.5035714285714286 0.4044943820224719
1 0.47619047619047616 0.49157303370786515 0.5059523809523809 0.4859550561797753 0.5011904761904762 0.41292134831460675 0.4726190476190476 0.41292134831460675
1 0.5392857142857143 0.4353932584269663 0.5404761904761904 0.35674157303370785 0.5083333333333333 0.3553370786516854 0.5071428571428571 0.4339887640449438
1 0.4869047619047619 0.5800561797752809 0.5178571428571429 0.5800561797752809 0.5154761904761904 0.49719101123595505 0.4857142857142857 0.49719101123595505
1 0.5523809523809524 0.5730337078651685 0.5202380952380953 0.577247191011236 0.5190476190476191 0.49719101123595505 0.5464285714285714 0.4957865168539326
1 0.48214285714285715 0.6657303370786517 0.5119047619047619 0.6657303370786517 0.5107142857142857 0.5912921348314607 0.4845238095238095 0.5912921348314607
1 0.4797619047619048 0.773876404494382 0.5107142857142857 0.7794943820224719 0.5190476190476191 0.6867977528089888 0.48928571428571427 0.6825842696629213
1 0.5285714285714286 0.7345505617977528 0.5571428571428572 0.7331460674157303 0.5595238095238095 0.6643258426966292 0.5285714285714286 0.6629213483146067
1 0.48928571428571427 0.7935393258426966 0.5190476190476191 0.7907303370786517 0.5238095238095238 0.8707865168539326 0.4928571428571429 0.8735955056179775
1 0.5880952380952381 0.7162921348314607 0.6011904761904762 0.797752808988764 0.6285714285714286 0.7935393258426966 0.6190476190476191 0.7078651685393258
1 0.655952380952381 0.8398876404494382 0.6785714285714286 0.8539325842696629 0.7119047619047619 0.7823033707865169 0.6892857142857143 0.7654494382022472
1 0.638095238095238 0.7191011235955056 0.7107142857142857 0.7401685393258427 0.7166666666666667 0.7036516853932584 0.6511904761904762 0.6825842696629213
1 0.6523809523809524 0.5898876404494382 0.7178571428571429 0.6320224719101124 0.7285714285714285 0.5997191011235955 0.669047619047619 0.5632022471910112
1 0.594047619047619 0.5252808988764045 0.6 0.6081460674157303 0.6297619047619047 0.601123595505618 0.6273809523809524 0.5224719101123596
1 0.6571428571428571 0.476123595505618 0.6619047619047619 0.5603932584269663 0.694047619047619 0.5575842696629213 0.6880952380952381 0.4747191011235955
1 0.5892857142857143 0.3904494382022472 0.6166666666666667 0.38342696629213485 0.6095238095238096 0.3089887640449438 0.5821428571428572 0.3160112359550562
1 0.6488095238095238 0.2907303370786517 0.6571428571428571 0.3637640449438202 0.6869047619047619 0.3595505617977528 0.675 0.2851123595505618
1 0.6595238095238095 0.4550561797752809 0.6904761904761905 0.45646067415730335 0.6869047619047619 0.37359550561797755 0.6583333333333333 0.37359550561797755
1 0.7107142857142857 0.5617977528089888 0.775 0.5351123595505618 0.7607142857142857 0.5014044943820225 0.7 0.5308988764044944
1 0.7238095238095238 0.4691011235955056 0.7916666666666666 0.45786516853932585 0.7880952380952381 0.425561797752809 0.719047619047619 0.4353932584269663
1 0.7238095238095238 0.42696629213483145 0.7785714285714286 0.3806179775280899 0.763095238095238 0.351123595505618 0.7071428571428572 0.398876404494382
1 0.6976190476190476 0.3651685393258427 0.7619047619047619 0.3455056179775281 0.7535714285714286 0.31320224719101125 0.6892857142857143 0.3300561797752809
1 0.6952380952380952 0.3061797752808989 0.7595238095238095 0.2752808988764045 0.7476190476190476 0.25 0.6845238095238095 0.27668539325842695
1 0.6714285714285714 0.26685393258426965 0.7380952380952381 0.23876404494382023 0.725 0.20926966292134833 0.6595238095238095 0.23735955056179775
1 0.7297619047619047 0.8089887640449438 0.7928571428571428 0.7794943820224719 0.780952380952381 0.75 0.719047619047619 0.7823033707865169
1 0.8130952380952381 0.7373595505617978 0.8464285714285714 0.8061797752808989 0.8202380952380952 0.8216292134831461 0.7869047619047619 0.7485955056179775