1 0.13333333333333333 0.8033707865168539 0.20595238095238094 0.800561797752809 0.20833333333333334 0.7682584269662921 0.13333333333333333 0.7724719101123596
1 0.43333333333333335 0.7780898876404494 0.5047619047619047 0.7823033707865169 0.5059523809523809 0.7443820224719101 0.4357142857142857 0.7443820224719101
1 0.5880952380952381 0.7696629213483146 0.5892857142857143 0.8497191011235955 0.6226190476190476 0.8497191011235955 0.6202380952380953 0.7710674157303371
1 0.6511904761904762 0.6980337078651685 0.7047619047619048 0.75 0.725 0.7219101123595506 0.6678571428571428 0.672752808988764
1 0.47023809523809523 0.7205056179775281 0.46904761904761905 0.6292134831460674 0.4976190476190476 0.6292134831460674 0.4988095238095238 0.7205056179775281
1 0.530952380952381 0.5702247191011236 0.530952380952381 0.6474719101123596 0.5035714285714286 0.648876404494382 0.5023809523809524 0.5702247191011236
1 0.5892857142857143 0.5491573033707865 0.5880952380952381 0.6264044943820225 0.6154761904761905 0.6292134831460674 0.6166666666666667 0.550561797752809
1 0.6547619047619048 0.4845505617977528 0.6583333333333333 0.5561797752808989 0.6857142857142857 0.5547752808988764 0.680952380952381 0.4803370786516854
1 0.47023809523809523 0.5969101123595506 0.46904761904761905 0.5252808988764045 0.49404761904761907 0.5252808988764045 0.4976190476190476 0.5926966292134831
1 0.4154761904761905 0.5575842696629213 0.44642857142857145 0.5547752808988764 0.44166666666666665 0.4747191011235955 0.4095238095238095 0.476123595505618
1 0.46904761904761905 0.4803370786516854 0.49642857142857144 0.48174157303370785 0.4988095238095238 0.40168539325842695 0.46785714285714286 0.40168539325842695
1 0.5845238095238096 0.34129213483146065 0.5845238095238096 0.4241573033707865 0.6214285714285714 0.4199438202247191 0.6178571428571429 0.3398876404494382
1 0.544047619047619 0.34269662921348315 0.5738095238095238 0.34269662921348315 0.5773809523809523 0.2612359550561798 0.5464285714285714 0.2598314606741573
1 0.49642857142857144 0.35252808988764045 0.5238095238095238 0.3539325842696629 0.5273809523809524 0.27808988764044945 0.4988095238095238 0.2752808988764045
2 0.4666666666666667 0.38202247191011235 0.4880952380952381 0.3806179775280899 0.4880952380952381 0.3202247191011236 0.4666666666666667 0.3202247191011236
1 0.4654761904761905 0.2991573033707865 0.48928571428571427 0.29634831460674155 0.48928571428571427 0.23174157303370788 0.4654761904761905 0.23174157303370788
1 0.4785714285714286 0.20786516853932585 0.5047619047619047 0.19803370786516855 0.48928571428571427 0.12640449438202248 0.46190476190476193 0.13764044943820225
1 0.5297619047619048 0.17275280898876405 0.530952380952381 0.10112359550561797 0.5 0.10112359550561797 0.4988095238095238 0.1699438202247191
1 0.5928571428571429 0.1601123595505618 0.5928571428571429 0.2401685393258427 0.625 0.24157303370786518 0.625 0.16151685393258428
1 0.6726190476190477 0.2148876404494382 0.6904761904761905 0.23876404494382023 0.7428571428571429 0.17696629213483145 0.725 0.1544943820224719
1 0.7880952380952381 0.23876404494382023 0.8428571428571429 0.24719101123595505 0.8452380952380952 0.2148876404494382 0.7904761904761904 0.20786516853932585
1 0.6595238095238095 0.6558988764044944 0.6916666666666667 0.6573033707865169 0.6892857142857143 0.577247191011236 0.655952380952381 0.5800561797752809