0 0.475 0.6193820224719101 0.5154761904761904 0.6207865168539326 0.5178571428571429 0.8117977528089888 0.4726190476190476 0.8117977528089888
1 0.42857142857142855 0.7823033707865169 0.4642857142857143 0.7823033707865169 0.4654761904761905 0.6980337078651685 0.42857142857142855 0.6952247191011236
1 0.37976190476190474 0.8665730337078652 0.37976190476190474 0.776685393258427 0.4119047619047619 0.7752808988764045 0.41785714285714287 0.8665730337078652
1 0.33095238095238094 0.7879213483146067 0.3630952380952381 0.7837078651685393 0.3678571428571429 0.8735955056179775 0.33095238095238094 0.8778089887640449
1 0.2785714285714286 0.8693820224719101 0.3119047619047619 0.8693820224719101 0.3107142857142857 0.7808988764044944 0.2785714285714286 0.7837078651685393
1 0.275 0.7682584269662921 0.3130952380952381 0.7696629213483146 0.31785714285714284 0.672752808988764 0.2785714285714286 0.6741573033707865
1 0.32976190476190476 0.7696629213483146 0.36428571428571427 0.7696629213483146 0.35714285714285715 0.675561797752809 0.3333333333333333 0.675561797752809
1 0.37142857142857144 0.6587078651685393 0.4083333333333333 0.6573033707865169 0.4142857142857143 0.75 0.3738095238095238 0.7542134831460674
1 0.41904761904761906 0.6601123595505618 0.4607142857142857 0.6643258426966292 0.4607142857142857 0.5660112359550562 0.42738095238095236 0.5660112359550562
1 0.3738095238095238 0.6446629213483146 0.4095238095238095 0.6404494382022472 0.40476190476190477 0.5646067415730337 0.3738095238095238 0.5632022471910112
1 0.3261904761904762 0.648876404494382 0.3595238095238095 0.6446629213483146 0.3595238095238095 0.5589887640449438 0.325 0.5575842696629213
1 0.2726190476190476 0.6418539325842697 0.3130952380952381 0.6376404494382022 0.30952380952380953 0.5547752808988764 0.275 0.5575842696629213
1 0.3273809523809524 0.5379213483146067 0.3630952380952381 0.5379213483146067 0.3595238095238095 0.4452247191011236 0.3273809523809524 0.4508426966292135
1 0.3821428571428571 0.5323033707865169 0.41785714285714287 0.5308988764044944 0.4142857142857143 0.4452247191011236 0.37976190476190474 0.4410112359550562
1 0.4261904761904762 0.4508426966292135 0.4607142857142857 0.45224719101123595 0.4595238095238095 0.5365168539325843 0.4238095238095238 0.5337078651685393
2 0.47619047619047616 0.5435393258426966 0.5178571428571429 0.547752808988764 0.5166666666666667 0.4311797752808989 0.475 0.4297752808988764
1 0.475 0.39325842696629215 0.5107142857142857 0.39747191011235955 0.5107142857142857 0.3103932584269663 0.48095238095238096 0.3089887640449438
1 0.47619047619047616 0.273876404494382 0.5142857142857142 0.2752808988764045 0.5119047619047619 0.18820224719101122 0.4773809523809524 0.18398876404494383
1 0.3738095238095238 0.33707865168539325 0.4035714285714286 0.33848314606741575 0.40714285714285714 0.4143258426966292 0.37142857142857144 0.4143258426966292
1 0.3273809523809524 0.39325842696629215 0.3607142857142857 0.3904494382022472 0.35833333333333334 0.3047752808988764 0.32857142857142857 0.3061797752808989
1 0.3761904761904762 0.324438202247191 0.4142857142857143 0.3258426966292135 0.41309523809523807 0.23314606741573032 0.3761904761904762 0.23595505617977527
1 0.375 0.18820224719101122 0.41309523809523807 0.1896067415730337 0.4107142857142857 0.10814606741573034 0.3761904761904762 0.11235955056179775