1 0.33095238095238094 0.7485955056179775 0.34523809523809523 0.723314606741573 0.40714285714285714 0.7612359550561798 0.3952380952380952 0.7879213483146067
1 0.3523809523809524 0.7092696629213483 0.36428571428571427 0.6867977528089888 0.4226190476190476 0.7205056179775281 0.4107142857142857 0.75
1 0.37023809523809526 0.6769662921348315 0.37976190476190474 0.6502808988764045 0.44047619047619047 0.6825842696629213 0.42857142857142855 0.7120786516853933
1 0.38452380952380955 0.6418539325842697 0.39285714285714285 0.6193820224719101 0.4488095238095238 0.6460674157303371 0.4392857142857143 0.6685393258426966
1 0.39404761904761904 0.6039325842696629 0.40476190476190477 0.577247191011236 0.4642857142857143 0.6067415730337079 0.45595238095238094 0.6334269662921348
1 0.4119047619047619 0.5632022471910112 0.42142857142857143 0.5379213483146067 0.48095238095238096 0.5674157303370787 0.4714285714285714 0.5955056179775281
1 0.43452380952380953 0.5337078651685393 0.444047619047619 0.5042134831460674 0.4988095238095238 0.5351123595505618 0.4928571428571429 0.5575842696629213
1 0.44761904761904764 0.4845505617977528 0.45714285714285713 0.4606741573033708 0.5166666666666667 0.4943820224719101 0.5083333333333333 0.5168539325842697
1 0.4630952380952381 0.44241573033707865 0.4773809523809524 0.41713483146067415 0.5380952380952381 0.4508426966292135 0.5261904761904762 0.4803370786516854
1 0.48095238095238096 0.4044943820224719 0.49047619047619045 0.3792134831460674 0.5488095238095239 0.4101123595505618 0.5404761904761904 0.4396067415730337
1 0.5416666666666666 0.47191011235955055 0.5666666666666667 0.48735955056179775 0.594047619047619 0.41713483146067415 0.5702380952380952 0.40308988764044945
1 0.4988095238095238 0.36657303370786515 0.5083333333333333 0.34269662921348315 0.5619047619047619 0.37359550561797755 0.5523809523809524 0.3960674157303371
1 0.513095238095238 0.3258426966292135 0.525 0.30337078651685395 0.5833333333333334 0.33707865168539325 0.5726190476190476 0.3595505617977528
1 0.5202380952380953 0.28651685393258425 0.5321428571428571 0.2598314606741573 0.5916666666666667 0.2907303370786517 0.580952380952381 0.31741573033707865
1 0.5404761904761904 0.2443820224719101 0.5523809523809524 0.21348314606741572 0.6142857142857143 0.24859550561797752 0.6023809523809524 0.28230337078651685
1 0.5619047619047619 0.20365168539325842 0.6130952380952381 0.2345505617977528 0.6226190476190476 0.21067415730337077 0.5702380952380952 0.1797752808988764
1 0.694047619047619 0.2696629213483146 0.7226190476190476 0.2851123595505618 0.7464285714285714 0.21910112359550563 0.7226190476190476 0.20926966292134833
1 0.7571428571428571 0.22612359550561797 0.7690476190476191 0.19803370786516855 0.8321428571428572 0.2303370786516854 0.8202380952380952 0.2598314606741573
1 0.6702380952380952 0.3441011235955056 0.6952380952380952 0.3539325842696629 0.7166666666666667 0.29353932584269665 0.6928571428571428 0.2808988764044944
1 0.694047619047619 0.37359550561797755 0.7154761904761905 0.3848314606741573 0.7523809523809524 0.3146067415730337 0.7261904761904762 0.2991573033707865
1 0.7273809523809524 0.39747191011235955 0.7511904761904762 0.41292134831460675 0.7833333333333333 0.34269662921348315 0.7583333333333333 0.33146067415730335
1 0.7714285714285715 0.40308988764044945 0.794047619047619 0.41713483146067415 0.8202380952380952 0.35252808988764045 0.7952380952380952 0.3398876404494382
1 0.7916666666666666 0.48735955056179775 0.8523809523809524 0.5210674157303371 0.8642857142857143 0.4943820224719101 0.8035714285714286 0.4592696629213483
1 0.6392857142857142 0.45786516853932585 0.6511904761904762 0.4297752808988764 0.7142857142857143 0.46207865168539325 0.705952380952381 0.49297752808988765
1 0.6297619047619047 0.5028089887640449 0.6392857142857142 0.476123595505618 0.7047619047619048 0.5 0.6952380952380952 0.5365168539325843
1 0.6190476190476191 0.5365168539325843 0.6285714285714286 0.5140449438202247 0.6904761904761905 0.5491573033707865 0.6773809523809524 0.577247191011236
1 0.5964285714285714 0.574438202247191 0.6083333333333333 0.5449438202247191 0.6678571428571428 0.5814606741573034 0.6595238095238095 0.6067415730337079
1 0.5785714285714286 0.6320224719101124 0.5904761904761905 0.6025280898876404 0.6595238095238095 0.6320224719101124 0.6488095238095238 0.6671348314606742
1 0.5607142857142857 0.675561797752809 0.575 0.6502808988764045 0.6404761904761904 0.6839887640449438 0.6285714285714286 0.7134831460674157
1 0.544047619047619 0.7191011235955056 0.5571428571428572 0.6952247191011236 0.6202380952380953 0.7289325842696629 0.6095238095238096 0.7598314606741573
1 0.5273809523809524 0.7598314606741573 0.5392857142857143 0.7373595505617978 0.5976190476190476 0.7724719101123596 0.5880952380952381 0.7991573033707865
1 0.5142857142857142 0.8132022471910112 0.5261904761904762 0.7851123595505618 0.5857142857142857 0.8188202247191011 0.575 0.8412921348314607
1 0.5892857142857143 0.8497191011235955 0.6345238095238095 0.8806179775280899 0.6476190476190476 0.8595505617977528 0.5988095238095238 0.8230337078651685
1 0.6976190476190476 0.8623595505617978 0.7321428571428571 0.8033707865168539 0.7547619047619047 0.8202247191011236 0.7226190476190476 0.8764044943820225