1 0.10595238095238095 0.20365168539325842 0.13095238095238096 0.24859550561797752 0.14761904761904762 0.23735955056179775 0.12142857142857143 0.1896067415730337
1 0.10238095238095238 0.27668539325842695 0.12142857142857143 0.26264044943820225 0.15595238095238095 0.32865168539325845 0.1357142857142857 0.3398876404494382
1 0.13333333333333333 0.25702247191011235 0.15357142857142858 0.24157303370786518 0.1869047619047619 0.3103932584269663 0.16666666666666666 0.3258426966292135
1 0.3535714285714286 0.1348314606741573 0.3773809523809524 0.19241573033707865 0.39404761904761904 0.18258426966292135 0.37023809523809526 0.12640449438202248
1 0.3904761904761905 0.12780898876404495 0.4107142857142857 0.17415730337078653 0.4297619047619048 0.1601123595505618 0.4095238095238095 0.11657303370786516
1 0.4142857142857143 0.18679775280898878 0.43452380952380953 0.17275280898876405 0.47023809523809523 0.24157303370786518 0.444047619047619 0.2556179775280899
1 0.5011904761904762 0.22612359550561797 0.525 0.2205056179775281 0.5142857142857142 0.14606741573033707 0.49047619047619045 0.14747191011235955
1 0.5214285714285715 0.13904494382022473 0.544047619047619 0.199438202247191 0.5654761904761905 0.18679775280898878 0.544047619047619 0.1306179775280899
1 0.22142857142857142 0.45786516853932585 0.24523809523809523 0.4438202247191011 0.275 0.5028089887640449 0.2511904761904762 0.5182584269662921
1 0.25952380952380955 0.42837078651685395 0.2833333333333333 0.4199438202247191 0.30833333333333335 0.48314606741573035 0.2857142857142857 0.49719101123595505
1 0.36428571428571427 0.40730337078651685 0.3869047619047619 0.3960674157303371 0.4119047619047619 0.45786516853932585 0.3892857142857143 0.4705056179775281
1 0.1869047619047619 0.5716292134831461 0.20952380952380953 0.5575842696629213 0.2369047619047619 0.6193820224719101 0.2130952380952381 0.6334269662921348
1 0.12023809523809524 0.6221910112359551 0.14761904761904762 0.6081460674157303 0.1761904761904762 0.6713483146067416 0.15 0.6867977528089888
1 0.21666666666666667 0.5491573033707865 0.24523809523809523 0.6137640449438202 0.2714285714285714 0.6025280898876404 0.24166666666666667 0.5351123595505618
1 0.2523809523809524 0.5280898876404494 0.27976190476190477 0.5168539325842697 0.3047619047619048 0.5870786516853933 0.2773809523809524 0.5997191011235955
1 0.2916666666666667 0.5098314606741573 0.3130952380952381 0.5 0.3357142857142857 0.5547752808988764 0.3130952380952381 0.5688202247191011
1 0.3880952380952381 0.48314606741573035 0.40714285714285714 0.47752808988764045 0.43452380952380953 0.5435393258426966 0.4107142857142857 0.5561797752808989
1 0.4226190476190476 0.4789325842696629 0.44166666666666665 0.46769662921348315 0.4654761904761905 0.5294943820224719 0.444047619047619 0.5435393258426966
1 0.46904761904761905 0.36657303370786515 0.48928571428571427 0.35814606741573035 0.5107142857142857 0.4199438202247191 0.48928571428571427 0.4297752808988764
1 0.49523809523809526 0.4410112359550562 0.5142857142857142 0.4339887640449438 0.5369047619047619 0.49859550561797755 0.5142857142857142 0.5112359550561798
1 0.5023809523809524 0.3539325842696629 0.5226190476190476 0.3455056179775281 0.5464285714285714 0.4058988764044944 0.5226190476190476 0.41853932584269665
1 0.530952380952381 0.42837078651685395 0.5488095238095239 0.41853932584269665 0.5726190476190476 0.48174157303370785 0.55 0.49719101123595505
1 0.5333333333333333 0.33848314606741575 0.5535714285714286 0.32865168539325845 0.580952380952381 0.4002808988764045 0.5583333333333333 0.4101123595505618
1 0.5630952380952381 0.4143258426966292 0.5857142857142857 0.40730337078651685 0.6059523809523809 0.4705056179775281 0.5845238095238096 0.48174157303370785
1 0.5988095238095238 0.3960674157303371 0.6190476190476191 0.38764044943820225 0.6416666666666667 0.45365168539325845 0.6178571428571429 0.4648876404494382
1 0.6095238095238096 0.3089887640449438 0.6309523809523809 0.30337078651685395 0.6547619047619048 0.36657303370786515 0.6309523809523809 0.37780898876404495
1 0.6428571428571429 0.300561797752809 0.6630952380952381 0.2893258426966292 0.6880952380952381 0.3497191011235955 0.6642857142857143 0.3595505617977528
1 0.680952380952381 0.27668539325842695 0.7011904761904761 0.2696629213483146 0.7226190476190476 0.33146067415730335 0.6988095238095238 0.34269662921348315
1 0.7178571428571429 0.25842696629213485 0.736904761904762 0.24719101123595505 0.7619047619047619 0.3103932584269663 0.7380952380952381 0.324438202247191
1 0.7571428571428571 0.2401685393258427 0.7761904761904762 0.22893258426966293 0.8011904761904762 0.29353932584269665 0.7797619047619048 0.30758426966292135
1 0.7869047619047619 0.21910112359550563 0.805952380952381 0.2050561797752809 0.8345238095238096 0.27247191011235955 0.8178571428571428 0.2907303370786517
1 0.8178571428571428 0.30758426966292135 0.8416666666666667 0.29775280898876405 0.8690476190476191 0.3693820224719101 0.8464285714285714 0.38202247191011235
1 0.7845238095238095 0.31741573033707865 0.8083333333333333 0.3061797752808989 0.8321428571428572 0.3806179775280899 0.8011904761904762 0.3862359550561798
1 0.7440476190476191 0.33286516853932585 0.7714285714285715 0.3202247191011236 0.7916666666666666 0.3862359550561798 0.7666666666666667 0.398876404494382
1 0.7047619047619048 0.351123595505618 0.7285714285714285 0.34129213483146065 0.7523809523809524 0.40870786516853935 0.7261904761904762 0.4199438202247191
1 0.6702380952380952 0.36797752808988765 0.6916666666666667 0.36235955056179775 0.7107142857142857 0.42837078651685395 0.6892857142857143 0.43679775280898875
1 0.6369047619047619 0.3862359550561798 0.6571428571428571 0.37780898876404495 0.6773809523809524 0.44241573033707865 0.6523809523809524 0.4508426966292135