1 0.2726190476190476 0.24157303370786518 0.2857142857142857 0.21629213483146068 0.3488095238095238 0.23876404494382023 0.3416666666666667 0.26264044943820225
1 0.5154761904761904 0.27808988764044945 0.5428571428571428 0.27808988764044945 0.5476190476190477 0.20365168539325842 0.5190476190476191 0.199438202247191
1 0.5571428571428572 0.27808988764044945 0.5535714285714286 0.24297752808988765 0.6226190476190476 0.23174157303370788 0.625 0.2640449438202247
1 0.5178571428571429 0.40308988764044945 0.544047619047619 0.40168539325842695 0.5511904761904762 0.31741573033707865 0.5190476190476191 0.3160112359550562
1 0.5535714285714286 0.3539325842696629 0.6226190476190476 0.3497191011235955 0.6202380952380953 0.3160112359550562 0.555952380952381 0.31741573033707865
1 0.5571428571428572 0.4002808988764045 0.6202380952380953 0.39325842696629215 0.6190476190476191 0.36235955056179775 0.5571428571428572 0.36657303370786515
1 0.55 0.4438202247191011 0.5488095238095239 0.4157303370786517 0.611904761904762 0.41151685393258425 0.611904761904762 0.4438202247191011
1 0.555952380952381 0.4887640449438202 0.6261904761904762 0.4803370786516854 0.6214285714285714 0.44662921348314605 0.5523809523809524 0.45365168539325845
1 0.5547619047619048 0.5323033707865169 0.6178571428571429 0.5252808988764045 0.6107142857142858 0.4887640449438202 0.5535714285714286 0.4943820224719101
1 0.37976190476190474 0.40168539325842695 0.37857142857142856 0.3707865168539326 0.4369047619047619 0.36657303370786515 0.4380952380952381 0.3946629213483146
1 0.3773809523809524 0.449438202247191 0.37857142857142856 0.4157303370786517 0.444047619047619 0.4101123595505618 0.444047619047619 0.44241573033707865
1 0.38571428571428573 0.4887640449438202 0.38571428571428573 0.4606741573033708 0.44166666666666665 0.45786516853932585 0.44285714285714284 0.48314606741573035
1 0.3357142857142857 0.48735955056179775 0.36666666666666664 0.48735955056179775 0.3678571428571429 0.4101123595505618 0.3416666666666667 0.4101123595505618
1 0.30238095238095236 0.40870786516853935 0.3261904761904762 0.4101123595505618 0.3333333333333333 0.48735955056179775 0.305952380952381 0.4887640449438202
1 0.2630952380952381 0.41151685393258425 0.2857142857142857 0.41151685393258425 0.29642857142857143 0.4859550561797753 0.26785714285714285 0.4859550561797753
1 0.23214285714285715 0.48735955056179775 0.25952380952380955 0.4859550561797753 0.25595238095238093 0.41151685393258425 0.22976190476190475 0.41151685393258425
1 0.19642857142857142 0.4943820224719101 0.22738095238095238 0.49297752808988765 0.2226190476190476 0.4101123595505618 0.19642857142857142 0.41151685393258425
1 0.18333333333333332 0.5365168539325843 0.18333333333333332 0.5014044943820225 0.25595238095238093 0.49859550561797755 0.25595238095238093 0.5308988764044944
1 0.19642857142857142 0.6348314606741573 0.2226190476190476 0.6348314606741573 0.225 0.723314606741573 0.19404761904761905 0.7247191011235955
1 0.23452380952380952 0.5926966292134831 0.26904761904761904 0.5941011235955056 0.2619047619047619 0.6811797752808989 0.2357142857142857 0.6811797752808989
1 0.27380952380952384 0.672752808988764 0.3 0.6741573033707865 0.30357142857142855 0.5955056179775281 0.275 0.5969101123595506
1 0.31547619047619047 0.672752808988764 0.3416666666666667 0.672752808988764 0.34404761904761905 0.5969101123595506 0.31547619047619047 0.5941011235955056
1 0.39880952380952384 0.6657303370786517 0.4238095238095238 0.6769662921348315 0.444047619047619 0.6025280898876404 0.42023809523809524 0.5926966292134831
1 0.5452380952380952 0.6601123595505618 0.5726190476190476 0.672752808988764 0.6 0.598314606741573 0.5785714285714286 0.5814606741573034
1 0.6547619047619048 0.6741573033707865 0.6547619047619048 0.6025280898876404 0.6797619047619048 0.601123595505618 0.6833333333333333 0.6741573033707865
1 0.6964285714285714 0.6713483146067416 0.6964285714285714 0.601123595505618 0.7214285714285714 0.5997191011235955 0.7226190476190476 0.6685393258426966
1 0.7321428571428571 0.6685393258426966 0.7321428571428571 0.601123595505618 0.7583333333333333 0.601123595505618 0.7571428571428571 0.6643258426966292
1 0.6309523809523809 0.4705056179775281 0.6583333333333333 0.4705056179775281 0.6571428571428571 0.39325842696629215 0.6309523809523809 0.3960674157303371
1 0.669047619047619 0.47331460674157305 0.6964285714285714 0.47191011235955055 0.6928571428571428 0.39185393258426965 0.6678571428571428 0.3946629213483146
1 0.7035714285714286 0.4691011235955056 0.7333333333333333 0.4691011235955056 0.7357142857142858 0.39185393258426965 0.705952380952381 0.39185393258426965
1 0.7404761904761905 0.47331460674157305 0.7678571428571429 0.47331460674157305 0.7654761904761904 0.3960674157303371 0.7416666666666667 0.3960674157303371
1 0.7738095238095238 0.476123595505618 0.8035714285714286 0.4747191011235955 0.8035714285714286 0.3946629213483146 0.7761904761904762 0.39325842696629215
1 0.8142857142857143 0.4691011235955056 0.8416666666666667 0.46629213483146065 0.8380952380952381 0.38202247191011235 0.8130952380952381 0.38342696629213485
1 0.6857142857142857 0.37219101123595505 0.6821428571428572 0.33848314606741575 0.7452380952380953 0.3300561797752809 0.7535714285714286 0.3595505617977528
1 0.8011904761904762 0.35674157303370785 0.8238095238095238 0.34269662921348315 0.7928571428571428 0.27247191011235955 0.7690476190476191 0.28370786516853935
1 0.8154761904761905 0.2612359550561798 0.8404761904761905 0.2598314606741573 0.8369047619047619 0.18117977528089887 0.8130952380952381 0.18117977528089887
1 0.6821428571428572 0.32303370786516855 0.6821428571428572 0.2907303370786517 0.7523809523809524 0.2907303370786517 0.7535714285714286 0.32162921348314605