1 0.3404761904761905 0.8707865168539326 0.3547619047619048 0.8160112359550562 0.3773809523809524 0.8230337078651685 0.36547619047619045 0.8778089887640449
1 0.37976190476190474 0.7907303370786517 0.40714285714285714 0.800561797752809 0.4261904761904762 0.7289325842696629 0.4 0.7176966292134831
1 0.3964285714285714 0.45646067415730335 0.40476190476190477 0.425561797752809 0.4738095238095238 0.44803370786516855 0.4654761904761905 0.4789325842696629
1 0.44166666666666665 0.41853932584269665 0.45 0.3848314606741573 0.5154761904761904 0.4058988764044944 0.5119047619047619 0.4396067415730337
1 0.45357142857142857 0.3651685393258427 0.4654761904761905 0.3342696629213483 0.525 0.35814606741573035 0.5154761904761904 0.3890449438202247
1 0.4642857142857143 0.3258426966292135 0.4714285714285714 0.29775280898876405 0.5380952380952381 0.3202247191011236 0.5321428571428571 0.34831460674157305
1 0.4845238095238095 0.28792134831460675 0.5476190476190477 0.31179775280898875 0.5571428571428572 0.2808988764044944 0.4928571428571429 0.2556179775280899
1 0.49166666666666664 0.25 0.5595238095238095 0.273876404494382 0.5654761904761905 0.23876404494382023 0.5035714285714286 0.22191011235955055
1 0.7273809523809524 0.15308988764044945 0.7964285714285714 0.175561797752809 0.8035714285714286 0.14325842696629212 0.7416666666666667 0.11938202247191011
1 0.6440476190476191 0.1699438202247191 0.7023809523809523 0.19382022471910113 0.7107142857142857 0.16432584269662923 0.6547619047619048 0.14325842696629212
1 0.6238095238095238 0.21629213483146068 0.6321428571428571 0.1853932584269663 0.6988095238095238 0.20224719101123595 0.694047619047619 0.23595505617977527
1 0.7047619047619048 0.2401685393258427 0.7130952380952381 0.20926966292134833 0.7702380952380953 0.22752808988764045 0.7595238095238095 0.2598314606741573
1 0.8321428571428572 0.28792134831460675 0.8583333333333333 0.29634831460674155 0.8833333333333333 0.21207865168539325 0.8559523809523809 0.20084269662921347
1 0.6333333333333333 0.40870786516853935 0.6404761904761904 0.375 0.7083333333333334 0.3904494382022472 0.7 0.42134831460674155
1 0.7130952380952381 0.4297752808988764 0.7214285714285714 0.398876404494382 0.7916666666666666 0.42134831460674155 0.7833333333333333 0.4508426966292135
1 0.625 0.4438202247191011 0.6321428571428571 0.4157303370786517 0.7 0.43258426966292135 0.6892857142857143 0.46348314606741575
1 0.7166666666666667 0.4705056179775281 0.7226190476190476 0.44241573033707865 0.780952380952381 0.4606741573033708 0.7714285714285715 0.49297752808988765
1 0.6440476190476191 0.4957865168539326 0.65 0.4648876404494382 0.705952380952381 0.47752808988764045 0.7011904761904761 0.5098314606741573
1 0.705952380952381 0.5140449438202247 0.7107142857142857 0.48174157303370785 0.7761904761904762 0.5014044943820225 0.7690476190476191 0.5308988764044944
1 0.5642857142857143 0.5126404494382022 0.5726190476190476 0.48314606741573035 0.6309523809523809 0.5014044943820225 0.625 0.5294943820224719
1 0.6321428571428571 0.5337078651685393 0.638095238095238 0.5056179775280899 0.6964285714285714 0.523876404494382 0.6892857142857143 0.5533707865168539
1 0.6964285714285714 0.5561797752808989 0.7035714285714286 0.523876404494382 0.7619047619047619 0.5421348314606742 0.7571428571428571 0.5702247191011236
1 0.5571428571428572 0.5561797752808989 0.5642857142857143 0.5224719101123596 0.6202380952380953 0.5407303370786517 0.6142857142857143 0.5716292134831461
1 0.6226190476190476 0.5758426966292135 0.6297619047619047 0.5435393258426966 0.6869047619047619 0.5617977528089888 0.6821428571428572 0.5912921348314607
1 0.6869047619047619 0.5955056179775281 0.694047619047619 0.5632022471910112 0.7535714285714286 0.5800561797752809 0.7464285714285714 0.6095505617977528
1 0.5333333333333333 0.5912921348314607 0.5428571428571428 0.5589887640449438 0.6130952380952381 0.577247191011236 0.6035714285714285 0.6109550561797753
1 0.6083333333333333 0.6109550561797753 0.6178571428571429 0.5800561797752809 0.6857142857142857 0.5997191011235955 0.6773809523809524 0.6320224719101124
1 0.6833333333333333 0.6334269662921348 0.6904761904761905 0.6039325842696629 0.7583333333333333 0.6221910112359551 0.7511904761904762 0.6544943820224719
1 0.5988095238095238 0.6558988764044944 0.6095238095238096 0.6207865168539326 0.6785714285714286 0.6446629213483146 0.6702380952380952 0.675561797752809
1 0.675 0.675561797752809 0.6821428571428572 0.6446629213483146 0.7535714285714286 0.6685393258426966 0.7452380952380953 0.699438202247191
1 0.530952380952381 0.6783707865168539 0.5380952380952381 0.6460674157303371 0.5964285714285714 0.6629213483146067 0.5916666666666667 0.6938202247191011
1 0.5952380952380952 0.699438202247191 0.6047619047619047 0.6657303370786517 0.6630952380952381 0.6839887640449438 0.6595238095238095 0.7134831460674157
1 0.6702380952380952 0.7176966292134831 0.6785714285714286 0.6882022471910112 0.7392857142857143 0.7064606741573034 0.7333333333333333 0.7387640449438202
1 0.5214285714285715 0.723314606741573 0.5285714285714286 0.6882022471910112 0.5892857142857143 0.7064606741573034 0.5845238095238096 0.7373595505617978
1 0.5880952380952381 0.7429775280898876 0.5952380952380952 0.7092696629213483 0.6547619047619048 0.723314606741573 0.65 0.7556179775280899
1 0.6595238095238095 0.7612359550561798 0.6642857142857143 0.7289325842696629 0.7261904761904762 0.7443820224719101 0.7202380952380952 0.7794943820224719
1 0.5142857142857142 0.7626404494382022 0.5202380952380953 0.7303370786516854 0.580952380952381 0.7471910112359551 0.575 0.7794943820224719
1 0.5821428571428572 0.7851123595505618 0.5869047619047619 0.7514044943820225 0.6476190476190476 0.7682584269662921 0.6428571428571429 0.7991573033707865
1 0.6488095238095238 0.8061797752808989 0.6547619047619048 0.7710674157303371 0.7166666666666667 0.7935393258426966 0.7107142857142857 0.824438202247191
1 0.5023809523809524 0.8061797752808989 0.5095238095238095 0.7724719101123596 0.569047619047619 0.7907303370786517 0.5619047619047619 0.8188202247191011
1 0.5714285714285714 0.8230337078651685 0.5785714285714286 0.7893258426966292 0.6369047619047619 0.8089887640449438 0.6309523809523809 0.8384831460674157
1 0.6428571428571429 0.8455056179775281 0.65 0.8146067415730337 0.7083333333333334 0.8328651685393258 0.7035714285714286 0.8637640449438202
1 0.49047619047619045 0.8469101123595506 0.4988095238095238 0.8117977528089888 0.5571428571428572 0.8328651685393258 0.5511904761904762 0.8637640449438202
1 0.5619047619047619 0.8693820224719101 0.5714285714285714 0.8314606741573034 0.6309523809523809 0.8497191011235955 0.6214285714285714 0.8806179775280899