1 0.2845238095238095 0.5056179775280899 0.3273809523809524 0.5646067415730337 0.3476190476190476 0.5449438202247191 0.305952380952381 0.48314606741573035
1 0.24523809523809523 0.5126404494382022 0.27976190476190477 0.5674157303370787 0.2988095238095238 0.5533707865168539 0.2630952380952381 0.49719101123595505
1 0.19642857142857142 0.5308988764044944 0.25357142857142856 0.5969101123595506 0.27380952380952384 0.5758426966292135 0.21666666666666667 0.5070224719101124
1 0.14642857142857144 0.6530898876404494 0.1761904761904762 0.7050561797752809 0.19166666666666668 0.6910112359550562 0.16428571428571428 0.6390449438202247
1 0.1357142857142857 0.6025280898876404 0.19166666666666668 0.6544943820224719 0.20833333333333334 0.6264044943820225 0.15476190476190477 0.5814606741573034
1 0.5023809523809524 0.4058988764044944 0.4523809523809524 0.44803370786516855 0.46904761904761905 0.47191011235955055 0.5214285714285715 0.42696629213483145
1 0.42142857142857143 0.37359550561797755 0.4583333333333333 0.4353932584269663 0.4797619047619048 0.4199438202247191 0.44166666666666665 0.3595505617977528
1 0.45595238095238094 0.3300561797752809 0.49166666666666664 0.3848314606741573 0.5119047619047619 0.3693820224719101 0.4785714285714286 0.3146067415730337
1 0.5488095238095239 0.25140449438202245 0.5857142857142857 0.3160112359550562 0.6071428571428571 0.2991573033707865 0.5714285714285714 0.23595505617977527
1 0.5845238095238096 0.21910112359550563 0.6309523809523809 0.27668539325842695 0.6523809523809524 0.25 0.6059523809523809 0.19101123595505617
1 0.6095238095238096 0.18679775280898878 0.6619047619047619 0.24719101123595505 0.6785714285714286 0.22331460674157302 0.6297619047619047 0.16432584269662923
1 0.6892857142857143 0.16713483146067415 0.736904761904762 0.22893258426966293 0.7607142857142857 0.2050561797752809 0.7166666666666667 0.14606741573033707
1 0.7357142857142858 0.14606741573033707 0.7714285714285715 0.20224719101123595 0.7952380952380952 0.17134831460674158 0.7607142857142857 0.12078651685393259
1 0.7107142857142857 0.4002808988764045 0.6595238095238095 0.45646067415730335 0.6773809523809524 0.4789325842696629 0.7357142857142858 0.4297752808988764
1 0.6226190476190476 0.4887640449438202 0.5702380952380952 0.5323033707865169 0.5821428571428572 0.5617977528089888 0.6404761904761904 0.5168539325842697
1 0.5535714285714286 0.5379213483146067 0.49404761904761907 0.5842696629213483 0.5107142857142857 0.6109550561797753 0.5702380952380952 0.5617977528089888
3 0.5238095238095238 0.5997191011235955 0.6035714285714285 0.6278089887640449 0.5916666666666667 0.6629213483146067 0.513095238095238 0.6334269662921348
2 0.5392857142857143 0.6783707865168539 0.46904761904761905 0.7303370786516854 0.4880952380952381 0.7668539325842697 0.5595238095238095 0.7092696629213483
1 0.6238095238095238 0.7626404494382022 0.569047619047619 0.8146067415730337 0.5857142857142857 0.8398876404494382 0.6428571428571429 0.7879213483146067
1 0.2571428571428571 0.42134831460674155 0.2976190476190476 0.4789325842696629 0.2785714285714286 0.49859550561797755 0.2369047619047619 0.43820224719101125