1 0.10952380952380952 0.625 0.13333333333333333 0.6882022471910112 0.1595238095238095 0.6699438202247191 0.12976190476190477 0.6109550561797753
1 0.1380952380952381 0.577247191011236 0.16904761904761906 0.6362359550561798 0.18928571428571428 0.6207865168539326 0.15595238095238095 0.5632022471910112
1 0.1880952380952381 0.6530898876404494 0.12738095238095237 0.6966292134831461 0.1392857142857143 0.7289325842696629 0.20357142857142857 0.6811797752808989
1 0.23452380952380952 0.5084269662921348 0.26666666666666666 0.574438202247191 0.2916666666666667 0.5561797752808989 0.2571428571428571 0.4943820224719101
1 0.27380952380952384 0.4747191011235955 0.31547619047619047 0.5379213483146067 0.3416666666666667 0.5070224719101124 0.29404761904761906 0.449438202247191
1 0.3047619047619048 0.4508426966292135 0.35119047619047616 0.5112359550561798 0.3738095238095238 0.48314606741573035 0.32142857142857145 0.4241573033707865
1 0.3904761904761905 0.42837078651685395 0.4238095238095238 0.49297752808988765 0.45 0.47191011235955055 0.4142857142857143 0.40308988764044945
1 0.43333333333333335 0.4044943820224719 0.4654761904761905 0.4606741573033708 0.4857142857142857 0.44241573033707865 0.45357142857142857 0.3890449438202247
1 0.4583333333333333 0.38202247191011235 0.4976190476190476 0.43820224719101125 0.5166666666666667 0.41853932584269665 0.48095238095238096 0.35814606741573035
1 0.5535714285714286 0.3202247191011236 0.5976190476190476 0.3806179775280899 0.6202380952380953 0.35252808988764045 0.5726190476190476 0.2991573033707865
1 0.575 0.27247191011235955 0.6178571428571429 0.3300561797752809 0.6416666666666667 0.30337078651685395 0.5976190476190476 0.24297752808988765
3 0.6154761904761905 0.2640449438202247 0.6642857142857143 0.3258426966292135 0.6845238095238095 0.29775280898876405 0.6333333333333333 0.2401685393258427
1 0.669047619047619 0.2640449438202247 0.719047619047619 0.30758426966292135 0.7309523809523809 0.2794943820224719 0.6797619047619048 0.2345505617977528
1 0.8095238095238095 0.1896067415730337 0.7607142857142857 0.24719101123595505 0.7857142857142857 0.2696629213483146 0.8273809523809523 0.21348314606741572
1 0.8 0.1404494382022472 0.8523809523809524 0.18258426966292135 0.8702380952380953 0.1544943820224719 0.8154761904761905 0.1151685393258427
1 0.8238095238095238 0.38764044943820225 0.8452380952380952 0.45365168539325845 0.8714285714285714 0.4353932584269663 0.8452380952380952 0.36797752808988765
1 0.8523809523809524 0.3707865168539326 0.8821428571428571 0.42837078651685395 0.9023809523809524 0.4157303370786517 0.875 0.3637640449438202
1 0.3964285714285714 0.6741573033707865 0.3380952380952381 0.7176966292134831 0.35595238095238096 0.75 0.4142857142857143 0.702247191011236
1 0.24285714285714285 0.7879213483146067 0.2988095238095238 0.7570224719101124 0.30714285714285716 0.7851123595505618 0.2488095238095238 0.8216292134831461
1 0.1595238095238095 0.8398876404494382 0.22380952380952382 0.7963483146067416 0.2392857142857143 0.827247191011236 0.17261904761904762 0.8665730337078652