1 0.1988095238095238 0.7457865168539326 0.16547619047619047 0.8117977528089888 0.19047619047619047 0.824438202247191 0.22857142857142856 0.7584269662921348
1 0.14166666666666666 0.6629213483146067 0.20357142857142857 0.6643258426966292 0.20357142857142857 0.6938202247191011 0.14166666666666666 0.6910112359550562
1 0.13690476190476192 0.6123595505617978 0.20238095238095238 0.6123595505617978 0.2011904761904762 0.6418539325842697 0.1392857142857143 0.6404494382022472
1 0.1380952380952381 0.5646067415730337 0.1988095238095238 0.5632022471910112 0.2 0.5926966292134831 0.1380952380952381 0.5926966292134831
1 0.1392857142857143 0.5140449438202247 0.2 0.5168539325842697 0.1988095238095238 0.5463483146067416 0.1392857142857143 0.5463483146067416
1 0.1380952380952381 0.4691011235955056 0.19642857142857142 0.4705056179775281 0.19642857142857142 0.5 0.1392857142857143 0.49859550561797755
1 0.1357142857142857 0.4157303370786517 0.1976190476190476 0.4143258426966292 0.19642857142857142 0.45365168539325845 0.13452380952380952 0.4550561797752809
1 0.13095238095238096 0.3693820224719101 0.19404761904761905 0.3707865168539326 0.19404761904761905 0.4044943820224719 0.13214285714285715 0.4058988764044944
1 0.13214285714285715 0.32865168539325845 0.19166666666666668 0.32865168539325845 0.19285714285714287 0.35814606741573035 0.13333333333333333 0.35814606741573035
1 0.12857142857142856 0.2050561797752809 0.1880952380952381 0.20365168539325842 0.1880952380952381 0.2345505617977528 0.12857142857142856 0.2345505617977528
1 0.12738095238095237 0.1601123595505618 0.18571428571428572 0.1601123595505618 0.18452380952380953 0.19101123595505617 0.12738095238095237 0.19101123595505617
1 0.24285714285714285 0.15730337078651685 0.3119047619047619 0.16151685393258428 0.3142857142857143 0.19101123595505617 0.24285714285714285 0.1952247191011236
1 0.2523809523809524 0.32303370786516855 0.3119047619047619 0.3188202247191011 0.3130952380952381 0.34831460674157305 0.25357142857142856 0.351123595505618
1 0.25 0.3595505617977528 0.31547619047619047 0.36235955056179775 0.31666666666666665 0.39185393258426965 0.25357142857142856 0.3960674157303371
1 0.25357142857142856 0.4101123595505618 0.319047619047619 0.40730337078651685 0.3202380952380952 0.4410112359550562 0.25476190476190474 0.4438202247191011
1 0.25476190476190474 0.4592696629213483 0.319047619047619 0.45786516853932585 0.3202380952380952 0.48735955056179775 0.2571428571428571 0.4901685393258427
1 0.25476190476190474 0.5168539325842697 0.325 0.5140449438202247 0.3238095238095238 0.5449438202247191 0.2571428571428571 0.547752808988764
1 0.3333333333333333 0.6025280898876404 0.3880952380952381 0.6025280898876404 0.3892857142857143 0.6278089887640449 0.3345238095238095 0.6306179775280899
1 0.32976190476190476 0.5042134831460674 0.38452380952380955 0.5084269662921348 0.38333333333333336 0.5365168539325843 0.33095238095238094 0.5351123595505618
1 0.3273809523809524 0.4058988764044944 0.38571428571428573 0.40730337078651685 0.3880952380952381 0.43679775280898875 0.32857142857142857 0.4339887640449438
1 0.3238095238095238 0.3160112359550562 0.3238095238095238 0.34269662921348315 0.38333333333333336 0.3455056179775281 0.38452380952380955 0.3146067415730337
1 0.3238095238095238 0.2710674157303371 0.3880952380952381 0.2710674157303371 0.3880952380952381 0.30196629213483145 0.3238095238095238 0.2991573033707865
1 0.25357142857142856 0.2696629213483146 0.3130952380952381 0.2710674157303371 0.3119047619047619 0.300561797752809 0.2511904761904762 0.300561797752809
1 0.3202380952380952 0.2303370786516854 0.37976190476190474 0.23174157303370788 0.3821428571428571 0.2556179775280899 0.31785714285714284 0.25842696629213485
1 0.3202380952380952 0.1853932584269663 0.3821428571428571 0.1853932584269663 0.3821428571428571 0.21207865168539325 0.3202380952380952 0.21348314606741572
1 0.31547619047619047 0.13342696629213482 0.38095238095238093 0.13342696629213482 0.38095238095238093 0.16853932584269662 0.32261904761904764 0.16573033707865167
1 0.43214285714285716 0.14747191011235955 0.49404761904761907 0.14606741573033707 0.49523809523809526 0.17415730337078653 0.43333333333333335 0.175561797752809
1 0.4357142857142857 0.19382022471910113 0.49523809523809526 0.19241573033707865 0.49642857142857144 0.2205056179775281 0.4369047619047619 0.22191011235955055
1 0.43333333333333335 0.23735955056179775 0.4928571428571429 0.23595505617977527 0.49404761904761907 0.2640449438202247 0.4357142857142857 0.2640449438202247
1 0.43333333333333335 0.27808988764044945 0.49523809523809526 0.27668539325842695 0.49642857142857144 0.3061797752808989 0.4357142857142857 0.30758426966292135
1 0.43333333333333335 0.3146067415730337 0.49523809523809526 0.31179775280898875 0.4976190476190476 0.34269662921348315 0.4369047619047619 0.3455056179775281
1 0.4369047619047619 0.39747191011235955 0.4988095238095238 0.3946629213483146 0.5 0.4241573033707865 0.43452380952380953 0.42696629213483145
1 0.4380952380952381 0.49719101123595505 0.5047619047619047 0.49157303370786515 0.5059523809523809 0.5280898876404494 0.44166666666666665 0.5294943820224719
1 0.44761904761904764 0.6039325842696629 0.5023809523809524 0.6053370786516854 0.5023809523809524 0.6320224719101124 0.44642857142857145 0.6306179775280899
1 0.44761904761904764 0.675561797752809 0.5071428571428571 0.672752808988764 0.5095238095238095 0.7064606741573034 0.44761904761904764 0.7092696629213483
1 0.38452380952380955 0.7528089887640449 0.4654761904761905 0.7443820224719101 0.4607142857142857 0.7794943820224719 0.38571428571428573 0.7851123595505618
1 0.6607142857142857 0.6769662921348315 0.7238095238095238 0.6769662921348315 0.7238095238095238 0.7120786516853933 0.6607142857142857 0.7120786516853933
1 0.7297619047619047 0.6390449438202247 0.7964285714285714 0.6390449438202247 0.7952380952380952 0.6685393258426966 0.7309523809523809 0.6699438202247191
1 0.7333333333333333 0.5955056179775281 0.7892857142857143 0.5969101123595506 0.7892857142857143 0.6235955056179775 0.7345238095238096 0.6235955056179775
1 0.5226190476190476 0.5758426966292135 0.5833333333333334 0.5786516853932584 0.5833333333333334 0.6137640449438202 0.5214285714285715 0.6095505617977528