1 0.17976190476190476 0.4044943820224719 0.14761904761904762 0.48174157303370785 0.16904761904761906 0.49859550561797755 0.20714285714285716 0.425561797752809
1 0.36547619047619045 0.42275280898876405 0.42738095238095236 0.42134831460674155 0.4297619047619048 0.45365168539325845 0.36547619047619045 0.45224719101123595
1 0.31547619047619047 0.273876404494382 0.36666666666666664 0.273876404494382 0.37023809523809526 0.30196629213483145 0.3130952380952381 0.30196629213483145
1 0.2357142857142857 0.18398876404494383 0.30238095238095236 0.18117977528089887 0.30357142857142855 0.21910112359550563 0.2369047619047619 0.22331460674157302
1 0.3119047619047619 0.17696629213483145 0.36547619047619045 0.1797752808988764 0.36666666666666664 0.20646067415730338 0.3119047619047619 0.20365168539325842
1 0.2720238095238095 0.14957865168539325 0.0630952380952381 0.032303370786516857
1 0.11904761904761904 0.1348314606741573 0.17976190476190476 0.1404494382022472 0.17976190476190476 0.17134831460674158 0.11547619047619048 0.16713483146067415
1 0.12380952380952381 0.3356741573033708 0.18214285714285713 0.33146067415730335 0.18571428571428572 0.3637640449438202 0.12380952380952381 0.3651685393258427
1 0.12380952380952381 0.28370786516853935 0.18333333333333332 0.28370786516853935 0.18333333333333332 0.31741573033707865 0.12380952380952381 0.3202247191011236
1 0.11547619047619048 0.23314606741573032 0.18333333333333332 0.23314606741573032 0.18214285714285713 0.2654494382022472 0.11547619047619048 0.2654494382022472
1 0.1130952380952381 0.18117977528089887 0.18095238095238095 0.1853932584269663 0.17976190476190476 0.21769662921348315 0.11666666666666667 0.21910112359550563
1 0.4261904761904762 0.3441011235955056 0.4869047619047619 0.3441011235955056 0.4880952380952381 0.37359550561797755 0.4261904761904762 0.37359550561797755
1 0.42857142857142855 0.26825842696629215 0.48095238095238096 0.2710674157303371 0.48095238095238096 0.30337078651685395 0.42857142857142855 0.30196629213483145
1 0.42142857142857143 0.1699438202247191 0.48095238095238096 0.16573033707865167 0.48214285714285715 0.19662921348314608 0.4226190476190476 0.20224719101123595
1 0.5011904761904762 0.24578651685393257 0.5595238095238095 0.24859550561797752 0.5583333333333333 0.2808988764044944 0.5011904761904762 0.27808988764044945
1 0.638095238095238 0.3455056179775281 0.7023809523809523 0.3441011235955056 0.7035714285714286 0.38202247191011235 0.6392857142857142 0.3806179775280899
1 0.7095238095238096 0.25702247191011235 0.7654761904761904 0.25702247191011235 0.7666666666666667 0.29213483146067415 0.7142857142857143 0.29353932584269665
1 0.7035714285714286 0.300561797752809 0.7738095238095238 0.30337078651685395 0.7738095238095238 0.3356741573033708 0.7107142857142857 0.33707865168539325