0 0.16785714285714284 0.17134831460674158 0.06190476190476191 0.31179775280898875 0.0988095238095238 0.34691011235955055 0.20357142857142857 0.21067415730337077
1 0.1738095238095238 0.5056179775280899 0.12738095238095237 0.5617977528089888 0.1488095238095238 0.5842696629213483 0.19642857142857142 0.5280898876404494
1 0.1976190476190476 0.5393258426966292 0.1523809523809524 0.5941011235955056 0.16904761904761906 0.6123595505617978 0.21666666666666667 0.5603932584269663
1 0.22142857142857142 0.574438202247191 0.17261904761904762 0.6306179775280899 0.19166666666666668 0.6544943820224719 0.24166666666666667 0.5955056179775281
1 0.25357142857142856 0.6053370786516854 0.2 0.6699438202247191 0.21666666666666667 0.6910112359550562 0.2714285714285714 0.625
1 0.2702380952380952 0.6418539325842697 0.22023809523809523 0.6966292134831461 0.23809523809523808 0.7205056179775281 0.2857142857142857 0.6629213483146067
1 0.29642857142857143 0.6657303370786517 0.2523809523809524 0.7176966292134831 0.2702380952380952 0.7415730337078652 0.3142857142857143 0.6853932584269663
1 0.3238095238095238 0.699438202247191 0.28214285714285714 0.7570224719101124 0.3 0.7752808988764045 0.3416666666666667 0.7148876404494382
1 0.35714285714285715 0.75 0.30952380952380953 0.8019662921348315 0.325 0.8216292134831461 0.3726190476190476 0.7696629213483146
1 0.5 0.7963483146067416 0.4583333333333333 0.8595505617977528 0.4797619047619048 0.8792134831460674 0.5190476190476191 0.8146067415730337
1 0.46904761904761905 0.7752808988764045 0.425 0.8328651685393258 0.4452380952380952 0.851123595505618 0.4880952380952381 0.7921348314606742
1 0.4380952380952381 0.7176966292134831 0.3869047619047619 0.7752808988764045 0.4083333333333333 0.7991573033707865 0.45714285714285713 0.7387640449438202
1 0.4083333333333333 0.6882022471910112 0.36547619047619045 0.7415730337078652 0.3821428571428571 0.7598314606741573 0.425 0.7050561797752809
1 0.3880952380952381 0.6418539325842697 0.3464285714285714 0.6938202247191011 0.3630952380952381 0.7134831460674157 0.40595238095238095 0.6601123595505618
1 0.35714285714285715 0.6165730337078652 0.3142857142857143 0.6741573033707865 0.33214285714285713 0.6924157303370787 0.3738095238095238 0.6348314606741573
1 0.32261904761904764 0.5884831460674157 0.2833333333333333 0.6446629213483146 0.30238095238095236 0.6643258426966292 0.3416666666666667 0.6053370786516854
1 0.30357142857142855 0.5449438202247191 0.2630952380952381 0.5955056179775281 0.28095238095238095 0.6137640449438202 0.32142857142857145 0.5617977528089888
1 0.2261904761904762 0.5660112359550562 0.275 0.5112359550561798 0.29404761904761906 0.5323033707865169 0.24523809523809523 0.5870786516853933
1 0.22023809523809523 0.45224719101123595 0.26666666666666666 0.5042134831460674 0.2845238095238095 0.48314606741573035 0.23809523809523808 0.4311797752808989
1 0.20476190476190476 0.46207865168539325 0.25357142857142856 0.5168539325842697 0.23214285714285715 0.5407303370786517 0.1869047619047619 0.48314606741573035
1 0.26785714285714285 0.425561797752809 0.325 0.48735955056179775 0.3416666666666667 0.46769662921348315 0.2857142857142857 0.4058988764044944
1 0.35 0.4747191011235955 0.40595238095238095 0.5365168539325843 0.3880952380952381 0.5589887640449438 0.3333333333333333 0.49859550561797755
1 0.39404761904761904 0.5646067415730337 0.4488095238095238 0.6235955056179775 0.4642857142857143 0.6039325842696629 0.4095238095238095 0.5435393258426966
1 0.4630952380952381 0.6207865168539326 0.41904761904761906 0.6769662921348315 0.4369047619047619 0.6952247191011236 0.48095238095238096 0.6376404494382022
2 0.49642857142857144 0.6348314606741573 0.4488095238095238 0.7008426966292135 0.47023809523809523 0.723314606741573 0.5166666666666667 0.6558988764044944
1 0.5011904761904762 0.6966292134831461 0.4654761904761905 0.7485955056179775 0.48333333333333334 0.7668539325842697 0.5178571428571429 0.7120786516853933
1 0.525 0.7092696629213483 0.4869047619047619 0.7654494382022472 0.5047619047619047 0.7823033707865169 0.5416666666666666 0.726123595505618
1 0.5452380952380952 0.7387640449438202 0.5095238095238095 0.7907303370786517 0.5273809523809524 0.8089887640449438 0.5642857142857143 0.7542134831460674
1 0.575 0.7598314606741573 0.5321428571428571 0.8061797752808989 0.5464285714285714 0.827247191011236 0.5916666666666667 0.7794943820224719
1 0.611904761904762 0.773876404494382 0.5666666666666667 0.8300561797752809 0.5880952380952381 0.8539325842696629 0.6309523809523809 0.7949438202247191
1 0.7083333333333334 0.75 0.6654761904761904 0.8061797752808989 0.6845238095238095 0.8258426966292135 0.7285714285714285 0.7696629213483146
1 0.6773809523809524 0.726123595505618 0.6309523809523809 0.7752808988764045 0.6464285714285715 0.7963483146067416 0.6952380952380952 0.7457865168539326
1 0.6511904761904762 0.6867977528089888 0.6095238095238096 0.7359550561797753 0.6261904761904762 0.7542134831460674 0.6678571428571428 0.7064606741573034
1 0.6238095238095238 0.6587078651685393 0.5833333333333334 0.7092696629213483 0.6011904761904762 0.7289325842696629 0.6416666666666667 0.6769662921348315
1 0.6023809523809524 0.6264044943820225 0.5595238095238095 0.6839887640449438 0.5797619047619048 0.7036516853932584 0.6214285714285714 0.6432584269662921
1 0.5738095238095238 0.5969101123595506 0.5321428571428571 0.6502808988764045 0.55 0.6699438202247191 0.5928571428571429 0.6151685393258427
1 0.5464285714285714 0.5674157303370787 0.5035714285714286 0.6221910112359551 0.5238095238095238 0.6418539325842697 0.5654761904761905 0.5856741573033708
1 0.5178571428571429 0.5435393258426966 0.4797619047619048 0.5941011235955056 0.4988095238095238 0.6137640449438202 0.5369047619047619 0.5632022471910112
1 0.4857142857142857 0.5098314606741573 0.45 0.5617977528089888 0.46904761904761905 0.5814606741573034 0.5047619047619047 0.526685393258427
1 0.4595238095238095 0.4845505617977528 0.41785714285714287 0.5393258426966292 0.4380952380952381 0.5603932584269663 0.4797619047619048 0.5014044943820225
1 0.43452380952380953 0.45365168539325845 0.3892857142857143 0.5056179775280899 0.40714285714285714 0.526685393258427 0.45357142857142857 0.47191011235955055
1 0.4142857142857143 0.41713483146067415 0.37023809523809526 0.476123595505618 0.3904761904761905 0.4957865168539326 0.43452380952380953 0.4396067415730337
1 0.39404761904761904 0.3890449438202247 0.35 0.44662921348314605 0.3678571428571429 0.4648876404494382 0.41309523809523807 0.40870786516853935
1 0.3678571428571429 0.3637640449438202 0.3238095238095238 0.41853932584269665 0.34285714285714286 0.43820224719101125 0.3869047619047619 0.38342696629213485
1 0.34285714285714286 0.3398876404494382 0.3 0.39185393258426965 0.31785714285714284 0.41151685393258425 0.3619047619047619 0.3595505617977528
1 0.31547619047619047 0.3061797752808989 0.2702380952380952 0.3595505617977528 0.28809523809523807 0.3792134831460674 0.3345238095238095 0.32724719101123595
1 0.3273809523809524 0.29353932584269665 0.3738095238095238 0.3497191011235955 0.3904761904761905 0.32865168539325845 0.3464285714285714 0.2752808988764045
1 0.3773809523809524 0.29775280898876405 0.4226190476190476 0.3553370786516854 0.44166666666666665 0.3356741573033708 0.3964285714285714 0.2794943820224719
1 0.39404761904761904 0.3806179775280899 0.4392857142857143 0.4353932584269663 0.4595238095238095 0.41292134831460675 0.4119047619047619 0.3609550561797753
1 0.4523809523809524 0.44803370786516855 0.5023809523809524 0.5014044943820225 0.5166666666666667 0.4789325842696629 0.46904761904761905 0.42696629213483145
1 0.5083333333333333 0.5070224719101124 0.5571428571428572 0.5603932584269663 0.5738095238095238 0.5393258426966292 0.525 0.4845505617977528
1 0.5714285714285714 0.574438202247191 0.6285714285714286 0.6362359550561798 0.6440476190476191 0.6151685393258427 0.5880952380952381 0.5533707865168539
1 0.6345238095238095 0.6418539325842697 0.6833333333333333 0.6966292134831461 0.6988095238095238 0.6769662921348315 0.6511904761904762 0.6207865168539326
1 0.7964285714285714 0.7106741573033708 0.75 0.7654494382022472 0.7678571428571429 0.7865168539325843 0.8142857142857143 0.7317415730337079
1 0.8226190476190476 0.7457865168539326 0.7785714285714286 0.8019662921348315 0.7964285714285714 0.8258426966292135 0.844047619047619 0.7682584269662921
1 0.7107142857142857 0.6839887640449438 0.763095238095238 0.7373595505617978 0.7797619047619048 0.7148876404494382 0.7273809523809524 0.6615168539325843
1 0.6619047619047619 0.6193820224719101 0.7107142857142857 0.6741573033707865 0.7285714285714285 0.651685393258427 0.6785714285714286 0.598314606741573
1 0.6309523809523809 0.5308988764044944 0.680952380952381 0.5828651685393258 0.6976190476190476 0.5617977528089888 0.6488095238095238 0.5084269662921348
1 0.7345238095238096 0.6474719101123596 0.7845238095238095 0.7050561797752809 0.8011904761904762 0.6825842696629213 0.7523809523809524 0.6264044943820225
1 0.6833333333333333 0.5884831460674157 0.7297619047619047 0.6418539325842697 0.7476190476190476 0.6193820224719101 0.7011904761904761 0.5674157303370787
1 0.5404761904761904 0.4803370786516854 0.5904761904761905 0.5308988764044944 0.6059523809523809 0.5112359550561798 0.5583333333333333 0.4592696629213483
1 0.48333333333333334 0.4241573033707865 0.5345238095238095 0.47331460674157305 0.5511904761904762 0.4508426966292135 0.5023809523809524 0.398876404494382
1 0.43214285714285716 0.3637640449438202 0.4785714285714286 0.4157303370786517 0.49642857142857144 0.3904494382022472 0.45 0.34129213483146065
1 0.425 0.300561797752809 0.4726190476190476 0.351123595505618 0.49166666666666664 0.33146067415730335 0.44285714285714284 0.2808988764044944
1 0.4773809523809524 0.3553370786516854 0.5261904761904762 0.40870786516853935 0.5416666666666666 0.38764044943820225 0.49523809523809526 0.3356741573033708
1 0.5297619047619048 0.4143258426966292 0.5761904761904761 0.46769662921348315 0.594047619047619 0.4452247191011236 0.5476190476190477 0.39325842696629215
1 0.580952380952381 0.47191011235955055 0.6297619047619047 0.5252808988764045 0.6452380952380953 0.5028089887640449 0.5976190476190476 0.4508426966292135
1 0.6833333333333333 0.4297752808988764 0.6428571428571429 0.4901685393258427 0.6642857142857143 0.5098314606741573 0.7035714285714286 0.44662921348314605
1 0.7142857142857143 0.45786516853932585 0.6738095238095239 0.5210674157303371 0.6976190476190476 0.5407303370786517 0.7333333333333333 0.47331460674157305
1 0.7547619047619047 0.5112359550561798 0.7107142857142857 0.5674157303370787 0.7273809523809524 0.5941011235955056 0.7726190476190476 0.5294943820224719
1 0.780952380952381 0.5365168539325843 0.7345238095238096 0.5997191011235955 0.7571428571428571 0.6151685393258427 0.8023809523809524 0.5561797752808989
1 0.8071428571428572 0.5660112359550562 0.7547619047619047 0.6193820224719101 0.7797619047619048 0.6432584269662921 0.8285714285714286 0.5884831460674157
1 0.830952380952381 0.601123595505618 0.7797619047619048 0.6544943820224719 0.8023809523809524 0.6769662921348315 0.8488095238095238 0.6221910112359551
1 0.8630952380952381 0.6376404494382022 0.8166666666666667 0.6896067415730337 0.8333333333333334 0.7176966292134831 0.8821428571428571 0.6587078651685393
1 0.8773809523809524 0.5294943820224719 0.8321428571428572 0.5828651685393258 0.8523809523809524 0.6053370786516854 0.8964285714285715 0.547752808988764
1 0.8547619047619047 0.49859550561797755 0.8071428571428572 0.5547752808988764 0.825 0.574438202247191 0.8738095238095238 0.5182584269662921
1 0.8333333333333334 0.4691011235955056 0.7857142857142857 0.523876404494382 0.8035714285714286 0.5449438202247191 0.8511904761904762 0.4887640449438202
1 0.8035714285714286 0.43820224719101125 0.7583333333333333 0.4957865168539326 0.7797619047619048 0.5168539325842697 0.8226190476190476 0.45786516853932585
1 0.7797619047619048 0.40730337078651685 0.7333333333333333 0.4648876404494382 0.7523809523809524 0.4859550561797753 0.7988095238095239 0.425561797752809
1 0.7416666666666667 0.37780898876404495 0.7 0.4353932584269663 0.7226190476190476 0.45646067415730335 0.7619047619047619 0.3946629213483146
1 0.719047619047619 0.34831460674157305 0.6761904761904762 0.40730337078651685 0.6964285714285714 0.425561797752809 0.7380952380952381 0.3637640449438202
1 0.65 0.3960674157303371 0.6071428571428571 0.45224719101123595 0.6273809523809524 0.47191011235955055 0.6678571428571428 0.41292134831460675
1 0.6261904761904762 0.36235955056179775 0.580952380952381 0.4199438202247191 0.5988095238095238 0.4396067415730337 0.6428571428571429 0.3806179775280899
1 0.6916666666666667 0.32303370786516855 0.6488095238095238 0.38202247191011235 0.6702380952380952 0.4002808988764045 0.7107142857142857 0.3398876404494382
1 0.594047619047619 0.33286516853932585 0.5547619047619048 0.38764044943820225 0.5738095238095238 0.40870786516853935 0.6130952380952381 0.3539325842696629
1 0.5678571428571428 0.30337078651685395 0.5261904761904762 0.3609550561797753 0.5452380952380952 0.3806179775280899 0.5869047619047619 0.32162921348314605
1 0.6452380952380953 0.26825842696629215 0.6 0.3202247191011236 0.6178571428571429 0.3398876404494382 0.6619047619047619 0.28651685393258425
1 0.6678571428571428 0.29634831460674155 0.6261904761904762 0.34691011235955055 0.6440476190476191 0.36797752808988765 0.6857142857142857 0.3160112359550562
1 0.5964285714285714 0.2050561797752809 0.55 0.26264044943820225 0.5702380952380952 0.28370786516853935 0.6166666666666667 0.22191011235955055
1 0.5416666666666666 0.2752808988764045 0.5 0.33146067415730335 0.5190476190476191 0.351123595505618 0.5607142857142857 0.29353932584269665
1 0.5166666666666667 0.25140449438202245 0.475 0.300561797752809 0.4928571428571429 0.3202247191011236 0.5345238095238095 0.2696629213483146
1 0.4928571428571429 0.2205056179775281 0.4511904761904762 0.273876404494382 0.46785714285714286 0.29353932584269665 0.5095238095238095 0.23735955056179775
1 0.47023809523809523 0.1896067415730337 0.425 0.24157303370786518 0.4452380952380952 0.26264044943820225 0.4880952380952381 0.21067415730337077
1 0.4392857142857143 0.1544943820224719 0.39285714285714285 0.20926966292134833 0.4095238095238095 0.2303370786516854 0.45714285714285713 0.17696629213483145
1 0.5678571428571428 0.17696629213483145 0.525 0.23595505617977527 0.5428571428571428 0.2556179775280899 0.5869047619047619 0.19662921348314608
1 0.5392857142857143 0.14185393258426968 0.4988095238095238 0.19803370786516855 0.5178571428571429 0.21910112359550563 0.5595238095238095 0.16151685393258428
1 0.5119047619047619 0.12078651685393259 0.47023809523809523 0.1699438202247191 0.4869047619047619 0.19101123595505617 0.530952380952381 0.13904494382022473
1 0.5833333333333334 0.17134831460674158 0.6321428571428571 0.22612359550561797 0.65 0.20224719101123595 0.6011904761904762 0.14887640449438203
1 0.6392857142857142 0.23314606741573032 0.6857142857142857 0.28651685393258425 0.7035714285714286 0.2654494382022472 0.655952380952381 0.21067415730337077
1 0.6892857142857143 0.2907303370786517 0.7380952380952381 0.3441011235955056 0.7547619047619047 0.32162921348314605 0.7095238095238096 0.26825842696629215
1 0.7416666666666667 0.34691011235955055 0.7904761904761904 0.40168539325842695 0.8071428571428572 0.38202247191011235 0.7595238095238095 0.32724719101123595
1 0.7952380952380952 0.4058988764044944 0.844047619047619 0.4606741573033708 0.8595238095238096 0.43820224719101125 0.8130952380952381 0.3862359550561798
1 0.8476190476190476 0.46629213483146065 0.8869047619047619 0.5126404494382022 0.905952380952381 0.48735955056179775 0.8654761904761905 0.44241573033707865
1 0.8857142857142857 0.2794943820224719 0.8416666666666667 0.33286516853932585 0.8607142857142858 0.35252808988764045 0.9047619047619048 0.2991573033707865
1 0.7642857142857142 0.3047752808988764 0.8119047619047619 0.3553370786516854 0.8297619047619048 0.33286516853932585 0.780952380952381 0.28230337078651685
1 0.8333333333333334 0.2148876404494382 0.7857142857142857 0.273876404494382 0.805952380952381 0.29634831460674155 0.8523809523809524 0.23735955056179775
1 0.7035714285714286 0.24578651685393257 0.7523809523809524 0.29634831460674155 0.7702380952380953 0.273876404494382 0.7202380952380952 0.2247191011235955
1 0.7988095238095239 0.18258426966292135 0.7559523809523809 0.24578651685393257 0.7773809523809524 0.2640449438202247 0.8178571428571428 0.199438202247191
1 0.8773809523809524 0.13623595505617977 0.8285714285714286 0.19382022471910113 0.8452380952380952 0.21348314606741572 0.8964285714285715 0.15168539325842698
1 0.8452380952380952 0.1151685393258427 0.8023809523809524 0.17415730337078653 0.8202380952380952 0.19241573033707865 0.8666666666666667 0.13202247191011235
1 0.7738095238095238 0.1544943820224719 0.7285714285714285 0.21348314606741572 0.7464285714285714 0.23314606741573032 0.7928571428571428 0.17275280898876405
1 0.7440476190476191 0.12780898876404495 0.7023809523809523 0.18398876404494383 0.7202380952380952 0.20365168539325842 0.7654761904761904 0.1446629213483146
1 0.6511904761904762 0.18398876404494383 0.6988095238095238 0.2345505617977528 0.7154761904761905 0.2148876404494382 0.6702380952380952 0.16151685393258428
1 0.5952380952380952 0.125 0.6416666666666667 0.17415730337078653 0.6607142857142857 0.15168539325842698 0.6142857142857143 0.10252808988764045