0 0.5880952380952381 0.12359550561797752 0.5916666666666667 0.1853932584269663 0.7071428571428572 0.17696629213483145 0.7023809523809523 0.11657303370786516
0 0.5523809523809524 0.22331460674157302 0.7178571428571429 0.21207865168539325 0.719047619047619 0.26264044943820225 0.5535714285714286 0.27247191011235955
0 0.5511904761904762 0.31320224719101125 0.7238095238095238 0.3089887640449438 0.7238095238095238 0.3539325842696629 0.55 0.3553370786516854
0 0.5547619047619048 0.38764044943820225 0.719047619047619 0.3792134831460674 0.7214285714285714 0.4241573033707865 0.555952380952381 0.4311797752808989
0 0.5595238095238095 0.4957865168539326 0.7321428571428571 0.49297752808988765 0.7321428571428571 0.5337078651685393 0.5595238095238095 0.5379213483146067
0 0.5904761904761905 0.577247191011236 0.7535714285714286 0.5617977528089888 0.7583333333333333 0.6123595505617978 0.5916666666666667 0.6179775280898876
0 0.5976190476190476 0.6741573033707865 0.7535714285714286 0.6558988764044944 0.7571428571428571 0.7078651685393258 0.6011904761904762 0.7148876404494382
0 0.5714285714285714 0.7457865168539326 0.7345238095238096 0.726123595505618 0.736904761904762 0.7794943820224719 0.5738095238095238 0.7893258426966292
0 0.48095238095238096 0.574438202247191 0.48214285714285715 0.7780898876404494 0.5178571428571429 0.7780898876404494 0.5154761904761904 0.5758426966292135
1 0.275 0.7907303370786517 0.33214285714285713 0.8258426966292135 0.34404761904761905 0.8019662921348315 0.2869047619047619 0.7668539325842697
1 0.3678571428571429 0.7275280898876404 0.43333333333333335 0.726123595505618 0.43214285714285716 0.7542134831460674 0.36666666666666664 0.7570224719101124
1 0.36666666666666664 0.6797752808988764 0.4369047619047619 0.6811797752808989 0.4357142857142857 0.7120786516853933 0.36904761904761907 0.7106741573033708
1 0.3738095238095238 0.6390449438202247 0.4392857142857143 0.6418539325842697 0.4380952380952381 0.6713483146067416 0.3726190476190476 0.6699438202247191
1 0.4452380952380952 0.5660112359550562 0.44761904761904764 0.6446629213483146 0.4726190476190476 0.6460674157303371 0.4726190476190476 0.5688202247191011
1 0.444047619047619 0.47191011235955055 0.444047619047619 0.5519662921348315 0.46904761904761905 0.5533707865168539 0.47023809523809523 0.47331460674157305
1 0.36428571428571427 0.4199438202247191 0.430952380952381 0.4199438202247191 0.4297619047619048 0.449438202247191 0.36428571428571427 0.4508426966292135
1 0.35833333333333334 0.375 0.4297619047619048 0.37780898876404495 0.430952380952381 0.4058988764044944 0.3595238095238095 0.4058988764044944
1 0.3630952380952381 0.3356741573033708 0.42857142857142855 0.33286516853932585 0.4297619047619048 0.3637640449438202 0.36428571428571427 0.36657303370786515
1 0.3607142857142857 0.2907303370786517 0.4261904761904762 0.2949438202247191 0.425 0.32303370786516855 0.3607142857142857 0.3202247191011236
1 0.3607142857142857 0.25280898876404495 0.42738095238095236 0.25 0.42738095238095236 0.2808988764044944 0.3619047619047619 0.28370786516853935
1 0.3607142857142857 0.2050561797752809 0.425 0.2050561797752809 0.4238095238095238 0.23595505617977527 0.3630952380952381 0.23595505617977527
1 0.35714285714285715 0.15870786516853932 0.4226190476190476 0.15870786516853932 0.4226190476190476 0.1896067415730337 0.35714285714285715 0.1896067415730337
1 0.3142857142857143 0.14887640449438203 0.06904761904761905 0.03651685393258427
1 0.2833333333333333 0.18398876404494383 0.3488095238095238 0.18117977528089887 0.35 0.21067415730337077 0.28095238095238095 0.21910112359550563
1 0.28095238095238095 0.2303370786516854 0.3488095238095238 0.22612359550561797 0.3488095238095238 0.25702247191011235 0.28214285714285714 0.26264044943820225
1 0.27976190476190477 0.28370786516853935 0.34404761904761905 0.27808988764044945 0.34523809523809523 0.3061797752808989 0.28095238095238095 0.31179775280898875
1 0.2845238095238095 0.3356741573033708 0.35 0.32865168539325845 0.3523809523809524 0.35814606741573035 0.2869047619047619 0.3651685393258427
1 0.29285714285714287 0.4410112359550562 0.3547619047619048 0.43820224719101125 0.35595238095238096 0.46769662921348315 0.29285714285714287 0.4705056179775281
1 0.29523809523809524 0.5252808988764045 0.3607142857142857 0.5154494382022472 0.3630952380952381 0.5435393258426966 0.2976190476190476 0.5547752808988764
1 0.37023809523809526 0.4691011235955056 0.43214285714285716 0.4691011235955056 0.43214285714285716 0.49719101123595505 0.37023809523809526 0.49859550561797755
1 0.36666666666666664 0.5126404494382022 0.43333333333333335 0.5126404494382022 0.43214285714285716 0.5407303370786517 0.3678571428571429 0.5393258426966292
1 0.37142857142857144 0.5561797752808989 0.43214285714285716 0.5533707865168539 0.43214285714285716 0.5814606741573034 0.3726190476190476 0.5828651685393258
1 0.36904761904761907 0.5997191011235955 0.4357142857142857 0.5969101123595506 0.4357142857142857 0.6278089887640449 0.36904761904761907 0.6292134831460674
1 0.2833333333333333 0.6558988764044944 0.3630952380952381 0.6530898876404494 0.3630952380952381 0.6811797752808989 0.2833333333333333 0.6839887640449438
1 0.2845238095238095 0.6966292134831461 0.36428571428571427 0.6938202247191011 0.36547619047619045 0.7219101123595506 0.2857142857142857 0.726123595505618
1 0.2869047619047619 0.6123595505617978 0.36428571428571427 0.6095505617977528 0.36547619047619045 0.6362359550561798 0.2869047619047619 0.6418539325842697
1 0.29642857142857143 0.5688202247191011 0.3607142857142857 0.5646067415730337 0.3607142857142857 0.5941011235955056 0.2976190476190476 0.598314606741573
1 0.2571428571428571 0.45786516853932585 0.26071428571428573 0.550561797752809 0.2845238095238095 0.547752808988764 0.28214285714285714 0.4592696629213483
1 0.2523809523809524 0.35674157303370785 0.2571428571428571 0.4452247191011236 0.27976190476190477 0.4438202247191011 0.2773809523809524 0.3553370786516854
1 0.24404761904761904 0.2612359550561798 0.2488095238095238 0.34831460674157305 0.2714285714285714 0.34691011235955055 0.26785714285714285 0.25842696629213485
1 0.20238095238095238 0.1502808988764045 0.20476190476190476 0.23314606741573032 0.23333333333333334 0.2303370786516854 0.22738095238095238 0.15168539325842698
1 0.20476190476190476 0.23595505617977527 0.20833333333333334 0.3160112359550562 0.2357142857142857 0.3160112359550562 0.23214285714285715 0.23595505617977527
1 0.20714285714285716 0.33146067415730335 0.20952380952380953 0.41151685393258425 0.2369047619047619 0.40870786516853935 0.23333333333333334 0.3300561797752809
1 0.20952380952380953 0.42134831460674155 0.2119047619047619 0.5014044943820225 0.24047619047619048 0.49859550561797755 0.2357142857142857 0.42134831460674155
1 0.2130952380952381 0.5070224719101124 0.21666666666666667 0.5870786516853933 0.24285714285714285 0.5842696629213483 0.2392857142857143 0.5056179775280899
1 0.11428571428571428 0.6601123595505618 0.1630952380952381 0.6938202247191011 0.1488095238095238 0.7162921348314607 0.10238095238095238 0.6853932584269663
1 0.1380952380952381 0.6039325842696629 0.20714285714285716 0.6039325842696629 0.20833333333333334 0.6348314606741573 0.13690476190476192 0.6362359550561798
1 0.1357142857142857 0.5702247191011236 0.20357142857142857 0.5603932584269663 0.20714285714285716 0.5870786516853933 0.1392857142857143 0.5997191011235955
1 0.12976190476190477 0.5182584269662921 0.2 0.5112359550561798 0.2011904761904762 0.5435393258426966 0.13095238095238096 0.5491573033707865
1 0.12857142857142856 0.47331460674157305 0.2 0.4747191011235955 0.1988095238095238 0.5014044943820225 0.12857142857142856 0.5014044943820225
1 0.12261904761904761 0.3904494382022472 0.19404761904761905 0.3890449438202247 0.19404761904761905 0.41853932584269665 0.12380952380952381 0.4199438202247191
1 0.12142857142857143 0.34831460674157305 0.19166666666666668 0.34831460674157305 0.19285714285714287 0.3792134831460674 0.12142857142857143 0.37640449438202245
1 0.12142857142857143 0.30758426966292135 0.19285714285714287 0.30758426966292135 0.19285714285714287 0.33848314606741575 0.12261904761904761 0.33848314606741575
1 0.12142857142857143 0.26685393258426965 0.19285714285714287 0.2696629213483146 0.19047619047619047 0.2991573033707865 0.12142857142857143 0.29634831460674155
1 0.12380952380952381 0.22752808988764045 0.19642857142857142 0.22752808988764045 0.19523809523809524 0.2598314606741573 0.12380952380952381 0.25842696629213485
1 0.12023809523809524 0.18820224719101122 0.19047619047619047 0.18398876404494383 0.19166666666666668 0.21348314606741572 0.12142857142857143 0.21769662921348315
1 0.12380952380952381 0.14185393258426968 0.19404761904761905 0.1446629213483146 0.19285714285714287 0.17415730337078653 0.12142857142857143 0.17134831460674158