1 0.3119047619047619 0.16151685393258428 0.26071428571428573 0.20365168539325842 0.2773809523809524 0.22752808988764045 0.3273809523809524 0.18258426966292135
1 0.32976190476190476 0.1952247191011236 0.2785714285714286 0.2401685393258427 0.29285714285714287 0.2612359550561798 0.34523809523809523 0.21629213483146068
1 0.3464285714285714 0.2345505617977528 0.29523809523809524 0.27808988764044945 0.30833333333333335 0.3047752808988764 0.36428571428571427 0.2612359550561798
1 0.3761904761904762 0.26825842696629215 0.31785714285714284 0.3188202247191011 0.33095238095238094 0.34129213483146065 0.39285714285714285 0.29213483146067415
1 0.38333333333333336 0.3103932584269663 0.33095238095238094 0.35252808988764045 0.3476190476190476 0.37640449438202245 0.4 0.33146067415730335
1 0.4083333333333333 0.3398876404494382 0.35833333333333334 0.38202247191011235 0.3738095238095238 0.4058988764044944 0.425 0.3609550561797753
1 0.42738095238095236 0.37640449438202245 0.38333333333333336 0.425561797752809 0.39880952380952384 0.4438202247191011 0.4452380952380952 0.3946629213483146
1 0.4523809523809524 0.43258426966292135 0.4035714285714286 0.47331460674157305 0.41785714285714287 0.4957865168539326 0.46904761904761905 0.45365168539325845
1 0.5583333333333333 0.476123595505618 0.513095238095238 0.523876404494382 0.5285714285714286 0.547752808988764 0.5738095238095238 0.49719101123595505
1 0.5857142857142857 0.5042134831460674 0.5392857142857143 0.5575842696629213 0.5595238095238095 0.5814606741573034 0.6035714285714285 0.5252808988764045
1 0.5380952380952381 0.41713483146067415 0.4797619047619048 0.46629213483146065 0.49642857142857144 0.49297752808988765 0.5535714285714286 0.4410112359550562
1 0.5107142857142857 0.38202247191011235 0.4642857142857143 0.425561797752809 0.4773809523809524 0.44803370786516855 0.5261904761904762 0.4044943820224719
1 0.4988095238095238 0.33286516853932585 0.45 0.3792134831460674 0.4642857142857143 0.40168539325842695 0.5142857142857142 0.3553370786516854
1 0.4714285714285714 0.30196629213483145 0.425 0.3497191011235955 0.44166666666666665 0.37359550561797755 0.48928571428571427 0.3258426966292135
1 0.444047619047619 0.26825842696629215 0.3976190476190476 0.3202247191011236 0.4142857142857143 0.33848314606741575 0.4607142857142857 0.2893258426966292
1 0.430952380952381 0.21910112359550563 0.3821428571428571 0.2640449438202247 0.39880952380952384 0.2893258426966292 0.4488095238095238 0.2401685393258427
1 0.40476190476190477 0.18117977528089887 0.3535714285714286 0.22752808988764045 0.37023809523809526 0.2556179775280899 0.4238095238095238 0.2050561797752809
1 0.3261904761904762 0.13342696629213482 0.36666666666666664 0.20084269662921347 0.3880952380952381 0.18117977528089887 0.35 0.11657303370786516
1 0.4666666666666667 0.17837078651685392 0.5119047619047619 0.25280898876404495 0.5321428571428571 0.2345505617977528 0.4869047619047619 0.16292134831460675
1 0.36547619047619045 0.11938202247191011 0.4035714285714286 0.17415730337078653 0.4226190476190476 0.1544943820224719 0.38571428571428573 0.10252808988764045
1 0.5142857142857142 0.25702247191011235 0.5642857142857143 0.32865168539325845 0.5821428571428572 0.31179775280898875 0.5345238095238095 0.2401685393258427
1 0.575 0.32724719101123595 0.5261904761904762 0.375 0.5404761904761904 0.3960674157303371 0.5916666666666667 0.34831460674157305
2 0.6083333333333333 0.3497191011235955 0.5511904761904762 0.40168539325842695 0.5666666666666667 0.42837078651685395 0.6226190476190476 0.37359550561797755
1 0.6023809523809524 0.40730337078651685 0.5595238095238095 0.45646067415730335 0.5738095238095238 0.4747191011235955 0.6178571428571429 0.42696629213483145
1 0.6226190476190476 0.42696629213483145 0.5797619047619048 0.47331460674157305 0.5928571428571429 0.49297752808988765 0.6369047619047619 0.4508426966292135
1 0.6392857142857142 0.45786516853932585 0.5952380952380952 0.5028089887640449 0.611904761904762 0.5252808988764045 0.6547619047619048 0.47752808988764045
1 0.669047619047619 0.4859550561797753 0.6166666666666667 0.5224719101123596 0.6285714285714286 0.547752808988764 0.6785714285714286 0.5098314606741573
1 0.6976190476190476 0.5056179775280899 0.6476190476190476 0.5547752808988764 0.6642857142857143 0.5786516853932584 0.7154761904761905 0.5294943820224719
1 0.7976190476190477 0.5014044943820225 0.7488095238095238 0.5491573033707865 0.7654761904761904 0.5702247191011236 0.8142857142857143 0.5224719101123596
1 0.7726190476190476 0.4705056179775281 0.719047619047619 0.5098314606741573 0.7333333333333333 0.5351123595505618 0.7845238095238095 0.4943820224719101
1 0.8869047619047619 0.4803370786516854 0.8392857142857143 0.5210674157303371 0.8535714285714285 0.5463483146067416 0.9011904761904762 0.5056179775280899
1 0.8321428571428572 0.4199438202247191 0.8773809523809524 0.47752808988764045 0.8583333333333333 0.49719101123595505 0.8119047619047619 0.43820224719101125
1 0.75 0.42696629213483145 0.7 0.46629213483146065 0.7178571428571429 0.49297752808988765 0.7666666666666667 0.4508426966292135
1 0.7273809523809524 0.39747191011235955 0.680952380952381 0.4410112359550562 0.6952380952380952 0.4606741573033708 0.7428571428571429 0.41713483146067415
1 0.7416666666666667 0.38202247191011235 0.7821428571428571 0.4452247191011236 0.8035714285714286 0.42696629213483145 0.7619047619047619 0.36235955056179775
1 0.7107142857142857 0.3595505617977528 0.6619047619047619 0.40870786516853935 0.6785714285714286 0.4311797752808989 0.7273809523809524 0.38342696629213485
1 0.6880952380952381 0.3047752808988764 0.736904761904762 0.375 0.7559523809523809 0.3553370786516854 0.7095238095238096 0.28651685393258425
1 0.7738095238095238 0.36657303370786515 0.8142857142857143 0.425561797752809 0.8345238095238096 0.40870786516853935 0.7928571428571428 0.34831460674157305
1 0.8428571428571429 0.4058988764044944 0.8809523809523809 0.46769662921348315 0.9011904761904762 0.44803370786516855 0.8607142857142858 0.38764044943820225
1 0.6869047619047619 0.324438202247191 0.6392857142857142 0.37359550561797755 0.6547619047619048 0.3946629213483146 0.705952380952381 0.34691011235955055
1 0.6666666666666666 0.2907303370786517 0.6154761904761905 0.34129213483146065 0.6321428571428571 0.36235955056179775 0.6833333333333333 0.31179775280898875
1 0.6392857142857142 0.26264044943820225 0.5952380952380952 0.3089887640449438 0.6107142857142858 0.32865168539325845 0.655952380952381 0.2851123595505618
1 0.6142857142857143 0.2247191011235955 0.5726190476190476 0.27247191011235955 0.5892857142857143 0.29213483146067415 0.6321428571428571 0.24578651685393257
1 0.5916666666666667 0.19101123595505617 0.544047619047619 0.24157303370786518 0.5607142857142857 0.2654494382022472 0.6095238095238096 0.21348314606741572
1 0.5702380952380952 0.15870786516853932 0.5202380952380953 0.20365168539325842 0.5369047619047619 0.22893258426966293 0.5880952380952381 0.18258426966292135
1 0.5523809523809524 0.11938202247191011 0.5071428571428571 0.16713483146067415 0.5238095238095238 0.19101123595505617 0.5726190476190476 0.14325842696629212
1 0.5892857142857143 0.1544943820224719 0.6285714285714286 0.21769662921348315 0.65 0.199438202247191 0.611904761904762 0.13764044943820225
1 0.6369047619047619 0.2247191011235955 0.6797619047619048 0.2893258426966292 0.6976190476190476 0.2696629213483146 0.6583333333333333 0.2050561797752809
1 0.6714285714285714 0.2050561797752809 0.7142857142857143 0.26685393258426965 0.7321428571428571 0.24578651685393257 0.694047619047619 0.1853932584269663
1 0.6226190476190476 0.13342696629213482 0.6654761904761904 0.20084269662921347 0.6904761904761905 0.1797752808988764 0.6452380952380953 0.11376404494382023
1 0.6654761904761904 0.12780898876404495 0.7107142857142857 0.199438202247191 0.7321428571428571 0.1797752808988764 0.6892857142857143 0.10814606741573034
1 0.7654761904761904 0.0997191011235955 0.7214285714285714 0.15168539325842698 0.7416666666666667 0.17696629213483145 0.7869047619047619 0.125
1 0.794047619047619 0.13764044943820225 0.7428571428571429 0.1896067415730337 0.7607142857142857 0.2148876404494382 0.8130952380952381 0.1601123595505618
1 0.7142857142857143 0.2050561797752809 0.7535714285714286 0.26825842696629215 0.7738095238095238 0.24578651685393257 0.7345238095238096 0.18679775280898878
1 0.8261904761904761 0.17837078651685392 0.7738095238095238 0.2345505617977528 0.7892857142857143 0.25702247191011235 0.8416666666666667 0.20084269662921347
1 0.85 0.2148876404494382 0.8011904761904762 0.2710674157303371 0.8202380952380952 0.2949438202247191 0.8678571428571429 0.2345505617977528
1 0.8833333333333333 0.1446629213483146 0.8428571428571429 0.19101123595505617 0.8583333333333333 0.21207865168539325 0.9023809523809524 0.16573033707865167
1 0.8690476190476191 0.10955056179775281 0.8202380952380952 0.1544943820224719 0.8369047619047619 0.17837078651685392 0.8869047619047619 0.1348314606741573
1 0.8809523809523809 0.273876404494382 0.8285714285714286 0.32724719101123595 0.844047619047619 0.351123595505618 0.8988095238095238 0.29634831460674155
1 0.9 0.3089887640449438 0.8511904761904762 0.3539325842696629 0.8678571428571429 0.3792134831460674 0.919047619047619 0.33286516853932585
1 0.7571428571428571 0.273876404494382 0.7952380952380952 0.3342696629213483 0.8178571428571428 0.31179775280898875 0.7773809523809524 0.25280898876404495
1 0.8178571428571428 0.3188202247191011 0.7976190476190477 0.34129213483146065 0.8404761904761905 0.40168539325842695 0.8595238095238096 0.3806179775280899
1 0.41904761904761906 0.6292134831460674 0.47619047619047616 0.6390449438202247 0.4726190476190476 0.6657303370786517 0.4142857142857143 0.6530898876404494
1 0.3773809523809524 0.6544943820224719 0.375 0.723314606741573 0.3964285714285714 0.7247191011235955 0.4 0.6544943820224719
1 0.4083333333333333 0.6558988764044944 0.40595238095238095 0.7275280898876404 0.430952380952381 0.7289325842696629 0.4297619047619048 0.6558988764044944
1 0.4392857142857143 0.6671348314606742 0.4392857142857143 0.7373595505617978 0.4595238095238095 0.7387640449438202 0.4607142857142857 0.6685393258426966
1 0.4642857142857143 0.6671348314606742 0.4654761904761905 0.7359550561797753 0.4857142857142857 0.7387640449438202 0.4857142857142857 0.6671348314606742
1 0.5071428571428571 0.6685393258426966 0.49642857142857144 0.7401685393258427 0.5178571428571429 0.7471910112359551 0.5285714285714286 0.6741573033707865
1 0.5392857142857143 0.6587078651685393 0.5369047619047619 0.7303370786516854 0.5595238095238095 0.7317415730337079 0.5607142857142857 0.6601123595505618
1 0.5630952380952381 0.6685393258426966 0.5821428571428572 0.7345505617977528 0.6047619047619047 0.7275280898876404 0.5833333333333334 0.6587078651685393
1 0.5976190476190476 0.6573033707865169 0.6047619047619047 0.7289325842696629 0.6273809523809524 0.7275280898876404 0.6214285714285714 0.6544943820224719
1 0.6345238095238095 0.6544943820224719 0.6345238095238095 0.7289325842696629 0.6571428571428571 0.7303370786516854 0.6571428571428571 0.6544943820224719
1 0.6654761904761904 0.6615168539325843 0.669047619047619 0.7345505617977528 0.694047619047619 0.7345505617977528 0.6892857142857143 0.6615168539325843
1 0.6964285714285714 0.6587078651685393 0.6964285714285714 0.7303370786516854 0.7226190476190476 0.7345505617977528 0.7202380952380952 0.6587078651685393
1 0.7321428571428571 0.648876404494382 0.736904761904762 0.7205056179775281 0.7595238095238095 0.7205056179775281 0.7559523809523809 0.6474719101123596
1 0.7678571428571429 0.6558988764044944 0.7654761904761904 0.726123595505618 0.7869047619047619 0.7303370786516854 0.7904761904761904 0.6587078651685393
1 0.805952380952381 0.6390449438202247 0.8071428571428572 0.7148876404494382 0.8321428571428572 0.7148876404494382 0.8321428571428572 0.6404494382022472
1 0.7607142857142857 0.7387640449438202 0.7595238095238095 0.8216292134831461 0.7845238095238095 0.8230337078651685 0.7869047619047619 0.7415730337078652
1 0.7238095238095238 0.7443820224719101 0.7226190476190476 0.8314606741573034 0.7476190476190476 0.8314606741573034 0.75 0.7471910112359551
1 0.6428571428571429 0.7542134831460674 0.6404761904761904 0.8342696629213483 0.6678571428571428 0.8356741573033708 0.6678571428571428 0.7556179775280899
1 0.594047619047619 0.7710674157303371 0.6047619047619047 0.848314606741573 0.6285714285714286 0.8441011235955056 0.6190476190476191 0.7654494382022472