2 0.10476190476190476 0.6530898876404494 0.14404761904761904 0.7401685393258427 0.11428571428571428 0.7626404494382022 0.075 0.6713483146067416
2 0.11428571428571428 0.6460674157303371 0.1595238095238095 0.7415730337078652 0.19404761904761905 0.7162921348314607 0.14166666666666666 0.6306179775280899
2 0.15476190476190477 0.6264044943820225 0.19523809523809524 0.7036516853932584 0.22023809523809523 0.6867977528089888 0.18214285714285713 0.6067415730337079
2 0.19404761904761905 0.5898876404494382 0.2369047619047619 0.6825842696629213 0.2619047619047619 0.6685393258426966 0.22023809523809523 0.5758426966292135
2 0.22976190476190475 0.5674157303370787 0.2714285714285714 0.6601123595505618 0.3 0.6432584269662921 0.25476190476190474 0.550561797752809
2 0.2630952380952381 0.5351123595505618 0.30714285714285716 0.6320224719101124 0.3392857142857143 0.6165730337078652 0.2988095238095238 0.5140449438202247
2 0.305952380952381 0.5098314606741573 0.3476190476190476 0.6137640449438202 0.37142857142857144 0.598314606741573 0.3333333333333333 0.49297752808988765
2 0.34285714285714286 0.48314606741573035 0.38452380952380955 0.5800561797752809 0.4142857142857143 0.5646067415730337 0.37142857142857144 0.4648876404494382
2 0.3773809523809524 0.45786516853932585 0.4142857142857143 0.5575842696629213 0.4452380952380952 0.5421348314606742 0.40476190476190477 0.43679775280898875
2 0.4166666666666667 0.42837078651685395 0.4523809523809524 0.5351123595505618 0.4880952380952381 0.5196629213483146 0.44761904761904764 0.4157303370786517
2 0.45714285714285713 0.4143258426966292 0.49642857142857144 0.5070224719101124 0.5261904761904762 0.48735955056179775 0.48333333333333334 0.398876404494382
2 0.48928571428571427 0.3890449438202247 0.5321428571428571 0.47752808988764045 0.5595238095238095 0.4606741573033708 0.5154761904761904 0.37219101123595505
1 0.5202380952380953 0.36797752808988765 0.5571428571428572 0.4410112359550562 0.5797619047619048 0.425561797752809 0.544047619047619 0.35252808988764045
1 0.555952380952381 0.3497191011235955 0.5892857142857143 0.4241573033707865 0.6130952380952381 0.4101123595505618 0.5773809523809523 0.3342696629213483
1 0.5869047619047619 0.3258426966292135 0.6190476190476191 0.398876404494382 0.6416666666666667 0.38764044943820225 0.6095238095238096 0.3146067415730337
1 0.6190476190476191 0.3061797752808989 0.65 0.38202247191011235 0.6773809523809524 0.3693820224719101 0.6416666666666667 0.29353932584269665
1 0.65 0.28651685393258425 0.6845238095238095 0.3693820224719101 0.7071428571428572 0.34831460674157305 0.6773809523809524 0.27247191011235955
1 0.6845238095238095 0.273876404494382 0.719047619047619 0.34831460674157305 0.7440476190476191 0.33286516853932585 0.705952380952381 0.2598314606741573
1 0.7166666666666667 0.25 0.7511904761904762 0.32303370786516855 0.775 0.3089887640449438 0.736904761904762 0.23735955056179775
1 0.7511904761904762 0.23595505617977527 0.7857142857142857 0.3061797752808989 0.8154761904761905 0.28792134831460675 0.7738095238095238 0.21629213483146068
1 0.7821428571428571 0.21348314606741572 0.8226190476190476 0.28370786516853935 0.844047619047619 0.26264044943820225 0.8047619047619048 0.19382022471910113
1 0.8178571428571428 0.19101123595505617 0.8488095238095238 0.2612359550561798 0.8726190476190476 0.25140449438202245 0.8404761904761905 0.18117977528089887
1 0.8452380952380952 0.17415730337078653 0.8714285714285714 0.23876404494382023 0.8940476190476191 0.22612359550561797 0.8678571428571429 0.16151685393258428
2 0.3880952380952381 0.8075842696629213 0.4261904761904762 0.8820224719101124 0.45 0.8665730337078652 0.4154761904761905 0.7893258426966292
1 0.43452380952380953 0.8075842696629213 0.4583333333333333 0.875 0.4857142857142857 0.8651685393258427 0.4583333333333333 0.7991573033707865
1 0.4666666666666667 0.7963483146067416 0.4869047619047619 0.8525280898876404 0.5095238095238095 0.8384831460674157 0.49047619047619045 0.7865168539325843
1 0.49642857142857144 0.773876404494382 0.5226190476190476 0.8412921348314607 0.5428571428571428 0.8300561797752809 0.5190476190476191 0.7626404494382022
1 0.5273809523809524 0.7626404494382022 0.5571428571428572 0.8328651685393258 0.5785714285714286 0.8216292134831461 0.5523809523809524 0.7514044943820225
1 0.5880952380952381 0.7205056179775281 0.6166666666666667 0.7893258426966292 0.6428571428571429 0.773876404494382 0.6130952380952381 0.7064606741573034
2 0.5452380952380952 0.7078651685393258 0.580952380952381 0.8061797752808989 0.6107142857142858 0.7921348314606742 0.5773809523809523 0.6980337078651685
1 0.6214285714285714 0.7036516853932584 0.6488095238095238 0.7710674157303371 0.6738095238095239 0.7584269662921348 0.6464285714285715 0.6910112359550562
1 0.7797619047619048 0.5997191011235955 0.8178571428571428 0.6643258426966292 0.8404761904761905 0.6474719101123596 0.8023809523809524 0.5786516853932584
1 0.7488095238095238 0.6193820224719101 0.780952380952381 0.6896067415730337 0.805952380952381 0.672752808988764 0.7726190476190476 0.6053370786516854
1 0.7154761904761905 0.6404494382022472 0.7488095238095238 0.7148876404494382 0.7738095238095238 0.6980337078651685 0.7404761904761905 0.6264044943820225
1 0.6833333333333333 0.6544943820224719 0.7202380952380952 0.7331460674157303 0.7464285714285714 0.7176966292134831 0.7083333333333334 0.6404494382022472
1 0.6535714285714286 0.6811797752808989 0.6857142857142857 0.7570224719101124 0.7166666666666667 0.7387640449438202 0.6785714285714286 0.6699438202247191
1 0.8130952380952381 0.577247191011236 0.8523809523809524 0.648876404494382 0.875 0.6306179775280899 0.8380952380952381 0.5589887640449438