1 0.7297619047619047 0.7823033707865169 0.6904761904761905 0.8328651685393258 0.7130952380952381 0.8497191011235955 0.7464285714285714 0.800561797752809
1 0.7011904761904761 0.7612359550561798 0.6642857142857143 0.8117977528089888 0.6845238095238095 0.8328651685393258 0.719047619047619 0.776685393258427
1 0.6666666666666666 0.7317415730337079 0.6369047619047619 0.7907303370786517 0.655952380952381 0.8061797752808989 0.6904761904761905 0.7514044943820225
1 0.6357142857142857 0.7008426966292135 0.6071428571428571 0.7640449438202247 0.6357142857142857 0.7780898876404494 0.655952380952381 0.7176966292134831
1 0.6154761904761905 0.6783707865168539 0.5833333333333334 0.7331460674157303 0.6023809523809524 0.75 0.6309523809523809 0.6952247191011236
1 0.5845238095238096 0.6629213483146067 0.5511904761904762 0.7205056179775281 0.569047619047619 0.7373595505617978 0.6011904761904762 0.6783707865168539
1 0.5583333333333333 0.648876404494382 0.5226190476190476 0.7008426966292135 0.5416666666666666 0.7162921348314607 0.5738095238095238 0.6643258426966292
1 0.5261904761904762 0.625 0.49523809523809526 0.6839887640449438 0.5166666666666667 0.6966292134831461 0.5464285714285714 0.6376404494382022
1 0.49523809523809526 0.601123595505618 0.4607142857142857 0.6530898876404494 0.48095238095238096 0.672752808988764 0.513095238095238 0.6193820224719101
1 0.47023809523809523 0.5730337078651685 0.43333333333333335 0.6320224719101124 0.4523809523809524 0.6502808988764045 0.4880952380952381 0.5912921348314607
1 0.44285714285714284 0.5561797752808989 0.4095238095238095 0.6067415730337079 0.42857142857142855 0.625 0.4607142857142857 0.5716292134831461
1 0.4154761904761905 0.5323033707865169 0.38095238095238093 0.5870786516853933 0.4011904761904762 0.6039325842696629 0.43333333333333335 0.5491573033707865
1 0.38452380952380955 0.5084269662921348 0.3535714285714286 0.5688202247191011 0.375 0.5828651685393258 0.4035714285714286 0.523876404494382
1 0.3607142857142857 0.48735955056179775 0.32976190476190476 0.5449438202247191 0.35119047619047616 0.5617977528089888 0.38095238095238093 0.5014044943820225
1 0.3333333333333333 0.46629213483146065 0.3 0.526685393258427 0.32142857142857145 0.5407303370786517 0.3523809523809524 0.48174157303370785
1 0.30357142857142855 0.4452247191011236 0.275 0.5014044943820225 0.29285714285714287 0.5168539325842697 0.325 0.45786516853932585
1 0.2785714285714286 0.42134831460674155 0.2488095238095238 0.48314606741573035 0.26904761904761904 0.49719101123595505 0.2988095238095238 0.4396067415730337
1 0.24761904761904763 0.3946629213483146 0.21666666666666667 0.45365168539325845 0.23809523809523808 0.476123595505618 0.2726190476190476 0.4101123595505618
1 0.2154761904761905 0.37780898876404495 0.18571428571428572 0.4339887640449438 0.20833333333333334 0.45224719101123595 0.23452380952380952 0.3946629213483146
1 0.18571428571428572 0.3609550561797753 0.15476190476190477 0.42275280898876405 0.1761904761904762 0.43258426966292135 0.20476190476190476 0.37219101123595505
1 0.15595238095238095 0.3300561797752809 0.12261904761904761 0.39325842696629215 0.14285714285714285 0.40870786516853935 0.1773809523809524 0.34269662921348315
1 0.1261904761904762 0.30758426966292135 0.09166666666666666 0.36797752808988765 0.11071428571428571 0.3848314606741573 0.14642857142857144 0.32162921348314605
1 0.18571428571428572 0.6334269662921348 0.1380952380952381 0.7092696629213483 0.16547619047619047 0.7289325842696629 0.21071428571428572 0.6587078651685393
1 0.2226190476190476 0.6685393258426966 0.18214285714285713 0.7373595505617978 0.20714285714285716 0.7584269662921348 0.24642857142857144 0.6882022471910112
1 0.25476190476190474 0.7064606741573034 0.22142857142857142 0.7570224719101124 0.2369047619047619 0.773876404494382 0.27380952380952384 0.7219101123595506
1 0.29285714285714287 0.7092696629213483 0.24404761904761904 0.7949438202247191 0.275 0.8146067415730337 0.3238095238095238 0.7289325842696629
1 0.1357142857142857 0.6193820224719101 0.09761904761904762 0.6853932584269663 0.125 0.7050561797752809 0.1619047619047619 0.6404494382022472
1 0.3333333333333333 0.7373595505617978 0.2869047619047619 0.8216292134831461 0.31547619047619047 0.8412921348314607 0.3595238095238095 0.7668539325842697
1 0.3595238095238095 0.7823033707865169 0.33214285714285713 0.8398876404494382 0.35 0.8525280898876404 0.37857142857142856 0.7949438202247191
1 0.3964285714285714 0.7991573033707865 0.36428571428571427 0.8553370786516854 0.3821428571428571 0.8693820224719101 0.4142857142857143 0.8160112359550562
1 0.7571428571428571 0.8061797752808989 0.7773809523809524 0.8258426966292135 0.7464285714285714 0.8778089887640449 0.7238095238095238 0.8623595505617978