2 0.3464285714285714 0.5224719101123596 0.3238095238095238 0.6025280898876404 0.3476190476190476 0.6123595505617978 0.37142857142857144 0.5337078651685393
2 0.3904761904761905 0.5224719101123596 0.3535714285714286 0.6193820224719101 0.38452380952380955 0.6320224719101124 0.42142857142857143 0.5421348314606742
2 0.42142857142857143 0.5547752808988764 0.39404761904761904 0.6362359550561798 0.4166666666666667 0.6502808988764045 0.44642857142857145 0.5688202247191011
2 0.45476190476190476 0.5716292134831461 0.4238095238095238 0.648876404494382 0.4452380952380952 0.6643258426966292 0.4785714285714286 0.5856741573033708
2 0.49047619047619045 0.5856741573033708 0.45714285714285713 0.6699438202247191 0.4785714285714286 0.6867977528089888 0.5178571428571429 0.6067415730337079
2 0.530952380952381 0.6053370786516854 0.4880952380952381 0.6924157303370787 0.5142857142857142 0.7106741573033708 0.5607142857142857 0.6193820224719101
2 0.5666666666666667 0.6264044943820225 0.5285714285714286 0.7162921348314607 0.5583333333333333 0.7345505617977528 0.5964285714285714 0.6432584269662921
2 0.6107142857142858 0.6446629213483146 0.5630952380952381 0.7401685393258427 0.594047619047619 0.7570224719101124 0.6369047619047619 0.6657303370786517
2 0.6464285714285715 0.6741573033707865 0.6 0.7598314606741573 0.6345238095238095 0.7794943820224719 0.6702380952380952 0.6910112359550562
2 0.6904761904761905 0.699438202247191 0.6392857142857142 0.7893258426966292 0.6654761904761904 0.8146067415730337 0.7178571428571429 0.7205056179775281
2 0.7309523809523809 0.723314606741573 0.6761904761904762 0.8202247191011236 0.7011904761904761 0.8412921348314607 0.7559523809523809 0.7429775280898876
2 0.7714285714285715 0.75 0.7178571428571429 0.8441011235955056 0.7452380952380953 0.8693820224719101 0.7976190476190477 0.773876404494382
2 0.805952380952381 0.776685393258427 0.7559523809523809 0.8665730337078652 0.7857142857142857 0.8876404494382022 0.8345238095238096 0.7991573033707865
2 0.6214285714285714 0.4339887640449438 0.7607142857142857 0.526685393258427 0.7761904761904762 0.4789325842696629 0.6416666666666667 0.3848314606741573