1 0.15714285714285714 0.2612359550561798 0.19285714285714287 0.33146067415730335 0.225 0.30337078651685395 0.1773809523809524 0.24297752808988765
1 0.2833333333333333 0.4691011235955056 0.3238095238095238 0.5393258426966292 0.3464285714285714 0.5210674157303371 0.3047619047619048 0.449438202247191
1 0.15476190476190477 0.41713483146067415 0.19285714285714287 0.4901685393258427 0.21666666666666667 0.4691011235955056 0.1761904761904762 0.3960674157303371
1 0.4035714285714286 0.5997191011235955 0.4797619047619048 0.5941011235955056 0.4785714285714286 0.5547752808988764 0.4011904761904762 0.5589887640449438
1 0.5880952380952381 0.7387640449438202 0.6583333333333333 0.7514044943820225 0.6642857142857143 0.7148876404494382 0.594047619047619 0.7036516853932584
1 0.13333333333333333 0.6390449438202247 0.16666666666666666 0.574438202247191 0.14166666666666666 0.5603932584269663 0.11071428571428571 0.6235955056179775
1 0.1595238095238095 0.6966292134831461 0.19285714285714287 0.6151685393258427 0.16428571428571428 0.6039325842696629 0.13690476190476192 0.6825842696629213
1 0.11904761904761904 0.7780898876404494 0.1869047619047619 0.723314606741573 0.17142857142857143 0.6980337078651685 0.10952380952380952 0.7457865168539326
1 0.1488095238095238 0.8146067415730337 0.20476190476190476 0.7612359550561798 0.19166666666666668 0.7359550561797753 0.12976190476190477 0.7907303370786517
1 0.1595238095238095 0.8300561797752809 0.22976190476190475 0.7808988764044944 0.24404761904761904 0.8089887640449438 0.1738095238095238 0.8595505617977528
1 0.19642857142857142 0.8609550561797753 0.2392857142857143 0.827247191011236 0.25476190476190474 0.848314606741573 0.20833333333333334 0.8834269662921348
1 0.12380952380952381 0.5042134831460674 0.14761904761904762 0.5196629213483146 0.1130952380952381 0.5884831460674157 0.09166666666666666 0.5730337078651685