1 0.1523809523809524 0.24157303370786518 0.19642857142857142 0.3202247191011236 0.22857142857142856 0.29213483146067415 0.18571428571428572 0.21769662921348315
1 0.25595238095238093 0.40730337078651685 0.29404761904761906 0.4747191011235955 0.3202380952380952 0.4508426966292135 0.2773809523809524 0.38202247191011235
0 0.3595238095238095 0.5856741573033708 0.475 0.6952247191011236 0.5023809523809524 0.651685393258427 0.38452380952380955 0.547752808988764
1 0.6154761904761905 0.675561797752809 0.6845238095238095 0.6924157303370787 0.6857142857142857 0.6474719101123596 0.6166666666666667 0.6418539325842697
1 0.1130952380952381 0.5603932584269663 0.14642857142857144 0.49719101123595505 0.12142857142857143 0.4789325842696629 0.08928571428571429 0.5407303370786517
1 0.12976190476190477 0.6165730337078652 0.1630952380952381 0.5519662921348315 0.14166666666666666 0.5365168539325843 0.10952380952380952 0.5997191011235955
1 0.1523809523809524 0.6769662921348315 0.19047619047619047 0.598314606741573 0.1630952380952381 0.5842696629213483 0.12857142857142856 0.6573033707865169
1 0.12023809523809524 0.7471910112359551 0.18214285714285713 0.6966292134831461 0.16547619047619047 0.6699438202247191 0.11190476190476191 0.7219101123595506
1 0.14285714285714285 0.7893258426966292 0.20357142857142857 0.7387640449438202 0.1869047619047619 0.7134831460674157 0.12857142857142856 0.7654494382022472
1 0.1761904761904762 0.8300561797752809 0.24047619047619048 0.7851123595505618 0.225 0.7570224719101124 0.15714285714285714 0.8061797752808989
1 0.17976190476190476 0.8384831460674157 0.23333333333333334 0.8019662921348315 0.25 0.827247191011236 0.19404761904761905 0.8679775280898876