1 0.33214285714285713 0.18258426966292135 0.3678571428571429 0.12359550561797752 0.34404761904761905 0.11095505617977527 0.3107142857142857 0.16292134831460675
1 0.3119047619047619 0.22612359550561797 0.36666666666666664 0.17696629213483145 0.3821428571428571 0.20084269662921347 0.325 0.25140449438202245
1 0.3142857142857143 0.30337078651685395 0.37857142857142856 0.27668539325842695 0.36904761904761907 0.2443820224719101 0.30357142857142855 0.2710674157303371
1 0.34523809523809523 0.4002808988764045 0.37023809523809526 0.32303370786516855 0.34404761904761905 0.31179775280898875 0.31666666666666665 0.38764044943820225
1 0.30952380952380953 0.4803370786516854 0.36547619047619045 0.4438202247191011 0.3773809523809524 0.4705056179775281 0.319047619047619 0.5098314606741573
1 0.319047619047619 0.5702247191011236 0.37976190476190474 0.5323033707865169 0.36428571428571427 0.5056179775280899 0.30714285714285716 0.5421348314606742
1 0.32142857142857145 0.6432584269662921 0.3738095238095238 0.5926966292134831 0.35833333333333334 0.5674157303370787 0.30357142857142855 0.6137640449438202
2 0.31785714285714284 0.6896067415730337 0.36547619047619045 0.6558988764044944 0.3523809523809524 0.6334269662921348 0.305952380952381 0.6671348314606742
1 0.3 0.7443820224719101 0.3630952380952381 0.7120786516853933 0.35 0.6811797752808989 0.2892857142857143 0.7162921348314607
1 0.27976190476190477 0.7696629213483146 0.3404761904761905 0.7457865168539326 0.3488095238095238 0.7752808988764045 0.2857142857142857 0.8019662921348315
1 0.2726190476190476 0.8370786516853933 0.3345238095238095 0.7991573033707865 0.3476190476190476 0.827247191011236 0.2857142857142857 0.8651685393258427
1 0.41964285714285715 0.7570224719101124 0.02738095238095238 0.08146067415730338
1 0.46785714285714286 0.7844101123595506 0.030952380952380953 0.08286516853932584
1 0.4660714285714286 0.6530898876404494 0.02738095238095238 0.08146067415730338
2 0.47023809523809523 0.5575842696629213 0.02619047619047619 0.07584269662921349
1 0.743452380952381 0.3883426966292135 0.03214285714285714 0.08567415730337079
1 0.7321428571428571 0.7373595505617978 0.7166666666666667 0.8146067415730337 0.7428571428571429 0.8202247191011236 0.7583333333333333 0.7429775280898876