1 0.5047619047619047 0.20646067415730338 0.02857142857142857 0.08426966292134831
1 0.4363095238095238 0.19662921348314608 0.02738095238095238 0.0898876404494382
1 0.4 0.199438202247191 0.030952380952380953 0.08426966292134831
1 0.3595238095238095 0.19452247191011235 0.02857142857142857 0.08567415730337079
1 0.3202380952380952 0.19592696629213482 0.03571428571428571 0.08848314606741572
1 0.2505952380952381 0.19382022471910113 0.02976190476190476 0.09269662921348315
1 0.2125 0.19662921348314608 0.034523809523809526 0.08426966292134831
1 0.13333333333333333 0.1931179775280899 0.030952380952380953 0.09129213483146068
2 0.17261904761904762 0.2970505617977528 0.03333333333333333 0.08567415730337079
2 0.2130952380952381 0.29353932584269665 0.02857142857142857 0.08146067415730338
1 0.25 0.29213483146067415 0.02857142857142857 0.07865168539325842
1 0.2863095238095238 0.2928370786516854 0.02738095238095238 0.08848314606741572
1 0.3202380952380952 0.29634831460674155 0.02857142857142857 0.08146067415730338
1 0.43214285714285716 0.2851123595505618 0.02857142857142857 0.07865168539325842
1 0.5035714285714286 0.29213483146067415 0.02857142857142857 0.07303370786516854
1 0.43333333333333335 0.46207865168539325 0.023809523809523808 0.08707865168539326
1 0.39226190476190476 0.4585674157303371 0.03214285714285714 0.09129213483146068
1 0.3547619047619048 0.46348314606741575 0.02619047619047619 0.0898876404494382
1 0.23809523809523808 0.4157303370786517 0.23452380952380952 0.5042134831460674 0.2642857142857143 0.5070224719101124 0.26785714285714285 0.4199438202247191
1 0.21428571428571427 0.46207865168539325 0.02619047619047619 0.08146067415730338
1 0.12380952380952381 0.4157303370786517 0.11904761904761904 0.5056179775280899 0.15 0.5056179775280899 0.15595238095238095 0.4199438202247191
1 0.7476190476190476 0.30196629213483145 0.7726190476190476 0.3103932584269663 0.7880952380952381 0.23735955056179775 0.7642857142857142 0.2303370786516854
1 0.8047619047619048 0.3061797752808989 0.8285714285714286 0.3061797752808989 0.8297619047619048 0.2247191011235955 0.8035714285714286 0.22612359550561797
1 0.7166666666666667 0.49859550561797755 0.7380952380952381 0.5112359550561798 0.7714285714285715 0.4410112359550562 0.75 0.42837078651685395
1 0.7666666666666667 0.6643258426966292 0.7916666666666666 0.6699438202247191 0.8107142857142857 0.5884831460674157 0.7845238095238095 0.5800561797752809
1 0.694047619047619 0.7682584269662921 0.725 0.7780898876404494 0.6928571428571428 0.8806179775280899 0.6654761904761904 0.8651685393258427