1 0.14285714285714285 0.29353932584269665 0.1523809523809524 0.2598314606741573 0.09642857142857143 0.24578651685393257 0.0869047619047619 0.27247191011235955
1 0.1357142857142857 0.24157303370786518 0.14404761904761904 0.21067415730337077 0.09404761904761905 0.20084269662921347 0.0880952380952381 0.2247191011235955
1 0.21785714285714286 0.3497191011235955 0.2833333333333333 0.37640449438202245 0.2976190476190476 0.34831460674157305 0.23095238095238096 0.3160112359550562
1 0.2916666666666667 0.38764044943820225 0.3630952380952381 0.41151685393258425 0.38095238095238093 0.37780898876404495 0.30238095238095236 0.3497191011235955
1 0.43214285714285716 0.42837078651685395 0.5023809523809524 0.44803370786516855 0.5107142857142857 0.4157303370786517 0.44285714285714284 0.3960674157303371
1 0.44642857142857145 0.3553370786516854 0.5154761904761904 0.37359550561797755 0.5107142857142857 0.40730337078651685 0.44047619047619047 0.38764044943820225
1 0.46190476190476193 0.30196629213483145 0.5261904761904762 0.3188202247191011 0.5357142857142857 0.2907303370786517 0.47023809523809523 0.2710674157303371
1 0.5357142857142857 0.32303370786516855 0.6071428571428571 0.3441011235955056 0.6142857142857143 0.30758426966292135 0.5476190476190477 0.29353932584269665
1 0.5285714285714286 0.36797752808988765 0.6023809523809524 0.3890449438202247 0.6083333333333333 0.35252808988764045 0.5345238095238095 0.3342696629213483
1 0.5202380952380953 0.4044943820224719 0.5857142857142857 0.42696629213483145 0.594047619047619 0.3946629213483146 0.5285714285714286 0.37359550561797755
1 0.5119047619047619 0.4452247191011236 0.5761904761904761 0.4648876404494382 0.5821428571428572 0.4353932584269663 0.5190476190476191 0.41713483146067415
1 0.5035714285714286 0.49859550561797755 0.5773809523809523 0.5182584269662921 0.5857142857142857 0.4803370786516854 0.5107142857142857 0.4592696629213483
1 0.2619047619047619 0.14747191011235955 0.3202380952380952 0.17275280898876405 0.33214285714285713 0.1446629213483146 0.2726190476190476 0.12359550561797752
1 0.24047619047619048 0.19662921348314608 0.30952380952380953 0.21207865168539325 0.319047619047619 0.18258426966292135 0.24761904761904763 0.16573033707865167
1 0.2392857142857143 0.23876404494382023 0.30952380952380953 0.25842696629213485 0.31666666666666665 0.22331460674157302 0.24761904761904763 0.20646067415730338
1 0.23214285714285715 0.28370786516853935 0.3 0.29775280898876405 0.3047619047619048 0.2640449438202247 0.24047619047619048 0.25
1 0.2976190476190476 0.34691011235955055 0.35833333333333334 0.36797752808988765 0.3630952380952381 0.3300561797752809 0.30833333333333335 0.31179775280898875
1 0.30238095238095236 0.2991573033707865 0.37023809523809526 0.32303370786516855 0.38095238095238093 0.28792134831460675 0.3119047619047619 0.2612359550561798
1 0.31666666666666665 0.2640449438202247 0.37976190476190474 0.28370786516853935 0.3869047619047619 0.25280898876404495 0.3238095238095238 0.2345505617977528
1 0.319047619047619 0.2148876404494382 0.39166666666666666 0.2401685393258427 0.4035714285714286 0.20786516853932585 0.3261904761904762 0.1853932584269663
1 0.34285714285714286 0.17415730337078653 0.3952380952380952 0.18820224719101122 0.4023809523809524 0.16713483146067415 0.35 0.14747191011235955
1 0.4869047619047619 0.21910112359550563 0.5488095238095239 0.2345505617977528 0.5535714285714286 0.2050561797752809 0.49166666666666664 0.1896067415730337
1 0.4880952380952381 0.17415730337078653 0.5535714285714286 0.19662921348314608 0.5619047619047619 0.16713483146067415 0.49642857142857144 0.14887640449438203
1 0.5607142857142857 0.20084269662921347 0.625 0.2205056179775281 0.6321428571428571 0.1896067415730337 0.5666666666666667 0.1699438202247191
1 0.5892857142857143 0.29353932584269665 0.6595238095238095 0.2808988764044944 0.6511904761904762 0.24719101123595505 0.5833333333333334 0.26264044943820225
1 0.47023809523809523 0.2598314606741573 0.5345238095238095 0.28230337078651685 0.5416666666666666 0.24859550561797752 0.4773809523809524 0.2303370786516854
1 0.41309523809523807 0.5126404494382022 0.4797619047619048 0.5308988764044944 0.4869047619047619 0.5014044943820225 0.42023809523809524 0.48314606741573035
1 0.40476190476190477 0.5491573033707865 0.4773809523809524 0.5702247191011236 0.4845238095238095 0.5379213483146067 0.4119047619047619 0.5168539325842697
1 0.3964285714285714 0.5997191011235955 0.46190476190476193 0.6179775280898876 0.46904761904761905 0.5856741573033708 0.4023809523809524 0.5674157303370787
1 0.3869047619047619 0.6390449438202247 0.46190476190476193 0.6615168539325843 0.46904761904761905 0.6306179775280899 0.3976190476190476 0.6067415730337079
1 0.37857142857142856 0.6797752808988764 0.44761904761904764 0.7008426966292135 0.45595238095238094 0.6713483146067416 0.3869047619047619 0.648876404494382
1 0.3726190476190476 0.726123595505618 0.430952380952381 0.75 0.44166666666666665 0.7176966292134831 0.3821428571428571 0.6938202247191011
1 0.3619047619047619 0.7724719101123596 0.42857142857142855 0.7921348314606742 0.4357142857142857 0.7598314606741573 0.3678571428571429 0.7387640449438202
1 0.3488095238095238 0.8089887640449438 0.42142857142857143 0.8328651685393258 0.4297619047619048 0.8019662921348315 0.35595238095238096 0.7780898876404494
1 0.35714285714285715 0.8286516853932584 0.4107142857142857 0.848314606741573 0.4023809523809524 0.8721910112359551 0.3488095238095238 0.8525280898876404
1 0.19166666666666668 0.8047752808988764 0.25952380952380955 0.827247191011236 0.26785714285714285 0.7921348314606742 0.1988095238095238 0.773876404494382
1 0.21071428571428572 0.7373595505617978 0.2761904761904762 0.7485955056179775 0.2714285714285714 0.7823033707865169 0.20714285714285716 0.7696629213483146
1 0.20595238095238094 0.7205056179775281 0.27380952380952384 0.7401685393258427 0.28095238095238095 0.7078651685393258 0.21428571428571427 0.6910112359550562
2 0.21666666666666667 0.6671348314606742 0.2785714285714286 0.6938202247191011 0.2845238095238095 0.6629213483146067 0.225 0.6404494382022472
1 0.1869047619047619 0.8216292134831461 0.25357142857142856 0.8441011235955056 0.24523809523809523 0.8707865168539326 0.17857142857142858 0.8525280898876404
1 0.10714285714285714 0.7893258426966292 0.17142857142857143 0.8160112359550562 0.16071428571428573 0.8455056179775281 0.09642857142857143 0.8202247191011236
1 0.12380952380952381 0.7485955056179775 0.19404761904761905 0.773876404494382 0.18333333333333332 0.8047752808988764 0.11428571428571428 0.776685393258427
1 0.12261904761904761 0.7345505617977528 0.1880952380952381 0.7612359550561798 0.1976190476190476 0.7275280898876404 0.13095238095238096 0.7078651685393258
1 0.12976190476190477 0.6952247191011236 0.19285714285714287 0.7176966292134831 0.20238095238095238 0.6839887640449438 0.1357142857142857 0.6643258426966292
1 0.13690476190476192 0.648876404494382 0.20714285714285716 0.6713483146067416 0.2154761904761905 0.6362359550561798 0.14404761904761904 0.6165730337078652
1 0.15595238095238095 0.5884831460674157 0.2261904761904762 0.6039325842696629 0.21904761904761905 0.6348314606741573 0.1488095238095238 0.6137640449438202
1 0.16904761904761906 0.5393258426966292 0.23214285714285715 0.5575842696629213 0.22380952380952382 0.5884831460674157 0.1595238095238095 0.5688202247191011
1 0.1773809523809524 0.49859550561797755 0.24404761904761904 0.5196629213483146 0.2369047619047619 0.5491573033707865 0.17023809523809524 0.5294943820224719
1 0.18928571428571428 0.45646067415730335 0.25476190476190474 0.476123595505618 0.24523809523809523 0.5084269662921348 0.18095238095238095 0.4887640449438202
1 0.2 0.40870786516853935 0.2654761904761905 0.4311797752808989 0.2571428571428571 0.46769662921348315 0.1869047619047619 0.44803370786516855
1 0.27380952380952384 0.43258426966292135 0.3345238095238095 0.44662921348314605 0.3273809523809524 0.4789325842696629 0.2642857142857143 0.4606741573033708
1 0.22023809523809523 0.375 0.2869047619047619 0.3946629213483146 0.2785714285714286 0.4241573033707865 0.2119047619047619 0.4058988764044944
1 0.25595238095238093 0.5042134831460674 0.31547619047619047 0.5224719101123596 0.32261904761904764 0.4901685393258427 0.2619047619047619 0.47331460674157305
1 0.23809523809523808 0.5856741573033708 0.3011904761904762 0.6081460674157303 0.3107142857142857 0.5786516853932584 0.24761904761904763 0.5561797752808989
1 0.43214285714285716 0.8328651685393258 0.5 0.8497191011235955 0.5083333333333333 0.8174157303370787 0.4392857142857143 0.7991573033707865
1 0.44761904761904764 0.7556179775280899 0.5023809523809524 0.7808988764044944 0.4928571428571429 0.8132022471910112 0.4357142857142857 0.7879213483146067
1 0.4583333333333333 0.7219101123595506 0.5214285714285715 0.7387640449438202 0.513095238095238 0.7710674157303371 0.4511904761904762 0.75
1 0.4642857142857143 0.675561797752809 0.5321428571428571 0.6952247191011236 0.5238095238095238 0.7303370786516854 0.45595238095238094 0.7092696629213483
1 0.4738095238095238 0.6334269662921348 0.5464285714285714 0.6530898876404494 0.5369047619047619 0.6896067415730337 0.4642857142857143 0.6643258426966292
1 0.4785714285714286 0.5856741573033708 0.5523809523809524 0.6053370786516854 0.544047619047619 0.6418539325842697 0.47023809523809523 0.6179775280898876
1 0.49047619047619045 0.5407303370786517 0.555952380952381 0.5603932584269663 0.5476190476190477 0.5941011235955056 0.48095238095238096 0.5702247191011236
1 0.7035714285714286 0.2401685393258427 0.7726190476190476 0.25842696629213485 0.7785714285714286 0.22893258426966293 0.7107142857142857 0.20926966292134833
1 0.694047619047619 0.2907303370786517 0.7654761904761904 0.30758426966292135 0.7714285714285715 0.27668539325842695 0.7 0.25842696629213485
1 0.6845238095238095 0.32865168539325845 0.7583333333333333 0.351123595505618 0.7654761904761904 0.3188202247191011 0.6916666666666667 0.300561797752809
1 0.6678571428571428 0.4438202247191011 0.7297619047619047 0.47191011235955055 0.7404761904761905 0.4339887640449438 0.675 0.4143258426966292
1 0.6511904761904762 0.48735955056179775 0.7214285714285714 0.5140449438202247 0.7297619047619047 0.4789325842696629 0.6571428571428571 0.4592696629213483
1 0.6369047619047619 0.5814606741573034 0.7023809523809523 0.6039325842696629 0.7095238095238096 0.5688202247191011 0.6452380952380953 0.5463483146067416
1 0.6273809523809524 0.6221910112359551 0.6928571428571428 0.6432584269662921 0.7023809523809523 0.6095505617977528 0.6369047619047619 0.5884831460674157
1 0.6166666666666667 0.6643258426966292 0.6880952380952381 0.6882022471910112 0.6964285714285714 0.6558988764044944 0.6261904761904762 0.6320224719101124
1 0.6142857142857143 0.675561797752809 0.6821428571428572 0.6966292134831461 0.675 0.7275280898876404 0.6059523809523809 0.7064606741573034
1 0.5976190476190476 0.7528089887640449 0.6666666666666666 0.7710674157303371 0.6726190476190477 0.7387640449438202 0.6035714285714285 0.7191011235955056