1 0.6130952380952381 0.22191011235955055 0.6404761904761904 0.22612359550561797 0.6511904761904762 0.14606741573033707 0.6226190476190476 0.14185393258426968
1 0.5726190476190476 0.30337078651685395 0.6035714285714285 0.31179775280898875 0.6071428571428571 0.22191011235955055 0.5797619047619048 0.21910112359550563
2 0.5333333333333333 0.28230337078651685 0.555952380952381 0.2851123595505618 0.569047619047619 0.21629213483146068 0.5428571428571428 0.21067415730337077
1 0.4976190476190476 0.27808988764044945 0.5214285714285715 0.28370786516853935 0.530952380952381 0.2050561797752809 0.5107142857142857 0.199438202247191
1 0.47023809523809523 0.21067415730337077 0.49642857142857144 0.2148876404494382 0.4880952380952381 0.2752808988764045 0.4607142857142857 0.26825842696629215
1 0.4238095238095238 0.27247191011235955 0.4511904761904762 0.27808988764044945 0.45714285714285713 0.1952247191011236 0.43214285714285716 0.19241573033707865
1 0.38571428571428573 0.2640449438202247 0.4154761904761905 0.26825842696629215 0.4226190476190476 0.19241573033707865 0.3976190476190476 0.18820224719101122
1 0.3464285714285714 0.2542134831460674 0.3761904761904762 0.2598314606741573 0.39285714285714285 0.1853932584269663 0.36428571428571427 0.17837078651685392
1 0.30952380952380953 0.24859550561797752 0.3357142857142857 0.2542134831460674 0.35 0.1853932584269663 0.3238095238095238 0.1797752808988764
1 0.2904761904761905 0.16853932584269662 0.3202380952380952 0.175561797752809 0.3011904761904762 0.2654494382022472 0.27380952380952384 0.25842696629213485
1 0.5202380952380953 0.125 0.5476190476190477 0.12921348314606743 0.5345238095238095 0.20224719101123595 0.5083333333333333 0.19662921348314608
1 0.4845238095238095 0.12078651685393259 0.5083333333333333 0.12640449438202248 0.4928571428571429 0.199438202247191 0.4666666666666667 0.19241573033707865
1 0.45 0.11235955056179775 0.47619047619047616 0.11797752808988764 0.4607142857142857 0.18820224719101122 0.4369047619047619 0.18258426966292135
1 0.39880952380952384 0.17837078651685392 0.4238095238095238 0.18258426966292135 0.4369047619047619 0.12219101123595505 0.4107142857142857 0.11797752808988764
2 0.36547619047619045 0.17415730337078653 0.3880952380952381 0.1797752808988764 0.4011904761904762 0.11797752808988764 0.3761904761904762 0.11235955056179775
1 0.2976190476190476 0.1601123595505618 0.32261904761904764 0.16573033707865167 0.3404761904761905 0.0997191011235955 0.3119047619047619 0.09410112359550561
1 0.25476190476190474 0.15870786516853932 0.2773809523809524 0.16292134831460675 0.29523809523809524 0.10252808988764045 0.2714285714285714 0.09831460674157304
1 0.23214285714285715 0.2247191011235955 0.2488095238095238 0.14606741573033707 0.2226190476190476 0.14185393258426968 0.20357142857142857 0.2205056179775281
1 0.18333333333333332 0.13202247191011235 0.20476190476190476 0.13623595505617977 0.19523809523809524 0.21348314606741572 0.17142857142857143 0.20646067415730338
1 0.11071428571428571 0.21067415730337077 0.13333333333333333 0.21769662921348315 0.15357142857142858 0.1404494382022472 0.12738095238095237 0.13623595505617977
1 0.2619047619047619 0.32162921348314605 0.2916666666666667 0.33286516853932585 0.2785714285714286 0.4241573033707865 0.25 0.41292134831460675
1 0.31547619047619047 0.425561797752809 0.3273809523809524 0.3398876404494382 0.2976190476190476 0.32724719101123595 0.28809523809523807 0.42134831460674155
1 0.37142857142857144 0.3539325842696629 0.4 0.3497191011235955 0.38571428571428573 0.4452247191011236 0.35833333333333334 0.4311797752808989
1 0.4119047619047619 0.3539325842696629 0.4357142857142857 0.36797752808988765 0.4238095238095238 0.45224719101123595 0.39404761904761904 0.44803370786516855
1 0.4369047619047619 0.4508426966292135 0.4607142857142857 0.45646067415730335 0.4738095238095238 0.37780898876404495 0.4488095238095238 0.3693820224719101
1 0.4726190476190476 0.45786516853932585 0.4976190476190476 0.46348314606741575 0.5119047619047619 0.37640449438202245 0.4869047619047619 0.36657303370786515
1 0.5511904761904762 0.3960674157303371 0.5773809523809523 0.40308988764044945 0.5642857142857143 0.48735955056179775 0.5357142857142857 0.4803370786516854
1 0.5357142857142857 0.48735955056179775 0.5595238095238095 0.49297752808988765 0.5523809523809524 0.5688202247191011 0.525 0.5632022471910112
1 0.44642857142857145 0.6053370786516854 0.5023809523809524 0.6530898876404494 0.5202380952380953 0.6264044943820225 0.4630952380952381 0.5800561797752809
1 0.4642857142857143 0.46348314606741575 0.4928571428571429 0.4691011235955056 0.48095238095238096 0.5491573033707865 0.45357142857142857 0.5435393258426966
1 0.34285714285714286 0.5308988764044944 0.375 0.5351123595505618 0.38095238095238093 0.4452247191011236 0.3547619047619048 0.4410112359550562
1 0.32142857142857145 0.43820224719101125 0.34523809523809523 0.44241573033707865 0.3333333333333333 0.5323033707865169 0.305952380952381 0.526685393258427
1 0.2726190476190476 0.5112359550561798 0.3 0.5182584269662921 0.3142857142857143 0.43820224719101125 0.2869047619047619 0.4339887640449438
1 0.24761904761904763 0.425561797752809 0.2761904761904762 0.4311797752808989 0.25952380952380955 0.5126404494382022 0.23452380952380952 0.5070224719101124
1 0.20714285714285716 0.42275280898876405 0.2392857142857143 0.42696629213483145 0.225 0.5140449438202247 0.19404761904761905 0.5084269662921348
1 0.19285714285714287 0.3202247191011236 0.21666666666666667 0.324438202247191 0.20476190476190476 0.40168539325842695 0.18095238095238095 0.398876404494382
1 0.15714285714285714 0.31320224719101125 0.1869047619047619 0.3188202247191011 0.17261904761904762 0.40308988764044945 0.14761904761904762 0.39747191011235955
1 0.1380952380952381 0.4044943820224719 0.17023809523809524 0.40870786516853935 0.15833333333333333 0.4887640449438202 0.12976190476190477 0.48314606741573035
1 0.11785714285714285 0.3089887640449438 0.14761904761904762 0.31320224719101125 0.13333333333333333 0.3890449438202247 0.10833333333333334 0.38342696629213485
1 0.44285714285714284 0.6432584269662921 0.43333333333333335 0.7247191011235955 0.45476190476190476 0.7289325842696629 0.4642857142857143 0.6474719101123596
1 0.39880952380952384 0.6292134831460674 0.42738095238095236 0.6348314606741573 0.4166666666666667 0.723314606741573 0.38571428571428573 0.7176966292134831
1 0.35119047619047616 0.7092696629213483 0.37976190476190474 0.7148876404494382 0.3904761904761905 0.6292134831460674 0.3619047619047619 0.625
1 0.2630952380952381 0.6053370786516854 0.2904761904761905 0.6109550561797753 0.2761904761904762 0.6882022471910112 0.24523809523809523 0.6783707865168539
1 0.23095238095238096 0.5941011235955056 0.25595238095238093 0.5997191011235955 0.23809523809523808 0.6783707865168539 0.2119047619047619 0.6713483146067416
1 0.15 0.5814606741573034 0.1773809523809524 0.5898876404494382 0.1595238095238095 0.6657303370786517 0.13095238095238096 0.6558988764044944
1 0.11547619047619048 0.5716292134831461 0.14047619047619048 0.577247191011236 0.125 0.6558988764044944 0.10119047619047619 0.6474719101123596
1 0.805952380952381 0.5308988764044944 0.8321428571428572 0.5407303370786517 0.8047619047619048 0.6179775280898876 0.780952380952381 0.6081460674157303
1 0.7178571428571429 0.48735955056179775 0.7380952380952381 0.4957865168539326 0.7166666666666667 0.5561797752808989 0.6964285714285714 0.550561797752809
1 0.75 0.7415730337078652 0.7726190476190476 0.7598314606741573 0.7297619047619047 0.824438202247191 0.7095238095238096 0.8019662921348315
1 0.8726190476190476 0.5842696629213483 0.8988095238095238 0.601123595505618 0.8702380952380953 0.6882022471910112 0.8392857142857143 0.6741573033707865