1 0.20714285714285716 0.288623595505618 0.02857142857142857 0.08286516853932584
1 0.25 0.28441011235955055 0.02857142857142857 0.08848314606741572
1 0.2857142857142857 0.28370786516853935 0.030952380952380953 0.08707865168539326
1 0.3880952380952381 0.2752808988764045 0.02857142857142857 0.07865168539325842
1 0.4232142857142857 0.27668539325842695 0.02738095238095238 0.08146067415730338
1 0.5023809523809524 0.26896067415730335 0.030952380952380953 0.07162921348314606
1 0.5375 0.26825842696629215 0.02738095238095238 0.07584269662921349
1 0.5738095238095238 0.2633426966292135 0.02619047619047619 0.07724719101123595
1 0.6107142857142858 0.2612359550561798 0.02857142857142857 0.07584269662921349
1 0.6440476190476191 0.2640449438202247 0.02619047619047619 0.07584269662921349
1 0.7577380952380952 0.2563202247191011 0.02976190476190476 0.07724719101123595
1 0.7922619047619047 0.25070224719101125 0.02976190476190476 0.06601123595505617
1 0.8410714285714286 0.4143258426966292 0.03214285714285714 0.08426966292134831
1 0.8803571428571428 0.4143258426966292 0.02261904761904762 0.08707865168539326
1 0.8023809523809524 0.41924157303370785 0.02857142857142857 0.06882022471910113
1 0.7619047619047619 0.4178370786516854 0.030952380952380953 0.0800561797752809
1 0.7285714285714285 0.4332865168539326 0.02857142857142857 0.07443820224719101
1 0.6994047619047619 0.4318820224719101 0.03214285714285714 0.07724719101123595
1 0.6613095238095238 0.43258426966292135 0.039285714285714285 0.08426966292134831
1 0.6190476190476191 0.42907303370786515 0.02857142857142857 0.08286516853932584
1 0.5821428571428572 0.4410112359550562 0.0380952380952381 0.07584269662921349
1 0.544047619047619 0.43890449438202245 0.03333333333333333 0.08286516853932584
1 0.45476190476190476 0.39325842696629215 0.4583333333333333 0.48174157303370785 0.48928571428571427 0.476123595505618 0.48095238095238096 0.3890449438202247
1 0.43273809523809526 0.44030898876404495 0.02976190476190476 0.08286516853932584
1 0.39880952380952384 0.4417134831460674 0.03571428571428571 0.0800561797752809
1 0.3607142857142857 0.44803370786516855 0.02857142857142857 0.08707865168539326
1 0.3255952380952381 0.44803370786516855 0.03214285714285714 0.08426966292134831
1 0.2869047619047619 0.44803370786516855 0.030952380952380953 0.08146067415730338
1 0.2154761904761905 0.46207865168539325 0.03333333333333333 0.08146067415730338
1 0.13988095238095238 0.4606741573033708 0.034523809523809526 0.07584269662921349
1 0.13988095238095238 0.5526685393258427 0.034523809523809526 0.08848314606741572
1 0.2125 0.5540730337078652 0.03214285714285714 0.08848314606741572
1 0.24702380952380953 0.5449438202247191 0.02738095238095238 0.07865168539325842
1 0.28869047619047616 0.5484550561797753 0.02976190476190476 0.08567415730337079
1 0.325 0.5449438202247191 0.02857142857142857 0.08426966292134831
1 0.37857142857142856 0.4887640449438202 0.3880952380952381 0.5828651685393258 0.41904761904761906 0.5786516853932584 0.4142857142857143 0.48314606741573035
1 0.4398809523809524 0.5330056179775281 0.034523809523809526 0.09129213483146068
1 0.5321428571428571 0.5730337078651685 0.5226190476190476 0.49157303370786515 0.49166666666666664 0.49719101123595505 0.5 0.5758426966292135
1 0.5446428571428571 0.5287921348314607 0.02976190476190476 0.08567415730337079
1 0.6035714285714285 0.5632022471910112 0.5964285714285714 0.4845505617977528 0.5678571428571428 0.48735955056179775 0.5738095238095238 0.5688202247191011
1 0.6202380952380953 0.5189606741573034 0.03333333333333333 0.09129213483146068
1 0.6553571428571429 0.5182584269662921 0.02976190476190476 0.08426966292134831
1 0.6910714285714286 0.5161516853932584 0.02976190476190476 0.06882022471910113
1 0.7327380952380952 0.5133426966292135 0.02976190476190476 0.0800561797752809
1 0.7869047619047619 0.5463483146067416 0.780952380952381 0.46629213483146065 0.7547619047619047 0.46769662921348315 0.7571428571428571 0.547752808988764
1 0.8053571428571429 0.5084269662921348 0.02976190476190476 0.0702247191011236
1 0.8666666666666667 0.5393258426966292 0.8559523809523809 0.46769662921348315 0.8273809523809523 0.47331460674157305 0.8357142857142857 0.5435393258426966
1 0.8404761904761905 0.651685393258427 0.85 0.7359550561797753 0.8785714285714286 0.7317415730337079 0.8678571428571429 0.6446629213483146
1 0.8178571428571428 0.6952247191011236 0.03571428571428571 0.08707865168539326
1 0.7571428571428571 0.6530898876404494 0.7690476190476191 0.7514044943820225 0.8023809523809524 0.7457865168539326 0.7904761904761904 0.6460674157303371
1 0.7619047619047619 0.7514044943820225 0.75 0.6530898876404494 0.7226190476190476 0.6587078651685393 0.7321428571428571 0.7570224719101124
1 0.7154761904761905 0.7528089887640449 0.7178571428571429 0.675561797752809 0.6880952380952381 0.6741573033707865 0.6869047619047619 0.7514044943820225
1 0.6244047619047619 0.702247191011236 0.02738095238095238 0.08146067415730338
1 0.555952380952381 0.7148876404494382 0.030952380952380953 0.07865168539325842
1 0.5035714285714286 0.7556179775280899 0.5011904761904762 0.675561797752809 0.5261904761904762 0.675561797752809 0.530952380952381 0.7542134831460674
1 0.444047619047619 0.7001404494382022 0.03571428571428571 0.09410112359550561
1 0.4107142857142857 0.7162921348314607 0.023809523809523808 0.07865168539325842
1 0.3678571428571429 0.7176966292134831 0.03571428571428571 0.09831460674157304
1 0.33214285714285713 0.7296348314606742 0.02857142857142857 0.0997191011235955
1 0.2761904761904762 0.6853932584269663 0.2845238095238095 0.7837078651685393 0.30952380952380953 0.7794943820224719 0.3047619047619048 0.6811797752808989
1 0.2702380952380952 0.7682584269662921 0.2642857142857143 0.6966292134831461 0.24047619047619048 0.6966292134831461 0.24404761904761904 0.7724719101123596
1 0.21845238095238095 0.7478932584269663 0.025 0.08567415730337079
1 0.18333333333333332 0.7464887640449438 0.02619047619047619 0.08567415730337079
1 0.13452380952380952 0.7422752808988764 0.03571428571428571 0.08567415730337079
1 0.22023809523809523 0.8293539325842697 0.02857142857142857 0.07443820224719101
1 0.25892857142857145 0.8314606741573034 0.02738095238095238 0.07584269662921349
1 0.2988095238095238 0.8279494382022472 0.03571428571428571 0.08286516853932584
1 0.3357142857142857 0.8202247191011236 0.03333333333333333 0.08707865168539326
1 0.37202380952380953 0.8103932584269663 0.034523809523809526 0.08426966292134831
1 0.45 0.8539325842696629 0.4583333333333333 0.7542134831460674 0.4297619047619048 0.75 0.41904761904761906 0.848314606741573
1 0.48214285714285715 0.7907303370786517 0.02857142857142857 0.0898876404494382
1 0.5208333333333334 0.8075842696629213 0.034523809523809526 0.08146067415730338
1 0.5601190476190476 0.8054775280898876 0.036904761904761905 0.08848314606741572
1 0.6166666666666667 0.8455056179775281 0.6107142857142858 0.7570224719101124 0.5857142857142857 0.7612359550561798 0.5904761904761905 0.8497191011235955
1 0.65 0.8455056179775281 0.6452380952380953 0.7598314606741573 0.6214285714285714 0.7626404494382022 0.6238095238095238 0.848314606741573
1 0.655952380952381 0.7542134831460674 0.6702380952380952 0.8455056179775281 0.6964285714285714 0.8426966292134831 0.6797619047619048 0.7457865168539326
1 0.705952380952381 0.8103932584269663 0.03333333333333333 0.09831460674157304
1 0.7505952380952381 0.7970505617977528 0.02976190476190476 0.09129213483146068
1 0.8071428571428572 0.8342696629213483 0.7952380952380952 0.7443820224719101 0.7726190476190476 0.75 0.7773809523809524 0.8384831460674157
1 0.8238095238095238 0.7865168539325843 0.03571428571428571 0.10393258426966293
1 0.8660714285714286 0.7942415730337079 0.02976190476190476 0.08567415730337079