1 0.13095238095238096 0.45646067415730335 0.1630952380952381 0.44662921348314605 0.19523809523809524 0.5561797752808989 0.15714285714285714 0.5674157303370787
1 0.16666666666666666 0.40730337078651685 0.2011904761904762 0.39325842696629215 0.2369047619047619 0.49859550561797755 0.20238095238095238 0.5154494382022472
1 0.3488095238095238 0.3539325842696629 0.3880952380952381 0.33848314606741575 0.41904761904761906 0.44241573033707865 0.38095238095238093 0.4592696629213483
1 0.42857142857142855 0.3146067415730337 0.39404761904761904 0.33286516853932585 0.430952380952381 0.43258426966292135 0.4666666666666667 0.4157303370786517
1 0.4797619047619048 0.41292134831460675 0.5166666666666667 0.39185393258426965 0.475 0.29213483146067415 0.44047619047619047 0.3089887640449438
1 0.680952380952381 0.3160112359550562 0.7202380952380952 0.2949438202247191 0.6761904761904762 0.19241573033707865 0.6345238095238095 0.21067415730337077
3 0.6333333333333333 0.5098314606741573 0.6761904761904762 0.7471910112359551 0.7273809523809524 0.7317415730337079 0.6797619047619048 0.49719101123595505
1 0.580952380952381 0.5365168539325843 0.6130952380952381 0.6418539325842697 0.65 0.6235955056179775 0.6166666666666667 0.5224719101123596
1 0.5785714285714286 0.6896067415730337 0.6214285714285714 0.7865168539325843 0.6523809523809524 0.7682584269662921 0.611904761904762 0.6671348314606742
2 0.5488095238095239 0.7851123595505618 0.5797619047619048 0.7724719101123596 0.5535714285714286 0.6825842696629213 0.5226190476190476 0.6938202247191011
1 0.4357142857142857 0.5912921348314607 0.4726190476190476 0.574438202247191 0.5035714285714286 0.6882022471910112 0.4666666666666667 0.702247191011236
1 0.5011904761904762 0.8132022471910112 0.5380952380952381 0.800561797752809 0.5059523809523809 0.6938202247191011 0.4726190476190476 0.7064606741573034
1 0.45714285714285713 0.8300561797752809 0.4880952380952381 0.8146067415730337 0.46190476190476193 0.7359550561797753 0.430952380952381 0.75
1 0.3892857142857143 0.6109550561797753 0.4154761904761905 0.7176966292134831 0.45 0.7050561797752809 0.4238095238095238 0.5969101123595506
1 0.3273809523809524 0.6221910112359551 0.36904761904761907 0.7387640449438202 0.4035714285714286 0.7247191011235955 0.3607142857142857 0.6025280898876404
1 0.2833333333333333 0.6587078651685393 0.3202380952380952 0.7682584269662921 0.3523809523809524 0.7542134831460674 0.3202380952380952 0.6418539325842697
1 0.24047619047619048 0.6867977528089888 0.2761904761904762 0.7879213483146067 0.30952380952380953 0.7724719101123596 0.2714285714285714 0.6685393258426966
1 0.4083333333333333 0.8637640449438202 0.4452380952380952 0.8497191011235955 0.40714285714285714 0.7359550561797753 0.36547619047619045 0.7514044943820225
1 0.35714285714285715 0.8820224719101124 0.39285714285714285 0.8651685393258427 0.35833333333333334 0.7668539325842697 0.3273809523809524 0.7823033707865169
1 0.2785714285714286 0.800561797752809 0.3130952380952381 0.7851123595505618 0.3404761904761905 0.8735955056179775 0.30357142857142855 0.8918539325842697
1 0.15714285714285714 0.7247191011235955 0.20357142857142857 0.7106741573033708 0.21904761904761905 0.8314606741573034 0.1761904761904762 0.8455056179775281
1 0.10476190476190476 0.7556179775280899 0.14047619047619048 0.7429775280898876 0.16904761904761906 0.8539325842696629 0.13333333333333333 0.8665730337078652