1 0.4886904761904762 0.37570224719101125 0.03214285714285714 0.08567415730337079
1 0.4863095238095238 0.5758426966292135 0.02976190476190476 0.08426966292134831
1 0.5339285714285714 0.5203651685393258 0.02976190476190476 0.0800561797752809
1 0.5767857142857142 0.511938202247191 0.02976190476190476 0.08567415730337079
1 0.5797619047619048 0.40168539325842695 0.02619047619047619 0.08426966292134831
1 0.5815476190476191 0.2872191011235955 0.02738095238095238 0.0800561797752809
1 0.5791666666666667 0.1699438202247191 0.025 0.08146067415730338
1 0.5773809523809523 0.6313202247191011 0.02619047619047619 0.08286516853932584
1 0.7892857142857143 0.6917134831460674 0.03571428571428571 0.08567415730337079
1 0.5267857142857143 0.7008426966292135 0.025 0.08426966292134831
1 0.4845238095238095 0.7345505617977528 0.030952380952380953 0.0898876404494382
1 0.5714285714285714 0.8195224719101124 0.02619047619047619 0.0800561797752809
1 0.40595238095238095 0.22823033707865167 0.02857142857142857 0.0800561797752809
1 0.2702380952380952 0.7668539325842697 0.32857142857142857 0.7191011235955056 0.30952380952380953 0.6896067415730337 0.25476190476190474 0.7387640449438202