1 0.49523809523809526 0.26825842696629215 0.07380952380952381 0.042134831460674156
1 0.5345238095238095 0.33848314606741575 0.46190476190476193 0.34831460674157305 0.45714285714285713 0.31179775280898875 0.5261904761904762 0.30337078651685395
1 0.4880952380952381 0.49508426966292135 0.0761904761904762 0.04073033707865169
1 0.4523809523809524 0.5603932584269663 0.5261904761904762 0.5646067415730337 0.5261904761904762 0.5252808988764045 0.45 0.5280898876404494
1 0.4488095238095238 0.601123595505618 0.5154761904761904 0.5969101123595506 0.5142857142857142 0.5617977528089888 0.44761904761904764 0.5688202247191011
2 0.4797619047619048 0.6460674157303371 0.07142857142857142 0.03651685393258427
2 0.4875 0.7268258426966292 0.058333333333333334 0.02949438202247191
1 0.4791666666666667 0.7682584269662921 0.06785714285714285 0.03651685393258427
1 0.44642857142857145 0.8132022471910112 0.5142857142857142 0.8033707865168539 0.5190476190476191 0.8384831460674157 0.44761904761904764 0.8469101123595506
3 0.6345238095238095 0.6910112359550562 0.7119047619047619 0.6179775280898876 0.6928571428571428 0.5898876404494382 0.6142857142857143 0.6601123595505618
1 0.6261904761904762 0.5884831460674157 0.6892857142857143 0.5449438202247191 0.7023809523809523 0.5716292134831461 0.6416666666666667 0.6179775280898876
1 0.6285714285714286 0.5449438202247191 0.694047619047619 0.5 0.7071428571428572 0.5294943820224719 0.6416666666666667 0.5688202247191011
1 0.6238095238095238 0.49719101123595505 0.6904761904761905 0.4550561797752809 0.7035714285714286 0.4859550561797753 0.6428571428571429 0.526685393258427
1 0.625 0.43679775280898875 0.6845238095238095 0.398876404494382 0.6976190476190476 0.425561797752809 0.6357142857142857 0.46348314606741575
1 0.6059523809523809 0.3848314606741573 0.6773809523809524 0.3455056179775281 0.6904761904761905 0.37780898876404495 0.625 0.4157303370786517
1 0.6214285714285714 0.33146067415730335 0.6821428571428572 0.2949438202247191 0.694047619047619 0.32162921348314605 0.6321428571428571 0.35814606741573035
1 0.6285714285714286 0.2696629213483146 0.6976190476190476 0.2542134831460674 0.7023809523809523 0.28370786516853935 0.6345238095238095 0.29775280898876405
2 0.6333333333333333 0.2542134831460674 0.6988095238095238 0.23174157303370788 0.6916666666666667 0.19803370786516855 0.625 0.21769662921348315
1 0.6333333333333333 0.17134831460674158 0.6976190476190476 0.14747191011235955 0.7071428571428572 0.18117977528089887 0.6428571428571429 0.20084269662921347
1 0.5369047619047619 0.24157303370786518 0.5428571428571428 0.16151685393258428 0.5142857142857142 0.15730337078651685 0.5107142857142857 0.2401685393258427
2 0.37857142857142856 0.699438202247191 0.3630952380952381 0.7893258426966292 0.3892857142857143 0.7935393258426966 0.4035714285714286 0.702247191011236
1 0.4119047619047619 0.7893258426966292 0.4380952380952381 0.7907303370786517 0.44166666666666665 0.7078651685393258 0.4166666666666667 0.7078651685393258
2 0.32857142857142857 0.7794943820224719 0.3523809523809524 0.7794943820224719 0.3547619047619048 0.6980337078651685 0.32857142857142857 0.699438202247191
1 0.3047619047619048 0.7310393258426966 0.02857142857142857 0.07724719101123595
1 0.8488095238095238 0.26825842696629215 0.8273809523809523 0.34831460674157305 0.8535714285714285 0.3609550561797753 0.8738095238095238 0.27668539325842695
1 0.8571428571428571 0.8230337078651685 0.02857142857142857 0.0898876404494382
1 0.5166666666666667 0.7008426966292135 0.44642857142857145 0.702247191011236 0.444047619047619 0.6699438202247191 0.5190476190476191 0.6671348314606742