1 0.5321428571428571 0.19662921348314608 0.03333333333333333 0.0898876404494382
1 0.575595238095238 0.1523876404494382 0.034523809523809526 0.09691011235955056
1 0.6190476190476191 0.1404494382022472 0.030952380952380953 0.08146067415730338
1 0.6190476190476191 0.2422752808988764 0.03333333333333333 0.07724719101123595
1 0.5708333333333333 0.2717696629213483 0.02976190476190476 0.08848314606741572
1 0.530952380952381 0.30547752808988765 0.03333333333333333 0.09410112359550561
1 0.6160714285714286 0.3476123595505618 0.03214285714285714 0.09129213483146068
1 0.5732142857142857 0.4066011235955056 0.02976190476190476 0.08848314606741572
1 0.5267857142857143 0.44803370786516855 0.034523809523809526 0.08707865168539326
1 0.6136904761904762 0.5217696629213483 0.036904761904761905 0.09129213483146068
1 0.5511904761904762 0.6053370786516854 0.5869047619047619 0.6039325842696629 0.5857142857142857 0.5056179775280899 0.5523809523809524 0.5056179775280899
1 0.5244047619047619 0.6678370786516854 0.03214285714285714 0.09129213483146068
1 0.319047619047619 0.3946629213483146 0.3773809523809524 0.34269662921348315 0.35714285714285715 0.31320224719101125 0.2988095238095238 0.36797752808988765
1 0.17023809523809524 0.46769662921348315 0.24404761904761904 0.47331460674157305 0.24642857142857144 0.4410112359550562 0.16904761904761906 0.43679775280898875
1 0.07976190476190476 0.5617977528089888 0.15357142857142858 0.5814606741573034 0.16071428571428573 0.547752808988764 0.09166666666666666 0.5294943820224719
1 0.2 0.5926966292134831 0.2642857142857143 0.6151685393258427 0.27380952380952384 0.5870786516853933 0.21071428571428572 0.5660112359550562
1 0.3119047619047619 0.5969101123595506 0.30714285714285716 0.6783707865168539 0.2761904761904762 0.6783707865168539 0.28095238095238095 0.5941011235955056
1 0.3107142857142857 0.7148876404494382 0.3392857142857143 0.7162921348314607 0.3488095238095238 0.6320224719101124 0.3107142857142857 0.6320224719101124
1 0.23095238095238096 0.773876404494382 0.2511904761904762 0.7443820224719101 0.1869047619047619 0.6924157303370787 0.17023809523809524 0.7191011235955056
1 0.375 0.8089887640449438 0.44642857142857145 0.7893258426966292 0.4523809523809524 0.827247191011236 0.38333333333333336 0.8441011235955056
1 0.819047619047619 0.6235955056179775 0.8476190476190476 0.7106741573033708 0.8833333333333333 0.6924157303370787 0.8535714285714285 0.6081460674157303