0 0.2773809523809524 0.32162921348314605 0.3202380952380952 0.3300561797752809 0.35 0.14747191011235955 0.30833333333333335 0.13904494382022473
1 0.37142857142857144 0.2542134831460674 0.3964285714285714 0.25702247191011235 0.4083333333333333 0.18258426966292135 0.38333333333333336 0.17696629213483145
0 0.4 0.30758426966292135 0.44285714285714284 0.3146067415730337 0.4595238095238095 0.16292134831460675 0.42738095238095236 0.15589887640449437
1 0.5464285714285714 0.2710674157303371 0.5726190476190476 0.2752808988764045 0.5821428571428572 0.20084269662921347 0.555952380952381 0.1952247191011236
0 0.5797619047619048 0.3637640449438202 0.625 0.3693820224719101 0.6369047619047619 0.21348314606741572 0.6035714285714285 0.20786516853932585
1 0.6357142857142857 0.29213483146067415 0.6630952380952381 0.30196629213483145 0.6785714285714286 0.2247191011235955 0.6547619047619048 0.21910112359550563
0 0.6726190476190477 0.3455056179775281 0.7047619047619048 0.351123595505618 0.7178571428571429 0.22752808988764045 0.6880952380952381 0.22331460674157302
1 0.7571428571428571 0.23314606741573032 0.7845238095238095 0.23735955056179775 0.7761904761904762 0.3188202247191011 0.7464285714285714 0.31320224719101125
1 0.7428571428571429 0.3300561797752809 0.7714285714285715 0.3356741573033708 0.7678571428571429 0.4143258426966292 0.7404761904761905 0.4101123595505618
1 0.43452380952380953 0.5969101123595506 0.46190476190476193 0.6039325842696629 0.4738095238095238 0.526685393258427 0.44642857142857145 0.5210674157303371
1 0.5142857142857142 0.6193820224719101 0.544047619047619 0.6235955056179775 0.5523809523809524 0.5421348314606742 0.5273809523809524 0.5379213483146067
1 0.6011904761904762 0.625 0.6285714285714286 0.6320224719101124 0.6404761904761904 0.5547752808988764 0.6130952380952381 0.5491573033707865
1 0.6452380952380953 0.6348314606741573 0.675 0.6418539325842697 0.6857142857142857 0.5603932584269663 0.6583333333333333 0.5547752808988764
1 0.6833333333333333 0.6334269662921348 0.7154761904761905 0.6418539325842697 0.725 0.5589887640449438 0.6976190476190476 0.5533707865168539
1 0.7273809523809524 0.6390449438202247 0.7547619047619047 0.6460674157303371 0.7678571428571429 0.5674157303370787 0.7392857142857143 0.5632022471910112
1 0.7714285714285715 0.6502808988764045 0.7988095238095239 0.6573033707865169 0.8107142857142857 0.5800561797752809 0.7833333333333333 0.574438202247191
1 0.8142857142857143 0.6573033707865169 0.8464285714285714 0.6587078651685393 0.8535714285714285 0.5870786516853933 0.8261904761904761 0.5814606741573034
1 0.8571428571428571 0.6671348314606742 0.8845238095238095 0.6741573033707865 0.8964285714285715 0.5969101123595506 0.8690476190476191 0.5912921348314607
1 0.5166666666666667 0.6615168539325843 0.580952380952381 0.6699438202247191 0.5857142857142857 0.6418539325842697 0.5190476190476191 0.6306179775280899
1 0.42738095238095236 0.6797752808988764 0.45714285714285713 0.6882022471910112 0.44285714285714284 0.7682584269662921 0.41309523809523807 0.7598314606741573
1 0.4630952380952381 0.6853932584269663 0.4928571428571429 0.6938202247191011 0.48333333333333334 0.7724719101123596 0.45357142857142857 0.7710674157303371
1 0.5023809523809524 0.6938202247191011 0.5297619047619048 0.7008426966292135 0.5202380952380953 0.7794943820224719 0.49047619047619045 0.7780898876404494
1 0.5404761904761904 0.699438202247191 0.5678571428571428 0.7064606741573034 0.555952380952381 0.7921348314606742 0.5285714285714286 0.7837078651685393
1 0.5761904761904761 0.7092696629213483 0.6035714285714285 0.7162921348314607 0.594047619047619 0.7949438202247191 0.5654761904761905 0.7921348314606742
1 0.6202380952380953 0.7191011235955056 0.6464285714285715 0.726123595505618 0.6345238095238095 0.8103932584269663 0.6047619047619047 0.800561797752809
1 0.6583333333333333 0.7247191011235955 0.6857142857142857 0.7331460674157303 0.675 0.8160112359550562 0.6452380952380953 0.8061797752808989
1 0.6916666666666667 0.7345505617977528 0.719047619047619 0.7415730337078652 0.7095238095238096 0.8202247191011236 0.6797619047619048 0.8188202247191011
1 0.725 0.7373595505617978 0.7523809523809524 0.7443820224719101 0.7428571428571429 0.8300561797752809 0.7130952380952381 0.8216292134831461
1 0.7666666666666667 0.7457865168539326 0.794047619047619 0.7528089887640449 0.7833333333333333 0.8384831460674157 0.7547619047619047 0.8300561797752809
1 0.8071428571428572 0.7471910112359551 0.8369047619047619 0.7514044943820225 0.8261904761904761 0.8384831460674157 0.7952380952380952 0.8314606741573034
1 0.8488095238095238 0.7429775280898876 0.8773809523809524 0.7415730337078652 0.875 0.8356741573033708 0.8404761904761905 0.8286516853932584
0 0.14642857142857144 0.5224719101123596 0.18452380952380953 0.5308988764044944 0.15476190476190477 0.6938202247191011 0.11071428571428571 0.6811797752808989