0 0.4 0.20365168539325842 0.5333333333333333 0.22752808988764045 0.5357142857142857 0.17837078651685392 0.40476190476190477 0.15308988764044945
0 0.4023809523809524 0.5926966292134831 0.5523809523809524 0.6193820224719101 0.5571428571428572 0.574438202247191 0.40595238095238095 0.5491573033707865
1 0.21904761904761905 0.7092696629213483 0.2488095238095238 0.7134831460674157 0.23809523809523808 0.7949438202247191 0.2130952380952381 0.7907303370786517
1 0.2523809523809524 0.7176966292134831 0.27976190476190477 0.7247191011235955 0.26904761904761904 0.8061797752808989 0.24285714285714285 0.7991573033707865
1 0.29285714285714287 0.7205056179775281 0.3202380952380952 0.7275280898876404 0.3107142857142857 0.8132022471910112 0.2833333333333333 0.8089887640449438
1 0.3392857142857143 0.7289325842696629 0.36666666666666664 0.7317415730337079 0.35714285714285715 0.8216292134831461 0.3273809523809524 0.8160112359550562
1 0.38333333333333336 0.7401685393258427 0.4107142857142857 0.7429775280898876 0.4 0.8258426966292135 0.3726190476190476 0.8202247191011236
1 0.4226190476190476 0.7443820224719101 0.45 0.7471910112359551 0.4452380952380952 0.8314606741573034 0.4166666666666667 0.8314606741573034
1 0.4630952380952381 0.7457865168539326 0.49047619047619045 0.7485955056179775 0.48214285714285715 0.8370786516853933 0.45357142857142857 0.8370786516853933
1 0.5083333333333333 0.7471910112359551 0.5357142857142857 0.75 0.5297619047619048 0.848314606741573 0.5 0.8455056179775281
1 0.5452380952380952 0.7514044943820225 0.5726190476190476 0.7542134831460674 0.5666666666666667 0.8525280898876404 0.5369047619047619 0.8497191011235955
1 0.5880952380952381 0.7598314606741573 0.6154761904761905 0.7626404494382022 0.6130952380952381 0.8609550561797753 0.5821428571428572 0.8609550561797753
1 0.8273809523809523 0.8384831460674157 0.905952380952381 0.8637640449438202 0.9119047619047619 0.8314606741573034 0.8369047619047619 0.8061797752808989
1 0.8357142857142857 0.7949438202247191 0.9178571428571428 0.8033707865168539 0.9178571428571428 0.7682584269662921 0.8369047619047619 0.7598314606741573
1 0.8392857142857143 0.75 0.9166666666666666 0.7598314606741573 0.9202380952380952 0.7275280898876404 0.8404761904761905 0.7148876404494382
1 0.8452380952380952 0.702247191011236 0.9226190476190477 0.7120786516853933 0.9261904761904762 0.6797752808988764 0.8464285714285714 0.6671348314606742
1 0.8476190476190476 0.6573033707865169 0.925 0.6671348314606742 0.9285714285714286 0.6348314606741573 0.8488095238095238 0.6221910112359551
1 0.8547619047619047 0.6123595505617978 0.9321428571428572 0.6221910112359551 0.9357142857142857 0.5898876404494382 0.8559523809523809 0.577247191011236