0 0.16428571428571428 0.7471910112359551 0.29285714285714287 0.6587078651685393 0.26785714285714285 0.6179775280898876 0.14523809523809525 0.702247191011236
0 0.14166666666666666 0.6924157303370787 0.2714285714285714 0.6053370786516854 0.24523809523809523 0.5674157303370787 0.11904761904761904 0.6544943820224719
0 0.11785714285714285 0.6446629213483146 0.24761904761904763 0.5575842696629213 0.22142857142857142 0.5196629213483146 0.09523809523809523 0.6067415730337079
0 0.09523809523809523 0.5955056179775281 0.225 0.5084269662921348 0.1988095238095238 0.4705056179775281 0.075 0.5547752808988764
0 0.6154761904761905 0.425561797752809 0.736904761904762 0.34691011235955055 0.7178571428571429 0.3061797752808989 0.5857142857142857 0.3890449438202247
0 0.5797619047619048 0.36797752808988765 0.705952380952381 0.28792134831460675 0.6869047619047619 0.24719101123595505 0.5547619047619048 0.3300561797752809
0 0.5523809523809524 0.31741573033707865 0.675 0.22893258426966293 0.655952380952381 0.19101123595505617 0.5261904761904762 0.27668539325842695
3 0.5297619047619048 0.25842696629213485 0.655952380952381 0.1601123595505618 0.6333333333333333 0.12780898876404495 0.5083333333333333 0.2205056179775281
3 0.49047619047619045 0.16292134831460675 0.5071428571428571 0.199438202247191 0.5833333333333334 0.14747191011235955 0.5654761904761905 0.11797752808988764
1 0.7511904761904762 0.7331460674157303 0.8107142857142857 0.6867977528089888 0.7952380952380952 0.6587078651685393 0.7309523809523809 0.7050561797752809
1 0.7714285714285715 0.7696629213483146 0.830952380952381 0.723314606741573 0.8154761904761905 0.6952247191011236 0.7571428571428571 0.7387640449438202
1 0.794047619047619 0.8103932584269663 0.8535714285714285 0.7640449438202247 0.8380952380952381 0.7359550561797753 0.7773809523809524 0.7808988764044944
1 0.8166666666666667 0.8525280898876404 0.8761904761904762 0.8061797752808989 0.8607142857142858 0.7780898876404494 0.8 0.8230337078651685