1 0.35595238095238096 0.2401685393258427 0.3952380952380952 0.3146067415730337 0.4154761904761905 0.29775280898876405 0.3738095238095238 0.22331460674157302
1 0.42857142857142855 0.20646067415730338 0.46904761904761905 0.27668539325842695 0.49047619047619045 0.25702247191011235 0.4511904761904762 0.19101123595505617
1 0.4642857142857143 0.18258426966292135 0.5047619047619047 0.25280898876404495 0.5261904761904762 0.23314606741573032 0.4869047619047619 0.16713483146067415
1 0.49523809523809526 0.16151685393258428 0.5357142857142857 0.23174157303370788 0.5571428571428572 0.21207865168539325 0.5178571428571429 0.14606741573033707
1 0.38333333333333336 0.36657303370786515 0.4154761904761905 0.42837078651685395 0.4369047619047619 0.40870786516853935 0.4023809523809524 0.34831460674157305
3 0.3345238095238095 0.37780898876404495 0.3880952380952381 0.4592696629213483 0.4142857142857143 0.4339887640449438 0.35714285714285715 0.3539325842696629
1 0.3238095238095238 0.43679775280898875 0.35714285714285715 0.4845505617977528 0.3773809523809524 0.46769662921348315 0.34404761904761905 0.4241573033707865
1 0.6190476190476191 0.46769662921348315 0.6321428571428571 0.4943820224719101 0.6845238095238095 0.45224719101123595 0.6702380952380952 0.42837078651685395
0 0.5666666666666667 0.5674157303370787 0.5869047619047619 0.6081460674157303 0.7178571428571429 0.49719101123595505 0.694047619047619 0.46207865168539325
0 0.6190476190476191 0.6643258426966292 0.7523809523809524 0.5632022471910112 0.7309523809523809 0.5280898876404494 0.594047619047619 0.6348314606741573
0 0.7119047619047619 0.8384831460674157 0.7309523809523809 0.8778089887640449 0.8761904761904762 0.7780898876404494 0.8535714285714285 0.7387640449438202
0 0.3345238095238095 0.8735955056179775 0.4583333333333333 0.7907303370786517 0.4797619047619048 0.8328651685393258 0.35595238095238096 0.9143258426966292
0 0.2976190476190476 0.8202247191011236 0.4297619047619048 0.7331460674157303 0.45 0.7710674157303371 0.32976190476190476 0.8567415730337079
0 0.2845238095238095 0.7528089887640449 0.4119047619047619 0.6544943820224719 0.43214285714285716 0.6938202247191011 0.3011904761904762 0.7949438202247191
3 0.25833333333333336 0.6938202247191011 0.3392857142857143 0.6432584269662921 0.3535714285714286 0.6783707865168539 0.2773809523809524 0.7317415730337079
3 0.22857142857142856 0.6334269662921348 0.32142857142857145 0.5646067415730337 0.3380952380952381 0.598314606741573 0.25 0.6643258426966292
3 0.20357142857142857 0.5800561797752809 0.319047619047619 0.4943820224719101 0.33690476190476193 0.5323033707865169 0.22857142857142856 0.6137640449438202
3 0.17142857142857143 0.5294943820224719 0.28214285714285714 0.4438202247191011 0.3047619047619048 0.4845505617977528 0.19285714285714287 0.5674157303370787
1 0.8214285714285714 0.44803370786516855 0.844047619047619 0.42837078651685395 0.8761904761904762 0.4859550561797753 0.8571428571428571 0.5042134831460674