1 0.6523809523809524 0.8384831460674157 0.7071428571428572 0.797752808988764 0.6904761904761905 0.7710674157303371 0.6357142857142857 0.8146067415730337
0 0.8261904761904761 0.6278089887640449 0.9345238095238095 0.5407303370786517 0.9142857142857143 0.5084269662921348 0.8011904761904762 0.5898876404494382
0 0.7321428571428571 0.5280898876404494 0.8690476190476191 0.42837078651685395 0.8488095238095238 0.39325842696629215 0.7047619047619048 0.48735955056179775
1 0.8166666666666667 0.5224719101123596 0.8333333333333334 0.5491573033707865 0.888095238095238 0.5070224719101124 0.8738095238095238 0.4803370786516854
0 0.6226190476190476 0.3342696629213483 0.7559523809523809 0.22893258426966293 0.7345238095238096 0.18820224719101122 0.5928571428571429 0.29634831460674155
0 0.5952380952380952 0.2752808988764045 0.7226190476190476 0.16573033707865167 0.6964285714285714 0.13342696629213482 0.5642857142857143 0.24157303370786518
0 0.39404761904761904 0.6193820224719101 0.5142857142857142 0.5449438202247191 0.49642857142857144 0.5042134831460674 0.3726190476190476 0.5800561797752809
0 0.35833333333333334 0.5646067415730337 0.48333333333333334 0.48314606741573035 0.4642857142857143 0.4438202247191011 0.3404761904761905 0.5196629213483146
0 0.3333333333333333 0.5140449438202247 0.45476190476190476 0.42837078651685395 0.4357142857142857 0.3890449438202247 0.3119047619047619 0.4648876404494382
3 0.3119047619047619 0.449438202247191 0.4369047619047619 0.3553370786516854 0.41904761904761906 0.3160112359550562 0.2904761904761905 0.40870786516853935
3 0.2714285714285714 0.3539325842696629 0.3476190476190476 0.30758426966292135 0.3619047619047619 0.33848314606741575 0.28809523809523807 0.3890449438202247
3 0.26071428571428573 0.324438202247191 0.34523809523809523 0.2654494382022472 0.3273809523809524 0.22893258426966293 0.24404761904761904 0.2893258426966292
3 0.2119047619047619 0.23876404494382023 0.32261904761904764 0.1601123595505618 0.34404761904761905 0.20365168539325842 0.23809523809523808 0.27668539325842695
3 0.18571428571428572 0.18679775280898878 0.28809523809523807 0.11657303370786516 0.3142857142857143 0.15168539325842698 0.20476190476190476 0.22893258426966293