1 0.5083333333333333 0.17415730337078653 0.580952380952381 0.18679775280898878 0.5892857142857143 0.1502808988764045 0.5166666666666667 0.1306179775280899
1 0.4880952380952381 0.21769662921348315 0.5595238095238095 0.2303370786516854 0.5642857142857143 0.19803370786516855 0.4928571428571429 0.18820224719101122
1 0.5392857142857143 0.24859550561797752 0.6142857142857143 0.2696629213483146 0.6059523809523809 0.30337078651685395 0.5297619047619048 0.2907303370786517
1 0.5202380952380953 0.3848314606741573 0.5880952380952381 0.40168539325842695 0.5964285714285714 0.3693820224719101 0.5297619047619048 0.351123595505618
1 0.5190476190476191 0.4410112359550562 0.5988095238095238 0.4550561797752809 0.6059523809523809 0.4241573033707865 0.5273809523809524 0.40168539325842695
1 0.5047619047619047 0.5280898876404494 0.5714285714285714 0.5407303370786517 0.575 0.5084269662921348 0.5119047619047619 0.4943820224719101
1 0.49642857142857144 0.5758426966292135 0.5630952380952381 0.5955056179775281 0.569047619047619 0.5603932584269663 0.5059523809523809 0.5407303370786517
1 0.49166666666666664 0.6193820224719101 0.5595238095238095 0.648876404494382 0.5666666666666667 0.6109550561797753 0.5023809523809524 0.5926966292134831
1 0.49642857142857144 0.6629213483146067 0.5357142857142857 0.7275280898876404 0.5571428571428572 0.7092696629213483 0.5154761904761904 0.6404494382022472
1 0.48333333333333334 0.7205056179775281 0.5202380952380953 0.7949438202247191 0.5428571428571428 0.776685393258427 0.5059523809523809 0.7064606741573034
2 0.45357142857142857 0.7528089887640449 0.48095238095238096 0.8258426966292135 0.5059523809523809 0.8103932584269663 0.4797619047619048 0.7401685393258427
1 0.4166666666666667 0.7682584269662921 0.44642857142857145 0.8370786516853933 0.4714285714285714 0.8230337078651685 0.4392857142857143 0.7584269662921348
1 0.3726190476190476 0.7752808988764045 0.3976190476190476 0.773876404494382 0.40595238095238095 0.8595505617977528 0.3773809523809524 0.8595505617977528
1 0.33095238095238094 0.7907303370786517 0.35714285714285715 0.7837078651685393 0.37142857142857144 0.8609550561797753 0.3476190476190476 0.8693820224719101
1 0.3130952380952381 0.8335674157303371 0.030952380952380953 0.07724719101123595
1 0.2619047619047619 0.7963483146067416 0.2892857142857143 0.7991573033707865 0.2761904761904762 0.8735955056179775 0.24642857142857144 0.8693820224719101
1 0.225 0.7907303370786517 0.2488095238095238 0.7991573033707865 0.23452380952380952 0.875 0.20595238095238094 0.8665730337078652
1 0.1630952380952381 0.8258426966292135 0.19166666666666668 0.8300561797752809 0.20238095238095238 0.7528089887640449 0.17261904761904762 0.7471910112359551
1 0.125 0.8103932584269663 0.15119047619047618 0.8174157303370787 0.16547619047619047 0.7457865168539326 0.14285714285714285 0.7373595505617978
2 0.7011904761904761 0.5252808988764045 0.7726190476190476 0.547752808988764 0.7619047619047619 0.5786516853932584 0.6916666666666667 0.5561797752808989
2 0.7380952380952381 0.31179775280898875 0.7988095238095239 0.32303370786516855 0.8023809523809524 0.29213483146067415 0.7404761904761905 0.28370786516853935
1 0.7416666666666667 0.2401685393258427 0.8083333333333333 0.24719101123595505 0.8071428571428572 0.27808988764044945 0.7416666666666667 0.27247191011235955
1 0.6726190476190477 0.6629213483146067 0.75 0.672752808988764 0.75 0.6432584269662921 0.6761904761904762 0.6320224719101124
1 0.6619047619047619 0.8132022471910112 0.7309523809523809 0.8230337078651685 0.7345238095238096 0.7907303370786517 0.6678571428571428 0.7794943820224719
1 0.6678571428571428 0.7640449438202247 0.7357142857142858 0.7724719101123596 0.7404761904761905 0.7401685393258427 0.6714285714285714 0.7317415730337079
1 0.8142857142857143 0.7191011235955056 0.8392857142857143 0.6924157303370787 0.8904761904761904 0.7640449438202247 0.8702380952380953 0.7935393258426966
1 0.8178571428571428 0.6530898876404494 0.8428571428571429 0.6264044943820225 0.8940476190476191 0.6980337078651685 0.8738095238095238 0.7275280898876404
1 0.825 0.5870786516853933 0.85 0.5603932584269663 0.9011904761904762 0.6320224719101124 0.8809523809523809 0.6615168539325843
1 0.8047619047619048 0.7865168539325843 0.8297619047619048 0.7598314606741573 0.8857142857142857 0.8328651685393258 0.8607142857142858 0.8609550561797753
1 0.6785714285714286 0.6825842696629213 0.7488095238095238 0.702247191011236 0.7428571428571429 0.7359550561797753 0.6702380952380952 0.7162921348314607