1 0.41309523809523807 0.15168539325842698 0.4869047619047619 0.17415730337078653 0.49523809523809526 0.13904494382022473 0.42857142857142855 0.12359550561797752
1 0.4095238095238095 0.21067415730337077 0.48214285714285715 0.22331460674157302 0.49047619047619045 0.19101123595505617 0.41785714285714287 0.17415730337078653
1 0.4238095238095238 0.2752808988764045 0.49642857142857144 0.2893258426966292 0.5035714285714286 0.25702247191011235 0.43333333333333335 0.2303370786516854
1 0.40476190476190477 0.32303370786516855 0.4785714285714286 0.33146067415730335 0.48095238095238096 0.30196629213483145 0.40714285714285714 0.2907303370786517
1 0.44761904761904764 0.3890449438202247 0.5214285714285715 0.4044943820224719 0.5321428571428571 0.3693820224719101 0.45357142857142857 0.351123595505618
1 0.4357142857142857 0.48174157303370785 0.5023809523809524 0.5014044943820225 0.5119047619047619 0.47191011235955055 0.444047619047619 0.45224719101123595
1 0.44642857142857145 0.5056179775280899 0.5202380952380953 0.5252808988764045 0.513095238095238 0.5561797752808989 0.4380952380952381 0.5421348314606742
1 0.4226190476190476 0.6025280898876404 0.49047619047619045 0.6081460674157303 0.4857142857142857 0.6418539325842697 0.4166666666666667 0.6334269662921348
1 0.4226190476190476 0.6446629213483146 0.48333333333333334 0.6629213483146067 0.4797619047619048 0.6966292134831461 0.4095238095238095 0.6741573033707865
1 0.40714285714285714 0.7289325842696629 0.4773809523809524 0.7471910112359551 0.48333333333333334 0.7134831460674157 0.4166666666666667 0.6952247191011236
1 0.4107142857142857 0.7682584269662921 0.4523809523809524 0.8300561797752809 0.4714285714285714 0.8146067415730337 0.430952380952381 0.7485955056179775
1 0.39404761904761904 0.824438202247191 0.4226190476190476 0.8132022471910112 0.45357142857142857 0.8848314606741573 0.425 0.9002808988764045
2 0.6095238095238096 0.6587078651685393 0.6785714285714286 0.6811797752808989 0.6880952380952381 0.651685393258427 0.6130952380952381 0.6278089887640449
1 0.6107142857142858 0.6853932584269663 0.6714285714285714 0.702247191011236 0.669047619047619 0.7289325842696629 0.6071428571428571 0.7148876404494382
1 0.5857142857142857 0.7668539325842697 0.6547619047619048 0.7808988764044944 0.6607142857142857 0.7514044943820225 0.5928571428571429 0.7331460674157303
1 0.5821428571428572 0.8202247191011236 0.6523809523809524 0.8356741573033708 0.6571428571428571 0.8047752808988764 0.5892857142857143 0.7865168539325843
2 0.6547619047619048 0.4199438202247191 0.7166666666666667 0.42837078651685395 0.7202380952380952 0.40308988764044945 0.655952380952381 0.39185393258426965
1 0.655952380952381 0.3441011235955056 0.7178571428571429 0.35814606741573035 0.7142857142857143 0.38202247191011235 0.6547619047619048 0.37359550561797755
1 0.6726190476190477 0.2991573033707865 0.7297619047619047 0.31179775280898875 0.725 0.34269662921348315 0.6642857142857143 0.32865168539325845
1 0.6773809523809524 0.25 0.7297619047619047 0.2612359550561798 0.7273809523809524 0.2907303370786517 0.6761904761904762 0.28230337078651685
1 0.830952380952381 0.22612359550561797 0.8892857142857142 0.29213483146067415 0.905952380952381 0.26685393258426965 0.8523809523809524 0.2050561797752809
1 0.8154761904761905 0.2808988764044944 0.8738095238095238 0.34691011235955055 0.8904761904761904 0.32162921348314605 0.8369047619047619 0.2598314606741573
1 0.7892857142857143 0.398876404494382 0.8404761904761905 0.45786516853932585 0.8607142857142858 0.43258426966292135 0.8107142857142857 0.37780898876404495
1 0.7880952380952381 0.45646067415730335 0.8297619047619048 0.5252808988764045 0.8583333333333333 0.5070224719101124 0.8119047619047619 0.4396067415730337
1 0.7785714285714286 0.5196629213483146 0.8202380952380952 0.5884831460674157 0.8452380952380952 0.5716292134831461 0.8023809523809524 0.5028089887640449
1 0.7642857142857142 0.5730337078651685 0.805952380952381 0.6418539325842697 0.830952380952381 0.625 0.7880952380952381 0.5561797752808989
1 0.7547619047619047 0.6432584269662921 0.7964285714285714 0.7120786516853933 0.8214285714285714 0.6952247191011236 0.7785714285714286 0.6264044943820225
1 0.7440476190476191 0.699438202247191 0.7952380952380952 0.7598314606741573 0.8166666666666667 0.7443820224719101 0.7654761904761904 0.6811797752808989
1 0.7440476190476191 0.7584269662921348 0.7845238095238095 0.8174157303370787 0.8011904761904762 0.8061797752808989 0.7583333333333333 0.7429775280898876