3 0.6059523809523809 0.4396067415730337 0.6821428571428572 0.5112359550561798 0.6607142857142857 0.5365168539325843 0.5880952380952381 0.46207865168539325
3 0.3904761904761905 0.5603932584269663 0.45476190476190476 0.6235955056179775 0.47619047619047616 0.5926966292134831 0.4107142857142857 0.5294943820224719
3 0.30833333333333335 0.4705056179775281 0.35595238095238096 0.5196629213483146 0.375 0.4887640449438202 0.325 0.44803370786516855
2 0.525 0.4044943820224719 0.5738095238095238 0.45224719101123595 0.5892857142857143 0.425561797752809 0.5392857142857143 0.38202247191011235
1 0.31785714285714284 0.21207865168539325 0.37142857142857144 0.2612359550561798 0.3880952380952381 0.2401685393258427 0.3380952380952381 0.19101123595505617
1 0.2916666666666667 0.1896067415730337 0.30833333333333335 0.16432584269662923 0.26666666666666666 0.12921348314606743 0.2488095238095238 0.14747191011235955
1 0.7922619047619047 0.24508426966292135 0.02976190476190476 0.09129213483146068
1 0.7773809523809524 0.425561797752809 0.8130952380952381 0.4199438202247191 0.8095238095238095 0.33707865168539325 0.7738095238095238 0.33707865168539325
1 0.8333333333333334 0.3967696629213483 0.03333333333333333 0.08567415730337079
1 0.8553571428571428 0.20014044943820225 0.036904761904761905 0.08848314606741572
1 0.8821428571428571 0.5372191011235955 0.03571428571428571 0.09410112359550561
1 0.8601190476190477 0.8462078651685393 0.03214285714285714 0.08567415730337079
1 0.49404761904761907 0.7359550561797753 0.5464285714285714 0.797752808988764 0.5678571428571428 0.7710674157303371 0.5154761904761904 0.7148876404494382
1 0.1738095238095238 0.6039325842696629 0.225 0.6530898876404494 0.24761904761904763 0.625 0.19285714285714287 0.5758426966292135
1 0.30833333333333335 0.75 0.35714285714285715 0.800561797752809 0.3738095238095238 0.776685393258427 0.3238095238095238 0.7289325842696629
3 0.36904761904761907 0.8258426966292135 0.4380952380952381 0.8876404494382022 0.4607142857142857 0.8581460674157303 0.39404761904761904 0.7907303370786517