1 0.1773809523809524 0.45786516853932585 0.10952380952380952 0.46769662921348315 0.10595238095238095 0.43258426966292135 0.1738095238095238 0.4199438202247191
1 0.1988095238095238 0.46769662921348315 0.19523809523809524 0.5575842696629213 0.2226190476190476 0.5561797752808989 0.22857142857142856 0.46769662921348315
1 0.28809523809523807 0.44803370786516855 0.29285714285714287 0.526685393258427 0.3261904761904762 0.5224719101123596 0.3202380952380952 0.4438202247191011
1 0.3333333333333333 0.4592696629213483 0.3416666666666667 0.5351123595505618 0.3678571428571429 0.5323033707865169 0.3595238095238095 0.4550561797752809
1 0.37023809523809526 0.43679775280898875 0.3773809523809524 0.523876404494382 0.4107142857142857 0.5168539325842697 0.4011904761904762 0.4311797752808989
1 0.4797619047619048 0.5070224719101124 0.5119047619047619 0.5028089887640449 0.4988095238095238 0.4241573033707865 0.46785714285714286 0.4311797752808989
1 0.5392857142857143 0.425561797752809 0.5535714285714286 0.5112359550561798 0.5857142857142857 0.5042134831460674 0.5714285714285714 0.41713483146067415
1 0.6142857142857143 0.425561797752809 0.6321428571428571 0.5 0.6630952380952381 0.49297752808988765 0.6476190476190476 0.41713483146067415
1 0.6571428571428571 0.4044943820224719 0.669047619047619 0.4859550561797753 0.7 0.48174157303370785 0.6869047619047619 0.3960674157303371
1 0.6988095238095238 0.398876404494382 0.7035714285714286 0.48735955056179775 0.7309523809523809 0.48735955056179775 0.725 0.39747191011235955
1 0.7297619047619047 0.398876404494382 0.7392857142857143 0.4747191011235955 0.7678571428571429 0.4691011235955056 0.7595238095238095 0.3904494382022472
1 0.7726190476190476 0.39747191011235955 0.7833333333333333 0.4747191011235955 0.8130952380952381 0.47191011235955055 0.8023809523809524 0.3904494382022472
1 0.8511904761904762 0.4747191011235955 0.8404761904761905 0.38764044943820225 0.8071428571428572 0.3904494382022472 0.8202380952380952 0.47752808988764045
1 0.7666666666666667 0.5688202247191011 0.8416666666666667 0.5519662921348315 0.8333333333333334 0.5182584269662921 0.7619047619047619 0.5351123595505618
1 0.6369047619047619 0.5702247191011236 0.7142857142857143 0.5646067415730337 0.7095238095238096 0.5224719101123596 0.6369047619047619 0.5294943820224719
1 0.5714285714285714 0.6853932584269663 0.6440476190476191 0.6783707865168539 0.6476190476190476 0.7162921348314607 0.5738095238095238 0.7247191011235955
1 0.1976190476190476 0.625 0.2702380952380952 0.6165730337078652 0.26785714285714285 0.5856741573033708 0.19642857142857142 0.5912921348314607