1 0.49047619047619045 0.5196629213483146 0.4988095238095238 0.5997191011235955 0.525 0.5955056179775281 0.5154761904761904 0.5168539325842697
1 0.4625 0.5519662921348315 0.03214285714285714 0.08426966292134831
1 0.6130952380952381 0.6292134831460674 0.6821428571428572 0.6193820224719101 0.6869047619047619 0.6558988764044944 0.6142857142857143 0.6629213483146067
1 0.6095238095238096 0.5912921348314607 0.6654761904761904 0.5449438202247191 0.6869047619047619 0.5730337078651685 0.6261904761904762 0.6221910112359551
1 0.6083333333333333 0.5210674157303371 0.6416666666666667 0.4508426966292135 0.6654761904761904 0.46629213483146065 0.6309523809523809 0.5337078651685393
1 0.675 0.37780898876404495 0.705952380952381 0.31179775280898875 0.7321428571428571 0.32724719101123595 0.7011904761904761 0.3904494382022472
1 0.7869047619047619 0.7415730337078652 0.780952380952381 0.8202247191011236 0.8107142857142857 0.8230337078651685 0.8166666666666667 0.7415730337078652
1 0.6017857142857143 0.7668539325842697 0.03214285714285714 0.07584269662921349
1 0.6619047619047619 0.8103932584269663 0.6916666666666667 0.8160112359550562 0.705952380952381 0.7373595505617978 0.6797619047619048 0.7303370786516854
1 0.5630952380952381 0.7668539325842697 0.02619047619047619 0.06741573033707865
1 0.3678571428571429 0.4943820224719101 0.3726190476190476 0.5800561797752809 0.4035714285714286 0.5758426966292135 0.3964285714285714 0.4887640449438202
1 0.3476190476190476 0.5308988764044944 0.030952380952380953 0.08426966292134831
1 0.319047619047619 0.5730337078651685 0.32142857142857145 0.4957865168539326 0.29404761904761906 0.4957865168539326 0.2916666666666667 0.5758426966292135
1 0.1988095238095238 0.4747191011235955 0.23214285714285715 0.48174157303370785 0.24047619047619048 0.3946629213483146 0.21071428571428572 0.39185393258426965
1 0.13273809523809524 0.42485955056179775 0.03214285714285714 0.08567415730337079
1 0.1523809523809524 0.48735955056179775 0.18214285714285713 0.4943820224719101 0.16904761904761906 0.5800561797752809 0.14285714285714285 0.5716292134831461
1 0.18571428571428572 0.49297752808988765 0.2119047619047619 0.49859550561797755 0.20595238095238094 0.5730337078651685 0.1761904761904762 0.5716292134831461
1 0.24285714285714285 0.5730337078651685 0.24642857142857144 0.49157303370786515 0.21904761904761905 0.48735955056179775 0.2119047619047619 0.5730337078651685
1 0.25357142857142856 0.5800561797752809 0.27976190476190477 0.5786516853932584 0.2869047619047619 0.48735955056179775 0.25952380952380955 0.4859550561797753
1 0.2785714285714286 0.6418539325842697 0.2833333333333333 0.6137640449438202 0.2130952380952381 0.5955056179775281 0.20833333333333334 0.6278089887640449
1 0.1392857142857143 0.6629213483146067 0.20357142857142857 0.6741573033707865 0.20714285714285716 0.6362359550561798 0.14047619047619048 0.6278089887640449
1 0.15773809523809523 0.726123595505618 0.02976190476190476 0.08426966292134831
1 0.20714285714285716 0.7752808988764045 0.2357142857142857 0.7808988764044944 0.24642857142857144 0.6980337078651685 0.2154761904761905 0.6924157303370787
1 0.25 0.7780898876404494 0.2785714285714286 0.7752808988764045 0.2761904761904762 0.6924157303370787 0.25 0.6938202247191011
1 0.2845238095238095 0.7710674157303371 0.3107142857142857 0.773876404494382 0.31666666666666665 0.7008426966292135 0.2845238095238095 0.6952247191011236
1 0.3202380952380952 0.702247191011236 0.35 0.7050561797752809 0.3416666666666667 0.7710674157303371 0.31547619047619047 0.7710674157303371
1 0.35714285714285715 0.7794943820224719 0.38095238095238093 0.7794943820224719 0.38571428571428573 0.7008426966292135 0.35714285714285715 0.7008426966292135
1 0.39404761904761904 0.6966292134831461 0.4261904761904762 0.699438202247191 0.41904761904761906 0.7837078651685393 0.3904761904761905 0.7808988764044944
1 0.3607142857142857 0.8560393258426966 0.06904761904761905 0.04073033707865169
1 0.25892857142857145 0.8588483146067416 0.07976190476190476 0.0351123595505618
1 0.11964285714285715 0.7240168539325843 0.03214285714285714 0.07724719101123595
1 0.8327380952380953 0.7865168539325843 0.03214285714285714 0.08426966292134831
1 0.8720238095238095 0.7963483146067416 0.034523809523809526 0.08426966292134831