1 0.5392857142857143 0.2907303370786517 0.5071428571428571 0.2949438202247191 0.5 0.20646067415730338 0.5297619047619048 0.20224719101123595
1 0.6440476190476191 0.3103932584269663 0.7142857142857143 0.29775280898876405 0.7214285714285714 0.32724719101123595 0.6523809523809524 0.3441011235955056
1 0.6166666666666667 0.28230337078651685 0.6702380952380952 0.23876404494382023 0.6880952380952381 0.2640449438202247 0.6333333333333333 0.3103932584269663
1 0.4744047619047619 0.23876404494382023 0.036904761904761905 0.0898876404494382
1 0.41785714285714287 0.26825842696629215 0.4095238095238095 0.18117977528089887 0.37976190476190474 0.18679775280898878 0.3869047619047619 0.273876404494382
1 0.3488095238095238 0.2696629213483146 0.3761904761904762 0.26825842696629215 0.3738095238095238 0.18398876404494383 0.34404761904761905 0.1853932584269663
1 0.30357142857142855 0.26825842696629215 0.32857142857142857 0.27247191011235955 0.33690476190476193 0.1896067415730337 0.30833333333333335 0.18679775280898878
1 0.2619047619047619 0.26825842696629215 0.29523809523809524 0.27668539325842695 0.2988095238095238 0.18258426966292135 0.275 0.1797752808988764
1 0.225 0.26685393258426965 0.2523809523809524 0.2696629213483146 0.25833333333333336 0.18258426966292135 0.23214285714285715 0.18258426966292135
1 0.18333333333333332 0.2640449438202247 0.2130952380952381 0.2696629213483146 0.22380952380952382 0.19101123595505617 0.19642857142857142 0.18820224719101122
1 0.16666666666666666 0.18258426966292135 0.19285714285714287 0.18820224719101122 0.175 0.2752808988764045 0.1488095238095238 0.26825842696629215
1 0.3238095238095238 0.3455056179775281 0.24523809523809523 0.33146067415730335 0.2523809523809524 0.2907303370786517 0.3261904761904762 0.30196629213483145
1 0.6136904761904762 0.45014044943820225 0.02976190476190476 0.07443820224719101
1 0.6892857142857143 0.41713483146067415 0.6773809523809524 0.4957865168539326 0.7047619047619048 0.5 0.719047619047619 0.42134831460674155
1 0.7952380952380952 0.4297752808988764 0.7928571428571428 0.5098314606741573 0.8214285714285714 0.5112359550561798 0.8238095238095238 0.42837078651685395
1 0.8458333333333333 0.47401685393258425 0.025 0.0800561797752809
1 0.8488095238095238 0.5519662921348315 0.9142857142857143 0.5547752808988764 0.9130952380952381 0.5870786516853933 0.8488095238095238 0.5814606741573034
1 0.49523809523809526 0.43679775280898875 0.4738095238095238 0.5182584269662921 0.5047619047619047 0.5294943820224719 0.5226190476190476 0.4452247191011236
1 0.5630952380952381 0.41151685393258425 0.5547619047619048 0.49157303370786515 0.5833333333333334 0.4943820224719101 0.5916666666666667 0.4143258426966292
1 0.4095238095238095 0.3848314606741573 0.44047619047619047 0.39185393258426965 0.4297619047619048 0.476123595505618 0.4035714285714286 0.476123595505618
1 0.3726190476190476 0.39325842696629215 0.4023809523809524 0.3946629213483146 0.39166666666666666 0.4747191011235955 0.36666666666666664 0.47331460674157305
1 0.33690476190476193 0.3890449438202247 0.3619047619047619 0.39185393258426965 0.35714285714285715 0.46629213483146065 0.33095238095238094 0.4648876404494382
1 0.3011904761904762 0.3848314606741573 0.33095238095238094 0.38764044943820225 0.32142857142857145 0.4747191011235955 0.2976190476190476 0.46769662921348315
1 0.28035714285714286 0.4276685393258427 0.02976190476190476 0.09410112359550561
1 0.23333333333333334 0.38202247191011235 0.2642857142857143 0.38764044943820225 0.2511904761904762 0.4789325842696629 0.22023809523809523 0.46769662921348315
1 0.16964285714285715 0.41502808988764045 0.02976190476190476 0.08286516853932584
1 0.13095238095238096 0.4241573033707865 0.030952380952380953 0.08146067415730338
1 0.40714285714285714 0.5702247191011236 0.3392857142857143 0.5617977528089888 0.3416666666666667 0.5252808988764045 0.4083333333333333 0.5280898876404494
1 0.2357142857142857 0.5716292134831461 0.31666666666666665 0.5688202247191011 0.3130952380952381 0.5294943820224719 0.2369047619047619 0.5393258426966292
1 0.6166666666666667 0.2148876404494382 0.65 0.13904494382022473 0.6785714285714286 0.14887640449438203 0.6416666666666667 0.22893258426966293