1 0.45714285714285713 0.28651685393258425 0.4607142857142857 0.20365168539325842 0.43214285714285716 0.20084269662921347 0.42857142857142855 0.2851123595505618
1 0.5583333333333333 0.2542134831460674 0.6154761904761905 0.28792134831460675 0.6309523809523809 0.2598314606741573 0.569047619047619 0.22331460674157302
1 0.611904761904762 0.20365168539325842 0.6333333333333333 0.1952247191011236 0.6583333333333333 0.25 0.6345238095238095 0.2598314606741573
1 0.3404761904761905 0.4080056179775281 0.030952380952380953 0.08567415730337079
1 0.35595238095238096 0.5547752808988764 0.3595238095238095 0.4803370786516854 0.3273809523809524 0.4803370786516854 0.3238095238095238 0.5561797752808989
1 0.29583333333333334 0.49859550561797755 0.03214285714285714 0.09550561797752809
1 0.1761904761904762 0.4311797752808989 0.03571428571428571 0.08426966292134831
1 0.4392857142857143 0.4943820224719101 0.42857142857142855 0.4058988764044944 0.39404761904761904 0.41151685393258425 0.40714285714285714 0.5
1 0.475 0.46418539325842695 0.02619047619047619 0.08567415730337079
1 0.5 0.6109550561797753 0.4857142857142857 0.5252808988764045 0.4511904761904762 0.5337078651685393 0.4666666666666667 0.6179775280898876
1 0.3398809523809524 0.6601123595505618 0.03214285714285714 0.08426966292134831
1 0.47559523809523807 0.7401685393258427 0.03214285714285714 0.09550561797752809
2 0.34345238095238095 0.7612359550561798 0.02976190476190476 0.0702247191011236
1 0.5928571428571429 0.8426966292134831 0.07142857142857142 0.03089887640449438
1 0.7065476190476191 0.761938202247191 0.02738095238095238 0.07724719101123595
1 0.7761904761904762 0.6404494382022472 0.7166666666666667 0.651685393258427 0.7095238095238096 0.6193820224719101 0.7714285714285715 0.6053370786516854
1 0.6928571428571428 0.5660112359550562 0.763095238095238 0.574438202247191 0.7619047619047619 0.6067415730337079 0.6916666666666667 0.601123595505618
3 0.5946428571428571 0.4220505617977528 0.0869047619047619 0.032303370786516857
3 0.6029761904761904 0.46348314606741575 0.06785714285714285 0.028089887640449437
1 0.5904761904761905 0.5091292134831461 0.06428571428571428 0.037921348314606744
1 0.5916666666666667 0.5526685393258427 0.06666666666666667 0.037921348314606744
1 0.594047619047619 0.6123595505617978 0.06666666666666667 0.03932584269662921
1 0.6041666666666666 0.672752808988764 0.07023809523809524 0.033707865168539325
1 0.5946428571428571 0.7148876404494382 0.0630952380952381 0.03651685393258427
1 0.5958333333333333 0.7584269662921348 0.07023809523809524 0.03932584269662921
1 0.594047619047619 0.7984550561797753 0.05 0.02949438202247191
1 0.7357142857142858 0.31741573033707865 0.06428571428571428 0.03651685393258427
1 0.7166666666666667 0.2612359550561798 0.780952380952381 0.25702247191011235 0.7845238095238095 0.29213483146067415 0.7178571428571429 0.29353932584269665