1 0.4607142857142857 0.23314606741573032 0.5261904761904762 0.2401685393258427 0.5297619047619048 0.20926966292134833 0.4666666666666667 0.19803370786516855
1 0.47023809523809523 0.18820224719101122 0.5357142857142857 0.20224719101123595 0.5428571428571428 0.17275280898876405 0.47619047619047616 0.15308988764044945
1 0.5428571428571428 0.25140449438202245 0.6083333333333333 0.2654494382022472 0.6154761904761905 0.23595505617977527 0.5488095238095239 0.21629213483146068
1 0.5547619047619048 0.17275280898876405 0.6166666666666667 0.18679775280898878 0.6226190476190476 0.15589887640449437 0.5619047619047619 0.1404494382022472
1 0.7154761904761905 0.16292134831460675 0.7821428571428571 0.17415730337078653 0.7880952380952381 0.14325842696629212 0.7202380952380952 0.12640449438202248
1 0.7142857142857143 0.20224719101123595 0.7785714285714286 0.21769662921348315 0.7845238095238095 0.1896067415730337 0.7178571428571429 0.175561797752809
1 0.7095238095238096 0.2401685393258427 0.7654761904761904 0.24859550561797752 0.7678571428571429 0.2247191011235955 0.7130952380952381 0.21348314606741572
1 0.7047619047619048 0.2794943820224719 0.7571428571428571 0.2893258426966292 0.763095238095238 0.2640449438202247 0.7083333333333334 0.25280898876404495
1 0.6952380952380952 0.32303370786516855 0.7654761904761904 0.33286516853932585 0.7702380952380953 0.30337078651685395 0.7 0.29213483146067415
1 0.6845238095238095 0.3651685393258427 0.7476190476190476 0.38342696629213485 0.7547619047619047 0.3553370786516854 0.6892857142857143 0.3342696629213483
1 0.6726190476190477 0.4058988764044944 0.7452380952380953 0.4241573033707865 0.75 0.39185393258426965 0.6797619047619048 0.37219101123595505
1 0.6571428571428571 0.44803370786516855 0.7297619047619047 0.46629213483146065 0.7345238095238096 0.4339887640449438 0.6642857142857143 0.4143258426966292
1 0.6547619047619048 0.4887640449438202 0.725 0.5014044943820225 0.7297619047619047 0.4691011235955056 0.6619047619047619 0.4550561797752809
1 0.6488095238095238 0.5308988764044944 0.719047619047619 0.5449438202247191 0.725 0.5140449438202247 0.655952380952381 0.49719101123595505
1 0.6452380952380953 0.5758426966292135 0.7142857142857143 0.5926966292134831 0.7214285714285714 0.5589887640449438 0.6523809523809524 0.5421348314606742
1 0.6357142857142857 0.6137640449438202 0.7071428571428572 0.6334269662921348 0.7142857142857143 0.5997191011235955 0.6428571428571429 0.5800561797752809
1 0.6238095238095238 0.6629213483146067 0.6892857142857143 0.6741573033707865 0.6952380952380952 0.6390449438202247 0.6285714285714286 0.6278089887640449
1 0.625 0.7008426966292135 0.6857142857142857 0.7134831460674157 0.6916666666666667 0.6839887640449438 0.6285714285714286 0.6699438202247191
1 0.6142857142857143 0.7443820224719101 0.6833333333333333 0.7612359550561798 0.6880952380952381 0.726123595505618 0.6178571428571429 0.7134831460674157
1 0.6011904761904762 0.7865168539325843 0.6702380952380952 0.8033707865168539 0.6773809523809524 0.7710674157303371 0.6047619047619047 0.7556179775280899
1 0.6023809523809524 0.8455056179775281 0.6738095238095239 0.8651685393258427 0.6797619047619048 0.8286516853932584 0.6095238095238096 0.8075842696629213
1 0.569047619047619 0.3890449438202247 0.5976190476190476 0.3946629213483146 0.580952380952381 0.4747191011235955 0.555952380952381 0.4691011235955056
1 0.5523809523809524 0.4803370786516854 0.5785714285714286 0.48735955056179775 0.5642857142857143 0.5660112359550562 0.5392857142857143 0.5603932584269663
1 0.5345238095238095 0.5969101123595506 0.5607142857142857 0.6039325842696629 0.5452380952380952 0.6867977528089888 0.5202380952380953 0.6825842696629213
1 0.5107142857142857 0.6882022471910112 0.5369047619047619 0.6952247191011236 0.5214285714285715 0.7780898876404494 0.49642857142857144 0.773876404494382
1 0.37142857142857144 0.7696629213483146 0.3976190476190476 0.776685393258427 0.3869047619047619 0.8469101123595506 0.3595238095238095 0.8426966292134831
1 0.4107142857142857 0.7794943820224719 0.4369047619047619 0.7780898876404494 0.43214285714285716 0.8637640449438202 0.4035714285714286 0.8651685393258427
1 0.45357142857142857 0.7851123595505618 0.48214285714285715 0.7935393258426966 0.47023809523809523 0.8623595505617978 0.4452380952380952 0.8609550561797753
1 0.3273809523809524 0.7682584269662921 0.3535714285714286 0.7682584269662921 0.3547619047619048 0.8286516853932584 0.32976190476190476 0.8300561797752809
1 0.2845238095238095 0.7359550561797753 0.3119047619047619 0.7443820224719101 0.2904761904761905 0.8258426966292135 0.2642857142857143 0.8174157303370787
1 0.24404761904761904 0.7303370786516854 0.27380952380952384 0.7359550561797753 0.26071428571428573 0.8160112359550562 0.2357142857142857 0.8174157303370787
1 0.1357142857142857 0.6825842696629213 0.16547619047619047 0.6896067415730337 0.15119047619047618 0.7682584269662921 0.12023809523809524 0.7598314606741573
1 0.1619047619047619 0.7640449438202247 0.22023809523809523 0.7780898876404494 0.2130952380952381 0.8160112359550562 0.15476190476190477 0.797752808988764
1 0.6714285714285714 0.14185393258426968 0.6571428571428571 0.22191011235955055 0.6869047619047619 0.22612359550561797 0.6964285714285714 0.1446629213483146
1 0.7785714285714286 0.4438202247191011 0.8107142857142857 0.45224719101123595 0.7976190476190477 0.5337078651685393 0.7678571428571429 0.526685393258427
1 0.7416666666666667 0.6882022471910112 0.7738095238095238 0.6966292134831461 0.7583333333333333 0.7865168539325843 0.7297619047619047 0.7752808988764045
1 0.7857142857142857 0.7176966292134831 0.8178571428571428 0.726123595505618 0.7976190476190477 0.8174157303370787 0.7702380952380953 0.8047752808988764
1 0.7273809523809524 0.7935393258426966 0.7595238095238095 0.8019662921348315 0.7392857142857143 0.8820224719101124 0.7119047619047619 0.8707865168539326