1 0.36666666666666664 0.18820224719101122 0.43214285714285716 0.16713483146067415 0.42142857142857143 0.13342696629213482 0.35833333333333334 0.15589887640449437
1 0.4035714285714286 0.26825842696629215 0.4583333333333333 0.24859550561797752 0.44761904761904764 0.2148876404494382 0.39404761904761904 0.2401685393258427
1 0.4238095238095238 0.30196629213483145 0.475 0.2851123595505618 0.4654761904761905 0.25702247191011235 0.41785714285714287 0.2752808988764045
1 0.46904761904761905 0.47331460674157305 0.5345238095238095 0.4396067415730337 0.525 0.41151685393258425 0.4583333333333333 0.4396067415730337
1 0.4880952380952381 0.5098314606741573 0.5452380952380952 0.4789325842696629 0.5357142857142857 0.4508426966292135 0.4773809523809524 0.47752808988764045
1 0.5059523809523809 0.5435393258426966 0.555952380952381 0.5182584269662921 0.5464285714285714 0.4901685393258427 0.49523809523809526 0.5168539325842697
1 0.5190476190476191 0.577247191011236 0.5797619047619048 0.547752808988764 0.5654761904761905 0.5182584269662921 0.5071428571428571 0.5491573033707865
1 0.5333333333333333 0.6207865168539326 0.5952380952380952 0.5786516853932584 0.580952380952381 0.5519662921348315 0.5226190476190476 0.5941011235955056
1 0.5523809523809524 0.6530898876404494 0.6178571428571429 0.625 0.6059523809523809 0.5926966292134831 0.5452380952380952 0.6207865168539326
1 0.580952380952381 0.7401685393258427 0.6416666666666667 0.7008426966292135 0.6285714285714286 0.6713483146067416 0.5666666666666667 0.7064606741573034
1 0.6011904761904762 0.776685393258427 0.6619047619047619 0.7373595505617978 0.6488095238095238 0.7078651685393258 0.5880952380952381 0.7443820224719101
1 0.611904761904762 0.8146067415730337 0.6797619047619048 0.7808988764044944 0.6666666666666666 0.7514044943820225 0.6 0.7808988764044944
1 0.611904761904762 0.8665730337078652 0.6857142857142857 0.8286516853932584 0.6726190476190477 0.7991573033707865 0.5976190476190476 0.8342696629213483
1 0.3380952380952381 0.598314606741573 0.3904761904761905 0.5463483146067416 0.37142857142857144 0.5154494382022472 0.3130952380952381 0.5646067415730337
1 0.30714285714285716 0.5112359550561798 0.37023809523809526 0.46769662921348315 0.3547619047619048 0.4353932584269663 0.2916666666666667 0.4747191011235955
1 0.2988095238095238 0.46348314606741575 0.35119047619047616 0.41853932584269665 0.33095238095238094 0.3890449438202247 0.2773809523809524 0.4339887640449438
1 0.34404761904761905 0.6362359550561798 0.40714285714285714 0.5898876404494382 0.3904761904761905 0.5617977528089888 0.33095238095238094 0.6025280898876404
1 0.36666666666666664 0.6713483146067416 0.4297619047619048 0.6348314606741573 0.4166666666666667 0.6053370786516854 0.35595238095238096 0.6432584269662921
1 0.3773809523809524 0.7176966292134831 0.44642857142857145 0.6797752808988764 0.43214285714285716 0.6446629213483146 0.3630952380952381 0.6825842696629213
1 0.3976190476190476 0.7485955056179775 0.46190476190476193 0.7176966292134831 0.4523809523809524 0.6896067415730337 0.3880952380952381 0.7176966292134831
1 0.4166666666666667 0.7851123595505618 0.48095238095238096 0.7542134831460674 0.47023809523809523 0.7247191011235955 0.40714285714285714 0.7542134831460674
1 0.4297619047619048 0.8258426966292135 0.5011904761904762 0.7963483146067416 0.4869047619047619 0.7626404494382022 0.41785714285714287 0.7949438202247191
1 0.3345238095238095 0.8132022471910112 0.4035714285714286 0.7794943820224719 0.3904761904761905 0.7415730337078652 0.32142857142857145 0.7724719101123596
1 0.1738095238095238 0.34269662921348315 0.24523809523809523 0.351123595505618 0.2488095238095238 0.3146067415730337 0.17976190476190476 0.31179775280898875
1 0.23214285714285715 0.273876404494382 0.29523809523809524 0.3146067415730337 0.3142857142857143 0.28792134831460675 0.24642857142857144 0.24297752808988765
1 0.5702380952380952 0.40870786516853935 0.6059523809523809 0.476123595505618 0.6297619047619047 0.46348314606741575 0.5964285714285714 0.3960674157303371
1 0.6166666666666667 0.5098314606741573 0.6595238095238095 0.5800561797752809 0.6833333333333333 0.5632022471910112 0.6452380952380953 0.4901685393258427
1 0.6845238095238095 0.4550561797752809 0.7226190476190476 0.5294943820224719 0.7452380952380953 0.5182584269662921 0.7142857142857143 0.4396067415730337