1 0.8547619047619047 0.75 0.8583333333333333 0.8370786516853933 0.8845238095238095 0.8356741573033708 0.8857142857142857 0.75
1 0.8130952380952381 0.75 0.8464285714285714 0.75 0.844047619047619 0.8300561797752809 0.8154761904761905 0.8300561797752809
1 0.7761904761904762 0.7668539325842697 0.7773809523809524 0.8314606741573034 0.805952380952381 0.8314606741573034 0.8047619047619048 0.7668539325842697
1 0.7309523809523809 0.7570224719101124 0.7333333333333333 0.8469101123595506 0.763095238095238 0.8469101123595506 0.7642857142857142 0.7570224719101124
1 0.6880952380952381 0.7598314606741573 0.6916666666666667 0.8525280898876404 0.7202380952380952 0.8539325842696629 0.7202380952380952 0.7570224719101124
1 0.6440476190476191 0.7598314606741573 0.6488095238095238 0.8553370786516854 0.6821428571428572 0.8553370786516854 0.680952380952381 0.7598314606741573
1 0.6071428571428571 0.7724719101123596 0.6095238095238096 0.8525280898876404 0.6464285714285715 0.8567415730337079 0.6428571428571429 0.7710674157303371
1 0.555952380952381 0.7584269662921348 0.5571428571428572 0.8426966292134831 0.5952380952380952 0.8441011235955056 0.594047619047619 0.7584269662921348
1 0.5214285714285715 0.7710674157303371 0.5238095238095238 0.8539325842696629 0.5547619047619048 0.8539325842696629 0.5523809523809524 0.7724719101123596
1 0.4738095238095238 0.7710674157303371 0.475 0.8525280898876404 0.5095238095238095 0.8567415730337079 0.5095238095238095 0.7710674157303371
1 0.43333333333333335 0.7710674157303371 0.43333333333333335 0.8595505617977528 0.4642857142857143 0.8595505617977528 0.4714285714285714 0.7724719101123596
1 0.3523809523809524 0.7724719101123596 0.35119047619047616 0.8595505617977528 0.38095238095238093 0.8581460674157303 0.38333333333333336 0.773876404494382
1 0.41904761904761906 0.6306179775280899 0.4928571428571429 0.6306179775280899 0.4928571428571429 0.598314606741573 0.42023809523809524 0.598314606741573
1 0.29285714285714287 0.7134831460674157 0.29523809523809524 0.6306179775280899 0.3238095238095238 0.6292134831460674 0.3238095238095238 0.7162921348314607
1 0.6785714285714286 0.6334269662921348 0.75 0.6348314606741573 0.7488095238095238 0.598314606741573 0.6785714285714286 0.598314606741573
1 0.2392857142857143 0.6741573033707865 0.2392857142857143 0.5814606741573034 0.2726190476190476 0.5814606741573034 0.2714285714285714 0.6769662921348315
1 0.21904761904761905 0.5351123595505618 0.14761904761904762 0.5365168539325843 0.14642857142857144 0.5730337078651685 0.21904761904761905 0.574438202247191
1 0.22023809523809523 0.4410112359550562 0.15 0.44241573033707865 0.15119047619047618 0.4789325842696629 0.22023809523809523 0.4789325842696629
1 0.2261904761904762 0.4311797752808989 0.15476190476190477 0.43258426966292135 0.15476190476190477 0.398876404494382 0.225 0.398876404494382
1 0.225 0.3862359550561798 0.15595238095238095 0.38764044943820225 0.15595238095238095 0.35252808988764045 0.2261904761904762 0.35252808988764045
1 0.23214285714285715 0.3441011235955056 0.16071428571428573 0.3441011235955056 0.1523809523809524 0.300561797752809 0.23214285714285715 0.30758426966292135
1 0.22976190476190475 0.29775280898876405 0.15 0.29353932584269665 0.15357142857142858 0.25280898876404495 0.22738095238095238 0.2640449438202247
1 0.2369047619047619 0.2556179775280899 0.1619047619047619 0.24719101123595505 0.1630952380952381 0.21207865168539325 0.23214285714285715 0.2148876404494382
1 0.24642857142857144 0.21769662921348315 0.24761904761904763 0.13904494382022473 0.2761904761904762 0.13904494382022473 0.275 0.21629213483146068
1 0.36904761904761907 0.4957865168539326 0.4380952380952381 0.4957865168539326 0.44047619047619047 0.5294943820224719 0.37023809523809526 0.5280898876404494
1 0.37023809523809526 0.4859550561797753 0.444047619047619 0.48735955056179775 0.444047619047619 0.45224719101123595 0.37023809523809526 0.4508426966292135
1 0.37023809523809526 0.4438202247191011 0.44642857142857145 0.44241573033707865 0.4452380952380952 0.41151685393258425 0.3726190476190476 0.4101123595505618
1 0.3738095238095238 0.398876404494382 0.44642857142857145 0.398876404494382 0.44642857142857145 0.36657303370786515 0.375 0.3651685393258427
1 0.3773809523809524 0.3609550561797753 0.444047619047619 0.3595505617977528 0.444047619047619 0.32162921348314605 0.3773809523809524 0.32303370786516855
1 0.375 0.31741573033707865 0.4488095238095238 0.31741573033707865 0.45 0.2794943820224719 0.3738095238095238 0.2794943820224719
1 0.37857142857142856 0.27247191011235955 0.4488095238095238 0.27247191011235955 0.44761904761904764 0.23595505617977527 0.37976190476190474 0.2345505617977528
1 0.3880952380952381 0.22893258426966293 0.4488095238095238 0.22612359550561797 0.44761904761904764 0.19662921348314608 0.3880952380952381 0.19803370786516855
1 0.3880952380952381 0.18820224719101122 0.45 0.19101123595505617 0.4488095238095238 0.15730337078651685 0.3869047619047619 0.15730337078651685
1 0.4773809523809524 0.1502808988764045 0.544047619047619 0.1502808988764045 0.544047619047619 0.1853932584269663 0.475 0.17837078651685392
1 0.475 0.1952247191011236 0.5452380952380952 0.1952247191011236 0.544047619047619 0.23174157303370788 0.475 0.2303370786516854
1 0.4738095238095238 0.2401685393258427 0.5452380952380952 0.2401685393258427 0.544047619047619 0.27247191011235955 0.4726190476190476 0.27247191011235955
1 0.47619047619047616 0.2808988764044944 0.544047619047619 0.28230337078651685 0.5428571428571428 0.3188202247191011 0.4785714285714286 0.3188202247191011
1 0.4738095238095238 0.324438202247191 0.5428571428571428 0.32724719101123595 0.5416666666666666 0.35674157303370785 0.475 0.3539325842696629
1 0.5160714285714286 0.3827247191011236 0.07261904761904762 0.037921348314606744
1 0.5077380952380952 0.425561797752809 0.07023809523809524 0.033707865168539325
1 0.5077380952380952 0.46769662921348315 0.075 0.03651685393258427
1 0.5101190476190476 0.514747191011236 0.07261904761904762 0.037921348314606744
1 0.6678571428571428 0.5126404494382022 0.08095238095238096 0.03932584269662921
1 0.6952380952380952 0.49157303370786515 0.6273809523809524 0.4845505617977528 0.6297619047619047 0.449438202247191 0.7 0.45786516853932585
1 0.7035714285714286 0.44662921348314605 0.6345238095238095 0.44241573033707865 0.6357142857142857 0.41151685393258425 0.7023809523809523 0.4143258426966292
1 0.6714285714285714 0.386938202247191 0.07380952380952381 0.04073033707865169
1 0.6648809523809524 0.3433988764044944 0.075 0.0351123595505618
1 0.6321428571428571 0.2808988764044944 0.705952380952381 0.28370786516853935 0.7035714285714286 0.3202247191011236 0.6309523809523809 0.3160112359550562
1 0.6708333333333333 0.26264044943820225 0.07023809523809524 0.03651685393258427
1 0.6720238095238096 0.2205056179775281 0.07261904761904762 0.03932584269662921
1 0.6732142857142858 0.17907303370786518 0.07261904761904762 0.0351123595505618
1 0.7714285714285715 0.5217696629213483 0.07380952380952381 0.037921348314606744
1 0.8023809523809524 0.45786516853932585 0.8035714285714286 0.4943820224719101 0.7309523809523809 0.4901685393258427 0.7321428571428571 0.4550561797752809
1 0.7660714285714286 0.4332865168539326 0.07738095238095238 0.0351123595505618
1 0.7672619047619048 0.39115168539325845 0.06785714285714285 0.0351123595505618
1 0.7714285714285715 0.3518258426966292 0.07380952380952381 0.0351123595505618
1 0.7690476190476191 0.30547752808988765 0.06190476190476191 0.0351123595505618
1 0.7666666666666667 0.2640449438202247 0.06904761904761905 0.03089887640449438
1 0.7672619047619048 0.21769662921348315 0.07261904761904762 0.03932584269662921
1 0.7660714285714286 0.17837078651685392 0.058333333333333334 0.033707865168539325
1 0.768452380952381 0.1404494382022472 0.060714285714285714 0.03089887640449438