1 0.18392857142857144 0.17626404494382023 0.02976190476190476 0.06882022471910113
1 0.3416666666666667 0.21067415730337077 0.02857142857142857 0.07303370786516854
1 0.37857142857142856 0.2050561797752809 0.030952380952380953 0.08707865168539326
1 0.4160714285714286 0.199438202247191 0.02738095238095238 0.08426966292134831
1 0.4523809523809524 0.2050561797752809 0.02857142857142857 0.0702247191011236
1 0.5023809523809524 0.16853932584269662 0.5 0.24578651685393257 0.475 0.2443820224719101 0.4785714285714286 0.16573033707865167
1 0.5380952380952381 0.17415730337078653 0.5428571428571428 0.24297752808988765 0.5154761904761904 0.2443820224719101 0.5095238095238095 0.17696629213483145
1 0.5636904761904762 0.20786516853932585 0.02738095238095238 0.07865168539325842
1 0.4791666666666667 0.3890449438202247 0.025 0.07865168539325842
1 0.44285714285714284 0.3925561797752809 0.02857142857142857 0.0800561797752809
1 0.40595238095238095 0.3904494382022472 0.02857142857142857 0.08146067415730338
1 0.5035714285714286 0.351123595505618 0.5023809523809524 0.4339887640449438 0.5321428571428571 0.43679775280898875 0.5321428571428571 0.3497191011235955
1 0.5452380952380952 0.3553370786516854 0.5380952380952381 0.4396067415730337 0.5678571428571428 0.44241573033707865 0.5738095238095238 0.3595505617977528
1 0.6130952380952381 0.36235955056179775 0.611904761904762 0.4339887640449438 0.5845238095238096 0.4311797752808989 0.5833333333333334 0.3609550561797753
1 0.6357142857142857 0.40519662921348315 0.02857142857142857 0.08286516853932584
1 0.6386904761904761 0.21418539325842698 0.039285714285714285 0.08567415730337079
1 0.7148809523809524 0.1952247191011236 0.02976190476190476 0.07303370786516854
1 0.7083333333333334 0.4220505617977528 0.030952380952380953 0.07724719101123595
1 0.7083333333333334 0.5294943820224719 0.0380952380952381 0.0898876404494382
1 0.611904761904762 0.47191011235955055 0.6095238095238096 0.5603932584269663 0.6440476190476191 0.5575842696629213 0.6452380952380953 0.476123595505618
1 0.6059523809523809 0.4705056179775281 0.6011904761904762 0.5632022471910112 0.5726190476190476 0.5589887640449438 0.5773809523809523 0.47191011235955055
1 0.5541666666666667 0.514747191011236 0.02976190476190476 0.08286516853932584
1 0.5154761904761904 0.5168539325842697 0.02857142857142857 0.08426966292134831
1 0.4630952380952381 0.46629213483146065 0.47023809523809523 0.5491573033707865 0.4976190476190476 0.5463483146067416 0.49166666666666664 0.46207865168539325
1 0.45357142857142857 0.46769662921348315 0.4523809523809524 0.550561797752809 0.425 0.547752808988764 0.4261904761904762 0.46629213483146065
1 0.4166666666666667 0.46629213483146065 0.41785714285714287 0.5519662921348315 0.38571428571428573 0.5519662921348315 0.3880952380952381 0.46348314606741575
1 0.38095238095238093 0.4691011235955056 0.37976190476190474 0.5491573033707865 0.35 0.547752808988764 0.3523809523809524 0.46769662921348315
1 0.31547619047619047 0.45646067415730335 0.3142857142857143 0.5337078651685393 0.3464285714285714 0.5337078651685393 0.3464285714285714 0.45646067415730335
1 0.38333333333333336 0.351123595505618 0.37857142857142856 0.42837078651685395 0.35119047619047616 0.4241573033707865 0.35595238095238096 0.351123595505618
1 0.32142857142857145 0.3398876404494382 0.31547619047619047 0.41853932584269665 0.34404761904761905 0.42134831460674155 0.35 0.34269662921348315
1 0.1630952380952381 0.4782303370786517 0.03333333333333333 0.08567415730337079
1 0.17142857142857143 0.37780898876404495 0.03333333333333333 0.09269662921348315
1 0.14821428571428572 0.7345505617977528 0.036904761904761905 0.09269662921348315
1 0.3148809523809524 0.8139044943820225 0.02976190476190476 0.08848314606741572
1 0.3892857142857143 0.8237359550561798 0.02619047619047619 0.08286516853932584
1 0.42857142857142855 0.8237359550561798 0.030952380952380953 0.08567415730337079
1 0.46904761904761905 0.8237359550561798 0.030952380952380953 0.09691011235955056
1 0.5095238095238095 0.8230337078651685 0.030952380952380953 0.08146067415730338
1 0.5607142857142857 0.7991573033707865 0.5583333333333333 0.8679775280898876 0.5333333333333333 0.8623595505617978 0.5369047619047619 0.7949438202247191
1 0.5815476190476191 0.8384831460674157 0.02976190476190476 0.08146067415730338
1 0.6202380952380953 0.8279494382022472 0.030952380952380953 0.08567415730337079
1 0.7017857142857142 0.8258426966292135 0.034523809523809526 0.07584269662921349
1 0.6994047619047619 0.7471910112359551 0.02738095238095238 0.07865168539325842
1 0.6226190476190476 0.7106741573033708 0.03333333333333333 0.07865168539325842
1 0.5851190476190476 0.711376404494382 0.03214285714285714 0.08286516853932584
1 0.5630952380952381 0.6699438202247191 0.5607142857142857 0.75 0.5273809523809524 0.7471910112359551 0.5357142857142857 0.6685393258426966
1 0.49523809523809526 0.6629213483146067 0.49523809523809526 0.7542134831460674 0.5190476190476191 0.7514044943820225 0.5273809523809524 0.6657303370786517
1 0.4845238095238095 0.6643258426966292 0.4857142857142857 0.7528089887640449 0.45714285714285713 0.75 0.45595238095238094 0.6657303370786517
1 0.44642857142857145 0.6629213483146067 0.44642857142857145 0.7359550561797753 0.41904761904761906 0.7359550561797753 0.41785714285714287 0.6643258426966292
1 0.4095238095238095 0.6544943820224719 0.40714285714285714 0.7373595505617978 0.3773809523809524 0.7373595505617978 0.37857142857142856 0.6558988764044944
1 0.3547619047619048 0.699438202247191 0.03333333333333333 0.07584269662921349
1 0.3011904761904762 0.6530898876404494 0.3 0.7359550561797753 0.3273809523809524 0.7401685393258427 0.32976190476190476 0.6558988764044944
1 0.8392857142857143 0.14887640449438203 0.9023809523809524 0.14887640449438203 0.9023809523809524 0.18258426966292135 0.8416666666666667 0.18117977528089887
1 0.8732142857142857 0.20646067415730338 0.07738095238095238 0.0449438202247191
1 0.8726190476190476 0.2521067415730337 0.06904761904761905 0.04073033707865169
1 0.8767857142857143 0.2970505617977528 0.055952380952380955 0.0351123595505618
1 0.8791666666666667 0.34129213483146065 0.0630952380952381 0.03932584269662921
1 0.8732142857142857 0.39185393258426965 0.07261904761904762 0.03932584269662921
1 0.875 0.4431179775280899 0.07142857142857142 0.04073033707865169
1 0.8755952380952381 0.49297752808988765 0.07738095238095238 0.03651685393258427
1 0.875 0.538623595505618 0.06666666666666667 0.032303370786516857
1 0.8297619047619048 0.6039325842696629 0.8964285714285715 0.6053370786516854 0.8964285714285715 0.5716292134831461 0.8297619047619048 0.5632022471910112
1 0.8553571428571428 0.6383426966292135 0.075 0.037921348314606744
1 0.861904761904762 0.6875 0.07142857142857142 0.0351123595505618
1 0.8273809523809523 0.7570224719101124 0.8964285714285715 0.7556179775280899 0.8976190476190476 0.7205056179775281 0.8297619047619048 0.7205056179775281
1 0.8648809523809524 0.7851123595505618 0.06785714285714285 0.03932584269662921
1 0.8666666666666667 0.839185393258427 0.06904761904761905 0.04073033707865169