1 0.18571428571428572 0.8117977528089888 0.1130952380952381 0.8146067415730337 0.11785714285714285 0.7724719101123596 0.18452380952380953 0.7710674157303371
1 0.18928571428571428 0.7120786516853933 0.11547619047619048 0.7219101123595506 0.11904761904761904 0.6811797752808989 0.1880952380952381 0.675561797752809
1 0.18452380952380953 0.6699438202247191 0.11547619047619048 0.6741573033707865 0.12023809523809524 0.6348314606741573 0.18452380952380953 0.6348314606741573
1 0.18452380952380953 0.6235955056179775 0.11666666666666667 0.6292134831460674 0.11904761904761904 0.5912921348314607 0.18452380952380953 0.5898876404494382
1 0.18571428571428572 0.5758426966292135 0.11428571428571428 0.5800561797752809 0.1130952380952381 0.5449438202247191 0.18571428571428572 0.5393258426966292
1 0.12738095238095237 0.5028089887640449 0.18095238095238095 0.5042134831460674 0.17857142857142858 0.5323033707865169 0.12142857142857143 0.5294943820224719
1 0.12380952380952381 0.4592696629213483 0.18928571428571428 0.4592696629213483 0.18928571428571428 0.4943820224719101 0.125 0.4943820224719101
1 0.18333333333333332 0.45224719101123595 0.1130952380952381 0.4508426966292135 0.11190476190476191 0.4199438202247191 0.18095238095238095 0.42134831460674155
1 0.18571428571428572 0.3553370786516854 0.11547619047619048 0.35814606741573035 0.11547619047619048 0.324438202247191 0.1869047619047619 0.3160112359550562
1 0.3238095238095238 0.32162921348314605 0.39166666666666666 0.324438202247191 0.39166666666666666 0.3595505617977528 0.3261904761904762 0.35674157303370785
1 0.2785714285714286 0.4101123595505618 0.35 0.41292134831460675 0.35119047619047616 0.44803370786516855 0.27976190476190477 0.44662921348314605
1 0.2773809523809524 0.5 0.34285714285714286 0.5014044943820225 0.34285714285714286 0.5379213483146067 0.2773809523809524 0.5379213483146067
1 0.2726190476190476 0.547752808988764 0.34404761904761905 0.547752808988764 0.34523809523809523 0.577247191011236 0.2761904761904762 0.5800561797752809
1 0.2833333333333333 0.5884831460674157 0.35119047619047616 0.5870786516853933 0.3535714285714286 0.6193820224719101 0.2857142857142857 0.6221910112359551
1 0.27380952380952384 0.6348314606741573 0.34285714285714286 0.6334269662921348 0.34523809523809523 0.6629213483146067 0.275 0.6685393258426966
1 0.2773809523809524 0.6783707865168539 0.35 0.6713483146067416 0.3523809523809524 0.7064606741573034 0.2785714285714286 0.7106741573033708
1 0.2702380952380952 0.7219101123595506 0.3464285714285714 0.723314606741573 0.3488095238095238 0.7570224719101124 0.2702380952380952 0.7556179775280899
1 0.27380952380952384 0.7640449438202247 0.3464285714285714 0.7668539325842697 0.34523809523809523 0.800561797752809 0.275 0.7991573033707865
1 0.4488095238095238 0.8061797752808989 0.3773809523809524 0.8061797752808989 0.3761904761904762 0.7724719101123596 0.44761904761904764 0.7654494382022472
1 0.45357142857142857 0.7528089887640449 0.38095238095238093 0.7542134831460674 0.3773809523809524 0.723314606741573 0.45 0.7134831460674157
1 0.44761904761904764 0.7036516853932584 0.38333333333333336 0.7078651685393258 0.3821428571428571 0.6741573033707865 0.44761904761904764 0.6699438202247191
1 0.44642857142857145 0.6671348314606742 0.36904761904761907 0.6657303370786517 0.36666666666666664 0.6320224719101124 0.44642857142857145 0.6320224719101124
1 0.4488095238095238 0.6193820224719101 0.3773809523809524 0.6165730337078652 0.37857142857142856 0.5828651685393258 0.44761904761904764 0.5856741573033708
1 0.44642857142857145 0.5730337078651685 0.3761904761904762 0.5702247191011236 0.375 0.5351123595505618 0.44642857142857145 0.5351123595505618
1 0.4095238095238095 0.5133426966292135 0.07142857142857142 0.02949438202247191
1 0.375 0.45646067415730335 0.44285714285714284 0.45365168539325845 0.444047619047619 0.4887640449438202 0.375 0.4859550561797753
1 0.37142857142857144 0.4143258426966292 0.44166666666666665 0.41292134831460675 0.44047619047619047 0.4452247191011236 0.3726190476190476 0.4452247191011236
1 0.6220238095238095 0.32935393258426965 0.07023809523809524 0.0351123595505618
1 0.7125 0.3356741573033708 0.06785714285714285 0.042134831460674156
1 0.6678571428571428 0.4234550561797753 0.07380952380952381 0.0351123595505618
1 0.5702380952380952 0.41924157303370785 0.08333333333333333 0.037921348314606744
1 0.5696428571428571 0.4691011235955056 0.075 0.03651685393258427
1 0.669047619047619 0.46558988764044945 0.07857142857142857 0.0351123595505618
1 0.5880952380952381 0.511938202247191 0.0761904761904762 0.0351123595505618
1 0.5803571428571429 0.5603932584269663 0.08214285714285714 0.03651685393258427
1 0.669047619047619 0.5484550561797753 0.06904761904761905 0.0351123595505618
1 0.674404761904762 0.5877808988764045 0.058333333333333334 0.02949438202247191
1 0.5738095238095238 0.6004213483146067 0.07380952380952381 0.0351123595505618
1 0.5785714285714286 0.6446629213483146 0.0761904761904762 0.03651685393258427
1 0.6773809523809524 0.6376404494382022 0.08333333333333333 0.03651685393258427
1 0.6791666666666667 0.6853932584269663 0.07023809523809524 0.042134831460674156
1 0.5803571428571429 0.6896067415730337 0.0630952380952381 0.033707865168539325
1 0.5779761904761904 0.738061797752809 0.07738095238095238 0.0351123595505618
1 0.580952380952381 0.7808988764044944 0.07380952380952381 0.03651685393258427
1 0.680952380952381 0.776685393258427 0.05714285714285714 0.03089887640449438
1 0.7154761904761905 0.7148876404494382 0.6416666666666667 0.7134831460674157 0.6452380952380953 0.7514044943820225 0.719047619047619 0.7514044943820225
1 0.8720238095238095 0.824438202247191 0.04404761904761905 0.09550561797752809
1 0.7970238095238096 0.15308988764044945 0.02976190476190476 0.06179775280898876
1 0.7547619047619047 0.15379213483146068 0.030952380952380953 0.07162921348314606
1 0.7125 0.14606741573033707 0.03214285714285714 0.06179775280898876
1 0.6732142857142858 0.14817415730337077 0.02976190476190476 0.06601123595505617
1 0.631547619047619 0.1502808988764045 0.03214285714285714 0.07865168539325842
1 0.5922619047619048 0.14536516853932585 0.02738095238095238 0.06320224719101124
1 0.5089285714285714 0.14747191011235955 0.02738095238095238 0.06741573033707865
1 0.4720238095238095 0.15098314606741572 0.02976190476190476 0.06601123595505617
1 0.43273809523809526 0.15379213483146068 0.025 0.06601123595505617
1 0.3886904761904762 0.15098314606741572 0.025 0.060393258426966294
1 0.35119047619047616 0.1580056179775281 0.02619047619047619 0.07443820224719101
1 0.30773809523809526 0.15870786516853932 0.034523809523809526 0.07303370786516854
1 0.26726190476190476 0.15660112359550563 0.02976190476190476 0.06882022471910113
1 0.2261904761904762 0.15308988764044945 0.03571428571428571 0.06179775280898876
1 0.18273809523809523 0.15730337078651685 0.036904761904761905 0.0702247191011236
1 0.14285714285714285 0.15589887640449437 0.0380952380952381 0.07303370786516854
1 0.8351190476190476 0.14606741573033707 0.036904761904761905 0.06179775280898876