1 0.7523809523809524 0.7921348314606742 0.7547619047619047 0.8707865168539326 0.7226190476190476 0.8721910112359551 0.7226190476190476 0.7949438202247191
1 0.6607142857142857 0.8258426966292135 0.02857142857142857 0.0898876404494382
1 0.6226190476190476 0.8216292134831461 0.030952380952380953 0.0898876404494382
1 0.5857142857142857 0.8174157303370787 0.030952380952380953 0.08426966292134831
1 0.5297619047619048 0.776685393258427 0.5345238095238095 0.8651685393258427 0.5654761904761905 0.8651685393258427 0.5583333333333333 0.776685393258427
1 0.5083333333333333 0.8174157303370787 0.02857142857142857 0.08146067415730338
1 0.45 0.7752808988764045 0.45476190476190476 0.8679775280898876 0.48214285714285715 0.8665730337078652 0.4785714285714286 0.7724719101123596
1 0.42916666666666664 0.8293539325842697 0.02976190476190476 0.0800561797752809
1 0.39285714285714285 0.8209269662921348 0.02857142857142857 0.08286516853932584
1 0.3541666666666667 0.8202247191011236 0.02976190476190476 0.08707865168539326
1 0.27380952380952384 0.8384831460674157 0.02857142857142857 0.07584269662921349
1 0.736904761904762 0.6179775280898876 0.030952380952380953 0.07865168539325842
1 0.7386904761904762 0.5252808988764045 0.03214285714285714 0.0898876404494382
1 0.6577380952380952 0.5175561797752809 0.03214285714285714 0.08567415730337079
1 0.6613095238095238 0.6327247191011236 0.02976190476190476 0.08848314606741572
1 0.6244047619047619 0.6341292134831461 0.03214285714285714 0.08848314606741572
1 0.5845238095238096 0.6264044943820225 0.02857142857142857 0.08146067415730338
1 0.549404761904762 0.6271067415730337 0.025 0.07443820224719101
1 0.46785714285714286 0.6285112359550562 0.02619047619047619 0.08567415730337079
1 0.41785714285714287 0.6713483146067416 0.4226190476190476 0.5912921348314607 0.444047619047619 0.5898876404494382 0.44642857142857145 0.6713483146067416
1 0.3982142857142857 0.6292134831460674 0.025 0.08146067415730338
1 0.34523809523809523 0.6713483146067416 0.35 0.5828651685393258 0.3738095238095238 0.5842696629213483 0.37023809523809526 0.672752808988764
1 0.2755952380952381 0.5561797752808989 0.03214285714285714 0.08707865168539326
1 0.3464285714285714 0.4691011235955056 0.3416666666666667 0.547752808988764 0.36904761904761907 0.5519662921348315 0.3761904761904762 0.4691011235955056
1 0.38095238095238093 0.4691011235955056 0.37976190476190474 0.5519662921348315 0.40595238095238095 0.5519662921348315 0.40714285714285714 0.4691011235955056
1 0.4166666666666667 0.47191011235955055 0.4166666666666667 0.5688202247191011 0.44642857142857145 0.5716292134831461 0.4452380952380952 0.4705056179775281
1 0.46726190476190477 0.5140449438202247 0.02738095238095238 0.07303370786516854
1 0.5041666666666667 0.5189606741573034 0.02738095238095238 0.0800561797752809
1 0.5446428571428571 0.5133426966292135 0.03214285714285714 0.08567415730337079
1 0.5827380952380953 0.5133426966292135 0.02976190476190476 0.07724719101123595
1 0.6047619047619047 0.4789325842696629 0.6071428571428571 0.5603932584269663 0.6357142857142857 0.5603932584269663 0.6369047619047619 0.4789325842696629
1 0.656547619047619 0.3265449438202247 0.02976190476190476 0.08567415730337079
1 0.6071428571428571 0.36797752808988765 0.6047619047619047 0.29353932584269665 0.6369047619047619 0.29213483146067415 0.638095238095238 0.36657303370786515
1 0.5827380952380953 0.3356741573033708 0.02738095238095238 0.08146067415730338
1 0.544047619047619 0.32865168539325845 0.02619047619047619 0.08146067415730338
1 0.5077380952380952 0.3223314606741573 0.02261904761904762 0.06601123595505617
1 0.4720238095238095 0.32935393258426965 0.02738095238095238 0.0800561797752809
1 0.43452380952380953 0.32724719101123595 0.02857142857142857 0.08146067415730338
1 0.3958333333333333 0.3258426966292135 0.02976190476190476 0.08426966292134831
1 0.3636904761904762 0.3279494382022472 0.02738095238095238 0.0800561797752809
1 0.2833333333333333 0.31952247191011235 0.02619047619047619 0.07724719101123595
1 0.736904761904762 0.3160112359550562 0.030952380952380953 0.08146067415730338
1 0.7333333333333333 0.21839887640449437 0.03571428571428571 0.07724719101123595
1 0.6541666666666667 0.22191011235955055 0.02738095238095238 0.07865168539325842
1 0.6214285714285714 0.2247191011235955 0.02857142857142857 0.08707865168539326
1 0.5833333333333334 0.21839887640449437 0.02857142857142857 0.08286516853932584
1 0.5488095238095239 0.21910112359550563 0.02857142857142857 0.08426966292134831
1 0.513095238095238 0.21418539325842698 0.030952380952380953 0.08286516853932584
1 0.47619047619047616 0.21348314606741572 0.02857142857142857 0.07584269662921349
1 0.4369047619047619 0.20646067415730338 0.030952380952380953 0.07865168539325842
1 0.4011904761904762 0.20856741573033707 0.02619047619047619 0.0800561797752809
1 0.36428571428571427 0.20435393258426968 0.02857142857142857 0.07162921348314606
1 0.2833333333333333 0.2324438202247191 0.03333333333333333 0.07443820224719101
1 0.24226190476190476 0.22823033707865167 0.02976190476190476 0.08286516853932584
1 0.2 0.2226123595505618 0.03333333333333333 0.08567415730337079
1 0.12202380952380952 0.21348314606741572 0.02976190476190476 0.07584269662921349
2 0.19226190476190477 0.5273876404494382 0.02976190476190476 0.08848314606741572
1 0.18988095238095237 0.6207865168539326 0.02738095238095238 0.06741573033707865