1 0.25892857142857145 0.16292134831460675 0.07261904761904762 0.0449438202247191
1 0.22738095238095238 0.19803370786516855 0.29523809523809524 0.20224719101123595 0.29642857142857143 0.23314606741573032 0.2357142857142857 0.23876404494382023
1 0.2613095238095238 0.25842696629213485 0.07738095238095238 0.03932584269662921
1 0.2577380952380952 0.35463483146067415 0.075 0.04073033707865169
1 0.26011904761904764 0.4058988764044944 0.075 0.03932584269662921
1 0.20833333333333334 0.5007022471910112 0.0761904761904762 0.037921348314606744
1 0.3130952380952381 0.514747191011236 0.08095238095238096 0.04353932584269663
1 0.37857142857142856 0.4122191011235955 0.08095238095238096 0.04073033707865169
1 0.3767857142857143 0.3553370786516854 0.08214285714285714 0.042134831460674156
1 0.36547619047619045 0.30337078651685395 0.06904761904761905 0.03932584269662921
1 0.33690476190476193 0.2303370786516854 0.4166666666666667 0.23314606741573032 0.41309523809523807 0.273876404494382 0.33690476190476193 0.2696629213483146
1 0.33690476190476193 0.18820224719101122 0.41785714285714287 0.18820224719101122 0.4166666666666667 0.22752808988764045 0.3357142857142857 0.22331460674157302
1 0.37797619047619047 0.1544943820224719 0.07976190476190476 0.0449438202247191
1 0.5607142857142857 0.1601123595505618 0.07857142857142857 0.03932584269662921
1 0.5547619047619048 0.20997191011235955 0.0761904761904762 0.037921348314606744
1 0.5565476190476191 0.261938202247191 0.07976190476190476 0.04073033707865169
1 0.5202380952380953 0.32724719101123595 0.5988095238095238 0.3258426966292135 0.5988095238095238 0.2907303370786517 0.5190476190476191 0.2893258426966292
1 0.5928571428571429 0.37219101123595505 0.5190476190476191 0.37359550561797755 0.5202380952380953 0.3356741573033708 0.5928571428571429 0.33848314606741575
1 0.5166666666666667 0.425561797752809 0.6 0.42275280898876405 0.5988095238095238 0.3862359550561798 0.5238095238095238 0.3862359550561798
1 0.7071428571428572 0.3848314606741573 0.6273809523809524 0.38342696629213485 0.6261904761904762 0.4241573033707865 0.7071428571428572 0.42696629213483145
1 0.6726190476190477 0.30547752808988765 0.07142857142857142 0.04073033707865169
1 0.6142857142857143 0.5112359550561798 0.08095238095238096 0.0449438202247191
1 0.6738095238095239 0.2563202247191011 0.0761904761904762 0.037921348314606744
1 0.6630952380952381 0.20786516853932585 0.0761904761904762 0.03932584269662921
1 0.6726190476190477 0.15941011235955055 0.07857142857142857 0.0351123595505618
1 0.8458333333333333 0.15870786516853932 0.07261904761904762 0.0449438202247191
1 0.888095238095238 0.22752808988764045 0.8130952380952381 0.22612359550561797 0.8154761904761905 0.18398876404494383 0.8892857142857142 0.1853932584269663
1 0.8095238095238095 0.24859550561797752 0.8857142857142857 0.23876404494382023 0.888095238095238 0.28230337078651685 0.8107142857142857 0.2851123595505618
1 0.8202380952380952 0.2949438202247191 0.8821428571428571 0.29775280898876405 0.8821428571428571 0.32724719101123595 0.819047619047619 0.3258426966292135
1 0.8458333333333333 0.35603932584269665 0.075 0.04353932584269663
1 0.8505952380952381 0.40730337078651685 0.06785714285714285 0.03932584269662921
1 0.8553571428571428 0.5154494382022472 0.07261904761904762 0.042134831460674156
1 0.8589285714285714 0.735252808988764 0.034523809523809526 0.09410112359550561
1 0.8178571428571428 0.7366573033707865 0.03333333333333333 0.09410112359550561
1 0.7702380952380953 0.7443820224719101 0.03571428571428571 0.0898876404494382
1 0.725 0.7408707865168539 0.0380952380952381 0.09129213483146068
1 0.675 0.7345505617977528 0.03333333333333333 0.09550561797752809
1 0.625 0.7303370786516854 0.03333333333333333 0.08426966292134831
1 0.5803571428571429 0.7457865168539326 0.034523809523809526 0.08146067415730338
1 0.5285714285714286 0.7303370786516854 0.030952380952380953 0.08707865168539326
1 0.48333333333333334 0.7422752808988764 0.03333333333333333 0.09129213483146068
1 0.4380952380952381 0.7429775280898876 0.03333333333333333 0.08707865168539326
1 0.15119047619047618 0.7303370786516854 0.0380952380952381 0.09269662921348315
1 0.2017857142857143 0.7422752808988764 0.03214285714285714 0.09410112359550561
1 0.24583333333333332 0.7422752808988764 0.034523809523809526 0.09129213483146068
1 0.29404761904761906 0.7373595505617978 0.03571428571428571 0.09831460674157304
1 0.3416666666666667 0.7492977528089888 0.030952380952380953 0.08567415730337079
1 0.39226190476190476 0.7563202247191011 0.03214285714285714 0.08567415730337079