1 0.656547619047619 0.1720505617977528 0.039285714285714285 0.0997191011235955
1 0.7982142857142858 0.19171348314606743 0.07976190476190476 0.046348314606741575
1 0.8577380952380952 0.2970505617977528 0.06547619047619048 0.04353932584269663
1 0.5339285714285714 0.2984550561797753 0.08214285714285714 0.046348314606741575
1 0.4369047619047619 0.300561797752809 0.07857142857142857 0.03932584269662921
1 0.1761904761904762 0.5224719101123596 0.0761904761904762 0.033707865168539325
1 0.21428571428571427 0.598314606741573 0.13214285714285715 0.5912921348314607 0.12976190476190477 0.550561797752809 0.21785714285714286 0.5603932584269663
1 0.17559523809523808 0.6306179775280899 0.08452380952380953 0.0449438202247191
1 0.16726190476190475 0.6931179775280899 0.07738095238095238 0.04353932584269663
1 0.17261904761904762 0.7577247191011236 0.07380952380952381 0.04073033707865169
1 0.1761904761904762 0.8068820224719101 0.09047619047619047 0.04353932584269663
1 0.2976190476190476 0.7928370786516854 0.08571428571428572 0.04353932584269663
1 0.2982142857142857 0.523876404494382 0.0869047619047619 0.0449438202247191
1 0.3005952380952381 0.5779494382022472 0.0869047619047619 0.04073033707865169
1 0.29464285714285715 0.6355337078651685 0.07738095238095238 0.04353932584269663
1 0.3005952380952381 0.6875 0.0869047619047619 0.04073033707865169
1 0.2994047619047619 0.7443820224719101 0.08928571428571429 0.0449438202247191
1 0.5428571428571428 0.5435393258426966 0.45714285714285713 0.5491573033707865 0.45595238095238094 0.5028089887640449 0.5416666666666666 0.5
1 0.5357142857142857 0.6025280898876404 0.4523809523809524 0.6081460674157303 0.45 0.5632022471910112 0.5321428571428571 0.5617977528089888
1 0.5321428571428571 0.6587078651685393 0.45357142857142857 0.6657303370786517 0.4523809523809524 0.625 0.5297619047619048 0.6193820224719101
1 0.49642857142857144 0.6910112359550562 0.08333333333333333 0.0449438202247191
1 0.49523809523809526 0.7429775280898876 0.09047619047619047 0.05056179775280899
1 0.49642857142857144 0.8075842696629213 0.0880952380952381 0.0449438202247191
1 0.4976190476190476 0.8525280898876404 0.08333333333333333 0.033707865168539325
1 0.2869047619047619 0.848314606741573 0.07380952380952381 0.03932584269662921
1 0.6630952380952381 0.5533707865168539 0.5773809523809523 0.5463483146067416 0.5785714285714286 0.5070224719101124 0.6630952380952381 0.5126404494382022
1 0.6666666666666666 0.6025280898876404 0.580952380952381 0.5997191011235955 0.5821428571428572 0.5603932584269663 0.6666666666666666 0.5632022471910112
1 0.6607142857142857 0.6558988764044944 0.575 0.6615168539325843 0.5702380952380952 0.6179775280898876 0.6571428571428571 0.6137640449438202
1 0.6232142857142857 0.6896067415730337 0.08214285714285714 0.03932584269662921
1 0.6095238095238096 0.7436797752808989 0.0880952380952381 0.04353932584269663
1 0.6214285714285714 0.797752808988764 0.08571428571428572 0.0449438202247191
1 0.6583333333333333 0.827247191011236 0.5702380952380952 0.8342696629213483 0.5726190476190476 0.8693820224719101 0.6619047619047619 0.8651685393258427
1 0.8107142857142857 0.526685393258427 0.08095238095238096 0.03932584269662921
1 0.7571428571428571 0.6123595505617978 0.8476190476190476 0.6137640449438202 0.85 0.648876404494382 0.7654761904761904 0.6587078651685393
1 0.7714285714285715 0.6685393258426966 0.8511904761904762 0.6685393258426966 0.8511904761904762 0.7078651685393258 0.7666666666666667 0.7078651685393258
1 0.8142857142857143 0.7443820224719101 0.08571428571428572 0.0449438202247191
1 0.861904761904762 0.8174157303370787 0.7690476190476191 0.824438202247191 0.7714285714285715 0.7808988764044944 0.8583333333333333 0.7724719101123596
1 0.7821428571428571 0.8328651685393258 0.8452380952380952 0.8384831460674157 0.8476190476190476 0.8792134831460674 0.7773809523809524 0.8693820224719101