1 0.18928571428571428 0.175561797752809 0.08571428571428572 0.03932584269662921
1 0.18988095238095237 0.22752808988764045 0.08928571428571429 0.05056179775280899
1 0.19107142857142856 0.2816011235955056 0.09404761904761905 0.04915730337078652
1 0.19226190476190477 0.336376404494382 0.0869047619047619 0.04915730337078652
1 0.19285714285714287 0.39396067415730335 0.09047619047619047 0.04353932584269663
1 0.18988095238095237 0.449438202247191 0.09166666666666666 0.05056179775280899
1 0.2369047619047619 0.5308988764044944 0.14642857142857144 0.5252808988764045 0.14642857142857144 0.4789325842696629 0.23809523809523808 0.4803370786516854
1 0.23214285714285715 0.5800561797752809 0.14523809523809525 0.5828651685393258 0.14404761904761904 0.5435393258426966 0.23095238095238096 0.5379213483146067
1 0.19702380952380952 0.6179775280898876 0.08452380952380953 0.047752808988764044
1 0.19047619047619047 0.6776685393258427 0.09523809523809523 0.046348314606741575
1 0.39880952380952384 0.6783707865168539 0.1 0.05056179775280899
1 0.39345238095238094 0.6172752808988764 0.09166666666666666 0.04915730337078652
1 0.4035714285714286 0.5625 0.09047619047619047 0.04353932584269663
1 0.3892857142857143 0.5049157303370787 0.09047619047619047 0.046348314606741575
1 0.4 0.44452247191011235 0.09285714285714286 0.04915730337078652
1 0.3630952380952381 0.40870786516853935 0.4357142857142857 0.4058988764044944 0.42738095238095236 0.3637640449438202 0.3595238095238095 0.37359550561797755
1 0.4011904761904762 0.33497191011235955 0.09047619047619047 0.046348314606741575
1 0.39464285714285713 0.28019662921348315 0.0869047619047619 0.046348314606741575
1 0.3976190476190476 0.2247191011235955 0.08095238095238096 0.0449438202247191
1 0.35 0.1502808988764045 0.4297619047619048 0.14606741573033707 0.43452380952380953 0.1853932584269663 0.35595238095238096 0.19662921348314608
1 0.5267857142857143 0.17275280898876405 0.0869047619047619 0.0449438202247191
1 0.5202380952380953 0.2710674157303371 0.09523809523809523 0.047752808988764044
1 0.5255952380952381 0.3265449438202247 0.10357142857142858 0.05196629213483146
1 0.5327380952380952 0.38412921348314605 0.08452380952380953 0.04353932584269663
1 0.5297619047619048 0.4417134831460674 0.09047619047619047 0.04353932584269663
1 0.5279761904761905 0.49297752808988765 0.09404761904761905 0.047752808988764044
1 0.5279761904761905 0.5554775280898876 0.09166666666666666 0.04353932584269663
1 0.5303571428571429 0.6158707865168539 0.08928571428571429 0.046348314606741575
1 0.5738095238095238 0.6966292134831461 0.48214285714285715 0.6980337078651685 0.48095238095238096 0.651685393258427 0.5714285714285714 0.6502808988764045
1 0.7267857142857143 0.16853932584269662 0.0869047619047619 0.042134831460674156
1 0.7238095238095238 0.2247191011235955 0.0880952380952381 0.047752808988764044
1 0.731547619047619 0.2731741573033708 0.08928571428571429 0.04073033707865169
1 0.7321428571428571 0.3279494382022472 0.08333333333333333 0.04353932584269663
1 0.7339285714285714 0.3883426966292135 0.0869047619047619 0.046348314606741575
1 0.7363095238095239 0.4431179775280899 0.08928571428571429 0.046348314606741575
1 0.7404761904761905 0.5049157303370787 0.08095238095238096 0.046348314606741575
1 0.7392857142857143 0.5610955056179775 0.09523809523809523 0.046348314606741575
1 0.7410714285714286 0.6179775280898876 0.08928571428571429 0.05056179775280899
1 0.7142857142857143 0.6952247191011236 0.7892857142857143 0.6910112359550562 0.7857142857142857 0.6446629213483146 0.7107142857142857 0.6460674157303371
1 0.8488095238095238 0.16573033707865167 0.0761904761904762 0.03932584269662921
1 0.8482142857142857 0.22401685393258428 0.07738095238095238 0.04915730337078652
1 0.8529761904761904 0.27668539325842695 0.06785714285714285 0.03932584269662921
1 0.8571428571428571 0.3300561797752809 0.07380952380952381 0.047752808988764044
1 0.8595238095238096 0.3827247191011236 0.07380952380952381 0.037921348314606744
1 0.8607142857142858 0.4410112359550562 0.0761904761904762 0.0449438202247191
1 0.8202380952380952 0.5126404494382022 0.8976190476190476 0.5182584269662921 0.9 0.47752808988764045 0.825 0.47191011235955055
1 0.8648809523809524 0.5519662921348315 0.08214285714285714 0.0449438202247191
1 0.8708333333333333 0.6081460674157303 0.075 0.03932584269662921
1 0.8678571428571429 0.6643258426966292 0.07857142857142857 0.0449438202247191
1 0.18928571428571428 0.7345505617977528 0.09285714285714286 0.05056179775280899
1 0.39464285714285713 0.7373595505617978 0.0988095238095238 0.047752808988764044
1 0.5261904761904762 0.7345505617977528 0.1 0.05056179775280899
1 0.7380952380952381 0.7289325842696629 0.09523809523809523 0.047752808988764044
1 0.8333333333333334 0.7443820224719101 0.9095238095238095 0.7359550561797753 0.9035714285714286 0.6966292134831461 0.8297619047619048 0.702247191011236
1 0.8559523809523809 0.8469101123595506 0.09285714285714286 0.047752808988764044