1 0.44047619047619047 0.16432584269662923 0.0880952380952381 0.047752808988764044
1 0.4785714285714286 0.24719101123595505 0.39285714285714285 0.24578651685393257 0.39285714285714285 0.199438202247191 0.4785714285714286 0.19803370786516855
1 0.6422619047619048 0.17134831460674158 0.036904761904761905 0.09269662921348315
1 0.6547619047619048 0.3012640449438202 0.0380952380952381 0.11376404494382023
1 0.6648809523809524 0.4438202247191011 0.04404761904761905 0.10674157303370786
1 0.4392857142857143 0.2830056179775281 0.08095238095238096 0.046348314606741575
1 0.25833333333333336 0.2752808988764045 0.20833333333333334 0.35674157303370785 0.1738095238095238 0.32162921348314605 0.22857142857142856 0.24859550561797752
1 0.5083333333333333 0.42837078651685395 0.41904761904761906 0.42837078651685395 0.41904761904761906 0.38764044943820225 0.5071428571428571 0.3862359550561798
1 0.5059523809523809 0.4887640449438202 0.4261904761904762 0.4859550561797753 0.4261904761904762 0.44241573033707865 0.5059523809523809 0.44241573033707865
1 0.5095238095238095 0.5379213483146067 0.4297619047619048 0.5435393258426966 0.42857142857142855 0.49719101123595505 0.5071428571428571 0.4943820224719101
1 0.4648809523809524 0.5793539325842697 0.09166666666666666 0.04353932584269663
1 0.4648809523809524 0.6355337078651685 0.0988095238095238 0.05196629213483146
1 0.513095238095238 0.7191011235955056 0.42023809523809524 0.7205056179775281 0.41904761904761906 0.6783707865168539 0.513095238095238 0.6657303370786517
1 0.5095238095238095 0.7794943820224719 0.425 0.7724719101123596 0.42738095238095236 0.7275280898876404 0.513095238095238 0.7289325842696629
1 0.46845238095238095 0.8061797752808989 0.08452380952380953 0.05056179775280899
1 0.2916666666666667 0.7921348314606742 0.375 0.7851123595505618 0.3761904761904762 0.8314606741573034 0.29285714285714287 0.8370786516853933
1 0.3244047619047619 0.7535112359550562 0.09166666666666666 0.046348314606741575
1 0.32857142857142857 0.6931179775280899 0.08571428571428572 0.04353932584269663
1 0.3375 0.6334269662921348 0.07738095238095238 0.03932584269662921
1 0.3261904761904762 0.577247191011236 0.08333333333333333 0.042134831460674156
1 0.33095238095238094 0.5231741573033708 0.0880952380952381 0.04915730337078652
1 0.3255952380952381 0.4592696629213483 0.08452380952380953 0.047752808988764044
1 0.3255952380952381 0.41081460674157305 0.0869047619047619 0.046348314606741575
1 0.7523809523809524 0.5337078651685393 0.0880952380952381 0.05056179775280899
1 0.7928571428571428 0.6165730337078652 0.7023809523809523 0.6221910112359551 0.6976190476190476 0.5660112359550562 0.7904761904761904 0.5688202247191011
1 0.756547619047619 0.6566011235955056 0.0988095238095238 0.054775280898876406
1 0.7607142857142857 0.7219101123595506 0.0880952380952381 0.05898876404494382
1 0.8142857142857143 0.8047752808988764 0.7107142857142857 0.8174157303370787 0.7083333333333334 0.7584269662921348 0.8119047619047619 0.7626404494382022
1 0.7095238095238096 0.8300561797752809 0.8071428571428572 0.8146067415730337 0.8130952380952381 0.8665730337078652 0.7119047619047619 0.8792134831460674
1 0.12857142857142856 0.4101123595505618 0.08333333333333333 0.047752808988764044
1 0.12797619047619047 0.46629213483146065 0.08452380952380953 0.042134831460674156
1 0.1261904761904762 0.5196629213483146 0.09047619047619047 0.05056179775280899
1 0.1244047619047619 0.5765449438202247 0.07976190476190476 0.04073033707865169
1 0.12083333333333333 0.6320224719101124 0.08214285714285714 0.047752808988764044
1 0.13154761904761905 0.6882022471910112 0.0869047619047619 0.06179775280898876
1 0.12976190476190477 0.7464887640449438 0.08571428571428572 0.054775280898876406
1 0.12380952380952381 0.8089887640449438 0.08571428571428572 0.056179775280898875