1 0.13154761904761905 0.34831460674157305 0.06547619047619048 0.03651685393258427
1 0.12797619047619047 0.3925561797752809 0.055952380952380955 0.0351123595505618
1 0.13154761904761905 0.43609550561797755 0.06785714285714285 0.032303370786516857
1 0.12738095238095237 0.4782303370786517 0.06190476190476191 0.0351123595505618
1 0.12857142857142856 0.5231741573033708 0.06666666666666667 0.037921348314606744
1 0.12202380952380952 0.574438202247191 0.06547619047619048 0.03651685393258427
1 0.29523809523809524 0.6720505617977528 0.07142857142857142 0.0351123595505618
1 0.38035714285714284 0.6769662921348315 0.07023809523809524 0.03651685393258427
1 0.5619047619047619 0.6762640449438202 0.06428571428571428 0.04073033707865169
1 0.6571428571428571 0.5807584269662921 0.07380952380952381 0.04073033707865169
1 0.46845238095238095 0.4157303370786517 0.02976190476190476 0.09269662921348315
1 0.37976190476190474 0.4859550561797753 0.06190476190476191 0.03651685393258427
1 0.27380952380952384 0.526685393258427 0.05952380952380952 0.03651685393258427
1 0.2785714285714286 0.5765449438202247 0.07142857142857142 0.0351123595505618
1 0.2833333333333333 0.4859550561797753 0.06190476190476191 0.028089887640449437
1 0.28154761904761905 0.4410112359550562 0.06547619047619048 0.03089887640449438
1 0.38333333333333336 0.4058988764044944 0.06904761904761905 0.033707865168539325
1 0.3863095238095238 0.35814606741573035 0.07261904761904762 0.03651685393258427
1 0.2869047619047619 0.2808988764044944 0.05952380952380952 0.033707865168539325
1 0.2833333333333333 0.3497191011235955 0.05714285714285714 0.03089887640449438
1 0.28095238095238095 0.3960674157303371 0.07142857142857142 0.03932584269662921
1 0.381547619047619 0.5301966292134831 0.075 0.037921348314606744
1 0.38035714285714284 0.5730337078651685 0.07023809523809524 0.033707865168539325
1 0.5464285714285714 0.5308988764044944 0.06904761904761905 0.033707865168539325
1 0.513095238095238 0.46769662921348315 0.5845238095238096 0.45646067415730335 0.5880952380952381 0.49157303370786515 0.5154761904761904 0.5014044943820225
1 0.5095238095238095 0.4339887640449438 0.5833333333333334 0.4297752808988764 0.5833333333333334 0.39325842696629215 0.5107142857142857 0.3960674157303371
1 0.38392857142857145 0.30758426966292135 0.07023809523809524 0.033707865168539325
1 0.3875 0.26264044943820225 0.075 0.033707865168539325
1 0.5446428571428571 0.31109550561797755 0.07023809523809524 0.032303370786516857
1 0.5404761904761904 0.35884831460674155 0.07142857142857142 0.037921348314606744
1 0.2511904761904762 0.21348314606741572 0.3238095238095238 0.21207865168539325 0.32261904761904764 0.24297752808988765 0.2523809523809524 0.24859550561797752
1 0.39166666666666666 0.17837078651685392 0.07142857142857142 0.033707865168539325
1 0.55 0.175561797752809 0.07142857142857142 0.03651685393258427
1 0.5458333333333333 0.2226123595505618 0.06785714285714285 0.0351123595505618
1 0.5119047619047619 0.24719101123595505 0.5797619047619048 0.24719101123595505 0.5797619047619048 0.2794943820224719 0.5119047619047619 0.28230337078651685
1 0.6547619047619048 0.31109550561797755 0.0761904761904762 0.0351123595505618
1 0.6535714285714286 0.351123595505618 0.06904761904761905 0.03089887640449438
1 0.655952380952381 0.39536516853932585 0.07380952380952381 0.0351123595505618
1 0.6511904761904762 0.4396067415730337 0.07380952380952381 0.033707865168539325
1 0.6517857142857143 0.48525280898876405 0.07261904761904762 0.04353932584269663
1 0.6553571428571429 0.5316011235955056 0.060714285714285714 0.0351123595505618
1 0.6482142857142857 0.26685393258426965 0.058333333333333334 0.033707865168539325
1 0.6202380952380953 0.20646067415730338 0.6928571428571428 0.21067415730337077 0.6904761904761905 0.2443820224719101 0.6202380952380953 0.2401685393258427
1 0.7886904761904762 0.2654494382022472 0.034523809523809526 0.08426966292134831
1 0.6571428571428571 0.17837078651685392 0.07380952380952381 0.03651685393258427
1 0.6190476190476191 0.776685393258427 0.07857142857142857 0.042134831460674156
1 0.8714285714285714 0.1818820224719101 0.05714285714285714 0.032303370786516857
1 0.8857142857142857 0.21839887640449437 0.07142857142857142 0.0351123595505618
1 0.8428571428571429 0.28792134831460675 0.9130952380952381 0.28370786516853935 0.9095238095238095 0.25140449438202245 0.8404761904761905 0.2542134831460674
1 0.8738095238095238 0.31530898876404495 0.06428571428571428 0.037921348314606744
1 0.881547619047619 0.36025280898876405 0.075 0.0351123595505618
1 0.8803571428571428 0.4023876404494382 0.07023809523809524 0.032303370786516857
1 0.8803571428571428 0.4438202247191011 0.075 0.03651685393258427
1 0.8773809523809524 0.4901685393258427 0.07142857142857142 0.03932584269662921
1 0.8785714285714286 0.5330056179775281 0.07380952380952381 0.0351123595505618
1 0.8785714285714286 0.5800561797752809 0.06666666666666667 0.03089887640449438