1 0.1363095238095238 0.3785112359550562 0.034523809523809526 0.08848314606741572
1 0.1744047619047619 0.37780898876404495 0.036904761904761905 0.07865168539325842
1 0.23452380952380952 0.4241573033707865 0.23333333333333334 0.33848314606741575 0.20238095238095238 0.33848314606741575 0.20357142857142857 0.4241573033707865
1 0.275 0.42134831460674155 0.275 0.34129213483146065 0.24523809523809523 0.34269662921348315 0.24523809523809523 0.42134831460674155
1 0.3202380952380952 0.4241573033707865 0.31785714285714284 0.3398876404494382 0.28809523809523807 0.3398876404494382 0.28809523809523807 0.42696629213483145
1 0.3494047619047619 0.3848314606741573 0.03214285714285714 0.09550561797752809
1 0.39166666666666666 0.3848314606741573 0.030952380952380953 0.07584269662921349
1 0.43273809523809526 0.3848314606741573 0.03214285714285714 0.08707865168539326
1 0.4738095238095238 0.3904494382022472 0.03333333333333333 0.08426966292134831
1 0.5166666666666667 0.37780898876404495 0.030952380952380953 0.08426966292134831
1 0.5607142857142857 0.38974719101123595 0.030952380952380953 0.08567415730337079
1 0.6178571428571429 0.4241573033707865 0.6166666666666667 0.3398876404494382 0.5892857142857143 0.34129213483146065 0.5904761904761905 0.425561797752809
1 0.6642857142857143 0.425561797752809 0.6607142857142857 0.34129213483146065 0.6273809523809524 0.34269662921348315 0.6321428571428571 0.425561797752809
1 0.7071428571428572 0.4297752808988764 0.7023809523809523 0.3441011235955056 0.675 0.34691011235955055 0.6726190476190477 0.43258426966292135
1 0.7488095238095238 0.4311797752808989 0.7440476190476191 0.3455056179775281 0.7119047619047619 0.34831460674157305 0.7166666666666667 0.4311797752808989
1 0.7869047619047619 0.41713483146067415 0.7845238095238095 0.3441011235955056 0.7583333333333333 0.3455056179775281 0.7595238095238095 0.41713483146067415
1 0.8238095238095238 0.41853932584269665 0.8214285714285714 0.33848314606741575 0.7964285714285714 0.3398876404494382 0.7988095238095239 0.41853932584269665
1 0.8702380952380953 0.43258426966292135 0.8702380952380953 0.34691011235955055 0.8369047619047619 0.34691011235955055 0.8380952380952381 0.4297752808988764
1 0.24404761904761904 0.5688202247191011 0.31547619047619047 0.5617977528089888 0.3142857142857143 0.598314606741573 0.24166666666666667 0.5997191011235955
1 0.3952380952380952 0.6039325842696629 0.3261904761904762 0.5997191011235955 0.32857142857142857 0.5660112359550562 0.3976190476190476 0.5688202247191011
1 0.5630952380952381 0.5688202247191011 0.5642857142857143 0.6067415730337079 0.6404761904761904 0.6053370786516854 0.6392857142857142 0.5702247191011236
1 0.6511904761904762 0.6067415730337079 0.7178571428571429 0.6039325842696629 0.7178571428571429 0.5688202247191011 0.6476190476190476 0.574438202247191
1 0.26607142857142857 0.6825842696629213 0.07023809523809524 0.03651685393258427
1 0.2636904761904762 0.7247191011235955 0.075 0.03651685393258427
1 0.2988095238095238 0.7893258426966292 0.2226190476190476 0.7823033707865169 0.2261904761904762 0.7485955056179775 0.3 0.7542134831460674
1 0.3 0.8342696629213483 0.22023809523809523 0.8384831460674157 0.22857142857142856 0.7963483146067416 0.3 0.7991573033707865
1 0.37202380952380953 0.6867977528089888 0.07261904761904762 0.03651685393258427
1 0.37142857142857144 0.7303370786516854 0.07142857142857142 0.03932584269662921
1 0.3732142857142857 0.8125 0.075 0.037921348314606744
1 0.6017857142857143 0.6853932584269663 0.07738095238095238 0.033707865168539325
1 0.6023809523809524 0.7275280898876404 0.07380952380952381 0.033707865168539325
1 0.606547619047619 0.7752808988764045 0.07976190476190476 0.0449438202247191
1 0.6041666666666666 0.8188202247191011 0.07738095238095238 0.0449438202247191
1 0.7392857142857143 0.7879213483146067 0.669047619047619 0.7921348314606742 0.6666666666666666 0.7584269662921348 0.736904761904762 0.7542134831460674
1 0.7404761904761905 0.8328651685393258 0.675 0.8412921348314607 0.6714285714285714 0.8103932584269663 0.736904761904762 0.800561797752809
1 0.8755952380952381 0.6804775280898876 0.07023809523809524 0.032303370786516857
1 0.8708333333333333 0.726123595505618 0.07738095238095238 0.03932584269662921
1 0.8726190476190476 0.7752808988764045 0.07857142857142857 0.03932584269662921
1 0.8714285714285714 0.824438202247191 0.07380952380952381 0.03932584269662921