1 0.4845238095238095 0.1502808988764045 0.03333333333333333 0.07865168539325842
1 0.5023809523809524 0.2640449438202247 0.4928571428571429 0.19101123595505617 0.4642857142857143 0.19803370786516855 0.4714285714285714 0.27247191011235955
1 0.5071428571428571 0.36235955056179775 0.4988095238095238 0.273876404494382 0.46904761904761905 0.28230337078651685 0.4714285714285714 0.3693820224719101
1 0.4988095238095238 0.41853932584269665 0.02857142857142857 0.08707865168539326
1 0.49047619047619045 0.5084269662921348 0.0380952380952381 0.08426966292134831
1 0.49047619047619045 0.6109550561797753 0.03571428571428571 0.08707865168539326
1 0.5047619047619047 0.7640449438202247 0.49642857142857144 0.6713483146067416 0.45714285714285713 0.6797752808988764 0.4666666666666667 0.7752808988764045
1 0.4863095238095238 0.8195224719101124 0.03214285714285714 0.08848314606741572
1 0.5880952380952381 0.7984550561797753 0.03571428571428571 0.08567415730337079
1 0.593452380952381 0.7071629213483146 0.02976190476190476 0.08286516853932584
1 0.5910714285714286 0.6074438202247191 0.036904761904761905 0.09129213483146068
1 0.5869047619047619 0.5077247191011236 0.02857142857142857 0.0800561797752809
1 0.5642857142857143 0.37640449438202245 0.569047619047619 0.4606741573033708 0.6011904761904762 0.4592696629213483 0.5976190476190476 0.375
1 0.5898809523809524 0.3223314606741573 0.034523809523809526 0.0800561797752809
1 0.5863095238095238 0.2205056179775281 0.034523809523809526 0.08707865168539326