0 0.32976190476190476 0.7963483146067416 0.48928571428571427 0.8188202247191011 0.48333333333333334 0.8792134831460674 0.3238095238095238 0.8567415730337079
1 0.7321428571428571 0.14325842696629212 0.763095238095238 0.14325842696629212 0.763095238095238 0.22612359550561797 0.7309523809523809 0.22612359550561797
1 0.6392857142857142 0.1544943820224719 0.6654761904761904 0.15730337078651685 0.6607142857142857 0.23876404494382023 0.6309523809523809 0.23595505617977527
1 0.7238095238095238 0.24297752808988765 0.7559523809523809 0.24578651685393257 0.7547619047619047 0.324438202247191 0.7238095238095238 0.324438202247191
1 0.7238095238095238 0.3300561797752809 0.7535714285714286 0.33286516853932585 0.7440476190476191 0.41151685393258425 0.7154761904761905 0.40870786516853935
1 0.6261904761904762 0.2612359550561798 0.6595238095238095 0.2640449438202247 0.6488095238095238 0.34831460674157305 0.6190476190476191 0.34269662921348315
1 0.6178571428571429 0.37780898876404495 0.6464285714285715 0.3792134831460674 0.638095238095238 0.46207865168539325 0.6095238095238096 0.45786516853932585
1 0.7238095238095238 0.4508426966292135 0.7547619047619047 0.45224719101123595 0.7535714285714286 0.5323033707865169 0.719047619047619 0.5308988764044944
1 0.7107142857142857 0.5646067415730337 0.7452380952380953 0.5660112359550562 0.7440476190476191 0.6418539325842697 0.7119047619047619 0.6404494382022472
1 0.6071428571428571 0.4859550561797753 0.638095238095238 0.4859550561797753 0.638095238095238 0.5716292134831461 0.6035714285714285 0.5716292134831461
1 0.6047619047619047 0.5814606741573034 0.6345238095238095 0.5898876404494382 0.611904761904762 0.6671348314606742 0.5821428571428572 0.6573033707865169
1 0.5738095238095238 0.6671348314606742 0.6071428571428571 0.6825842696629213 0.5821428571428572 0.7612359550561798 0.555952380952381 0.75
1 0.6071428571428571 0.7120786516853933 0.6369047619047619 0.7275280898876404 0.611904761904762 0.8033707865168539 0.5797619047619048 0.7893258426966292
1 0.7119047619047619 0.6896067415730337 0.7416666666666667 0.6825842696629213 0.7607142857142857 0.7612359550561798 0.7333333333333333 0.7724719101123596
1 0.7392857142857143 0.7865168539325843 0.7678571428571429 0.7668539325842697 0.8023809523809524 0.8426966292134831 0.775 0.8581460674157303