1 0.6273809523809524 0.18398876404494383 0.694047619047619 0.17837078651685392 0.7 0.20926966292134833 0.6321428571428571 0.21910112359550563
1 0.625 0.28651685393258425 0.7011904761904761 0.28792134831460675 0.7011904761904761 0.32162921348314605 0.6226190476190476 0.3202247191011236
1 0.625 0.33286516853932585 0.6904761904761905 0.33146067415730335 0.6928571428571428 0.36797752808988765 0.6238095238095238 0.36797752808988765
1 0.6083333333333333 0.45786516853932585 0.6785714285714286 0.4705056179775281 0.6761904761904762 0.5056179775280899 0.6 0.49719101123595505
1 0.6107142857142858 0.5056179775280899 0.6785714285714286 0.5098314606741573 0.6773809523809524 0.5463483146067416 0.6083333333333333 0.5407303370786517
1 0.5988095238095238 0.5660112359550562 0.6678571428571428 0.5674157303370787 0.6678571428571428 0.5997191011235955 0.5988095238095238 0.598314606741573
1 0.6059523809523809 0.6151685393258427 0.6773809523809524 0.6179775280898876 0.6785714285714286 0.6573033707865169 0.6047619047619047 0.6530898876404494
1 0.6035714285714285 0.6601123595505618 0.6738095238095239 0.6615168539325843 0.6738095238095239 0.6952247191011236 0.6047619047619047 0.6966292134831461
1 0.5964285714285714 0.7064606741573034 0.6666666666666666 0.7078651685393258 0.6666666666666666 0.7471910112359551 0.5976190476190476 0.7443820224719101
1 0.5988095238095238 0.7640449438202247 0.6666666666666666 0.7612359550561798 0.6678571428571428 0.797752808988764 0.5976190476190476 0.797752808988764
1 0.6 0.8174157303370787 0.6714285714285714 0.8146067415730337 0.6726190476190477 0.8497191011235955 0.5988095238095238 0.8525280898876404
1 0.3821428571428571 0.7893258426966292 0.45357142857142857 0.7921348314606742 0.4523809523809524 0.824438202247191 0.37976190476190474 0.824438202247191
1 0.38571428571428573 0.7429775280898876 0.45714285714285713 0.7457865168539326 0.45595238095238094 0.7823033707865169 0.3880952380952381 0.7794943820224719
1 0.3976190476190476 0.6404494382022472 0.425 0.6193820224719101 0.4738095238095238 0.6839887640449438 0.45476190476190476 0.7050561797752809
1 0.4083333333333333 0.5660112359550562 0.4642857142857143 0.5646067415730337 0.4654761904761905 0.5969101123595506 0.40714285714285714 0.5969101123595506