1 0.21666666666666667 0.16432584269662923 0.2869047619047619 0.14747191011235955 0.27976190476190477 0.1151685393258427 0.20952380952380953 0.13202247191011235
1 0.4988095238095238 0.15589887640449437 0.5523809523809524 0.1544943820224719 0.5535714285714286 0.19101123595505617 0.49642857142857144 0.19241573033707865
1 0.12976190476190477 0.2148876404494382 0.1630952380952381 0.2148876404494382 0.16071428571428573 0.29634831460674155 0.13095238095238096 0.29634831460674155
1 0.12738095238095237 0.30758426966292135 0.1595238095238095 0.3089887640449438 0.15714285714285714 0.3904494382022472 0.1261904761904762 0.39185393258426965
1 0.16547619047619047 0.21910112359550563 0.20238095238095238 0.21769662921348315 0.2 0.3061797752808989 0.16904761904761906 0.3061797752808989
1 0.20833333333333334 0.23595505617977527 0.24047619047619048 0.2345505617977528 0.2392857142857143 0.30196629213483145 0.21071428571428572 0.30196629213483145
1 0.17023809523809524 0.31741573033707865 0.2011904761904762 0.31741573033707865 0.2 0.39747191011235955 0.17023809523809524 0.398876404494382
1 0.20714285714285716 0.30758426966292135 0.2357142857142857 0.3089887640449438 0.23333333333333334 0.37640449438202245 0.20595238095238094 0.375
1 0.24047619047619048 0.22191011235955055 0.2785714285714286 0.21910112359550563 0.28214285714285714 0.300561797752809 0.2488095238095238 0.30196629213483145
1 0.24523809523809523 0.3103932584269663 0.275 0.3089887640449438 0.2773809523809524 0.39325842696629215 0.24642857142857144 0.3946629213483146
1 0.28214285714285714 0.20926966292134833 0.31666666666666665 0.20646067415730338 0.3202380952380952 0.28651685393258425 0.28809523809523807 0.2907303370786517
1 0.32857142857142857 0.21067415730337077 0.3595238095238095 0.20786516853932585 0.35833333333333334 0.29213483146067415 0.33095238095238094 0.29213483146067415
1 0.2833333333333333 0.3061797752808989 0.3142857142857143 0.3047752808988764 0.31547619047619047 0.39185393258426965 0.28214285714285714 0.39325842696629215
1 0.3726190476190476 0.2148876404494382 0.4011904761904762 0.21067415730337077 0.4035714285714286 0.2893258426966292 0.375 0.2893258426966292
1 0.3238095238095238 0.3047752808988764 0.3535714285714286 0.300561797752809 0.35833333333333334 0.38342696629213485 0.33214285714285713 0.38764044943820225
1 0.40476190476190477 0.20084269662921347 0.43333333333333335 0.199438202247191 0.43452380952380953 0.2794943820224719 0.4083333333333333 0.27808988764044945
1 0.3726190476190476 0.3047752808988764 0.4011904761904762 0.30337078651685395 0.3976190476190476 0.38202247191011235 0.36904761904761907 0.38202247191011235
1 0.44166666666666665 0.21769662921348315 0.4714285714285714 0.21769662921348315 0.4714285714285714 0.2851123595505618 0.4452380952380952 0.28370786516853935
1 0.4083333333333333 0.29775280898876405 0.44166666666666665 0.29634831460674155 0.44166666666666665 0.375 0.41309523809523807 0.3792134831460674
1 0.4785714285714286 0.20365168539325842 0.5119047619047619 0.2050561797752809 0.5083333333333333 0.2851123595505618 0.48095238095238096 0.2851123595505618
1 0.48333333333333334 0.3792134831460674 0.48095238095238096 0.2949438202247191 0.4488095238095238 0.29775280898876405 0.45595238095238094 0.37780898876404495
1 0.4797619047619048 0.29213483146067415 0.513095238095238 0.29213483146067415 0.5142857142857142 0.3792134831460674 0.4845238095238095 0.37640449438202245
1 0.5178571428571429 0.20084269662921347 0.5488095238095239 0.20084269662921347 0.5476190476190477 0.2808988764044944 0.5190476190476191 0.2808988764044944
1 0.5154761904761904 0.2949438202247191 0.55 0.29634831460674155 0.544047619047619 0.3792134831460674 0.5166666666666667 0.3792134831460674
1 0.569047619047619 0.21629213483146068 0.5988095238095238 0.21207865168539325 0.6011904761904762 0.2893258426966292 0.5714285714285714 0.2907303370786517
1 0.5511904761904762 0.2991573033707865 0.5869047619047619 0.2949438202247191 0.5916666666666667 0.37640449438202245 0.5595238095238095 0.3792134831460674
1 0.5964285714285714 0.3089887640449438 0.625 0.30758426966292135 0.6285714285714286 0.37780898876404495 0.5964285714285714 0.3806179775280899
1 0.6202380952380953 0.20224719101123595 0.65 0.20224719101123595 0.6523809523809524 0.2808988764044944 0.6226190476190476 0.28230337078651685
1 0.6285714285714286 0.2907303370786517 0.6630952380952381 0.2893258426966292 0.6619047619047619 0.37640449438202245 0.6309523809523809 0.3806179775280899
1 0.6619047619047619 0.20646067415730338 0.6952380952380952 0.20646067415730338 0.6916666666666667 0.2893258426966292 0.6607142857142857 0.28792134831460675
1 0.669047619047619 0.29213483146067415 0.7 0.2893258426966292 0.7071428571428572 0.375 0.6714285714285714 0.3792134831460674
1 0.7011904761904761 0.20646067415730338 0.7285714285714285 0.20224719101123595 0.7333333333333333 0.28230337078651685 0.7035714285714286 0.28370786516853935
1 0.7047619047619048 0.2949438202247191 0.736904761904762 0.29213483146067415 0.7392857142857143 0.37219101123595505 0.7107142857142857 0.37219101123595505
1 0.7380952380952381 0.19803370786516855 0.7678571428571429 0.19662921348314608 0.7666666666666667 0.27808988764044945 0.736904761904762 0.27808988764044945
1 0.7785714285714286 0.1896067415730337 0.8119047619047619 0.19382022471910113 0.8119047619047619 0.28651685393258425 0.7785714285714286 0.28792134831460675
1 0.8166666666666667 0.199438202247191 0.85 0.19803370786516855 0.8511904761904762 0.28792134831460675 0.8202380952380952 0.28651685393258425
1 0.8523809523809524 0.20786516853932585 0.888095238095238 0.20786516853932585 0.8928571428571429 0.2893258426966292 0.8583333333333333 0.2907303370786517
1 0.7476190476190476 0.29634831460674155 0.7773809523809524 0.2949438202247191 0.7773809523809524 0.37640449438202245 0.7476190476190476 0.37640449438202245
1 0.7833333333333333 0.29634831460674155 0.8130952380952381 0.29353932584269665 0.8178571428571428 0.38202247191011235 0.7857142857142857 0.38342696629213485
1 0.819047619047619 0.29634831460674155 0.85 0.2949438202247191 0.8571428571428571 0.37780898876404495 0.825 0.3806179775280899
1 0.8595238095238096 0.2949438202247191 0.888095238095238 0.29213483146067415 0.8964285714285715 0.37219101123595505 0.8678571428571429 0.375
1 0.830952380952381 0.47191011235955055 0.8607142857142858 0.47191011235955055 0.8630952380952381 0.5589887640449438 0.8297619047619048 0.5575842696629213
1 0.8654761904761905 0.5632022471910112 0.8916666666666667 0.5632022471910112 0.8964285714285715 0.6460674157303371 0.8690476190476191 0.6460674157303371
1 0.8297619047619048 0.5660112359550562 0.8595238095238096 0.5674157303370787 0.8595238095238096 0.6544943820224719 0.8297619047619048 0.6544943820224719
1 0.7880952380952381 0.4705056179775281 0.8226190476190476 0.4705056179775281 0.8202380952380952 0.5561797752808989 0.7904761904761904 0.5561797752808989
1 0.7892857142857143 0.5660112359550562 0.8166666666666667 0.5674157303370787 0.8178571428571428 0.6502808988764045 0.7904761904761904 0.6502808988764045
1 0.7476190476190476 0.4691011235955056 0.7785714285714286 0.4705056179775281 0.7785714285714286 0.5547752808988764 0.7476190476190476 0.5533707865168539
1 0.7488095238095238 0.5603932584269663 0.780952380952381 0.5617977528089888 0.7797619047619048 0.6460674157303371 0.7511904761904762 0.6446629213483146
1 0.7035714285714286 0.4648876404494382 0.7357142857142858 0.4648876404494382 0.736904761904762 0.5519662921348315 0.7071428571428572 0.5519662921348315
1 0.7023809523809523 0.5646067415730337 0.7345238095238096 0.5617977528089888 0.7392857142857143 0.6558988764044944 0.7083333333333334 0.6601123595505618
1 0.6654761904761904 0.46769662921348315 0.6952380952380952 0.46769662921348315 0.6964285714285714 0.5533707865168539 0.6654761904761904 0.5533707865168539
1 0.6666666666666666 0.5730337078651685 0.6952380952380952 0.5730337078651685 0.6988095238095238 0.6615168539325843 0.6666666666666666 0.6629213483146067
1 0.625 0.4691011235955056 0.6607142857142857 0.4691011235955056 0.6595238095238095 0.5547752808988764 0.6261904761904762 0.5533707865168539
1 0.6297619047619047 0.5603932584269663 0.6619047619047619 0.5603932584269663 0.6619047619047619 0.6460674157303371 0.6297619047619047 0.648876404494382
1 0.5869047619047619 0.47752808988764045 0.6202380952380953 0.4789325842696629 0.6166666666666667 0.5660112359550562 0.5869047619047619 0.5603932584269663
1 0.5869047619047619 0.5758426966292135 0.6190476190476191 0.5758426966292135 0.6202380952380953 0.6587078651685393 0.5916666666666667 0.6615168539325843
1 0.5511904761904762 0.4803370786516854 0.5845238095238096 0.48174157303370785 0.5845238095238096 0.5646067415730337 0.5535714285714286 0.5646067415730337
1 0.5488095238095239 0.5660112359550562 0.580952380952381 0.5674157303370787 0.5797619047619048 0.651685393258427 0.5476190476190477 0.6502808988764045
1 0.5095238095238095 0.4803370786516854 0.5380952380952381 0.4803370786516854 0.5369047619047619 0.5603932584269663 0.5107142857142857 0.5575842696629213
1 0.5107142857142857 0.5716292134831461 0.5404761904761904 0.5716292134831461 0.5428571428571428 0.6502808988764045 0.5142857142857142 0.648876404494382
1 0.4726190476190476 0.47752808988764045 0.5047619047619047 0.476123595505618 0.5035714285714286 0.5575842696629213 0.47619047619047616 0.5589887640449438
1 0.4726190476190476 0.5674157303370787 0.5059523809523809 0.5660112359550562 0.5035714285714286 0.6558988764044944 0.475 0.6558988764044944
1 0.4357142857142857 0.4747191011235955 0.4666666666666667 0.4747191011235955 0.4642857142857143 0.5632022471910112 0.4369047619047619 0.5617977528089888
1 0.4380952380952381 0.5688202247191011 0.46904761904761905 0.5702247191011236 0.46904761904761905 0.6573033707865169 0.4392857142857143 0.6587078651685393
1 0.39404761904761904 0.4789325842696629 0.42738095238095236 0.4789325842696629 0.4297619047619048 0.5674157303370787 0.39880952380952384 0.5674157303370787
1 0.4 0.574438202247191 0.4297619047619048 0.5730337078651685 0.43452380952380953 0.6558988764044944 0.4023809523809524 0.6544943820224719
1 0.35714285714285715 0.4789325842696629 0.3904761904761905 0.4789325842696629 0.3904761904761905 0.5646067415730337 0.35833333333333334 0.5632022471910112
1 0.3595238095238095 0.574438202247191 0.3904761904761905 0.5730337078651685 0.39285714285714285 0.6558988764044944 0.3630952380952381 0.6587078651685393
1 0.32142857142857145 0.4845505617977528 0.3547619047619048 0.48314606741573035 0.3523809523809524 0.5702247191011236 0.3238095238095238 0.5716292134831461
1 0.28095238095238095 0.4901685393258427 0.3142857142857143 0.4887640449438202 0.3142857142857143 0.577247191011236 0.28095238095238095 0.5758426966292135
1 0.24285714285714285 0.4789325842696629 0.2761904761904762 0.4789325842696629 0.2726190476190476 0.5688202247191011 0.24404761904761904 0.5660112359550562
1 0.20595238095238094 0.4901685393258427 0.23452380952380952 0.49157303370786515 0.23452380952380952 0.5730337078651685 0.20476190476190476 0.5730337078651685
1 0.16547619047619047 0.4845505617977528 0.1988095238095238 0.4845505617977528 0.1988095238095238 0.5674157303370787 0.16785714285714284 0.5674157303370787
1 0.12976190476190477 0.4859550561797753 0.16071428571428573 0.48735955056179775 0.16071428571428573 0.5674157303370787 0.12976190476190477 0.5688202247191011
1 0.12976190476190477 0.574438202247191 0.1630952380952381 0.5730337078651685 0.1619047619047619 0.6558988764044944 0.13095238095238096 0.6573033707865169
1 0.16904761904761906 0.5702247191011236 0.20238095238095238 0.5716292134831461 0.1988095238095238 0.6629213483146067 0.17023809523809524 0.6615168539325843
1 0.20714285714285716 0.5800561797752809 0.2392857142857143 0.5800561797752809 0.2369047619047619 0.6643258426966292 0.20595238095238094 0.6671348314606742
1 0.24523809523809523 0.577247191011236 0.27380952380952384 0.5786516853932584 0.275 0.6615168539325843 0.24761904761904763 0.6601123595505618
1 0.28214285714285714 0.5870786516853933 0.30952380952380953 0.5884831460674157 0.3107142857142857 0.6587078651685393 0.28214285714285714 0.6587078651685393
1 0.3202380952380952 0.577247191011236 0.35119047619047616 0.577247191011236 0.35 0.6643258426966292 0.32142857142857145 0.6657303370786517
1 0.14761904761904762 0.7556179775280899 0.175 0.7556179775280899 0.175 0.8412921348314607 0.14761904761904762 0.8398876404494382
1 0.18095238095238095 0.7570224719101124 0.2119047619047619 0.7570224719101124 0.2119047619047619 0.8426966292134831 0.18095238095238095 0.8441011235955056
1 0.2392857142857143 0.7598314606741573 0.2761904761904762 0.7598314606741573 0.2761904761904762 0.8525280898876404 0.24166666666666667 0.8539325842696629
1 0.28095238095238095 0.7612359550561798 0.3130952380952381 0.7626404494382022 0.3107142857142857 0.8497191011235955 0.28095238095238095 0.8497191011235955
1 0.3202380952380952 0.7598314606741573 0.35119047619047616 0.7598314606741573 0.35119047619047616 0.848314606741573 0.3202380952380952 0.848314606741573
1 0.3547619047619048 0.7598314606741573 0.38571428571428573 0.7612359550561798 0.38571428571428573 0.8455056179775281 0.3547619047619048 0.8441011235955056
1 0.3952380952380952 0.7528089887640449 0.42738095238095236 0.7556179775280899 0.42738095238095236 0.8525280898876404 0.3964285714285714 0.851123595505618
1 0.43452380952380953 0.7556179775280899 0.46785714285714286 0.7556179775280899 0.4666666666666667 0.851123595505618 0.43452380952380953 0.8469101123595506
1 0.475 0.7556179775280899 0.5059523809523809 0.7556179775280899 0.5035714285714286 0.8497191011235955 0.475 0.848314606741573
1 0.5142857142857142 0.7542134831460674 0.544047619047619 0.75 0.5476190476190477 0.8398876404494382 0.5202380952380953 0.8441011235955056
1 0.5571428571428572 0.75 0.5845238095238096 0.75 0.5845238095238096 0.8342696629213483 0.5571428571428572 0.8328651685393258
1 0.594047619047619 0.7542134831460674 0.6261904761904762 0.7542134831460674 0.6226190476190476 0.8412921348314607 0.5952380952380952 0.8412921348314607
1 0.6345238095238095 0.7528089887640449 0.6678571428571428 0.7542134831460674 0.6654761904761904 0.8426966292134831 0.6369047619047619 0.8426966292134831
1 0.6714285714285714 0.7598314606741573 0.7035714285714286 0.7584269662921348 0.7047619047619048 0.8455056179775281 0.6726190476190477 0.8469101123595506
1 0.7071428571428572 0.7528089887640449 0.7392857142857143 0.7528089887640449 0.7380952380952381 0.8398876404494382 0.7083333333333334 0.8398876404494382
1 0.7452380952380953 0.75 0.7797619047619048 0.7471910112359551 0.780952380952381 0.8441011235955056 0.7464285714285714 0.8441011235955056
1 0.7880952380952381 0.7514044943820225 0.819047619047619 0.7514044943820225 0.819047619047619 0.8412921348314607 0.7892857142857143 0.8426966292134831
1 0.8261904761904761 0.7556179775280899 0.8607142857142858 0.7542134831460674 0.8595238095238096 0.8412921348314607 0.8261904761904761 0.8426966292134831