1 0.13333333333333333 0.13764044943820225 0.16071428571428573 0.1404494382022472 0.15119047619047618 0.2205056179775281 0.12261904761904761 0.21910112359550563
1 0.1630952380952381 0.12780898876404495 0.19285714285714287 0.1306179775280899 0.18571428571428572 0.21207865168539325 0.15595238095238095 0.21067415730337077
1 0.19642857142857142 0.12780898876404495 0.2261904761904762 0.12640449438202248 0.225 0.20926966292134833 0.19404761904761905 0.2050561797752809
1 0.23452380952380952 0.13202247191011235 0.2654761904761905 0.1306179775280899 0.2630952380952381 0.21629213483146068 0.2357142857142857 0.2148876404494382
1 0.2726190476190476 0.13904494382022473 0.30357142857142855 0.13904494382022473 0.3011904761904762 0.21910112359550563 0.2702380952380952 0.21629213483146068
1 0.3130952380952381 0.13623595505617977 0.34523809523809523 0.13623595505617977 0.34404761904761905 0.21769662921348315 0.3130952380952381 0.21629213483146068
1 0.3523809523809524 0.13904494382022473 0.38333333333333336 0.1404494382022472 0.38095238095238093 0.2148876404494382 0.3523809523809524 0.21629213483146068
1 0.3892857142857143 0.1348314606741573 0.42023809523809524 0.13342696629213482 0.41904761904761906 0.21067415730337077 0.39166666666666666 0.21207865168539325
1 0.46190476190476193 0.21067415730337077 0.4607142857142857 0.1306179775280899 0.42857142857142855 0.13202247191011235 0.43214285714285716 0.21067415730337077
1 0.5023809523809524 0.20926966292134833 0.5023809523809524 0.12078651685393259 0.4714285714285714 0.12078651685393259 0.4714285714285714 0.20926966292134833
1 0.5345238095238095 0.2050561797752809 0.5333333333333333 0.12078651685393259 0.5047619047619047 0.12219101123595505 0.5083333333333333 0.20365168539325842
1 0.5678571428571428 0.21067415730337077 0.5630952380952381 0.12640449438202248 0.5345238095238095 0.125 0.5392857142857143 0.21207865168539325
1 0.6154761904761905 0.21067415730337077 0.6130952380952381 0.12921348314606743 0.580952380952381 0.1306179775280899 0.5857142857142857 0.21067415730337077
1 0.655952380952381 0.21067415730337077 0.6547619047619048 0.12219101123595505 0.625 0.12219101123595505 0.625 0.21067415730337077
1 0.6226190476190476 0.22331460674157302 0.655952380952381 0.2247191011235955 0.6523809523809524 0.30758426966292135 0.6214285714285714 0.3061797752808989
1 0.5845238095238096 0.21910112359550563 0.6142857142857143 0.2205056179775281 0.6130952380952381 0.30337078651685395 0.5821428571428572 0.30337078651685395
1 0.5404761904761904 0.22331460674157302 0.575 0.22331460674157302 0.575 0.3061797752808989 0.5464285714285714 0.3047752808988764
1 0.5083333333333333 0.22191011235955055 0.5392857142857143 0.22191011235955055 0.5404761904761904 0.30196629213483145 0.5119047619047619 0.30337078651685395
1 0.47023809523809523 0.2247191011235955 0.4988095238095238 0.22612359550561797 0.4988095238095238 0.2991573033707865 0.46904761904761905 0.2991573033707865
1 0.430952380952381 0.22752808988764045 0.4607142857142857 0.22612359550561797 0.4607142857142857 0.3061797752808989 0.43214285714285716 0.30758426966292135
1 0.3892857142857143 0.22331460674157302 0.42023809523809524 0.22191011235955055 0.4166666666666667 0.30758426966292135 0.3880952380952381 0.30758426966292135
1 0.3535714285714286 0.22191011235955055 0.38095238095238093 0.2205056179775281 0.38571428571428573 0.30758426966292135 0.3547619047619048 0.30758426966292135
1 0.31785714285714284 0.22191011235955055 0.35 0.22191011235955055 0.3535714285714286 0.300561797752809 0.325 0.300561797752809
1 0.2726190476190476 0.22752808988764045 0.30833333333333335 0.22612359550561797 0.30952380952380953 0.3061797752808989 0.27976190476190477 0.3061797752808989
1 0.2392857142857143 0.22612359550561797 0.2702380952380952 0.22331460674157302 0.2714285714285714 0.30758426966292135 0.24047619047619048 0.3089887640449438
1 0.20238095238095238 0.22752808988764045 0.23214285714285715 0.22612359550561797 0.23333333333333334 0.3047752808988764 0.20357142857142857 0.3061797752808989
1 0.1630952380952381 0.22331460674157302 0.19404761904761905 0.22191011235955055 0.19047619047619047 0.300561797752809 0.16547619047619047 0.300561797752809
1 0.13214285714285715 0.22612359550561797 0.16071428571428573 0.2247191011235955 0.16071428571428573 0.3047752808988764 0.13452380952380952 0.3061797752808989
1 0.11785714285714285 0.398876404494382 0.14761904761904762 0.398876404494382 0.14761904761904762 0.4789325842696629 0.11785714285714285 0.48174157303370785
1 0.15714285714285714 0.3960674157303371 0.19166666666666668 0.3946629213483146 0.18928571428571428 0.4803370786516854 0.1595238095238095 0.4803370786516854
1 0.19642857142857142 0.39747191011235955 0.22976190476190475 0.39747191011235955 0.22857142857142856 0.48174157303370785 0.1976190476190476 0.48314606741573035
1 0.24285714285714285 0.4002808988764045 0.2726190476190476 0.40168539325842695 0.2714285714285714 0.4845505617977528 0.24047619047619048 0.4859550561797753
1 0.27976190476190477 0.40168539325842695 0.3130952380952381 0.40168539325842695 0.3119047619047619 0.48735955056179775 0.28095238095238095 0.4887640449438202
1 0.319047619047619 0.3946629213483146 0.3488095238095238 0.3946629213483146 0.3488095238095238 0.4789325842696629 0.32261904761904764 0.4803370786516854
1 0.3535714285714286 0.3960674157303371 0.3869047619047619 0.3960674157303371 0.3869047619047619 0.4789325842696629 0.3535714285714286 0.4803370786516854
1 0.39166666666666666 0.39747191011235955 0.4238095238095238 0.398876404494382 0.41904761904761906 0.4803370786516854 0.39166666666666666 0.48174157303370785
1 0.4297619047619048 0.398876404494382 0.46190476190476193 0.398876404494382 0.4630952380952381 0.4845505617977528 0.43214285714285716 0.4859550561797753
1 0.46904761904761905 0.40870786516853935 0.5 0.4044943820224719 0.5023809523809524 0.49157303370786515 0.4738095238095238 0.4901685393258427
1 0.5047619047619047 0.40308988764044945 0.5404761904761904 0.4002808988764045 0.5392857142857143 0.49157303370786515 0.5095238095238095 0.4943820224719101
1 0.5464285714285714 0.4101123595505618 0.5797619047619048 0.40870786516853935 0.5833333333333334 0.4887640449438202 0.5488095238095239 0.49157303370786515
1 0.5821428571428572 0.40168539325842695 0.6154761904761905 0.39747191011235955 0.6190476190476191 0.4845505617977528 0.5880952380952381 0.4859550561797753
1 0.6226190476190476 0.41151685393258425 0.6523809523809524 0.40870786516853935 0.6535714285714286 0.4803370786516854 0.6261904761904762 0.4803370786516854
1 0.655952380952381 0.41151685393258425 0.6928571428571428 0.4101123595505618 0.6976190476190476 0.4957865168539326 0.6642857142857143 0.49719101123595505
1 0.7035714285714286 0.4044943820224719 0.736904761904762 0.4044943820224719 0.736904761904762 0.49297752808988765 0.705952380952381 0.49297752808988765
1 0.6928571428571428 0.30196629213483145 0.7214285714285714 0.300561797752809 0.7238095238095238 0.3848314606741573 0.6928571428571428 0.3848314606741573
1 0.6642857142857143 0.5056179775280899 0.7011904761904761 0.5028089887640449 0.7035714285714286 0.5912921348314607 0.6666666666666666 0.5926966292134831
1 0.6273809523809524 0.49157303370786515 0.6595238095238095 0.4901685393258427 0.6619047619047619 0.574438202247191 0.6285714285714286 0.577247191011236
1 0.5869047619047619 0.49719101123595505 0.6214285714285714 0.49719101123595505 0.6214285714285714 0.577247191011236 0.5869047619047619 0.5786516853932584
1 0.55 0.5098314606741573 0.580952380952381 0.5070224719101124 0.5833333333333334 0.5941011235955056 0.5535714285714286 0.5955056179775281
1 0.5095238095238095 0.5 0.5416666666666666 0.5 0.5428571428571428 0.5856741573033708 0.5083333333333333 0.5870786516853933
1 0.47023809523809523 0.4943820224719101 0.5035714285714286 0.4957865168539326 0.5 0.5814606741573034 0.46785714285714286 0.5814606741573034
1 0.430952380952381 0.49297752808988765 0.4607142857142857 0.49297752808988765 0.46190476190476193 0.577247191011236 0.43214285714285716 0.5758426966292135
1 0.39166666666666666 0.4887640449438202 0.42023809523809524 0.48735955056179775 0.4238095238095238 0.5674157303370787 0.39166666666666666 0.5702247191011236
1 0.3523809523809524 0.4859550561797753 0.38452380952380955 0.4845505617977528 0.38452380952380955 0.5758426966292135 0.35119047619047616 0.577247191011236
1 0.31547619047619047 0.4901685393258427 0.3464285714285714 0.4887640449438202 0.3476190476190476 0.577247191011236 0.3142857142857143 0.5758426966292135
1 0.27976190476190477 0.4943820224719101 0.3107142857142857 0.49297752808988765 0.30833333333333335 0.5814606741573034 0.2773809523809524 0.5814606741573034
1 0.23809523809523808 0.4957865168539326 0.26666666666666666 0.49297752808988765 0.2702380952380952 0.5786516853932584 0.23809523809523808 0.5800561797752809
1 0.2 0.4887640449438202 0.23095238095238096 0.48735955056179775 0.23214285714285715 0.5716292134831461 0.2 0.5730337078651685
1 0.15595238095238095 0.49719101123595505 0.1880952380952381 0.4943820224719101 0.19047619047619047 0.5870786516853933 0.16071428571428573 0.5856741573033708
1 0.11904761904761904 0.5056179775280899 0.1488095238095238 0.5042134831460674 0.15 0.5898876404494382 0.11904761904761904 0.5912921348314607
1 0.11904761904761904 0.6882022471910112 0.15119047619047618 0.6853932584269663 0.15357142857142858 0.7710674157303371 0.11785714285714285 0.7724719101123596
1 0.15476190476190477 0.6811797752808989 0.19047619047619047 0.6783707865168539 0.18571428571428572 0.7682584269662921 0.15833333333333333 0.7696629213483146
1 0.19166666666666668 0.6797752808988764 0.22738095238095238 0.6783707865168539 0.22380952380952382 0.7724719101123596 0.19404761904761905 0.7710674157303371
1 0.2357142857142857 0.6783707865168539 0.26785714285714285 0.6783707865168539 0.26666666666666666 0.7696629213483146 0.2357142857142857 0.7710674157303371
1 0.27380952380952384 0.6867977528089888 0.305952380952381 0.6839887640449438 0.30714285714285716 0.7710674157303371 0.275 0.7724719101123596
1 0.319047619047619 0.6896067415730337 0.35 0.6910112359550562 0.3535714285714286 0.7710674157303371 0.319047619047619 0.7696629213483146
1 0.35714285714285715 0.675561797752809 0.3880952380952381 0.675561797752809 0.3869047619047619 0.7640449438202247 0.35833333333333334 0.7598314606741573
1 0.3904761904761905 0.672752808988764 0.4261904761904762 0.6783707865168539 0.425 0.7682584269662921 0.39166666666666666 0.7682584269662921
1 0.4357142857142857 0.6811797752808989 0.4642857142857143 0.6825842696629213 0.4630952380952381 0.7654494382022472 0.43333333333333335 0.7668539325842697
1 0.4738095238095238 0.6797752808988764 0.5023809523809524 0.6797752808988764 0.5023809523809524 0.7654494382022472 0.4726190476190476 0.7654494382022472
1 0.5083333333333333 0.675561797752809 0.5357142857142857 0.675561797752809 0.5392857142857143 0.7668539325842697 0.5095238095238095 0.7682584269662921
1 0.5488095238095239 0.6699438202247191 0.5797619047619048 0.6699438202247191 0.5773809523809523 0.7598314606741573 0.55 0.7598314606741573
1 0.5857142857142857 0.675561797752809 0.6154761904761905 0.6741573033707865 0.6142857142857143 0.7542134831460674 0.5869047619047619 0.7542134831460674
1 0.6226190476190476 0.6741573033707865 0.6535714285714286 0.672752808988764 0.6595238095238095 0.7654494382022472 0.6285714285714286 0.7682584269662921
1 0.6619047619047619 0.6783707865168539 0.6904761904761905 0.6769662921348315 0.6976190476190476 0.7626404494382022 0.6666666666666666 0.7654494382022472
1 0.7023809523809523 0.6783707865168539 0.736904761904762 0.6783707865168539 0.7404761904761905 0.7668539325842697 0.7095238095238096 0.7696629213483146
1 0.694047619047619 0.21067415730337077 0.725 0.21067415730337077 0.7273809523809524 0.2907303370786517 0.6976190476190476 0.2907303370786517
1 0.7273809523809524 0.1853932584269663 0.7273809523809524 0.11095505617977527 0.6988095238095238 0.11095505617977527 0.7 0.1853932584269663