1 0.7285714285714285 0.20365168539325842 0.7583333333333333 0.1348314606741573 0.7345238095238096 0.11938202247191011 0.6976190476190476 0.1797752808988764
1 0.7559523809523809 0.22191011235955055 0.7928571428571428 0.15308988764044945 0.7666666666666667 0.13623595505617977 0.7309523809523809 0.20365168539325842
1 0.7904761904761904 0.24578651685393257 0.8261904761904761 0.17415730337078653 0.8 0.15589887640449437 0.7654761904761904 0.22752808988764045
1 0.8369047619047619 0.18679775280898878 0.8571428571428571 0.20224719101123595 0.8273809523809523 0.2640449438202247 0.8011904761904762 0.24578651685393257
1 0.8702380952380953 0.20365168539325842 0.8964285714285715 0.2247191011235955 0.8607142857142858 0.29213483146067415 0.8333333333333334 0.27668539325842695
1 0.42023809523809524 0.18679775280898878 0.4511904761904762 0.12921348314606743 0.42857142857142855 0.10955056179775281 0.3952380952380952 0.16853932584269662
1 0.45357142857142857 0.20646067415730338 0.4869047619047619 0.14325842696629212 0.46190476190476193 0.12219101123595505 0.4238095238095238 0.18820224719101122
1 0.49642857142857144 0.14185393258426968 0.5238095238095238 0.1544943820224719 0.49404761904761907 0.2247191011235955 0.4630952380952381 0.20786516853932585
1 0.5345238095238095 0.16292134831460675 0.5583333333333333 0.1797752808988764 0.5261904761904762 0.24859550561797752 0.4976190476190476 0.2303370786516854
1 0.5535714285714286 0.2808988764044944 0.5880952380952381 0.20926966292134833 0.5642857142857143 0.1896067415730337 0.5238095238095238 0.26264044943820225
1 0.5833333333333334 0.300561797752809 0.6130952380952381 0.23595505617977527 0.5869047619047619 0.21910112359550563 0.5595238095238095 0.28370786516853935
1 0.6202380952380953 0.32303370786516855 0.6571428571428571 0.25280898876404495 0.6321428571428571 0.2345505617977528 0.5952380952380952 0.300561797752809
1 0.6547619047619048 0.2710674157303371 0.6761904761904762 0.28370786516853935 0.6511904761904762 0.351123595505618 0.6226190476190476 0.3342696629213483
1 0.6869047619047619 0.29353932584269665 0.7130952380952381 0.30337078651685395 0.6845238095238095 0.37219101123595505 0.6571428571428571 0.35814606741573035
1 0.7226190476190476 0.3146067415730337 0.7452380952380953 0.3300561797752809 0.7178571428571429 0.40168539325842695 0.6869047619047619 0.3848314606741573
1 0.7535714285714286 0.33286516853932585 0.7833333333333333 0.351123595505618 0.7440476190476191 0.42696629213483145 0.7202380952380952 0.40730337078651685
1 0.7928571428571428 0.35674157303370785 0.8166666666666667 0.37640449438202245 0.7773809523809524 0.44803370786516855 0.7547619047619047 0.42696629213483145
1 0.8357142857142857 0.38202247191011235 0.8559523809523809 0.40168539325842695 0.8107142857142857 0.46629213483146065 0.7892857142857143 0.4410112359550562
1 0.8583333333333333 0.4058988764044944 0.8845238095238095 0.42275280898876405 0.8464285714285714 0.49859550561797755 0.8202380952380952 0.476123595505618
1 0.85 0.5056179775280899 0.8761904761904762 0.5224719101123596 0.8380952380952381 0.5912921348314607 0.8142857142857143 0.574438202247191
1 0.8690476190476191 0.6109550561797753 0.9083333333333333 0.547752808988764 0.8809523809523809 0.5280898876404494 0.8476190476190476 0.5926966292134831
1 0.8166666666666667 0.4789325842696629 0.8404761904761905 0.49859550561797755 0.8035714285714286 0.574438202247191 0.780952380952381 0.5519662921348315
1 0.7869047619047619 0.45224719101123595 0.8071428571428572 0.4691011235955056 0.775 0.5421348314606742 0.7440476190476191 0.5252808988764045
1 0.7428571428571429 0.4353932584269663 0.7690476190476191 0.4508426966292135 0.7404761904761905 0.526685393258427 0.7119047619047619 0.5056179775280899
1 0.7130952380952381 0.41292134831460675 0.7345238095238096 0.42696629213483145 0.7035714285714286 0.49719101123595505 0.6797619047619048 0.4789325842696629
1 0.6785714285714286 0.4044943820224719 0.7011904761904761 0.4157303370786517 0.6761904761904762 0.4705056179775281 0.6535714285714286 0.45786516853932585
1 0.655952380952381 0.36235955056179775 0.680952380952381 0.37780898876404495 0.6464285714285715 0.45365168539325845 0.6190476190476191 0.4311797752808989
1 0.6226190476190476 0.34269662921348315 0.6476190476190476 0.35814606741573035 0.611904761904762 0.42837078651685395 0.5857142857142857 0.4101123595505618
1 0.5952380952380952 0.3103932584269663 0.6178571428571429 0.324438202247191 0.5833333333333334 0.398876404494382 0.5547619047619048 0.38202247191011235
1 0.5488095238095239 0.300561797752809 0.5738095238095238 0.31741573033707865 0.5404761904761904 0.37780898876404495 0.5154761904761904 0.35814606741573035
1 0.5190476190476191 0.2654494382022472 0.5452380952380952 0.28651685393258425 0.5095238095238095 0.3595505617977528 0.48214285714285715 0.3441011235955056
1 0.48928571428571427 0.24719101123595505 0.5119047619047619 0.2654494382022472 0.4785714285714286 0.3342696629213483 0.45 0.3146067415730337
1 0.46190476190476193 0.21629213483146068 0.48928571428571427 0.23595505617977527 0.4488095238095238 0.30758426966292135 0.42142857142857143 0.28792134831460675
1 0.4226190476190476 0.1952247191011236 0.45 0.21067415730337077 0.4154761904761905 0.2851123595505618 0.3869047619047619 0.26825842696629215
1 0.35833333333333334 0.24157303370786518 0.3821428571428571 0.26264044943820225 0.41904761904761906 0.19241573033707865 0.39404761904761904 0.175561797752809
1 0.3619047619047619 0.15589887640449437 0.38571428571428573 0.17134831460674158 0.3535714285714286 0.23876404494382023 0.3238095238095238 0.21910112359550563
1 0.3202380952380952 0.20786516853932585 0.35595238095238096 0.14325842696629212 0.32976190476190476 0.12640449438202248 0.29404761904761906 0.19241573033707865
1 0.2523809523809524 0.17696629213483145 0.28095238095238095 0.19662921348314608 0.319047619047619 0.125 0.2904761904761905 0.11235955056179775
1 0.8464285714285714 0.8089887640449438 0.875 0.8314606741573034 0.8452380952380952 0.8932584269662921 0.8154761904761905 0.8735955056179775
1 0.8035714285714286 0.7865168539325843 0.830952380952381 0.8019662921348315 0.8 0.8778089887640449 0.7690476190476191 0.8581460674157303
1 0.7619047619047619 0.7710674157303371 0.7869047619047619 0.7851123595505618 0.7559523809523809 0.8539325842696629 0.7297619047619047 0.8356741573033708
3 0.7416666666666667 0.7289325842696629 0.7690476190476191 0.7485955056179775 0.7202380952380952 0.8258426966292135 0.6988095238095238 0.8061797752808989
1 0.6976190476190476 0.7148876404494382 0.7226190476190476 0.7289325842696629 0.6833333333333333 0.8019662921348315 0.6583333333333333 0.7837078651685393
1 0.6630952380952381 0.6853932584269663 0.6904761904761905 0.7036516853932584 0.655952380952381 0.7780898876404494 0.625 0.7570224719101124
1 0.6261904761904762 0.6783707865168539 0.6488095238095238 0.6952247191011236 0.6202380952380953 0.7542134831460674 0.5928571428571429 0.7317415730337079
1 0.6035714285714285 0.6446629213483146 0.6321428571428571 0.6671348314606742 0.5916666666666667 0.7331460674157303 0.5619047619047619 0.7078651685393258
1 0.5607142857142857 0.6151685393258427 0.5880952380952381 0.6292134831460674 0.555952380952381 0.7064606741573034 0.5273809523809524 0.6910112359550562
1 0.525 0.6053370786516854 0.5476190476190477 0.6207865168539326 0.5190476190476191 0.6867977528089888 0.49404761904761907 0.6685393258426966
1 0.5011904761904762 0.5716292134831461 0.5238095238095238 0.5856741573033708 0.4869047619047619 0.6558988764044944 0.46190476190476193 0.6404494382022472
1 0.46904761904761905 0.5379213483146067 0.4928571428571429 0.5547752808988764 0.45595238095238094 0.625 0.4297619047619048 0.6081460674157303
1 0.43452380952380953 0.5252808988764045 0.45714285714285713 0.5393258426966292 0.42738095238095236 0.6053370786516854 0.4011904761904762 0.5898876404494382
1 0.4035714285714286 0.5098314606741573 0.4261904761904762 0.523876404494382 0.3964285714285714 0.5884831460674157 0.37142857142857144 0.5688202247191011
1 0.3678571428571429 0.4803370786516854 0.39404761904761904 0.4943820224719101 0.36666666666666664 0.5561797752808989 0.3392857142857143 0.5421348314606742
1 0.33690476190476193 0.4508426966292135 0.3595238095238095 0.4691011235955056 0.33095238095238094 0.5365168539325843 0.3 0.5210674157303371
1 0.305952380952381 0.425561797752809 0.32976190476190476 0.44241573033707865 0.2916666666666667 0.5112359550561798 0.2714285714285714 0.49297752808988765
1 0.2726190476190476 0.40308988764044945 0.29523809523809524 0.41853932584269665 0.2619047619047619 0.49157303370786515 0.23452380952380952 0.47331460674157305
1 0.24047619047619048 0.3693820224719101 0.2654761904761905 0.3862359550561798 0.22738095238095238 0.4606741573033708 0.2 0.44662921348314605
1 0.20952380952380953 0.34831460674157305 0.22976190476190475 0.36235955056179775 0.2 0.42275280898876405 0.1773809523809524 0.40870786516853935
1 0.17142857142857143 0.324438202247191 0.19523809523809524 0.34129213483146065 0.1619047619047619 0.41151685393258425 0.13452380952380952 0.39325842696629215
1 0.1357142857142857 0.31179775280898875 0.1630952380952381 0.324438202247191 0.13214285714285715 0.398876404494382 0.10595238095238095 0.3848314606741573
1 0.1380952380952381 0.20646067415730338 0.16785714285714284 0.22612359550561797 0.14047619047619048 0.29213483146067415 0.10714285714285714 0.2710674157303371
1 0.18452380952380953 0.2303370786516854 0.2130952380952381 0.24719101123595505 0.1761904761904762 0.3160112359550562 0.14761904761904762 0.2991573033707865
1 0.21666666666666667 0.25 0.24047619047619048 0.2640449438202247 0.20833333333333334 0.33707865168539325 0.18333333333333332 0.3202247191011236
1 0.24166666666666667 0.2893258426966292 0.2619047619047619 0.30337078651685395 0.2369047619047619 0.3637640449438202 0.2130952380952381 0.34269662921348315
1 0.27976190476190477 0.29213483146067415 0.3047619047619048 0.3047752808988764 0.26904761904761904 0.375 0.24642857142857144 0.3609550561797753
1 0.31547619047619047 0.324438202247191 0.3380952380952381 0.34129213483146065 0.3047619047619048 0.4101123595505618 0.275 0.39185393258426965
1 0.3464285714285714 0.34691011235955055 0.3738095238095238 0.36657303370786515 0.3380952380952381 0.43679775280898875 0.3107142857142857 0.41713483146067415
1 0.3821428571428571 0.37640449438202245 0.4035714285714286 0.3946629213483146 0.36547619047619045 0.4648876404494382 0.3404761904761905 0.44241573033707865
1 0.4083333333333333 0.41151685393258425 0.42857142857142855 0.42696629213483145 0.4023809523809524 0.4803370786516854 0.3821428571428571 0.4648876404494382
1 0.4452380952380952 0.4199438202247191 0.4726190476190476 0.4353932584269663 0.4380952380952381 0.5126404494382022 0.4083333333333333 0.4957865168539326
1 0.4773809523809524 0.44241573033707865 0.5071428571428571 0.4606741573033708 0.4738095238095238 0.5308988764044944 0.444047619047619 0.5140449438202247
1 0.5238095238095238 0.45646067415730335 0.5476190476190477 0.47331460674157305 0.5083333333333333 0.5421348314606742 0.4857142857142857 0.523876404494382
1 0.5595238095238095 0.47331460674157305 0.5833333333333334 0.49157303370786515 0.5488095238095239 0.5617977528089888 0.5178571428571429 0.5421348314606742
1 0.5904761904761905 0.5337078651685393 0.6202380952380953 0.5491573033707865 0.5904761904761905 0.6221910112359551 0.5595238095238095 0.6067415730337079
1 0.6357142857142857 0.5589887640449438 0.6630952380952381 0.574438202247191 0.6297619047619047 0.648876404494382 0.6011904761904762 0.6348314606741573
1 0.6726190476190477 0.601123595505618 0.6964285714285714 0.6193820224719101 0.6595238095238095 0.6882022471910112 0.6321428571428571 0.6671348314606742
1 0.7023809523809523 0.6137640449438202 0.7285714285714285 0.6292134831460674 0.6976190476190476 0.699438202247191 0.6702380952380952 0.6839887640449438
1 0.7345238095238096 0.6334269662921348 0.7571428571428571 0.6474719101123596 0.7261904761904762 0.7219101123595506 0.6988095238095238 0.7050561797752809
1 0.7666666666666667 0.651685393258427 0.7916666666666666 0.6657303370786517 0.7619047619047619 0.7359550561797753 0.7404761904761905 0.7191011235955056
1 0.8035714285714286 0.675561797752809 0.825 0.6938202247191011 0.7892857142857143 0.7724719101123596 0.7642857142857142 0.7556179775280899
1 0.8345238095238096 0.7050561797752809 0.8607142857142858 0.7219101123595506 0.8333333333333334 0.7921348314606742 0.7988095238095239 0.773876404494382
1 0.8321428571428572 0.800561797752809 0.8666666666666667 0.7303370786516854 0.8928571428571429 0.7485955056179775 0.861904761904762 0.8174157303370787
1 0.15357142857142858 0.5154494382022472 0.16428571428571428 0.4845505617977528 0.10476190476190476 0.4550561797752809 0.09404761904761905 0.49157303370786515
1 0.1523809523809524 0.5196629213483146 0.2 0.5561797752808989 0.18333333333333332 0.5800561797752809 0.1380952380952381 0.5407303370786517
1 0.22023809523809523 0.5702247191011236 0.2773809523809524 0.6109550561797753 0.2619047619047619 0.6334269662921348 0.20714285714285716 0.5955056179775281
1 0.28809523809523807 0.6264044943820225 0.3464285714285714 0.6615168539325843 0.3357142857142857 0.6896067415730337 0.2773809523809524 0.6544943820224719
1 0.3607142857142857 0.675561797752809 0.4166666666666667 0.7162921348314607 0.4035714285714286 0.7415730337078652 0.3464285714285714 0.7008426966292135
1 0.43214285714285716 0.7289325842696629 0.49642857142857144 0.7710674157303371 0.4797619047619048 0.8019662921348315 0.4142857142857143 0.7542134831460674
1 0.49404761904761907 0.7808988764044944 0.5571428571428572 0.8188202247191011 0.544047619047619 0.8469101123595506 0.48333333333333334 0.8089887640449438