1 0.4523809523809524 0.19662921348314608 0.48095238095238096 0.1306179775280899 0.4488095238095238 0.11938202247191011 0.4261904761904762 0.1853932584269663
1 0.49166666666666664 0.21769662921348315 0.5190476190476191 0.1446629213483146 0.49166666666666664 0.1306179775280899 0.4654761904761905 0.20084269662921347
1 0.5178571428571429 0.24157303370786518 0.5476190476190477 0.16292134831460675 0.5214285714285715 0.14887640449438203 0.49047619047619045 0.22612359550561797
1 0.5452380952380952 0.25702247191011235 0.5821428571428572 0.1853932584269663 0.5571428571428572 0.1699438202247191 0.5238095238095238 0.24297752808988765
1 0.5869047619047619 0.2808988764044944 0.6166666666666667 0.20926966292134833 0.5904761904761905 0.1952247191011236 0.5571428571428572 0.2654494382022472
1 0.6226190476190476 0.1952247191011236 0.655952380952381 0.12780898876404495 0.625 0.11376404494382023 0.5964285714285714 0.1797752808988764
1 0.6607142857142857 0.21629213483146068 0.6892857142857143 0.1446629213483146 0.6630952380952381 0.12921348314606743 0.6345238095238095 0.20084269662921347
1 0.6226190476190476 0.29634831460674155 0.6511904761904762 0.2303370786516854 0.6226190476190476 0.2148876404494382 0.5928571428571429 0.2808988764044944
1 0.6928571428571428 0.2303370786516854 0.7214285714285714 0.1502808988764045 0.6964285714285714 0.1348314606741573 0.6666666666666666 0.21769662921348315
1 0.7178571428571429 0.2556179775280899 0.7476190476190476 0.18117977528089887 0.7214285714285714 0.16713483146067415 0.694047619047619 0.23876404494382023
1 0.655952380952381 0.32162921348314605 0.6869047619047619 0.25 0.6595238095238095 0.2345505617977528 0.6309523809523809 0.3047752808988764
1 0.6845238095238095 0.3398876404494382 0.7178571428571429 0.2710674157303371 0.6916666666666667 0.2542134831460674 0.6619047619047619 0.324438202247191
1 0.7559523809523809 0.28370786516853935 0.7904761904761904 0.20646067415730338 0.7607142857142857 0.1952247191011236 0.7321428571428571 0.26825842696629215
1 0.794047619047619 0.3047752808988764 0.8238095238095238 0.2303370786516854 0.8 0.21910112359550563 0.7690476190476191 0.28792134831460675
1 0.7166666666666667 0.36235955056179775 0.7559523809523809 0.28792134831460675 0.725 0.273876404494382 0.6916666666666667 0.3455056179775281
1 0.7523809523809524 0.38764044943820225 0.7904761904761904 0.3146067415730337 0.7619047619047619 0.300561797752809 0.7297619047619047 0.3707865168539326
1 0.8726190476190476 0.3188202247191011 0.8988095238095238 0.24157303370786518 0.8738095238095238 0.23174157303370788 0.8452380952380952 0.30758426966292135
1 0.8297619047619048 0.324438202247191 0.8547619047619047 0.3398876404494382 0.8261904761904761 0.4157303370786517 0.8011904761904762 0.40168539325842695
1 0.7833333333333333 0.49297752808988765 0.8178571428571428 0.42134831460674155 0.7892857142857143 0.4044943820224719 0.7595238095238095 0.4789325842696629
1 0.7523809523809524 0.5969101123595506 0.7892857142857143 0.5182584269662921 0.763095238095238 0.49859550561797755 0.7273809523809524 0.577247191011236
1 0.6821428571428572 0.6643258426966292 0.7154761904761905 0.5856741573033708 0.6880952380952381 0.5688202247191011 0.6547619047619048 0.648876404494382
1 0.7178571428571429 0.577247191011236 0.7452380952380953 0.5 0.7142857142857143 0.48314606741573035 0.6892857142857143 0.5589887640449438
1 0.6511904761904762 0.6264044943820225 0.6857142857142857 0.550561797752809 0.6607142857142857 0.5351123595505618 0.6261904761904762 0.6095505617977528
1 0.6869047619047619 0.5393258426966292 0.7142857142857143 0.4789325842696629 0.6892857142857143 0.46348314606741575 0.6630952380952381 0.5252808988764045
1 0.6523809523809524 0.5224719101123596 0.6821428571428572 0.4452247191011236 0.6523809523809524 0.4297752808988764 0.6273809523809524 0.5070224719101124
1 0.6142857142857143 0.6067415730337079 0.6464285714285715 0.5365168539325843 0.6190476190476191 0.5196629213483146 0.5869047619047619 0.5898876404494382
1 0.6166666666666667 0.5070224719101124 0.6488095238095238 0.4353932584269663 0.6214285714285714 0.41713483146067415 0.5880952380952381 0.4901685393258427
1 0.5773809523809523 0.601123595505618 0.611904761904762 0.5252808988764045 0.5845238095238096 0.5042134831460674 0.55 0.5814606741573034
1 0.5821428571428572 0.48735955056179775 0.6142857142857143 0.40730337078651685 0.5833333333333334 0.3862359550561798 0.55 0.4691011235955056
1 0.5416666666666666 0.5688202247191011 0.5785714285714286 0.4957865168539326 0.5511904761904762 0.4789325842696629 0.5190476190476191 0.5547752808988764
1 0.55 0.46348314606741575 0.5785714285714286 0.38764044943820225 0.5511904761904762 0.375 0.5214285714285715 0.4438202247191011
1 0.5095238095238095 0.5435393258426966 0.5464285714285714 0.4705056179775281 0.5202380952380953 0.45365168539325845 0.48333333333333334 0.526685393258427
1 0.5154761904761904 0.43820224719101125 0.55 0.3651685393258427 0.5238095238095238 0.34691011235955055 0.4869047619047619 0.4241573033707865
1 0.48095238095238096 0.5182584269662921 0.5095238095238095 0.44241573033707865 0.48333333333333334 0.42696629213483145 0.4523809523809524 0.5042134831460674
1 0.4785714285714286 0.4101123595505618 0.5166666666666667 0.34129213483146065 0.48928571428571427 0.32303370786516855 0.4523809523809524 0.39185393258426965
1 0.44642857142857145 0.4887640449438202 0.4773809523809524 0.4157303370786517 0.45 0.40168539325842695 0.41785714285714287 0.47191011235955055
1 0.44761904761904764 0.3890449438202247 0.4857142857142857 0.3188202247191011 0.45476190476190476 0.30196629213483145 0.42142857142857143 0.375
1 0.41904761904761906 0.3707865168539326 0.4511904761904762 0.29775280898876405 0.425 0.2808988764044944 0.39404761904761904 0.35814606741573035
1 0.38095238095238093 0.35674157303370785 0.4166666666666667 0.28230337078651685 0.3892857142857143 0.26685393258426965 0.35595238095238096 0.34129213483146065
1 0.14285714285714285 0.21207865168539325 0.1761904761904762 0.14325842696629212 0.1488095238095238 0.1306179775280899 0.11904761904761904 0.19101123595505617
1 0.17857142857142858 0.1404494382022472 0.20833333333333334 0.1601123595505618 0.17142857142857143 0.22612359550561797 0.14523809523809525 0.21207865168539325
1 0.2119047619047619 0.2443820224719101 0.24523809523809523 0.17134831460674158 0.2119047619047619 0.14887640449438203 0.18214285714285713 0.22331460674157302
1 0.24047619047619048 0.25842696629213485 0.275 0.18679775280898878 0.25 0.17275280898876405 0.21666666666666667 0.24157303370786518
1 0.2761904761904762 0.28370786516853935 0.3107142857142857 0.2050561797752809 0.2869047619047619 0.1896067415730337 0.25 0.26825842696629215
1 0.30952380952380953 0.30758426966292135 0.34285714285714286 0.23314606741573032 0.31785714285714284 0.21629213483146068 0.2845238095238095 0.2907303370786517
1 0.319047619047619 0.31741573033707865 0.35595238095238096 0.24297752808988765 0.38095238095238093 0.2612359550561798 0.3464285714285714 0.33707865168539325
1 0.1357142857142857 0.31179775280898875 0.17023809523809524 0.2443820224719101 0.13333333333333333 0.2247191011235955 0.10714285714285714 0.29775280898876405
1 0.1761904761904762 0.32724719101123595 0.20714285714285716 0.24859550561797752 0.175 0.23595505617977527 0.14761904761904762 0.3089887640449438
1 0.20238095238095238 0.35814606741573035 0.23214285714285715 0.2794943820224719 0.20476190476190476 0.2696629213483146 0.17261904761904762 0.3441011235955056
1 0.2392857142857143 0.37640449438202245 0.2726190476190476 0.2949438202247191 0.24285714285714285 0.2808988764044944 0.21071428571428572 0.3637640449438202
1 0.2785714285714286 0.3890449438202247 0.3107142857142857 0.3146067415730337 0.28214285714285714 0.29775280898876405 0.25 0.37640449438202245
1 0.30833333333333335 0.4143258426966292 0.3392857142857143 0.3398876404494382 0.3142857142857143 0.3258426966292135 0.27976190476190477 0.39747191011235955
1 0.3392857142857143 0.4396067415730337 0.375 0.3651685393258427 0.35119047619047616 0.34831460674157305 0.3130952380952381 0.42134831460674155
1 0.37857142857142856 0.4550561797752809 0.4119047619047619 0.37640449438202245 0.38333333333333336 0.3609550561797753 0.3488095238095238 0.4339887640449438
1 0.38095238095238093 0.45646067415730335 0.41785714285714287 0.37640449438202245 0.44642857142857145 0.3946629213483146 0.4107142857142857 0.4747191011235955
1 0.13214285714285715 0.5182584269662921 0.16904761904761906 0.4452247191011236 0.13690476190476192 0.43258426966292135 0.10595238095238095 0.5084269662921348
1 0.16071428571428573 0.5337078651685393 0.2 0.46348314606741575 0.17023809523809524 0.4438202247191011 0.13690476190476192 0.523876404494382
1 0.19523809523809524 0.5589887640449438 0.23333333333333334 0.48314606741573035 0.20595238095238094 0.46207865168539325 0.16904761904761906 0.5407303370786517
1 0.22976190476190475 0.5814606741573034 0.26904761904761904 0.5014044943820225 0.24166666666666667 0.4859550561797753 0.20357142857142857 0.5688202247191011
1 0.2642857142857143 0.6053370786516854 0.3 0.526685393258427 0.26904761904761904 0.5112359550561798 0.23333333333333334 0.5856741573033708
1 0.30357142857142855 0.6278089887640449 0.3357142857142857 0.5589887640449438 0.305952380952381 0.5421348314606742 0.2761904761904762 0.6081460674157303
1 0.3357142857142857 0.6474719101123596 0.37142857142857144 0.5702247191011236 0.34404761904761905 0.5519662921348315 0.3107142857142857 0.6320224719101124
1 0.36666666666666664 0.6671348314606742 0.40714285714285714 0.5884831460674157 0.3773809523809524 0.5702247191011236 0.3392857142857143 0.6502808988764045
1 0.4035714285714286 0.6867977528089888 0.4369047619047619 0.6137640449438202 0.4095238095238095 0.5969101123595506 0.37857142857142856 0.6699438202247191
1 0.4380952380952381 0.7064606741573034 0.4738095238095238 0.6348314606741573 0.44761904761904764 0.6179775280898876 0.41309523809523807 0.6910112359550562
1 0.4726190476190476 0.7275280898876404 0.5083333333333333 0.6474719101123596 0.48095238095238096 0.6320224719101124 0.4452380952380952 0.7134831460674157
1 0.5095238095238095 0.7471910112359551 0.5464285714285714 0.6699438202247191 0.5178571428571429 0.6544943820224719 0.4845238095238095 0.7317415730337079
1 0.544047619047619 0.7640449438202247 0.5761904761904761 0.6910112359550562 0.5476190476190477 0.6797752808988764 0.5142857142857142 0.75
1 0.5761904761904761 0.7921348314606742 0.6130952380952381 0.7134831460674157 0.5833333333333334 0.6966292134831461 0.5511904761904762 0.7780898876404494
1 0.6107142857142858 0.8103932584269663 0.6428571428571429 0.7415730337078652 0.6142857142857143 0.723314606741573 0.5833333333333334 0.7935393258426966
1 0.65 0.8398876404494382 0.6797619047619048 0.7584269662921348 0.6523809523809524 0.7457865168539326 0.6202380952380953 0.824438202247191
1 0.8380952380952381 0.18820224719101122 0.8964285714285715 0.15589887640449437 0.8785714285714286 0.12780898876404495 0.8285714285714286 0.15870786516853932