1 0.2130952380952381 0.1952247191011236 0.24285714285714285 0.19382022471910113 0.24642857142857144 0.2893258426966292 0.21428571428571427 0.2907303370786517
1 0.20952380952380953 0.2907303370786517 0.24047619047619048 0.29213483146067415 0.24523809523809523 0.375 0.2119047619047619 0.37780898876404495
1 0.21071428571428572 0.3792134831460674 0.24285714285714285 0.3792134831460674 0.24285714285714285 0.46348314606741575 0.2119047619047619 0.4648876404494382
1 0.2119047619047619 0.49157303370786515 0.24404761904761904 0.4887640449438202 0.24642857142857144 0.5716292134831461 0.21428571428571427 0.5758426966292135
1 0.20714285714285716 0.6165730337078652 0.23809523809523808 0.6137640449438202 0.24047619047619048 0.6910112359550562 0.20952380952380953 0.6938202247191011
1 0.20714285714285716 0.7471910112359551 0.24404761904761904 0.7471910112359551 0.24404761904761904 0.8412921348314607 0.20476190476190476 0.8426966292134831
1 0.3357142857142857 0.8426966292134831 0.4154761904761905 0.8426966292134831 0.4166666666666667 0.8707865168539326 0.3333333333333333 0.8721910112359551
1 0.4119047619047619 0.7963483146067416 0.49166666666666664 0.7921348314606742 0.49404761904761907 0.8314606741573034 0.4119047619047619 0.8370786516853933
1 0.3357142857142857 0.7991573033707865 0.40714285714285714 0.800561797752809 0.4083333333333333 0.8356741573033708 0.3345238095238095 0.8370786516853933
1 0.4142857142857143 0.7485955056179775 0.4857142857142857 0.7485955056179775 0.4857142857142857 0.7823033707865169 0.4142857142857143 0.7879213483146067
1 0.33214285714285713 0.7275280898876404 0.40714285714285714 0.726123595505618 0.4095238095238095 0.7640449438202247 0.3333333333333333 0.7668539325842697
1 0.33095238095238094 0.6811797752808989 0.4083333333333333 0.6769662921348315 0.4095238095238095 0.7134831460674157 0.33214285714285713 0.7148876404494382
1 0.32976190476190476 0.6235955056179775 0.4035714285714286 0.6193820224719101 0.40476190476190477 0.6558988764044944 0.32857142857142857 0.6601123595505618
1 0.3273809523809524 0.5660112359550562 0.39404761904761904 0.5632022471910112 0.3952380952380952 0.5997191011235955 0.3273809523809524 0.5997191011235955
3 0.32857142857142857 0.5112359550561798 0.4119047619047619 0.5126404494382022 0.4107142857142857 0.5533707865168539 0.32857142857142857 0.5533707865168539
1 0.325 0.45786516853932585 0.39880952380952384 0.4592696629213483 0.39880952380952384 0.49719101123595505 0.3261904761904762 0.49859550561797755
1 0.3273809523809524 0.4058988764044944 0.4035714285714286 0.40730337078651685 0.4035714285714286 0.44803370786516855 0.3261904761904762 0.44662921348314605
1 0.32976190476190476 0.3637640449438202 0.3904761904761905 0.3637640449438202 0.39166666666666666 0.398876404494382 0.32976190476190476 0.398876404494382
1 0.3261904761904762 0.31741573033707865 0.39880952380952384 0.31741573033707865 0.4 0.3553370786516854 0.32857142857142857 0.3553370786516854
1 0.3261904761904762 0.26685393258426965 0.4023809523809524 0.26264044943820225 0.40476190476190477 0.300561797752809 0.3273809523809524 0.3089887640449438
1 0.325 0.2247191011235955 0.3904761904761905 0.2247191011235955 0.39166666666666666 0.25842696629213485 0.325 0.2612359550561798
1 0.32857142857142857 0.17696629213483145 0.4011904761904762 0.1797752808988764 0.4 0.21207865168539325 0.3273809523809524 0.21348314606741572
1 0.3333333333333333 0.16853932584269662 0.4083333333333333 0.16713483146067415 0.4083333333333333 0.125 0.3333333333333333 0.125
1 0.42857142857142855 0.13764044943820225 0.5011904761904762 0.13623595505617977 0.5 0.17275280898876405 0.4261904761904762 0.17275280898876405
1 0.43452380952380953 0.18258426966292135 0.5071428571428571 0.18398876404494383 0.5059523809523809 0.21910112359550563 0.43452380952380953 0.2205056179775281
1 0.40714285714285714 0.2556179775280899 0.48333333333333334 0.25280898876404495 0.4845238095238095 0.28651685393258425 0.4107142857142857 0.2949438202247191
1 0.4095238095238095 0.30758426966292135 0.4845238095238095 0.3047752808988764 0.4857142857142857 0.3441011235955056 0.4107142857142857 0.34831460674157305
1 0.3976190476190476 0.36235955056179775 0.4726190476190476 0.3609550561797753 0.4726190476190476 0.4002808988764045 0.39880952380952384 0.40168539325842695
1 0.4095238095238095 0.41292134831460675 0.48095238095238096 0.41292134831460675 0.48214285714285715 0.44803370786516855 0.4083333333333333 0.4508426966292135
1 0.4095238095238095 0.45786516853932585 0.4845238095238095 0.45646067415730335 0.4869047619047619 0.49297752808988765 0.4107142857142857 0.4957865168539326
1 0.41785714285714287 0.5042134831460674 0.4880952380952381 0.5014044943820225 0.49166666666666664 0.5407303370786517 0.42023809523809524 0.5421348314606742
1 0.4035714285714286 0.5533707865168539 0.49404761904761907 0.5519662921348315 0.49404761904761907 0.5870786516853933 0.4035714285714286 0.5884831460674157
1 0.41309523809523807 0.601123595505618 0.4869047619047619 0.6025280898876404 0.4857142857142857 0.6418539325842697 0.4119047619047619 0.6446629213483146
1 0.4119047619047619 0.6558988764044944 0.4880952380952381 0.651685393258427 0.4880952380952381 0.6924157303370787 0.4107142857142857 0.6938202247191011
1 0.41785714285714287 0.699438202247191 0.49642857142857144 0.7008426966292135 0.49523809523809526 0.7387640449438202 0.4166666666666667 0.7387640449438202
1 0.5761904761904761 0.8412921348314607 0.6571428571428571 0.8384831460674157 0.655952380952381 0.8721910112359551 0.575 0.8721910112359551
1 0.5773809523809523 0.7949438202247191 0.6392857142857142 0.7949438202247191 0.6416666666666667 0.8314606741573034 0.5761904761904761 0.8342696629213483
1 0.5797619047619048 0.7443820224719101 0.6535714285714286 0.7457865168539326 0.6535714285714286 0.7837078651685393 0.580952380952381 0.7823033707865169
1 0.5845238095238096 0.699438202247191 0.65 0.699438202247191 0.6511904761904762 0.7373595505617978 0.5845238095238096 0.7415730337078652
1 0.5773809523809523 0.6474719101123596 0.6571428571428571 0.6474719101123596 0.655952380952381 0.6853932584269663 0.5726190476190476 0.6867977528089888
1 0.5797619047619048 0.5997191011235955 0.655952380952381 0.598314606741573 0.6547619047619048 0.6362359550561798 0.5785714285714286 0.6390449438202247
1 0.5785714285714286 0.5519662921348315 0.6535714285714286 0.5519662921348315 0.6547619047619048 0.5884831460674157 0.5785714285714286 0.5912921348314607
1 0.569047619047619 0.5056179775280899 0.6535714285714286 0.5042134831460674 0.6547619047619048 0.5379213483146067 0.5714285714285714 0.5449438202247191
1 0.5714285714285714 0.4550561797752809 0.65 0.45224719101123595 0.6511904761904762 0.4901685393258427 0.5714285714285714 0.49297752808988765
1 0.5761904761904761 0.4044943820224719 0.6535714285714286 0.4044943820224719 0.6535714285714286 0.44241573033707865 0.5761904761904761 0.44241573033707865
1 0.5702380952380952 0.35814606741573035 0.6464285714285715 0.3539325842696629 0.6476190476190476 0.39325842696629215 0.5702380952380952 0.398876404494382
1 0.5714285714285714 0.3089887640449438 0.6452380952380953 0.3089887640449438 0.6452380952380953 0.34269662921348315 0.5726190476190476 0.34831460674157305
1 0.5726190476190476 0.2696629213483146 0.6345238095238095 0.2654494382022472 0.6345238095238095 0.30196629213483145 0.5726190476190476 0.30196629213483145
1 0.5702380952380952 0.21769662921348315 0.6464285714285715 0.21629213483146068 0.6476190476190476 0.25702247191011235 0.5702380952380952 0.25842696629213485
1 0.569047619047619 0.175561797752809 0.6416666666666667 0.175561797752809 0.6416666666666667 0.21207865168539325 0.5678571428571428 0.2148876404494382
1 0.5738095238095238 0.1306179775280899 0.6488095238095238 0.12780898876404495 0.6523809523809524 0.16432584269662923 0.575 0.16713483146067415
1 0.6523809523809524 0.13342696629213482 0.7261904761904762 0.12921348314606743 0.7285714285714285 0.16573033707865167 0.6535714285714286 0.1699438202247191
1 0.6476190476190476 0.1699438202247191 0.7166666666666667 0.1699438202247191 0.7178571428571429 0.20646067415730338 0.6476190476190476 0.20786516853932585
1 0.65 0.21910112359550563 0.7202380952380952 0.2148876404494382 0.7214285714285714 0.25280898876404495 0.65 0.2542134831460674
1 0.6464285714285715 0.2612359550561798 0.7202380952380952 0.25842696629213485 0.7226190476190476 0.2949438202247191 0.6488095238095238 0.30337078651685395
1 0.6464285714285715 0.31179775280898875 0.7297619047619047 0.3089887640449438 0.7285714285714285 0.34691011235955055 0.6488095238095238 0.34831460674157305
1 0.6511904761904762 0.3553370786516854 0.7333333333333333 0.35814606741573035 0.7309523809523809 0.3946629213483146 0.6535714285714286 0.3960674157303371
1 0.6630952380952381 0.40870786516853935 0.7392857142857143 0.4157303370786517 0.7357142857142858 0.45224719101123595 0.6583333333333333 0.4438202247191011
1 0.6535714285714286 0.4550561797752809 0.7297619047619047 0.45646067415730335 0.7309523809523809 0.4901685393258427 0.6523809523809524 0.4957865168539326
1 0.6571428571428571 0.5 0.7321428571428571 0.4957865168539326 0.7333333333333333 0.5337078651685393 0.655952380952381 0.5393258426966292
1 0.6547619047619048 0.5491573033707865 0.7357142857142858 0.5435393258426966 0.7357142857142858 0.5842696629213483 0.655952380952381 0.5884831460674157
1 0.6619047619047619 0.5997191011235955 0.7357142857142858 0.6025280898876404 0.7345238095238096 0.6348314606741573 0.6619047619047619 0.6376404494382022
1 0.6654761904761904 0.6460674157303371 0.7428571428571429 0.648876404494382 0.7428571428571429 0.6867977528089888 0.6619047619047619 0.6839887640449438
1 0.655952380952381 0.699438202247191 0.7345238095238096 0.7008426966292135 0.7309523809523809 0.7429775280898876 0.6571428571428571 0.7415730337078652
1 0.6595238095238095 0.7443820224719101 0.736904761904762 0.7457865168539326 0.736904761904762 0.7837078651685393 0.6595238095238095 0.7851123595505618
1 0.6488095238095238 0.7949438202247191 0.7202380952380952 0.7949438202247191 0.7226190476190476 0.8314606741573034 0.65 0.8342696629213483
1 0.8392857142857143 0.7893258426966292 0.9035714285714286 0.7893258426966292 0.9035714285714286 0.8258426966292135 0.8392857142857143 0.8300561797752809
1 0.8321428571428572 0.7415730337078652 0.8940476190476191 0.7415730337078652 0.8952380952380953 0.7808988764044944 0.830952380952381 0.7823033707865169
1 0.830952380952381 0.6938202247191011 0.8964285714285715 0.6924157303370787 0.8976190476190476 0.7317415730337079 0.8321428571428572 0.7317415730337079
1 0.8321428571428572 0.6446629213483146 0.8988095238095238 0.6418539325842697 0.9 0.6825842696629213 0.8333333333333334 0.6853932584269663
1 0.830952380952381 0.5955056179775281 0.8952380952380953 0.5955056179775281 0.8964285714285715 0.6306179775280899 0.830952380952381 0.6362359550561798
1 0.8297619047619048 0.5449438202247191 0.8988095238095238 0.5435393258426966 0.8988095238095238 0.5800561797752809 0.830952380952381 0.5842696629213483
1 0.8238095238095238 0.49859550561797755 0.8928571428571429 0.4957865168539326 0.8916666666666667 0.5337078651685393 0.825 0.5365168539325843
1 0.8226190476190476 0.45224719101123595 0.8916666666666667 0.4550561797752809 0.8916666666666667 0.48735955056179775 0.8166666666666667 0.4901685393258427
1 0.8226190476190476 0.4058988764044944 0.8952380952380953 0.40308988764044945 0.8952380952380953 0.4410112359550562 0.8202380952380952 0.4410112359550562
1 0.8214285714285714 0.35814606741573035 0.8916666666666667 0.35814606741573035 0.8904761904761904 0.3946629213483146 0.8226190476190476 0.3960674157303371
1 0.8214285714285714 0.30758426966292135 0.8940476190476191 0.30758426966292135 0.8940476190476191 0.3441011235955056 0.8226190476190476 0.34269662921348315
1 0.8154761904761905 0.2598314606741573 0.8892857142857142 0.2612359550561798 0.888095238095238 0.2991573033707865 0.8154761904761905 0.2991573033707865
1 0.8107142857142857 0.21067415730337077 0.8869047619047619 0.21348314606741572 0.8869047619047619 0.25140449438202245 0.8119047619047619 0.25140449438202245
1 0.8095238095238095 0.16853932584269662 0.8785714285714286 0.1699438202247191 0.8809523809523809 0.20786516853932585 0.8095238095238095 0.20786516853932585
1 0.8083333333333333 0.1306179775280899 0.8904761904761904 0.12921348314606743 0.8916666666666667 0.16573033707865167 0.8083333333333333 0.16573033707865167