1 0.4654761904761905 0.1952247191011236 0.49404761904761907 0.12078651685393259 0.4583333333333333 0.10674157303370786 0.43214285714285716 0.18258426966292135
1 0.5095238095238095 0.2148876404494382 0.5428571428571428 0.125 0.5083333333333333 0.10955056179775281 0.475 0.199438202247191
1 0.555952380952381 0.2345505617977528 0.5916666666666667 0.1306179775280899 0.5511904761904762 0.1151685393258427 0.5214285714285715 0.2205056179775281
1 0.6 0.25280898876404495 0.6345238095238095 0.15308988764044945 0.6011904761904762 0.13764044943820225 0.5654761904761905 0.23314606741573032
1 0.6428571428571429 0.2640449438202247 0.6726190476190477 0.15730337078651685 0.6369047619047619 0.14747191011235955 0.6107142857142858 0.2542134831460674
1 0.680952380952381 0.29213483146067415 0.705952380952381 0.20084269662921347 0.6726190476190477 0.18820224719101122 0.6476190476190476 0.2794943820224719
1 0.7297619047619047 0.31741573033707865 0.7619047619047619 0.22331460674157302 0.7238095238095238 0.20646067415730338 0.694047619047619 0.30196629213483145
1 0.775 0.33707865168539325 0.8047619047619048 0.24578651685393257 0.7702380952380953 0.22752808988764045 0.7380952380952381 0.32162921348314605
1 0.8226190476190476 0.1896067415730337 0.8773809523809524 0.13904494382022473 0.8571428571428571 0.10955056179775281 0.8 0.15589887640449437
1 0.8690476190476191 0.3441011235955056 0.8940476190476191 0.24719101123595505 0.8630952380952381 0.23595505617977527 0.8369047619047619 0.33146067415730335
1 0.8285714285714286 0.4648876404494382 0.8547619047619047 0.3693820224719101 0.8214285714285714 0.35814606741573035 0.7952380952380952 0.4508426966292135
1 0.7845238095238095 0.5674157303370787 0.8154761904761905 0.4747191011235955 0.780952380952381 0.4550561797752809 0.7535714285714286 0.5561797752808989
1 0.7345238095238096 0.44241573033707865 0.7726190476190476 0.3497191011235955 0.7357142857142858 0.33286516853932585 0.7035714285714286 0.425561797752809
1 0.6892857142857143 0.41713483146067415 0.7285714285714285 0.324438202247191 0.6904761904761905 0.30758426966292135 0.6583333333333333 0.4044943820224719
1 0.6476190476190476 0.3960674157303371 0.6821428571428572 0.3061797752808989 0.6476190476190476 0.28651685393258425 0.6154761904761905 0.3806179775280899
1 0.6107142857142858 0.3806179775280899 0.6428571428571429 0.28651685393258425 0.6071428571428571 0.26685393258426965 0.5773809523809523 0.3609550561797753
1 0.5619047619047619 0.3497191011235955 0.5952380952380952 0.26264044943820225 0.5583333333333333 0.25 0.5297619047619048 0.33848314606741575
1 0.5190476190476191 0.3398876404494382 0.5511904761904762 0.24297752808988765 0.5154761904761904 0.22893258426966293 0.48333333333333334 0.324438202247191
1 0.4738095238095238 0.31320224719101125 0.5071428571428571 0.2205056179775281 0.4666666666666667 0.20084269662921347 0.4357142857142857 0.29775280898876405
1 0.43452380952380953 0.2949438202247191 0.4630952380952381 0.19382022471910113 0.4297619047619048 0.18398876404494383 0.39880952380952384 0.28230337078651685
1 0.4 0.27247191011235955 0.42738095238095236 0.1797752808988764 0.39166666666666666 0.16853932584269662 0.36547619047619045 0.2542134831460674
1 0.3523809523809524 0.2542134831460674 0.3773809523809524 0.15730337078651685 0.3392857142857143 0.14606741573033707 0.3142857142857143 0.23876404494382023
1 0.305952380952381 0.23876404494382023 0.3380952380952381 0.1446629213483146 0.30357142857142855 0.12921348314606743 0.26785714285714285 0.22612359550561797
1 0.2619047619047619 0.20646067415730338 0.2988095238095238 0.1306179775280899 0.26071428571428573 0.1151685393258427 0.23214285714285715 0.19241573033707865
1 0.21904761904761905 0.18398876404494383 0.25 0.10674157303370786 0.21428571428571427 0.09410112359550561 0.18452380952380953 0.16713483146067415
1 0.14285714285714285 0.3806179775280899 0.1773809523809524 0.28792134831460675 0.14523809523809525 0.27247191011235955 0.11071428571428571 0.36235955056179775
1 0.1880952380952381 0.40870786516853935 0.225 0.3146067415730337 0.1880952380952381 0.29775280898876405 0.15595238095238095 0.3890449438202247
1 0.15595238095238095 0.5112359550561798 0.18928571428571428 0.4143258426966292 0.15357142857142858 0.398876404494382 0.12142857142857143 0.49719101123595505
1 0.2357142857142857 0.4339887640449438 0.2714285714285714 0.3398876404494382 0.23333333333333334 0.32303370786516855 0.2011904761904762 0.42134831460674155
1 0.1976190476190476 0.5379213483146067 0.22857142857142856 0.4438202247191011 0.19285714285714287 0.4297752808988764 0.1630952380952381 0.5210674157303371
1 0.2773809523809524 0.4592696629213483 0.31547619047619047 0.36235955056179775 0.2785714285714286 0.34691011235955055 0.24523809523809523 0.4452247191011236
1 0.2369047619047619 0.5660112359550562 0.2726190476190476 0.4691011235955056 0.24047619047619048 0.45365168539325845 0.20357142857142857 0.5491573033707865
1 0.3273809523809524 0.47191011235955055 0.35833333333333334 0.375 0.3238095238095238 0.3609550561797753 0.2976190476190476 0.45646067415730335
1 0.2857142857142857 0.577247191011236 0.31785714285714284 0.4803370786516854 0.28214285714285714 0.46348314606741575 0.24761904761904763 0.5617977528089888
1 0.36428571428571427 0.49297752808988765 0.4035714285714286 0.4002808988764045 0.3630952380952381 0.3792134831460674 0.32976190476190476 0.476123595505618
1 0.32857142857142857 0.598314606741573 0.3619047619047619 0.49719101123595505 0.3261904761904762 0.4803370786516854 0.2892857142857143 0.5814606741573034
1 0.40476190476190477 0.5112359550561798 0.44166666666666665 0.41853932584269665 0.40714285714285714 0.4044943820224719 0.3726190476190476 0.4901685393258427
1 0.375 0.6123595505617978 0.40476190476190477 0.5210674157303371 0.36547619047619045 0.5042134831460674 0.3380952380952381 0.598314606741573
1 0.45357142857142857 0.5393258426966292 0.4845238095238095 0.44241573033707865 0.44761904761904764 0.42696629213483145 0.4154761904761905 0.5252808988764045
1 0.4107142857142857 0.6460674157303371 0.44285714285714284 0.5463483146067416 0.4119047619047619 0.5351123595505618 0.3761904761904762 0.6320224719101124
1 0.49166666666666664 0.5688202247191011 0.5297619047619048 0.4747191011235955 0.49047619047619045 0.45646067415730335 0.4595238095238095 0.5547752808988764
1 0.45357142857142857 0.6713483146067416 0.4928571428571429 0.5786516853932584 0.4583333333333333 0.5589887640449438 0.42142857142857143 0.6502808988764045
1 0.5357142857142857 0.5912921348314607 0.5702380952380952 0.49157303370786515 0.5345238095238095 0.47191011235955055 0.5 0.574438202247191
1 0.4988095238095238 0.6980337078651685 0.5357142857142857 0.601123595505618 0.4976190476190476 0.5842696629213483 0.4642857142857143 0.6797752808988764
1 0.5833333333333334 0.6123595505617978 0.6154761904761905 0.5182584269662921 0.5761904761904761 0.5 0.544047619047619 0.5926966292134831
1 0.544047619047619 0.7303370786516854 0.5785714285714286 0.6348314606741573 0.5416666666666666 0.6165730337078652 0.5083333333333333 0.7134831460674157
1 0.6273809523809524 0.625 0.6595238095238095 0.523876404494382 0.6238095238095238 0.5098314606741573 0.5952380952380952 0.6137640449438202
1 0.5904761904761905 0.7331460674157303 0.625 0.6432584269662921 0.5857142857142857 0.6235955056179775 0.5547619047619048 0.7162921348314607
1 0.6702380952380952 0.6390449438202247 0.6964285714285714 0.5632022471910112 0.6678571428571428 0.5449438202247191 0.6392857142857142 0.6278089887640449
1 0.6440476190476191 0.7514044943820225 0.6702380952380952 0.6530898876404494 0.6345238095238095 0.6376404494382022 0.6047619047619047 0.7373595505617978
1 0.7107142857142857 0.6783707865168539 0.7416666666666667 0.5842696629213483 0.705952380952381 0.5646067415730337 0.6761904761904762 0.6629213483146067
1 0.6821428571428572 0.7921348314606742 0.7130952380952381 0.6924157303370787 0.6726190476190477 0.6741573033707865 0.6428571428571429 0.7752808988764045
1 0.7559523809523809 0.6980337078651685 0.7916666666666666 0.5941011235955056 0.7583333333333333 0.5800561797752809 0.725 0.6797752808988764
1 0.47619047619047616 0.8019662921348315 0.5107142857142857 0.8160112359550562 0.4857142857142857 0.8890449438202247 0.4488095238095238 0.875
1 0.42857142857142855 0.7837078651685393 0.4607142857142857 0.7991573033707865 0.43452380952380953 0.8806179775280899 0.4023809523809524 0.8665730337078652
1 0.38333333333333336 0.7654494382022472 0.41785714285714287 0.7837078651685393 0.3904761904761905 0.8721910112359551 0.3547619047619048 0.8609550561797753
1 0.3416666666666667 0.75 0.3726190476190476 0.7640449438202247 0.3404761904761905 0.8567415730337079 0.3107142857142857 0.8426966292134831
1 0.29523809523809524 0.7162921348314607 0.3345238095238095 0.7359550561797753 0.29642857142857143 0.8384831460674157 0.25952380952380955 0.8258426966292135
1 0.25357142857142856 0.7008426966292135 0.2916666666666667 0.7162921348314607 0.25476190476190474 0.8174157303370787 0.22023809523809523 0.8019662921348315
1 0.20714285714285716 0.6924157303370787 0.24285714285714285 0.7092696629213483 0.21428571428571427 0.800561797752809 0.17857142857142858 0.7837078651685393
1 0.16071428571428573 0.6558988764044944 0.19523809523809524 0.6797752808988764 0.1595238095238095 0.776685393258427 0.12976190476190477 0.7570224719101124
1 0.12142857142857143 0.6348314606741573 0.1523809523809524 0.651685393258427 0.11666666666666667 0.7654494382022472 0.08333333333333333 0.75