1 0.3726190476190476 0.1502808988764045 0.39166666666666666 0.14887640449438203 0.3892857142857143 0.1896067415730337 0.37142857142857144 0.1896067415730337
3 0.4 0.1601123595505618 0.42738095238095236 0.15870786516853932 0.4238095238095238 0.2612359550561798 0.3976190476190476 0.2598314606741573
0 0.35833333333333334 0.2148876404494382 0.38452380952380955 0.21629213483146068 0.38095238095238093 0.3103932584269663 0.3523809523809524 0.31179775280898875
0 0.594047619047619 0.22752808988764045 0.6202380952380953 0.22893258426966293 0.6190476190476191 0.32162921348314605 0.5880952380952381 0.3202247191011236
1 0.3892857142857143 0.3300561797752809 0.4095238095238095 0.33146067415730335 0.4083333333333333 0.37780898876404495 0.3880952380952381 0.37780898876404495
3 0.35 0.3946629213483146 0.375 0.3946629213483146 0.37023809523809526 0.45224719101123595 0.3464285714285714 0.45365168539325845
3 0.6059523809523809 0.4002808988764045 0.6273809523809524 0.40168539325842695 0.6321428571428571 0.4705056179775281 0.6095238095238096 0.47191011235955055
1 0.37023809523809526 0.44241573033707865 0.39285714285714285 0.44241573033707865 0.39285714285714285 0.49157303370786515 0.37142857142857144 0.4957865168539326
1 0.3333333333333333 0.4803370786516854 0.35714285714285715 0.48174157303370785 0.3547619047619048 0.5294943820224719 0.32976190476190476 0.5252808988764045
1 0.3678571428571429 0.5632022471910112 0.39166666666666666 0.5646067415730337 0.3880952380952381 0.6207865168539326 0.3630952380952381 0.6193820224719101
1 0.36428571428571427 0.6783707865168539 0.38452380952380955 0.6783707865168539 0.38095238095238093 0.7345505617977528 0.3595238095238095 0.7359550561797753
0 0.319047619047619 0.6446629213483146 0.3476190476190476 0.6460674157303371 0.3404761904761905 0.7317415730337079 0.3107142857142857 0.7303370786516854
3 0.13452380952380952 0.6348314606741573 0.24285714285714285 0.6334269662921348 0.23809523809523808 0.6839887640449438 0.13214285714285715 0.6811797752808989
1 0.6154761904761905 0.7134831460674157 0.6178571428571429 0.8174157303370787 0.6583333333333333 0.8146067415730337 0.6523809523809524 0.7106741573033708