3 0.1738095238095238 0.14747191011235955 0.2654761904761905 0.14325842696629212 0.2642857142857143 0.1853932584269663 0.17142857142857143 0.1853932584269663
1 0.2488095238095238 0.29634831460674155 0.3142857142857143 0.29353932584269665 0.3202380952380952 0.32724719101123595 0.2511904761904762 0.3356741573033708
1 0.17261904761904762 0.5758426966292135 0.1738095238095238 0.5365168539325843 0.11071428571428571 0.5379213483146067 0.10952380952380952 0.5758426966292135
1 0.2392857142857143 0.5365168539325843 0.305952380952381 0.5308988764044944 0.30833333333333335 0.5660112359550562 0.2392857142857143 0.5674157303370787
1 0.3416666666666667 0.5294943820224719 0.4107142857142857 0.5252808988764045 0.4107142857142857 0.5646067415730337 0.34285714285714286 0.5660112359550562
3 0.23333333333333334 0.6039325842696629 0.3773809523809524 0.5941011235955056 0.37857142857142856 0.6474719101123596 0.23333333333333334 0.6573033707865169
3 0.20357142857142857 0.6530898876404494 0.20357142857142857 0.6095505617977528 0.1130952380952381 0.6123595505617978 0.1130952380952381 0.6544943820224719
3 0.16547619047619047 0.672752808988764 0.41904761904761906 0.6601123595505618 0.42023809523809524 0.7092696629213483 0.16547619047619047 0.7205056179775281
3 0.6011904761904762 0.5449438202247191 0.8285714285714286 0.6264044943820225 0.8285714285714286 0.7317415730337079 0.5821428571428572 0.5941011235955056
1 0.5952380952380952 0.3806179775280899 0.6630952380952381 0.3398876404494382 0.6773809523809524 0.3693820224719101 0.6107142857142858 0.41292134831460675
1 0.6214285714285714 0.2654494382022472 0.6797619047619048 0.2654494382022472 0.6821428571428572 0.2949438202247191 0.6226190476190476 0.300561797752809
1 0.6095238095238096 0.7724719101123596 0.6416666666666667 0.7724719101123596 0.6416666666666667 0.8595505617977528 0.6107142857142858 0.8595505617977528