1 0.3202380952380952 0.19382022471910113 0.3535714285714286 0.19382022471910113 0.35119047619047616 0.27808988764044945 0.3202380952380952 0.27808988764044945
1 0.36904761904761907 0.22612359550561797 0.3964285714285714 0.22752808988764045 0.3976190476190476 0.3047752808988764 0.36904761904761907 0.3047752808988764
3 0.4142857142857143 0.23314606741573032 0.45595238095238094 0.23174157303370788 0.45714285714285713 0.44803370786516855 0.41309523809523807 0.4508426966292135
1 0.48333333333333334 0.30196629213483145 0.5154761904761904 0.30196629213483145 0.5154761904761904 0.3890449438202247 0.48333333333333334 0.3904494382022472
1 0.3 0.41853932584269665 0.32976190476190476 0.41713483146067415 0.32976190476190476 0.5056179775280899 0.3 0.5056179775280899
1 0.24761904761904763 0.45224719101123595 0.2773809523809524 0.449438202247191 0.2785714285714286 0.5421348314606742 0.25 0.5421348314606742
1 0.4738095238095238 0.5884831460674157 0.5035714285714286 0.5898876404494382 0.5 0.675561797752809 0.46904761904761905 0.6741573033707865
1 0.425 0.6376404494382022 0.45476190476190476 0.6348314606741573 0.45714285714285713 0.7191011235955056 0.4261904761904762 0.7191011235955056
1 0.38571428571428573 0.6362359550561798 0.4142857142857143 0.6348314606741573 0.4166666666666667 0.7191011235955056 0.38571428571428573 0.7191011235955056
1 0.3547619047619048 0.7176966292134831 0.37976190476190474 0.7134831460674157 0.3892857142857143 0.7949438202247191 0.3607142857142857 0.7991573033707865
1 0.6928571428571428 0.5730337078651685 0.725 0.5730337078651685 0.725 0.6685393258426966 0.6928571428571428 0.6685393258426966
0 0.775 0.2752808988764045 0.7714285714285715 0.09691011235955056 0.7309523809523809 0.09831460674157304 0.7333333333333333 0.273876404494382
1 0.7083333333333334 0.21629213483146068 0.7071428571428572 0.1306179775280899 0.6785714285714286 0.1306179775280899 0.6821428571428572 0.2148876404494382