1 0.1261904761904762 0.3103932584269663 0.15 0.3089887640449438 0.14642857142857144 0.23876404494382023 0.1261904761904762 0.2401685393258427
1 0.225 0.300561797752809 0.24285714285714285 0.2949438202247191 0.22738095238095238 0.22612359550561797 0.20952380952380953 0.23314606741573032
1 0.12976190476190477 0.3946629213483146 0.1523809523809524 0.3904494382022472 0.14523809523809525 0.31741573033707865 0.125 0.32303370786516855
1 0.22380952380952382 0.42134831460674155 0.24642857142857144 0.4199438202247191 0.24523809523809523 0.34269662921348315 0.2226190476190476 0.34269662921348315
1 0.11904761904761904 0.5294943820224719 0.14166666666666666 0.5098314606741573 0.1130952380952381 0.45646067415730335 0.09285714285714286 0.47331460674157305
1 0.10119047619047619 0.6685393258426966 0.15119047619047618 0.6629213483146067 0.15 0.6362359550561798 0.0988095238095238 0.6418539325842697
1 0.09047619047619047 0.7134831460674157 0.14404761904761904 0.7106741573033708 0.14404761904761904 0.6825842696629213 0.09285714285714286 0.6811797752808989
1 0.08928571428571429 0.75 0.1380952380952381 0.7485955056179775 0.1392857142857143 0.723314606741573 0.09166666666666666 0.726123595505618
1 0.125 0.8174157303370787 0.19047619047619047 0.8174157303370787 0.19047619047619047 0.7794943820224719 0.1261904761904762 0.7823033707865169
1 0.3392857142857143 0.8230337078651685 0.4166666666666667 0.8216292134831461 0.4154761904761905 0.7907303370786517 0.3416666666666667 0.7921348314606742
1 0.3345238095238095 0.7682584269662921 0.40476190476190477 0.7654494382022472 0.4035714285714286 0.7289325842696629 0.3333333333333333 0.7317415730337079
1 0.3345238095238095 0.7205056179775281 0.40476190476190477 0.7219101123595506 0.40595238095238095 0.6896067415730337 0.33690476190476193 0.6853932584269663
1 0.2392857142857143 0.5379213483146067 0.2642857142857143 0.5351123595505618 0.25476190476190474 0.4592696629213483 0.23095238095238096 0.46348314606741575
1 0.2833333333333333 0.5337078651685393 0.30833333333333335 0.5294943820224719 0.29523809523809524 0.449438202247191 0.2726190476190476 0.45365168539325845
1 0.34285714285714286 0.5758426966292135 0.37023809523809526 0.5730337078651685 0.36904761904761907 0.49297752808988765 0.3392857142857143 0.4943820224719101
1 0.38095238095238093 0.5617977528089888 0.40476190476190477 0.5589887640449438 0.40595238095238095 0.4859550561797753 0.37976190476190474 0.48735955056179775
1 0.42023809523809524 0.5814606741573034 0.4488095238095238 0.5800561797752809 0.44642857142857145 0.49859550561797755 0.42023809523809524 0.5014044943820225
1 0.7654761904761904 0.8455056179775281 0.7785714285714286 0.8174157303370787 0.830952380952381 0.8469101123595506 0.819047619047619 0.875
1 0.7797619047619048 0.7935393258426966 0.8416666666666667 0.8202247191011236 0.85 0.7907303370786517 0.7869047619047619 0.7626404494382022
1 0.6154761904761905 0.5660112359550562 0.6369047619047619 0.5688202247191011 0.6464285714285715 0.49859550561797755 0.625 0.4943820224719101
1 0.5797619047619048 0.5617977528089888 0.6011904761904762 0.5617977528089888 0.6047619047619047 0.4859550561797753 0.580952380952381 0.48314606741573035
1 0.5988095238095238 0.46629213483146065 0.6595238095238095 0.4943820224719101 0.6678571428571428 0.46629213483146065 0.6083333333333333 0.4339887640449438
1 0.611904761904762 0.41853932584269665 0.680952380952381 0.4452247191011236 0.6857142857142857 0.40870786516853935 0.6202380952380953 0.3848314606741573
1 0.7011904761904761 0.3693820224719101 0.6892857142857143 0.39747191011235955 0.6285714285714286 0.3693820224719101 0.6404761904761904 0.33707865168539325
1 0.7309523809523809 0.33707865168539325 0.7345238095238096 0.30758426966292135 0.6714285714285714 0.2893258426966292 0.6642857142857143 0.32162921348314605
1 0.7392857142857143 0.2893258426966292 0.7476190476190476 0.2612359550561798 0.6833333333333333 0.2345505617977528 0.6738095238095239 0.2654494382022472
1 0.7547619047619047 0.24578651685393257 0.7619047619047619 0.21629213483146068 0.6952380952380952 0.1896067415730337 0.6880952380952381 0.21910112359550563