1 0.1392857142857143 0.20084269662921347 0.20238095238095238 0.1952247191011236 0.20238095238095238 0.16432584269662923 0.1392857142857143 0.16573033707865167
1 0.14047619047619048 0.24859550561797752 0.21428571428571427 0.25140449438202245 0.2154761904761905 0.2148876404494382 0.14047619047619048 0.2148876404494382
1 0.15714285714285714 0.3455056179775281 0.23095238095238096 0.34269662921348315 0.23095238095238096 0.31179775280898875 0.15714285714285714 0.3146067415730337
1 0.19404761904761905 0.4044943820224719 0.2571428571428571 0.3904494382022472 0.25476190476190474 0.36235955056179775 0.18928571428571428 0.375
1 0.19285714285714287 0.45786516853932585 0.25476190476190474 0.4508426966292135 0.25357142857142856 0.42134831460674155 0.19166666666666668 0.4241573033707865
1 0.18214285714285713 0.5042134831460674 0.2511904761904762 0.5 0.25 0.46629213483146065 0.18452380952380953 0.4691011235955056
1 0.19523809523809524 0.5660112359550562 0.25952380952380955 0.5491573033707865 0.25357142857142856 0.5168539325842697 0.19047619047619047 0.5308988764044944
1 0.3476190476190476 0.19382022471910113 0.4238095238095238 0.18679775280898878 0.4226190476190476 0.15589887640449437 0.35 0.16151685393258428
1 0.4857142857142857 0.24578651685393257 0.5154761904761904 0.24157303370786518 0.5119047619047619 0.15730337078651685 0.48333333333333334 0.15589887640449437
1 0.4297619047619048 0.34691011235955055 0.4595238095238095 0.34691011235955055 0.4595238095238095 0.26264044943820225 0.43333333333333335 0.26264044943820225
1 0.35119047619047616 0.2443820224719101 0.4154761904761905 0.23876404494382023 0.4142857142857143 0.20786516853932585 0.3488095238095238 0.21348314606741572
1 0.35119047619047616 0.29353932584269665 0.4154761904761905 0.29634831460674155 0.4166666666666667 0.26685393258426965 0.3535714285714286 0.2612359550561798
1 0.3547619047619048 0.33707865168539325 0.41309523809523807 0.3398876404494382 0.4154761904761905 0.3146067415730337 0.35595238095238096 0.3061797752808989
1 0.3380952380952381 0.398876404494382 0.4142857142857143 0.38342696629213485 0.4107142857142857 0.351123595505618 0.3345238095238095 0.3651685393258427
1 0.35 0.449438202247191 0.41785714285714287 0.43258426966292135 0.4119047619047619 0.4002808988764045 0.3464285714285714 0.4101123595505618
1 0.3476190476190476 0.5056179775280899 0.4166666666666667 0.5014044943820225 0.41785714285714287 0.4691011235955056 0.3464285714285714 0.4705056179775281
1 0.3547619047619048 0.5632022471910112 0.42023809523809524 0.5491573033707865 0.4166666666666667 0.5196629213483146 0.35119047619047616 0.5280898876404494
1 0.3523809523809524 0.601123595505618 0.4238095238095238 0.5941011235955056 0.42023809523809524 0.5589887640449438 0.3535714285714286 0.5617977528089888
1 0.35833333333333334 0.6362359550561798 0.42738095238095236 0.6348314606741573 0.4261904761904762 0.5997191011235955 0.3595238095238095 0.6025280898876404
1 0.36904761904761907 0.699438202247191 0.44642857142857145 0.6797752808988764 0.44047619047619047 0.648876404494382 0.36547619047619045 0.6657303370786517
1 0.37142857142857144 0.7514044943820225 0.43333333333333335 0.7387640449438202 0.42857142857142855 0.7092696629213483 0.36666666666666664 0.7205056179775281
1 0.20357142857142857 0.7359550561797753 0.2702380952380952 0.7162921348314607 0.2642857142857143 0.6853932584269663 0.1976190476190476 0.7008426966292135
1 0.20952380952380953 0.776685393258427 0.26904761904761904 0.776685393258427 0.2702380952380952 0.7471910112359551 0.20952380952380953 0.7429775280898876
1 0.1976190476190476 0.8188202247191011 0.2630952380952381 0.8160112359550562 0.2630952380952381 0.7879213483146067 0.1976190476190476 0.7851123595505618
1 0.18333333333333332 0.8679775280898876 0.2571428571428571 0.8707865168539326 0.26071428571428573 0.8342696629213483 0.18452380952380953 0.8342696629213483
1 0.37857142857142856 0.8117977528089888 0.45357142857142857 0.8117977528089888 0.45476190476190476 0.7780898876404494 0.3821428571428571 0.776685393258427
1 0.38333333333333336 0.8679775280898876 0.45595238095238094 0.8679775280898876 0.45595238095238094 0.8314606741573034 0.38095238095238093 0.8328651685393258
1 0.5059523809523809 0.875 0.5297619047619048 0.8792134831460674 0.5416666666666666 0.7921348314606742 0.5142857142857142 0.7879213483146067
1 0.6404761904761904 0.7359550561797753 0.705952380952381 0.7401685393258427 0.705952380952381 0.7092696629213483 0.6428571428571429 0.7050561797752809
1 0.6416666666666667 0.6896067415730337 0.7107142857142857 0.6896067415730337 0.7107142857142857 0.6587078651685393 0.6416666666666667 0.6573033707865169
1 0.6297619047619047 0.6221910112359551 0.6952380952380952 0.6207865168539326 0.6952380952380952 0.5898876404494382 0.6297619047619047 0.5926966292134831
1 0.6369047619047619 0.5407303370786517 0.7047619047619048 0.5617977528089888 0.7107142857142857 0.5280898876404494 0.6452380952380953 0.5042134831460674
1 0.6678571428571428 0.42837078651685395 0.7428571428571429 0.45365168539325845 0.75 0.42134831460674155 0.680952380952381 0.3960674157303371
1 0.6892857142857143 0.3806179775280899 0.7595238095238095 0.4101123595505618 0.7690476190476191 0.37640449438202245 0.6988095238095238 0.3497191011235955
1 0.7178571428571429 0.31320224719101125 0.7083333333333334 0.34129213483146065 0.7666666666666667 0.3651685393258427 0.7761904761904762 0.33286516853932585
1 0.8071428571428572 0.33286516853932585 0.7464285714285714 0.3061797752808989 0.7547619047619047 0.27668539325842695 0.8142857142857143 0.3061797752808989
1 0.8142857142857143 0.2794943820224719 0.8214285714285714 0.25 0.7690476190476191 0.22752808988764045 0.7595238095238095 0.25702247191011235
1 0.7785714285714286 0.18398876404494383 0.7714285714285715 0.21067415730337077 0.825 0.2345505617977528 0.8321428571428572 0.21067415730337077
1 0.8464285714285714 0.1896067415730337 0.8571428571428571 0.15589887640449437 0.7976190476190477 0.12780898876404495 0.7857142857142857 0.16292134831460675