1 0.13452380952380952 0.6685393258426966 0.15476190476190477 0.6558988764044944 0.125 0.5828651685393258 0.10595238095238095 0.598314606741573
1 0.20357142857142857 0.6839887640449438 0.2261904761904762 0.6741573033707865 0.2011904761904762 0.598314606741573 0.1761904761904762 0.6095505617977528
1 0.23333333333333334 0.6502808988764045 0.25595238095238093 0.6404494382022472 0.23452380952380952 0.5730337078651685 0.2130952380952381 0.5814606741573034
1 0.2773809523809524 0.6573033707865169 0.3011904761904762 0.6460674157303371 0.2785714285714286 0.5688202247191011 0.25357142857142856 0.5814606741573034
1 0.41904761904761906 0.5786516853932584 0.44166666666666665 0.5716292134831461 0.4261904761904762 0.49297752808988765 0.4023809523809524 0.5
1 0.45595238095238094 0.5688202247191011 0.4797619047619048 0.5632022471910112 0.475 0.4887640449438202 0.4452380952380952 0.49297752808988765
1 0.23452380952380952 0.8202247191011236 0.2988095238095238 0.800561797752809 0.29404761904761906 0.7710674157303371 0.22738095238095238 0.7935393258426966
1 0.24761904761904763 0.8651685393258427 0.3130952380952381 0.8370786516853933 0.30357142857142855 0.8061797752808989 0.23809523809523808 0.8328651685393258
1 0.6785714285714286 0.827247191011236 0.7345238095238096 0.8286516853932584 0.7333333333333333 0.7991573033707865 0.675 0.8019662921348315
1 0.6738095238095239 0.7808988764044944 0.736904761904762 0.7794943820224719 0.7357142857142858 0.7514044943820225 0.6761904761904762 0.7485955056179775
1 0.675 0.7247191011235955 0.7440476190476191 0.7289325842696629 0.7404761904761905 0.6938202247191011 0.675 0.6952247191011236
1 0.7333333333333333 0.6502808988764045 0.7976190476190477 0.651685393258427 0.7976190476190477 0.6207865168539326 0.7345238095238096 0.6179775280898876
1 0.7333333333333333 0.6025280898876404 0.7964285714285714 0.6053370786516854 0.7976190476190477 0.5730337078651685 0.7345238095238096 0.5716292134831461
1 0.7321428571428571 0.5617977528089888 0.7964285714285714 0.5617977528089888 0.7928571428571428 0.5323033707865169 0.7309523809523809 0.5323033707865169
1 0.7309523809523809 0.4901685393258427 0.7976190476190477 0.49157303370786515 0.7988095238095239 0.5280898876404494 0.7285714285714285 0.526685393258427
1 0.7357142857142858 0.4705056179775281 0.7952380952380952 0.47191011235955055 0.7964285714285714 0.4438202247191011 0.736904761904762 0.4396067415730337
1 0.7333333333333333 0.42275280898876405 0.8011904761904762 0.4199438202247191 0.7988095238095239 0.38764044943820225 0.7309523809523809 0.3890449438202247
1 0.7273809523809524 0.35814606741573035 0.794047619047619 0.37219101123595505 0.7976190476190477 0.3356741573033708 0.7321428571428571 0.32162921348314605
1 0.7428571428571429 0.3089887640449438 0.7988095238095239 0.31179775280898875 0.7976190476190477 0.2794943820224719 0.7416666666666667 0.27808988764044945
1 0.7321428571428571 0.26825842696629215 0.794047619047619 0.26825842696629215 0.794047619047619 0.23595505617977527 0.7321428571428571 0.23735955056179775
1 0.7214285714285714 0.21629213483146068 0.794047619047619 0.20646067415730338 0.7904761904761904 0.1797752808988764 0.7214285714285714 0.1853932584269663
1 0.7214285714285714 0.16853932584269662 0.7916666666666666 0.16292134831460675 0.7880952380952381 0.13202247191011235 0.7214285714285714 0.13342696629213482
1 0.430952380952381 0.20926966292134833 0.5023809523809524 0.20926966292134833 0.5035714285714286 0.17696629213483145 0.43333333333333335 0.17696629213483145
1 0.43214285714285716 0.25842696629213485 0.5 0.2542134831460674 0.5 0.22331460674157302 0.430952380952381 0.2205056179775281
1 0.44047619047619047 0.31320224719101125 0.5083333333333333 0.300561797752809 0.5035714285714286 0.26825842696629215 0.4369047619047619 0.27668539325842695
1 0.4154761904761905 0.375 0.48214285714285715 0.3792134831460674 0.48333333333333334 0.3455056179775281 0.41904761904761906 0.33848314606741575
1 0.4142857142857143 0.425561797752809 0.4845238095238095 0.4241573033707865 0.4845238095238095 0.39185393258426965 0.4142857142857143 0.39185393258426965
1 0.4119047619047619 0.48314606741573035 0.4785714285714286 0.4845505617977528 0.4785714285714286 0.4508426966292135 0.4142857142857143 0.449438202247191