1 0.3892857142857143 0.4747191011235955 0.4083333333333333 0.449438202247191 0.35119047619047616 0.40308988764044945 0.33214285714285713 0.4297752808988764
1 0.4797619047619048 0.4789325842696629 0.49404761904761907 0.45365168539325845 0.4357142857142857 0.41292134831460675 0.42142857142857143 0.4410112359550562
1 0.5714285714285714 0.5182584269662921 0.5892857142857143 0.4901685393258427 0.5238095238095238 0.4410112359550562 0.5095238095238095 0.46769662921348315
1 0.6369047619047619 0.5196629213483146 0.6511904761904762 0.4901685393258427 0.594047619047619 0.44662921348314605 0.5773809523809523 0.4747191011235955
1 0.6738095238095239 0.5014044943820225 0.7023809523809523 0.5014044943820225 0.7035714285714286 0.42275280898876405 0.6702380952380952 0.42134831460674155
1 0.7738095238095238 0.5070224719101124 0.8047619047619048 0.5014044943820225 0.7928571428571428 0.425561797752809 0.7654761904761904 0.42837078651685395
1 0.8071428571428572 0.4705056179775281 0.8333333333333334 0.47331460674157305 0.8333333333333334 0.39185393258426965 0.805952380952381 0.3904494382022472
1 0.8238095238095238 0.6811797752808989 0.8535714285714285 0.6839887640449438 0.8523809523809524 0.5997191011235955 0.825 0.5997191011235955
1 0.780952380952381 0.6713483146067416 0.8071428571428572 0.672752808988764 0.8083333333333333 0.6067415730337079 0.7845238095238095 0.6053370786516854
1 0.7321428571428571 0.6853932584269663 0.763095238095238 0.6896067415730337 0.7690476190476191 0.6081460674157303 0.7392857142857143 0.6025280898876404
3 0.6083333333333333 0.6797752808988764 0.6726190476190477 0.6025280898876404 0.6488095238095238 0.5758426966292135 0.5833333333333334 0.6558988764044944
1 0.5547619047619048 0.6741573033707865 0.5845238095238096 0.672752808988764 0.5845238095238096 0.5912921348314607 0.555952380952381 0.5898876404494382
1 0.5059523809523809 0.672752808988764 0.5345238095238095 0.6741573033707865 0.5416666666666666 0.5969101123595506 0.5107142857142857 0.5912921348314607
1 0.4607142857142857 0.6699438202247191 0.49166666666666664 0.6699438202247191 0.49166666666666664 0.5870786516853933 0.46190476190476193 0.5856741573033708
1 0.4238095238095238 0.6713483146067416 0.45595238095238094 0.6699438202247191 0.4523809523809524 0.5941011235955056 0.42023809523809524 0.5941011235955056
1 0.37976190476190474 0.675561797752809 0.40714285714285714 0.6797752808988764 0.4154761904761905 0.5926966292134831 0.3869047619047619 0.5898876404494382
1 0.3464285714285714 0.6671348314606742 0.3738095238095238 0.6671348314606742 0.3773809523809524 0.5800561797752809 0.3476190476190476 0.5800561797752809
2 0.30357142857142855 0.6699438202247191 0.3392857142857143 0.6671348314606742 0.3357142857142857 0.5561797752808989 0.2988095238095238 0.5561797752808989