1 0.1130952380952381 0.577247191011236 0.18452380952380953 0.5716292134831461 0.18214285714285713 0.5365168539325843 0.11071428571428571 0.5407303370786517
1 0.35 0.5112359550561798 0.4107142857142857 0.5112359550561798 0.4083333333333333 0.4803370786516854 0.35 0.48314606741573035
1 0.5916666666666667 0.44241573033707865 0.6166666666666667 0.4508426966292135 0.6321428571428571 0.38764044943820225 0.6071428571428571 0.375
2 0.375 0.5800561797752809 0.5226190476190476 0.5758426966292135 0.5214285714285715 0.5224719101123596 0.3761904761904762 0.5280898876404494
3 0.26071428571428573 0.6502808988764045 0.5166666666666667 0.6404494382022472 0.513095238095238 0.5955056179775281 0.2619047619047619 0.601123595505618
1 0.6857142857142857 0.5632022471910112 0.7547619047619047 0.5603932584269663 0.7571428571428571 0.526685393258427 0.6857142857142857 0.5252808988764045
1 0.7976190476190477 0.5884831460674157 0.8654761904761905 0.5856741573033708 0.8654761904761905 0.550561797752809 0.8 0.547752808988764
1 0.7535714285714286 0.6446629213483146 0.825 0.6418539325842697 0.8238095238095238 0.6053370786516854 0.7511904761904762 0.6053370786516854
1 0.6083333333333333 0.6432584269662921 0.6797619047619048 0.6404494382022472 0.680952380952381 0.6053370786516854 0.6107142857142858 0.6039325842696629
1 0.3976190476190476 0.8426966292134831 0.4714285714285714 0.8412921348314607 0.4738095238095238 0.8764044943820225 0.3976190476190476 0.8764044943820225
3 0.6547619047619048 0.8370786516853933 0.7452380952380953 0.8384831460674157 0.7488095238095238 0.8778089887640449 0.6583333333333333 0.8764044943820225