1 0.11190476190476191 0.476123595505618 0.16785714285714284 0.46348314606741575 0.16428571428571428 0.42837078651685395 0.10714285714285714 0.44241573033707865
1 0.11190476190476191 0.5589887640449438 0.17023809523809524 0.5519662921348315 0.16785714285714284 0.5182584269662921 0.11071428571428571 0.523876404494382
1 0.11190476190476191 0.6601123595505618 0.1773809523809524 0.6601123595505618 0.1773809523809524 0.6235955056179775 0.1130952380952381 0.6264044943820225
3 0.15714285714285714 0.827247191011236 0.1738095238095238 0.8019662921348315 0.10952380952380952 0.7373595505617978 0.08928571428571429 0.7668539325842697
1 0.11904761904761904 0.8342696629213483 0.18452380952380953 0.8356741573033708 0.18452380952380953 0.8665730337078652 0.11785714285714285 0.8651685393258427
1 0.594047619047619 0.19803370786516855 0.625 0.19241573033707865 0.6142857142857143 0.11797752808988764 0.5869047619047619 0.12219101123595505
1 0.5607142857142857 0.32724719101123595 0.5845238095238096 0.324438202247191 0.5797619047619048 0.2556179775280899 0.5547619047619048 0.25702247191011235
1 0.4773809523809524 0.4353932584269663 0.4714285714285714 0.4648876404494382 0.5273809523809524 0.476123595505618 0.5321428571428571 0.449438202247191
2 0.611904761904762 0.48174157303370785 0.6523809523809524 0.47331460674157305 0.6392857142857142 0.3047752808988764 0.5964285714285714 0.30758426966292135
3 0.6738095238095239 0.5280898876404494 0.7142857142857143 0.5224719101123596 0.6857142857142857 0.2303370786516854 0.6476190476190476 0.23595505617977527
2 0.8761904761904762 0.48314606741573035 0.8488095238095238 0.20224719101123595 0.8904761904761904 0.19803370786516855 0.9202380952380952 0.4747191011235955
1 0.8154761904761905 0.5294943820224719 0.8464285714285714 0.523876404494382 0.8369047619047619 0.43679775280898875 0.8095238095238095 0.4396067415730337
1 0.625 0.7387640449438202 0.6595238095238095 0.7331460674157303 0.6511904761904762 0.6474719101123596 0.6202380952380953 0.651685393258427
1 0.5833333333333334 0.7879213483146067 0.6154761904761905 0.7808988764044944 0.6047619047619047 0.6910112359550562 0.5761904761904761 0.6938202247191011
1 0.6440476190476191 0.7935393258426966 0.6738095238095239 0.7907303370786517 0.6785714285714286 0.8679775280898876 0.6488095238095238 0.875
1 0.7130952380952381 0.8553370786516854 0.7380952380952381 0.8539325842696629 0.7333333333333333 0.7710674157303371 0.705952380952381 0.7724719101123596