1 0.7166666666666667 0.19803370786516855 0.7452380952380953 0.1896067415730337 0.7285714285714285 0.11235955056179775 0.7023809523809523 0.12219101123595505
1 0.6678571428571428 0.17696629213483145 0.6964285714285714 0.175561797752809 0.6952380952380952 0.10814606741573034 0.6654761904761904 0.10674157303370786
2 0.55 0.4901685393258427 0.5607142857142857 0.45646067415730335 0.4928571428571429 0.41853932584269665 0.4797619047619048 0.44803370786516855
1 0.2488095238095238 0.39325842696629215 0.2630952380952381 0.3637640449438202 0.21071428571428572 0.3258426966292135 0.19404761904761905 0.35674157303370785
1 0.1380952380952381 0.5 0.1523809523809524 0.46629213483146065 0.0988095238095238 0.4297752808988764 0.08095238095238096 0.46207865168539325
2 0.16547619047619047 0.5955056179775281 0.18571428571428572 0.5589887640449438 0.0988095238095238 0.5014044943820225 0.08095238095238096 0.5407303370786517
1 0.20833333333333334 0.699438202247191 0.225 0.6629213483146067 0.16071428571428573 0.6278089887640449 0.14523809523809525 0.6615168539325843
1 0.32261904761904764 0.6235955056179775 0.3380952380952381 0.5884831460674157 0.2726190476190476 0.5463483146067416 0.25476190476190474 0.5814606741573034
1 0.4357142857142857 0.6980337078651685 0.44761904761904764 0.6601123595505618 0.38571428571428573 0.625 0.3726190476190476 0.6587078651685393
2 0.425 0.773876404494382 0.44285714285714284 0.7247191011235955 0.21904761904761905 0.5842696629213483 0.1976190476190476 0.6348314606741573
1 0.40714285714285714 0.8286516853932584 0.41904761904761906 0.8019662921348315 0.3630952380952381 0.7640449438202247 0.35 0.7935393258426966
1 0.3202380952380952 0.7949438202247191 0.33095238095238094 0.7682584269662921 0.2619047619047619 0.7275280898876404 0.2488095238095238 0.7556179775280899
1 0.6095238095238096 0.6825842696629213 0.6357142857142857 0.6896067415730337 0.6452380952380953 0.6081460674157303 0.6202380952380953 0.601123595505618