3 0.8107142857142857 0.2612359550561798 0.9297619047619048 0.2443820224719101 0.9226190476190477 0.20365168539325842 0.8047619047619048 0.21910112359550563
1 0.6083333333333333 0.3637640449438202 0.680952380952381 0.3539325842696629 0.6773809523809524 0.3202247191011236 0.6059523809523809 0.32865168539325845
0 0.7714285714285715 0.5056179775280899 0.9095238095238095 0.4803370786516854 0.9035714285714286 0.4353932584269663 0.763095238095238 0.4592696629213483
0 0.8464285714285714 0.6306179775280899 0.9119047619047619 0.6235955056179775 0.9107142857142857 0.5926966292134831 0.8416666666666667 0.5997191011235955
0 0.7642857142857142 0.6390449438202247 0.8226190476190476 0.6292134831460674 0.8178571428571428 0.5969101123595506 0.7583333333333333 0.6081460674157303
3 0.5071428571428571 0.6193820224719101 0.7607142857142857 0.5828651685393258 0.7571428571428571 0.5337078651685393 0.5 0.5660112359550562
1 0.6357142857142857 0.6657303370786517 0.7047619047619048 0.6502808988764045 0.7011904761904761 0.6193820224719101 0.6309523809523809 0.6306179775280899
1 0.5333333333333333 0.6685393258426966 0.5928571428571429 0.6587078651685393 0.5916666666666667 0.6278089887640449 0.525 0.6390449438202247
1 0.40595238095238095 0.6165730337078652 0.4714285714285714 0.6081460674157303 0.4714285714285714 0.5758426966292135 0.4035714285714286 0.5842696629213483
1 0.3678571428571429 0.5688202247191011 0.4369047619047619 0.5491573033707865 0.43214285714285716 0.5154494382022472 0.35595238095238096 0.5337078651685393
1 0.4369047619047619 0.6783707865168539 0.49642857142857144 0.6685393258426966 0.49047619047619045 0.6390449438202247 0.43333333333333335 0.6474719101123596
1 0.3535714285714286 0.6882022471910112 0.41904761904761906 0.6783707865168539 0.41309523809523807 0.6432584269662921 0.3476190476190476 0.6530898876404494
1 0.10714285714285714 0.7191011235955056 0.17261904761904762 0.7092696629213483 0.16785714285714284 0.672752808988764 0.1 0.6811797752808989