1 0.16547619047619047 0.42134831460674155 0.2369047619047619 0.41853932584269665 0.2369047619047619 0.3848314606741573 0.16666666666666666 0.3848314606741573
1 0.35595238095238096 0.4606741573033708 0.4261904761904762 0.46769662921348315 0.4297619047619048 0.4353932584269663 0.3595238095238095 0.425561797752809
1 0.13452380952380952 0.5702247191011236 0.20357142857142857 0.5660112359550562 0.20595238095238094 0.5337078651685393 0.13333333333333333 0.5337078651685393
1 0.09642857142857143 0.7289325842696629 0.15595238095238095 0.7289325842696629 0.15714285714285714 0.6980337078651685 0.09642857142857143 0.6938202247191011
1 0.25595238095238093 0.7401685393258427 0.3273809523809524 0.7359550561797753 0.3273809523809524 0.7050561797752809 0.25476190476190474 0.702247191011236
1 0.20595238095238094 0.8103932584269663 0.275 0.8117977528089888 0.2761904761904762 0.776685393258427 0.20952380952380953 0.7724719101123596
3 0.4238095238095238 0.7556179775280899 0.6857142857142857 0.7528089887640449 0.6857142857142857 0.7050561797752809 0.425 0.7050561797752809
1 0.525 0.8132022471910112 0.5904761904761905 0.8132022471910112 0.5916666666666667 0.7808988764044944 0.525 0.7780898876404494
1 0.736904761904762 0.8075842696629213 0.7988095238095239 0.8075842696629213 0.7964285714285714 0.7752808988764045 0.7357142857142858 0.7780898876404494
2 0.8023809523809524 0.75 0.9345238095238095 0.7485955056179775 0.9321428571428572 0.7008426966292135 0.8035714285714286 0.6980337078651685
1 0.8178571428571428 0.46629213483146065 0.888095238095238 0.4705056179775281 0.8904761904761904 0.43820224719101125 0.8202380952380952 0.425561797752809
1 0.6583333333333333 0.5589887640449438 0.7345238095238096 0.5575842696629213 0.7357142857142858 0.523876404494382 0.6571428571428571 0.5224719101123596