1 0.2571428571428571 0.26264044943820225 0.2857142857142857 0.25702247191011235 0.28095238095238095 0.17275280898876405 0.24761904761904763 0.175561797752809
1 0.2976190476190476 0.2612359550561798 0.33095238095238094 0.25842696629213485 0.32976190476190476 0.1797752808988764 0.2988095238095238 0.17696629213483145
1 0.3976190476190476 0.2050561797752809 0.4107142857142857 0.175561797752809 0.3476190476190476 0.14606741573033707 0.3392857142857143 0.17696629213483145
1 0.4 0.25702247191011235 0.4095238095238095 0.22612359550561797 0.3523809523809524 0.19662921348314608 0.3404761904761905 0.23174157303370788
1 0.5166666666666667 0.23174157303370788 0.5428571428571428 0.22331460674157302 0.5261904761904762 0.1502808988764045 0.4988095238095238 0.15730337078651685
1 0.3416666666666667 0.5702247191011236 0.3773809523809524 0.5140449438202247 0.35833333333333334 0.4957865168539326 0.32142857142857145 0.5463483146067416
1 0.15595238095238095 0.726123595505618 0.21071428571428572 0.6699438202247191 0.1869047619047619 0.6460674157303371 0.1380952380952381 0.702247191011236
1 0.44761904761904764 0.7443820224719101 0.5166666666666667 0.7008426966292135 0.5011904761904762 0.6699438202247191 0.43452380952380953 0.7134831460674157
1 0.5547619047619048 0.6825842696629213 0.6202380952380953 0.6573033707865169 0.6142857142857143 0.6278089887640449 0.5488095238095239 0.6502808988764045
1 0.7559523809523809 0.6334269662921348 0.8345238095238096 0.6334269662921348 0.8345238095238096 0.5997191011235955 0.7547619047619047 0.5997191011235955
1 0.75 0.5646067415730337 0.8321428571428572 0.5603932584269663 0.830952380952381 0.5280898876404494 0.7511904761904762 0.5294943820224719
3 0.7666666666666667 0.5042134831460674 0.85 0.49859550561797755 0.8476190476190476 0.45646067415730335 0.7642857142857142 0.4606741573033708