1 0.26666666666666666 0.19241573033707865 0.29285714285714287 0.19382022471910113 0.29285714285714287 0.11376404494382023 0.26785714285714285 0.11376404494382023
1 0.3011904761904762 0.16432584269662923 0.32976190476190476 0.16432584269662923 0.32976190476190476 0.09691011235955056 0.3011904761904762 0.09269662921348315
1 0.3380952380952381 0.16853932584269662 0.37142857142857144 0.16853932584269662 0.36904761904761907 0.09129213483146068 0.3380952380952381 0.09269662921348315
1 0.37857142857142856 0.16432584269662923 0.4107142857142857 0.16432584269662923 0.4107142857142857 0.09550561797752809 0.37857142857142856 0.09550561797752809
1 0.48214285714285715 0.2247191011235955 0.5071428571428571 0.2205056179775281 0.4988095238095238 0.15308988764044945 0.475 0.15730337078651685
1 0.5857142857142857 0.18679775280898878 0.6130952380952381 0.18679775280898878 0.6107142857142858 0.1151685393258427 0.5821428571428572 0.1151685393258427
1 0.26666666666666666 0.30337078651685395 0.29404761904761906 0.30196629213483145 0.29642857142857143 0.21910112359550563 0.26785714285714285 0.21769662921348315
1 0.30714285714285716 0.2907303370786517 0.3345238095238095 0.2893258426966292 0.3345238095238095 0.20786516853932585 0.30714285714285716 0.20646067415730338
1 0.38095238095238093 0.2443820224719101 0.4107142857142857 0.24297752808988765 0.4107142857142857 0.3258426966292135 0.37976190476190474 0.32724719101123595
1 0.46785714285714286 0.26264044943820225 0.4976190476190476 0.26264044943820225 0.5 0.3356741573033708 0.4714285714285714 0.33848314606741575
1 0.2642857142857143 0.4396067415730337 0.29642857142857143 0.43679775280898875 0.29285714285714287 0.3497191011235955 0.2642857142857143 0.34691011235955055
1 0.305952380952381 0.41151685393258425 0.3345238095238095 0.4101123595505618 0.33214285714285713 0.3258426966292135 0.3047619047619048 0.32865168539325845
1 0.3416666666666667 0.4101123595505618 0.3726190476190476 0.4101123595505618 0.37142857142857144 0.33286516853932585 0.3416666666666667 0.33286516853932585
1 0.37857142857142856 0.3497191011235955 0.41309523809523807 0.34831460674157305 0.4154761904761905 0.4311797752808989 0.38095238095238093 0.4339887640449438
1 0.4714285714285714 0.44241573033707865 0.5047619047619047 0.44241573033707865 0.5023809523809524 0.375 0.4714285714285714 0.37640449438202245
1 0.5952380952380952 0.4058988764044944 0.6238095238095238 0.40308988764044945 0.6178571428571429 0.3202247191011236 0.5880952380952381 0.324438202247191
1 0.5904761904761905 0.49859550561797755 0.6178571428571429 0.5056179775280899 0.6321428571428571 0.42134831460674155 0.6011904761904762 0.4143258426966292
3 0.3273809523809524 0.5393258426966292 0.35595238095238096 0.5365168539325843 0.35 0.4438202247191011 0.3238095238095238 0.44803370786516855
1 0.2702380952380952 0.5814606741573034 0.30357142857142855 0.5786516853932584 0.30238095238095236 0.4957865168539326 0.27380952380952384 0.49157303370786515
1 0.37976190476190474 0.5351123595505618 0.4083333333333333 0.5323033707865169 0.40714285714285714 0.449438202247191 0.37857142857142856 0.4508426966292135
1 0.48095238095238096 0.547752808988764 0.5095238095238095 0.5449438202247191 0.5011904761904762 0.4550561797752809 0.47023809523809523 0.4592696629213483
2 0.3202380952380952 0.8721910112359551 0.3726190476190476 0.8721910112359551 0.3607142857142857 0.5589887640449438 0.31785714285714284 0.5617977528089888
1 0.2 0.7682584269662921 0.25595238095238093 0.7219101123595506 0.2392857142857143 0.6910112359550562 0.18571428571428572 0.7401685393258427
1 0.2130952380952381 0.8075842696629213 0.2702380952380952 0.7668539325842697 0.25595238095238093 0.7373595505617978 0.2011904761904762 0.7794943820224719
1 0.275 0.8174157303370787 0.305952380952381 0.8174157303370787 0.30357142857142855 0.7345505617977528 0.275 0.7345505617977528
1 0.42142857142857143 0.7443820224719101 0.4988095238095238 0.7471910112359551 0.4976190476190476 0.7106741573033708 0.4226190476190476 0.7092696629213483
1 0.43452380952380953 0.7485955056179775 0.4226190476190476 0.7837078651685393 0.49166666666666664 0.8103932584269663 0.5 0.776685393258427
1 0.4297619047619048 0.8202247191011236 0.4166666666666667 0.8497191011235955 0.48333333333333334 0.8806179775280899 0.4928571428571429 0.8525280898876404
1 0.725 0.7865168539325843 0.7547619047619047 0.7851123595505618 0.7583333333333333 0.8651685393258427 0.7273809523809524 0.8637640449438202
1 0.6678571428571428 0.824438202247191 0.7178571428571429 0.7640449438202247 0.7 0.7373595505617978 0.6476190476190476 0.7991573033707865
1 0.5476190476190477 0.7935393258426966 0.580952380952381 0.7921348314606742 0.580952380952381 0.7050561797752809 0.5488095238095239 0.7050561797752809
1 0.5083333333333333 0.7359550561797753 0.5321428571428571 0.7387640449438202 0.5428571428571428 0.6587078651685393 0.513095238095238 0.6544943820224719
1 0.5916666666666667 0.7598314606741573 0.6178571428571429 0.7598314606741573 0.6166666666666667 0.675561797752809 0.5892857142857143 0.6769662921348315
1 0.6488095238095238 0.7162921348314607 0.7011904761904761 0.6587078651685393 0.680952380952381 0.6362359550561798 0.6297619047619047 0.6910112359550562
1 0.6547619047619048 0.7682584269662921 0.7071428571428572 0.7106741573033708 0.6880952380952381 0.6867977528089888 0.6357142857142857 0.7485955056179775
1 0.8523809523809524 0.7710674157303371 0.905952380952381 0.7359550561797753 0.8916666666666667 0.7078651685393258 0.8380952380952381 0.7457865168539326
1 0.8476190476190476 0.675561797752809 0.8988095238095238 0.6292134831460674 0.8833333333333333 0.6025280898876404 0.8297619047619048 0.651685393258427
1 0.8321428571428572 0.6095505617977528 0.8785714285714286 0.5449438202247191 0.9011904761904762 0.5702247191011236 0.8523809523809524 0.6292134831460674
3 0.8476190476190476 0.5716292134831461 0.8904761904761904 0.5112359550561798 0.8690476190476191 0.48735955056179775 0.8297619047619048 0.5533707865168539
1 0.8071428571428572 0.5210674157303371 0.8452380952380952 0.45365168539325845 0.8678571428571429 0.4691011235955056 0.8297619047619048 0.5407303370786517
1 0.8095238095238095 0.4901685393258427 0.85 0.425561797752809 0.830952380952381 0.4044943820224719 0.7904761904761904 0.4691011235955056
1 0.7404761904761905 0.5252808988764045 0.7761904761904762 0.4705056179775281 0.7571428571428571 0.4508426966292135 0.7202380952380952 0.5112359550561798
1 0.8035714285714286 0.425561797752809 0.8547619047619047 0.3693820224719101 0.8380952380952381 0.3455056179775281 0.7857142857142857 0.39747191011235955
1 0.7976190476190477 0.3707865168539326 0.85 0.32303370786516855 0.8321428571428572 0.29634831460674155 0.7797619047619048 0.33848314606741575
1 0.7904761904761904 0.3202247191011236 0.85 0.2654494382022472 0.8357142857142857 0.24157303370786518 0.7773809523809524 0.29353932584269665
1 0.7928571428571428 0.2696629213483146 0.8416666666666667 0.22752808988764045 0.8285714285714286 0.2050561797752809 0.7785714285714286 0.24719101123595505
1 0.7904761904761904 0.17275280898876405 0.8416666666666667 0.12780898876404495 0.825 0.10533707865168539 0.775 0.14325842696629212
1 0.7880952380952381 0.21348314606741572 0.8452380952380952 0.17696629213483145 0.8333333333333334 0.1502808988764045 0.7773809523809524 0.18679775280898878
1 0.675 0.24297752808988765 0.7035714285714286 0.23735955056179775 0.6988095238095238 0.1544943820224719 0.6678571428571428 0.1544943820224719