2 0.2988095238095238 0.2907303370786517 0.3416666666666667 0.28792134831460675 0.3404761904761905 0.10674157303370786 0.2988095238095238 0.10674157303370786
1 0.18452380952380953 0.273876404494382 0.2369047619047619 0.23174157303370788 0.2226190476190476 0.20365168539325842 0.16904761904761906 0.25
1 0.5238095238095238 0.20224719101123595 0.5476190476190477 0.20224719101123595 0.5464285714285714 0.13764044943820225 0.5202380952380953 0.1348314606741573
1 0.48333333333333334 0.26685393258426965 0.5107142857142857 0.2640449438202247 0.5047619047619047 0.19101123595505617 0.4773809523809524 0.19101123595505617
1 0.19285714285714287 0.32162921348314605 0.2488095238095238 0.2794943820224719 0.23333333333333334 0.25280898876404495 0.17976190476190476 0.29353932584269665
1 0.25 0.324438202247191 0.28214285714285714 0.32724719101123595 0.28214285714285714 0.2443820224719101 0.2523809523809524 0.24578651685393257
1 0.17142857142857143 0.4311797752808989 0.23452380952380952 0.40730337078651685 0.22857142857142856 0.375 0.16428571428571428 0.40308988764044945
1 0.17023809523809524 0.48314606741573035 0.2392857142857143 0.45786516853932585 0.23333333333333334 0.42696629213483145 0.16428571428571428 0.4508426966292135
1 0.17261904761904762 0.5463483146067416 0.24166666666666667 0.5014044943820225 0.22857142857142856 0.476123595505618 0.16071428571428573 0.5126404494382022
1 0.1738095238095238 0.5969101123595506 0.22976190476190475 0.5603932584269663 0.21904761904761905 0.5294943820224719 0.16071428571428573 0.5702247191011236
1 0.1738095238095238 0.6601123595505618 0.23214285714285715 0.6165730337078652 0.22142857142857142 0.5870786516853933 0.1595238095238095 0.6320224719101124
1 0.1773809523809524 0.6952247191011236 0.24166666666666667 0.6699438202247191 0.23095238095238096 0.6390449438202247 0.16547619047619047 0.6657303370786517
1 0.16904761904761906 0.7584269662921348 0.2369047619047619 0.7219101123595506 0.2261904761904762 0.6924157303370787 0.1619047619047619 0.7275280898876404
1 0.1619047619047619 0.8595505617977528 0.2011904761904762 0.8047752808988764 0.18452380952380953 0.7837078651685393 0.1392857142857143 0.8398876404494382
1 0.2916666666666667 0.8103932584269663 0.32142857142857145 0.8089887640449438 0.3202380952380952 0.8820224719101124 0.2916666666666667 0.8792134831460674
1 0.3380952380952381 0.824438202247191 0.36547619047619045 0.827247191011236 0.36428571428571427 0.8862359550561798 0.3357142857142857 0.8834269662921348
1 0.3952380952380952 0.851123595505618 0.46904761904761905 0.8792134831460674 0.4773809523809524 0.8455056179775281 0.4035714285714286 0.8174157303370787
1 0.5392857142857143 0.8047752808988764 0.5166666666666667 0.824438202247191 0.5511904761904762 0.8834269662921348 0.569047619047619 0.8707865168539326
1 0.7 0.8497191011235955 0.7261904761904762 0.8398876404494382 0.7047619047619048 0.7598314606741573 0.675 0.7710674157303371
1 0.24166666666666667 0.7485955056179775 0.27380952380952384 0.7598314606741573 0.29404761904761906 0.675561797752809 0.2630952380952381 0.6601123595505618
1 0.2988095238095238 0.773876404494382 0.32976190476190476 0.7794943820224719 0.3357142857142857 0.7092696629213483 0.30833333333333335 0.7050561797752809
1 0.34523809523809523 0.7654494382022472 0.3761904761904762 0.7654494382022472 0.3761904761904762 0.6811797752808989 0.3464285714285714 0.6825842696629213
1 0.4107142857142857 0.7668539325842697 0.3964285714285714 0.7907303370786517 0.45476190476190476 0.8258426966292135 0.4642857142857143 0.7963483146067416
1 0.4797619047619048 0.7823033707865169 0.5511904761904762 0.7443820224719101 0.5428571428571428 0.7148876404494382 0.47023809523809523 0.7528089887640449
1 0.4583333333333333 0.7359550561797753 0.4714285714285714 0.7106741573033708 0.41309523809523807 0.6643258426966292 0.39880952380952384 0.6896067415730337
1 0.46190476190476193 0.672752808988764 0.475 0.6432584269662921 0.41309523809523807 0.6095505617977528 0.3976190476190476 0.6376404494382022
1 0.35 0.6025280898876404 0.37857142857142856 0.601123595505618 0.37857142857142856 0.5210674157303371 0.3488095238095238 0.5210674157303371
1 0.30238095238095236 0.675561797752809 0.32857142857142857 0.6797752808988764 0.3404761904761905 0.5912921348314607 0.3142857142857143 0.5870786516853933
1 0.2726190476190476 0.6165730337078652 0.30357142857142855 0.6193820224719101 0.3119047619047619 0.5463483146067416 0.28214285714285714 0.5407303370786517
1 0.28809523809523807 0.4845505617977528 0.32142857142857145 0.4859550561797753 0.3238095238095238 0.39747191011235955 0.29285714285714287 0.3946629213483146
1 0.39880952380952384 0.2542134831460674 0.4714285714285714 0.25702247191011235 0.4714285714285714 0.22331460674157302 0.4 0.2205056179775281
1 0.3964285714285714 0.2893258426966292 0.4642857142857143 0.3202247191011236 0.475 0.28792134831460675 0.40714285714285714 0.2598314606741573
1 0.39166666666666666 0.35814606741573035 0.4583333333333333 0.3904494382022472 0.46785714285714286 0.3609550561797753 0.4011904761904762 0.32724719101123595
1 0.3952380952380952 0.41713483146067415 0.4595238095238095 0.449438202247191 0.46904761904761905 0.41292134831460675 0.40595238095238095 0.38342696629213485
1 0.4035714285714286 0.44803370786516855 0.3892857142857143 0.47752808988764045 0.45714285714285713 0.5098314606741573 0.4666666666666667 0.48174157303370785
1 0.5357142857142857 0.4199438202247191 0.5107142857142857 0.43679775280898875 0.5547619047619048 0.5070224719101124 0.5761904761904761 0.4901685393258427
1 0.4011904761904762 0.5014044943820225 0.3904761904761905 0.5323033707865169 0.4523809523809524 0.5646067415730337 0.46190476190476193 0.5379213483146067
1 0.40595238095238095 0.5463483146067416 0.3880952380952381 0.5870786516853933 0.4595238095238095 0.6193820224719101 0.47023809523809523 0.5842696629213483
1 0.5261904761904762 0.6376404494382022 0.5547619047619048 0.6292134831460674 0.5416666666666666 0.5449438202247191 0.5107142857142857 0.5533707865168539
1 0.575 0.6292134831460674 0.6333333333333333 0.6081460674157303 0.6261904761904762 0.5786516853932584 0.5678571428571428 0.5969101123595506
1 0.5785714285714286 0.7373595505617978 0.5976190476190476 0.7162921348314607 0.5476190476190477 0.6530898876404494 0.5273809523809524 0.675561797752809
1 0.6226190476190476 0.7092696629213483 0.6488095238095238 0.7050561797752809 0.6416666666666667 0.6179775280898876 0.6083333333333333 0.625
1 0.6607142857142857 0.7205056179775281 0.6904761904761905 0.7162921348314607 0.6869047619047619 0.6390449438202247 0.6583333333333333 0.6418539325842697
1 0.7107142857142857 0.702247191011236 0.7392857142857143 0.6966292134831461 0.7321428571428571 0.6137640449438202 0.7023809523809523 0.6165730337078652
1 0.7833333333333333 0.6839887640449438 0.8119047619047619 0.6825842696629213 0.8107142857142857 0.6123595505617978 0.7833333333333333 0.6123595505617978
1 0.8273809523809523 0.6938202247191011 0.8559523809523809 0.6882022471910112 0.8476190476190476 0.601123595505618 0.8154761904761905 0.6095505617977528
1 0.8690476190476191 0.6924157303370787 0.8952380952380953 0.6867977528089888 0.8833333333333333 0.6081460674157303 0.8559523809523809 0.6151685393258427
1 0.8559523809523809 0.4789325842696629 0.8845238095238095 0.4789325842696629 0.8809523809523809 0.39747191011235955 0.8535714285714285 0.398876404494382
1 0.8202380952380952 0.4789325842696629 0.8464285714285714 0.48174157303370785 0.8464285714285714 0.4058988764044944 0.819047619047619 0.40308988764044945
1 0.7833333333333333 0.49157303370786515 0.8130952380952381 0.49157303370786515 0.8107142857142857 0.4101123595505618 0.7833333333333333 0.41151685393258425
1 0.7428571428571429 0.4901685393258427 0.7726190476190476 0.49157303370786515 0.775 0.4058988764044944 0.7440476190476191 0.40308988764044945
1 0.6964285714285714 0.47331460674157305 0.7285714285714285 0.47331460674157305 0.7285714285714285 0.38764044943820225 0.694047619047619 0.3890449438202247
1 0.6416666666666667 0.46769662921348315 0.6869047619047619 0.4143258426966292 0.6666666666666666 0.38764044943820225 0.6202380952380953 0.44241573033707865
1 0.6 0.43679775280898875 0.6226190476190476 0.42837078651685395 0.6071428571428571 0.34691011235955055 0.5785714285714286 0.35814606741573035
1 0.5630952380952381 0.27247191011235955 0.5904761904761905 0.27247191011235955 0.5880952380952381 0.19241573033707865 0.5619047619047619 0.19241573033707865
1 0.6190476190476191 0.22893258426966293 0.669047619047619 0.17696629213483145 0.6523809523809524 0.1544943820224719 0.5976190476190476 0.2050561797752809
1 0.6238095238095238 0.28230337078651685 0.6738095238095239 0.22612359550561797 0.6583333333333333 0.20224719101123595 0.6047619047619047 0.2598314606741573
1 0.638095238095238 0.3356741573033708 0.6880952380952381 0.2752808988764045 0.6642857142857143 0.25280898876404495 0.6130952380952381 0.31320224719101125
1 0.8107142857142857 0.199438202247191 0.8607142857142858 0.15308988764044945 0.8416666666666667 0.12780898876404495 0.7892857142857143 0.175561797752809
1 0.8166666666666667 0.2893258426966292 0.8785714285714286 0.25 0.8630952380952381 0.2205056179775281 0.8023809523809524 0.2640449438202247
1 0.6952380952380952 0.29775280898876405 0.7238095238095238 0.29775280898876405 0.7261904761904762 0.3806179775280899 0.6964285714285714 0.3792134831460674