1 0.3678571428571429 0.19382022471910113 0.3976190476190476 0.19382022471910113 0.3976190476190476 0.1151685393258427 0.36547619047619045 0.11797752808988764
0 0.42023809523809524 0.1896067415730337 0.46190476190476193 0.1853932584269663 0.45476190476190476 0.07443820224719101 0.4166666666666667 0.07724719101123595
1 0.48095238095238096 0.2401685393258427 0.5119047619047619 0.23876404494382023 0.5119047619047619 0.1544943820224719 0.48214285714285715 0.15308988764044945
1 0.5702380952380952 0.24859550561797752 0.6011904761904762 0.25 0.6023809523809524 0.1699438202247191 0.5702380952380952 0.1699438202247191
1 0.3678571428571429 0.29775280898876405 0.3952380952380952 0.2991573033707865 0.3952380952380952 0.2247191011235955 0.36666666666666664 0.22331460674157302
1 0.44285714285714284 0.28370786516853935 0.4738095238095238 0.28230337078651685 0.475 0.20786516853932585 0.444047619047619 0.20786516853932585
1 0.48214285714285715 0.26825842696629215 0.5119047619047619 0.26685393258426965 0.5119047619047619 0.34269662921348315 0.48333333333333334 0.3441011235955056
1 0.3678571428571429 0.3188202247191011 0.3976190476190476 0.3188202247191011 0.39880952380952384 0.4044943820224719 0.3678571428571429 0.40730337078651685
1 0.4142857142857143 0.3047752808988764 0.44166666666666665 0.3047752808988764 0.44285714285714284 0.3904494382022472 0.41309523809523807 0.3904494382022472
1 0.48095238095238096 0.37640449438202245 0.5095238095238095 0.375 0.5142857142857142 0.46348314606741575 0.48333333333333334 0.46629213483146065
1 0.5761904761904761 0.4058988764044944 0.6095238095238096 0.4044943820224719 0.6071428571428571 0.3188202247191011 0.5785714285714286 0.3202247191011236
1 0.42857142857142855 0.5014044943820225 0.46190476190476193 0.5014044943820225 0.4595238095238095 0.41713483146067415 0.43214285714285716 0.4157303370786517
1 0.3726190476190476 0.4648876404494382 0.4011904761904762 0.4648876404494382 0.4011904761904762 0.550561797752809 0.36904761904761907 0.5519662921348315
1 0.37023809523809526 0.5617977528089888 0.3976190476190476 0.5589887640449438 0.39880952380952384 0.6278089887640449 0.3726190476190476 0.6306179775280899
2 0.4845238095238095 0.6123595505617978 0.5226190476190476 0.6123595505617978 0.5226190476190476 0.49719101123595505 0.48214285714285715 0.49719101123595505
1 0.4357142857142857 0.5547752808988764 0.4642857142857143 0.5547752808988764 0.4654761904761905 0.6446629213483146 0.4380952380952381 0.6460674157303371
1 0.29285714285714287 0.7317415730337079 0.3678571428571429 0.7162921348314607 0.3630952380952381 0.6797752808988764 0.28809523809523807 0.6966292134831461
1 0.29642857142857143 0.7893258426966292 0.3595238095238095 0.7556179775280899 0.35 0.7247191011235955 0.28809523809523807 0.7514044943820225
1 0.30357142857142855 0.8412921348314607 0.37023809523809526 0.8103932584269663 0.3595238095238095 0.7808988764044944 0.2916666666666667 0.8132022471910112
1 0.3238095238095238 0.8848314606741573 0.37857142857142856 0.851123595505618 0.36428571428571427 0.8202247191011236 0.30952380952380953 0.8581460674157303
1 0.38333333333333336 0.8019662921348315 0.41309523809523807 0.800561797752809 0.4107142857142857 0.8778089887640449 0.38452380952380955 0.875
1 0.4369047619047619 0.7345505617977528 0.46904761904761905 0.7345505617977528 0.47023809523809523 0.8230337078651685 0.4369047619047619 0.8230337078651685
1 0.49404761904761907 0.6769662921348315 0.5238095238095238 0.675561797752809 0.5261904761904762 0.7556179775280899 0.49523809523809526 0.7570224719101124
1 0.5904761904761905 0.7794943820224719 0.625 0.7808988764044944 0.6238095238095238 0.8721910112359551 0.5916666666666667 0.8735955056179775
1 0.5892857142857143 0.6587078651685393 0.6214285714285714 0.6601123595505618 0.6238095238095238 0.7471910112359551 0.5916666666666667 0.7485955056179775
1 0.5845238095238096 0.46348314606741575 0.6142857142857143 0.4648876404494382 0.6154761904761905 0.5575842696629213 0.5845238095238096 0.5575842696629213
1 0.6428571428571429 0.5 0.669047619047619 0.49859550561797755 0.6726190476190477 0.577247191011236 0.6452380952380953 0.5800561797752809
1 0.7083333333333334 0.523876404494382 0.736904761904762 0.5210674157303371 0.7392857142857143 0.6067415730337079 0.7095238095238096 0.6039325842696629
1 0.6988095238095238 0.398876404494382 0.7261904761904762 0.3960674157303371 0.7333333333333333 0.48314606741573035 0.7047619047619048 0.4887640449438202