1 0.36904761904761907 0.17696629213483145 0.4023809523809524 0.17837078651685392 0.4011904761904762 0.10674157303370786 0.3726190476190476 0.10393258426966293
1 0.43333333333333335 0.11797752808988764 0.4630952380952381 0.11657303370786516 0.4642857142857143 0.20224719101123595 0.43452380952380953 0.20224719101123595
1 0.4785714285714286 0.12359550561797752 0.5095238095238095 0.12219101123595505 0.5095238095238095 0.20926966292134833 0.4797619047619048 0.20646067415730338
1 0.3678571428571429 0.1952247191011236 0.39404761904761904 0.1952247191011236 0.3952380952380952 0.2710674157303371 0.36904761904761907 0.27247191011235955
1 0.42857142857142855 0.22612359550561797 0.45595238095238094 0.22612359550561797 0.4583333333333333 0.2991573033707865 0.42857142857142855 0.2991573033707865
1 0.4869047619047619 0.25280898876404495 0.5119047619047619 0.25140449438202245 0.5190476190476191 0.3342696629213483 0.48928571428571427 0.33707865168539325
1 0.3678571428571429 0.30196629213483145 0.4 0.30196629213483145 0.4011904761904762 0.3848314606741573 0.3678571428571429 0.3862359550561798
1 0.4369047619047619 0.35814606741573035 0.46785714285714286 0.35674157303370785 0.46785714285714286 0.43820224719101125 0.4380952380952381 0.4410112359550562
1 0.49047619047619045 0.35814606741573035 0.5202380952380953 0.35814606741573035 0.5238095238095238 0.4410112359550562 0.49166666666666664 0.44241573033707865
1 0.3726190476190476 0.42837078651685395 0.40595238095238095 0.42837078651685395 0.40595238095238095 0.5084269662921348 0.3738095238095238 0.5112359550561798
1 0.3678571428571429 0.5210674157303371 0.3964285714285714 0.5112359550561798 0.41785714285714287 0.5969101123595506 0.38452380952380955 0.6095505617977528
1 0.3773809523809524 0.6067415730337079 0.4095238095238095 0.6053370786516854 0.4095238095238095 0.6896067415730337 0.375 0.6896067415730337
1 0.49166666666666664 0.5323033707865169 0.525 0.5308988764044944 0.5261904761904762 0.6137640449438202 0.4928571428571429 0.6165730337078652
0 0.43214285714285716 0.5884831460674157 0.4714285714285714 0.5884831460674157 0.4797619047619048 0.776685393258427 0.4392857142857143 0.7808988764044944
1 0.38095238095238093 0.7247191011235955 0.40714285714285714 0.7247191011235955 0.4083333333333333 0.7991573033707865 0.3821428571428571 0.8019662921348315
1 0.3821428571428571 0.8258426966292135 0.4095238095238095 0.824438202247191 0.4083333333333333 0.8848314606741573 0.38095238095238093 0.8876404494382022
1 0.5011904761904762 0.7724719101123596 0.530952380952381 0.7724719101123596 0.530952380952381 0.8497191011235955 0.4988095238095238 0.8497191011235955
1 0.4976190476190476 0.648876404494382 0.5261904761904762 0.648876404494382 0.5273809523809524 0.7387640449438202 0.4976190476190476 0.7401685393258427
1 0.5880952380952381 0.6671348314606742 0.6202380952380953 0.6671348314606742 0.6226190476190476 0.7514044943820225 0.5892857142857143 0.7528089887640449
1 0.7095238095238096 0.48314606741573035 0.736904761904762 0.48174157303370785 0.7392857142857143 0.5533707865168539 0.7130952380952381 0.5547752808988764
1 0.6321428571428571 0.23314606741573032 0.6619047619047619 0.23174157303370788 0.6666666666666666 0.3146067415730337 0.6333333333333333 0.31741573033707865