1 0.3 0.17275280898876405 0.34285714285714286 0.12359550561797752 0.32142857142857145 0.10252808988764045 0.28095238095238095 0.1502808988764045
1 0.3202380952380952 0.20365168539325842 0.36428571428571427 0.15730337078651685 0.3476190476190476 0.13342696629213482 0.3011904761904762 0.17837078651685392
1 0.35714285714285715 0.22191011235955055 0.4095238095238095 0.17837078651685392 0.39285714285714285 0.1502808988764045 0.3380952380952381 0.1952247191011236
1 0.4738095238095238 0.20786516853932585 0.5011904761904762 0.199438202247191 0.4880952380952381 0.12921348314606743 0.46190476190476193 0.13342696629213482
1 0.430952380952381 0.26264044943820225 0.45595238095238094 0.2598314606741573 0.4523809523809524 0.18398876404494383 0.42857142857142855 0.18398876404494383
1 0.37976190476190474 0.3342696629213483 0.4107142857142857 0.33286516853932585 0.40714285714285714 0.24578651685393257 0.37976190476190474 0.24859550561797752
1 0.43333333333333335 0.4143258426966292 0.4607142857142857 0.4199438202247191 0.47619047619047616 0.32724719101123595 0.4452380952380952 0.32162921348314605
1 0.4738095238095238 0.36235955056179775 0.5083333333333333 0.3553370786516854 0.5142857142857142 0.45224719101123595 0.48333333333333334 0.4550561797752809
1 0.3761904761904762 0.45646067415730335 0.40595238095238095 0.4550561797752809 0.4035714285714286 0.37219101123595505 0.3761904761904762 0.37359550561797755
1 0.43214285714285716 0.5280898876404494 0.4607142857142857 0.5294943820224719 0.4666666666666667 0.4452247191011236 0.4392857142857143 0.44241573033707865
1 0.3821428571428571 0.577247191011236 0.4095238095238095 0.5758426966292135 0.40595238095238095 0.49157303370786515 0.38095238095238093 0.4901685393258427
1 0.4738095238095238 0.5941011235955056 0.5035714285714286 0.5898876404494382 0.4928571428571429 0.49859550561797755 0.4630952380952381 0.5028089887640449
1 0.42738095238095236 0.6601123595505618 0.4583333333333333 0.6573033707865169 0.4523809523809524 0.5758426966292135 0.425 0.5786516853932584
1 0.37857142857142856 0.6039325842696629 0.40714285714285714 0.6025280898876404 0.4119047619047619 0.6882022471910112 0.3773809523809524 0.6910112359550562
1 0.3904761904761905 0.7036516853932584 0.42023809523809524 0.7036516853932584 0.42023809523809524 0.7921348314606742 0.3892857142857143 0.7907303370786517
1 0.3773809523809524 0.7963483146067416 0.4107142857142857 0.797752808988764 0.41309523809523807 0.8862359550561798 0.37857142857142856 0.8848314606741573
1 0.4380952380952381 0.7879213483146067 0.47023809523809523 0.7851123595505618 0.47023809523809523 0.8707865168539326 0.4369047619047619 0.8721910112359551
1 0.48333333333333334 0.7837078651685393 0.513095238095238 0.7865168539325843 0.5202380952380953 0.6952247191011236 0.49166666666666664 0.6910112359550562
1 0.6416666666666667 0.6306179775280899 0.6738095238095239 0.6320224719101124 0.675 0.7289325842696629 0.6416666666666667 0.7289325842696629
1 0.5880952380952381 0.5 0.6166666666666667 0.5 0.6178571428571429 0.5884831460674157 0.5869047619047619 0.5898876404494382