1 0.5357142857142857 0.16292134831460675 0.02619047619047619 0.07303370786516854
1 0.5875 0.19452247191011235 0.03214285714285714 0.0800561797752809
1 0.775 0.18820224719101122 0.030952380952380953 0.08146067415730338
1 0.530952380952381 0.3167134831460674 0.03333333333333333 0.08567415730337079
1 0.6011904761904762 0.32162921348314605 0.03333333333333333 0.08426966292134831
1 0.5964285714285714 0.42837078651685395 0.030952380952380953 0.08707865168539326
1 0.4851190476190476 0.49719101123595505 0.034523809523809526 0.0898876404494382
0 0.5238095238095238 0.598314606741573 0.5166666666666667 0.38342696629213485 0.555952380952381 0.38342696629213485 0.5607142857142857 0.598314606741573
1 0.5797619047619048 0.6081460674157303 0.575 0.5182584269662921 0.6059523809523809 0.5154494382022472 0.611904761904762 0.6039325842696629
1 0.5297619047619048 0.7050561797752809 0.5285714285714286 0.6151685393258427 0.5607142857142857 0.6151685393258427 0.5595238095238095 0.702247191011236
2 0.6488095238095238 0.7528089887640449 0.6416666666666667 0.5617977528089888 0.680952380952381 0.5589887640449438 0.6916666666666667 0.7514044943820225
3 0.6029761904761904 0.7478932584269663 0.039285714285714285 0.14747191011235955
1 0.5422619047619047 0.7717696629213483 0.02976190476190476 0.08567415730337079
1 0.493452380952381 0.8405898876404494 0.02976190476190476 0.08567415730337079