2 0.49404761904761907 0.28230337078651685 0.5333333333333333 0.2808988764044944 0.530952380952381 0.10533707865168539 0.49047619047619045 0.10533707865168539
1 0.5583333333333333 0.16853932584269662 0.5869047619047619 0.16713483146067415 0.5833333333333334 0.10533707865168539 0.5547619047619048 0.10533707865168539
1 0.5607142857142857 0.28230337078651685 0.5916666666666667 0.28370786516853935 0.5880952380952381 0.199438202247191 0.5595238095238095 0.20365168539325842
1 0.7297619047619047 0.2949438202247191 0.7571428571428571 0.2949438202247191 0.7535714285714286 0.22191011235955055 0.7285714285714285 0.22331460674157302
1 0.4607142857142857 0.45224719101123595 0.45 0.3651685393258427 0.48214285714285715 0.3595505617977528 0.4928571428571429 0.449438202247191
1 0.5107142857142857 0.40168539325842695 0.5416666666666666 0.39747191011235955 0.5404761904761904 0.32162921348314605 0.5071428571428571 0.324438202247191
1 0.5595238095238095 0.3089887640449438 0.5583333333333333 0.39325842696629215 0.5928571428571429 0.39325842696629215 0.5892857142857143 0.30758426966292135
1 0.5047619047619047 0.4410112359550562 0.5059523809523809 0.5252808988764045 0.5357142857142857 0.526685393258427 0.530952380952381 0.43820224719101125
1 0.5630952380952381 0.44241573033707865 0.5630952380952381 0.5294943820224719 0.5952380952380952 0.5294943820224719 0.5928571428571429 0.44241573033707865
1 0.8202380952380952 0.49157303370786515 0.85 0.4901685393258427 0.8464285714285714 0.4157303370786517 0.819047619047619 0.4157303370786517
1 0.425 0.6390449438202247 0.45476190476190476 0.6376404494382022 0.4523809523809524 0.5449438202247191 0.4238095238095238 0.5463483146067416
1 0.5071428571428571 0.5617977528089888 0.5333333333333333 0.5617977528089888 0.5333333333333333 0.6460674157303371 0.5059523809523809 0.6460674157303371
1 0.575 0.577247191011236 0.6059523809523809 0.5758426966292135 0.6095238095238096 0.6657303370786517 0.5773809523809523 0.6657303370786517
1 0.5083333333333333 0.6882022471910112 0.5369047619047619 0.6882022471910112 0.5428571428571428 0.7724719101123596 0.5095238095238095 0.776685393258427
1 0.5714285714285714 0.7036516853932584 0.6011904761904762 0.702247191011236 0.6047619047619047 0.7907303370786517 0.5726190476190476 0.7907303370786517
1 0.6273809523809524 0.6867977528089888 0.6571428571428571 0.6882022471910112 0.6583333333333333 0.7837078651685393 0.6285714285714286 0.7823033707865169