1 0.12142857142857143 0.35814606741573035 0.1523809523809524 0.35674157303370785 0.15119047619047618 0.2808988764044944 0.12380952380952381 0.2808988764044944
1 0.1630952380952381 0.36797752808988765 0.19047619047619047 0.3651685393258427 0.18928571428571428 0.2907303370786517 0.16428571428571428 0.28792134831460675
1 0.2011904761904762 0.3806179775280899 0.22738095238095238 0.37780898876404495 0.22142857142857142 0.29775280898876405 0.2011904761904762 0.300561797752809
1 0.31785714285714284 0.30337078651685395 0.34404761904761905 0.300561797752809 0.34523809523809523 0.23735955056179775 0.3202380952380952 0.23314606741573032
1 0.09166666666666666 0.46769662921348315 0.1523809523809524 0.46769662921348315 0.15476190476190477 0.4297752808988764 0.09285714285714286 0.4311797752808989
1 0.23333333333333334 0.40308988764044945 0.3 0.4002808988764045 0.3 0.36797752808988765 0.23333333333333334 0.3707865168539326
1 0.2773809523809524 0.45224719101123595 0.3404761904761905 0.43258426966292135 0.33095238095238094 0.398876404494382 0.26904761904761904 0.41713483146067415
1 0.10595238095238095 0.5533707865168539 0.12738095238095237 0.5533707865168539 0.13333333333333333 0.48314606741573035 0.10952380952380952 0.4803370786516854
1 0.14285714285714285 0.47752808988764045 0.13452380952380952 0.5533707865168539 0.1619047619047619 0.5589887640449438 0.16785714285714284 0.4803370786516854
1 0.18095238095238095 0.4859550561797753 0.17976190476190476 0.5589887640449438 0.20357142857142857 0.5589887640449438 0.20238095238095238 0.4845505617977528
1 0.21785714285714286 0.4747191011235955 0.2154761904761905 0.5646067415730337 0.24404761904761904 0.5646067415730337 0.24642857142857144 0.47752808988764045
1 0.25833333333333336 0.4901685393258427 0.25833333333333336 0.5617977528089888 0.28214285714285714 0.5617977528089888 0.2833333333333333 0.48735955056179775
1 0.3142857142857143 0.5561797752808989 0.3380952380952381 0.5561797752808989 0.3392857142857143 0.47191011235955055 0.3142857142857143 0.4691011235955056
1 0.13095238095238096 0.6839887640449438 0.1619047619047619 0.6839887640449438 0.1630952380952381 0.6025280898876404 0.13452380952380952 0.5997191011235955
1 0.2130952380952381 0.5997191011235955 0.23809523809523808 0.598314606741573 0.2357142857142857 0.6699438202247191 0.21071428571428572 0.6685393258426966
1 0.24761904761904763 0.6109550561797753 0.275 0.6109550561797753 0.27380952380952384 0.6924157303370787 0.24761904761904763 0.6924157303370787
1 0.30952380952380953 0.6544943820224719 0.3380952380952381 0.6544943820224719 0.3380952380952381 0.5758426966292135 0.30952380952380953 0.5730337078651685
1 0.2892857142857143 0.7331460674157303 0.33690476190476193 0.6839887640449438 0.3202380952380952 0.6587078651685393 0.2702380952380952 0.7064606741573034
1 0.20238095238095238 0.7640449438202247 0.2 0.7991573033707865 0.2702380952380952 0.8033707865168539 0.27380952380952384 0.7668539325842697
1 0.1380952380952381 0.8019662921348315 0.16666666666666666 0.8033707865168539 0.16428571428571428 0.8693820224719101 0.1357142857142857 0.8679775280898876
1 0.5214285714285715 0.8132022471910112 0.55 0.8103932584269663 0.5547619047619048 0.8707865168539326 0.5285714285714286 0.875
1 0.575 0.8553370786516854 0.6047619047619047 0.8567415730337079 0.6059523809523809 0.7654494382022472 0.5773809523809523 0.7654494382022472
1 0.6511904761904762 0.7247191011235955 0.680952380952381 0.7247191011235955 0.6797619047619048 0.6446629213483146 0.6523809523809524 0.6418539325842697
1 0.6476190476190476 0.6165730337078652 0.6773809523809524 0.6151685393258427 0.6773809523809524 0.5351123595505618 0.6464285714285715 0.5351123595505618
1 0.5666666666666667 0.4648876404494382 0.5988095238095238 0.4648876404494382 0.5952380952380952 0.3792134831460674 0.5654761904761905 0.37780898876404495
1 0.6107142857142858 0.35814606741573035 0.6392857142857142 0.35674157303370785 0.638095238095238 0.43820224719101125 0.6083333333333333 0.4396067415730337
1 0.6535714285714286 0.41713483146067415 0.6797619047619048 0.41853932584269665 0.6821428571428572 0.34269662921348315 0.6547619047619048 0.34129213483146065
1 0.5702380952380952 0.3539325842696629 0.5976190476190476 0.3553370786516854 0.6 0.27247191011235955 0.5678571428571428 0.27247191011235955
1 0.655952380952381 0.23314606741573032 0.680952380952381 0.23595505617977527 0.6821428571428572 0.17275280898876405 0.6571428571428571 0.17134831460674158
1 0.5702380952380952 0.2345505617977528 0.5976190476190476 0.2345505617977528 0.5988095238095238 0.16713483146067415 0.5738095238095238 0.16713483146067415