1 0.8607142857142858 0.7373595505617978 0.888095238095238 0.7415730337078652 0.8940476190476191 0.6446629213483146 0.8642857142857143 0.6404494382022472
1 0.48095238095238096 0.2598314606741573 0.5142857142857142 0.2612359550561798 0.5261904761904762 0.16432584269662923 0.49166666666666664 0.1601123595505618
1 0.6333333333333333 0.3103932584269663 0.6678571428571428 0.3103932584269663 0.6642857142857143 0.2148876404494382 0.6309523809523809 0.21629213483146068
1 0.5619047619047619 0.351123595505618 0.5952380952380952 0.35674157303370785 0.6083333333333333 0.2598314606741573 0.5702380952380952 0.25
1 0.5095238095238095 0.3792134831460674 0.5392857142857143 0.2808988764044944 0.5047619047619047 0.2654494382022472 0.46904761904761905 0.36235955056179775
1 0.4523809523809524 0.48735955056179775 0.49047619047619045 0.49297752808988765 0.5047619047619047 0.39747191011235955 0.4666666666666667 0.3904494382022472
1 0.45 0.6179775280898876 0.49047619047619045 0.6235955056179775 0.4928571428571429 0.5308988764044944 0.45714285714285713 0.5280898876404494
1 0.4988095238095238 0.6165730337078652 0.5333333333333333 0.6221910112359551 0.5428571428571428 0.5224719101123596 0.5107142857142857 0.5154494382022472
1 0.5571428571428572 0.6558988764044944 0.5904761904761905 0.6558988764044944 0.5952380952380952 0.5561797752808989 0.5595238095238095 0.550561797752809
1 0.4297619047619048 0.7654494382022472 0.4642857142857143 0.773876404494382 0.45357142857142857 0.8679775280898876 0.4166666666666667 0.8595505617977528
1 0.5321428571428571 0.8342696629213483 0.575 0.8370786516853933 0.5785714285714286 0.7345505617977528 0.5380952380952381 0.7303370786516854