1 0.4869047619047619 0.32303370786516855 0.5261904761904762 0.32162921348314605 0.5297619047619048 0.21629213483146068 0.48928571428571427 0.21348314606741572
3 0.6059523809523809 0.28792134831460675 0.6369047619047619 0.2851123595505618 0.6285714285714286 0.18820224719101122 0.594047619047619 0.19241573033707865
1 0.6535714285714286 0.29775280898876405 0.6880952380952381 0.2907303370786517 0.6738095238095239 0.19241573033707865 0.6369047619047619 0.19662921348314608
1 0.6952380952380952 0.29213483146067415 0.7357142857142858 0.29353932584269665 0.7333333333333333 0.18258426966292135 0.6976190476190476 0.18117977528089887
1 0.48214285714285715 0.4410112359550562 0.5178571428571429 0.44241573033707865 0.5226190476190476 0.3441011235955056 0.4857142857142857 0.34269662921348315
1 0.5083333333333333 0.48174157303370785 0.5428571428571428 0.4957865168539326 0.5726190476190476 0.3960674157303371 0.5380952380952381 0.3806179775280899
1 0.5654761904761905 0.5323033707865169 0.6023809523809524 0.5365168539325843 0.6083333333333333 0.43258426966292135 0.5702380952380952 0.42696629213483145
1 0.6357142857142857 0.48314606741573035 0.6738095238095239 0.4789325842696629 0.669047619047619 0.3792134831460674 0.6297619047619047 0.38202247191011235
1 0.46785714285714286 0.6825842696629213 0.5047619047619047 0.6839887640449438 0.5107142857142857 0.5856741573033708 0.4773809523809524 0.5828651685393258
1 0.4738095238095238 0.8202247191011236 0.5119047619047619 0.8202247191011236 0.5107142857142857 0.723314606741573 0.475 0.7205056179775281
1 0.580952380952381 0.8412921348314607 0.6142857142857143 0.8412921348314607 0.611904761904762 0.7415730337078652 0.5785714285714286 0.7429775280898876