2 0.5738095238095238 0.29775280898876405 0.8654761904761905 0.3089887640449438 0.8654761904761905 0.24859550561797752 0.575 0.22752808988764045
1 0.42738095238095236 0.6193820224719101 0.4523809523809524 0.5955056179775281 0.4035714285714286 0.5323033707865169 0.37857142857142856 0.5603932584269663
1 0.4523809523809524 0.7176966292134831 0.4785714285714286 0.7092696629213483 0.4654761904761905 0.6264044943820225 0.4380952380952381 0.6334269662921348
1 0.5107142857142857 0.7205056179775281 0.5452380952380952 0.6966292134831461 0.5035714285714286 0.6025280898876404 0.4714285714285714 0.6193820224719101
1 0.4857142857142857 0.7823033707865169 0.48214285714285715 0.8665730337078652 0.44761904761904764 0.8623595505617978 0.45 0.7752808988764045
1 0.530952380952381 0.8342696629213483 0.5380952380952381 0.7387640449438202 0.5023809523809524 0.7345505617977528 0.49166666666666664 0.8286516853932584
1 0.7095238095238096 0.8188202247191011 0.6476190476190476 0.8848314606741573 0.6226190476190476 0.8595505617977528 0.6880952380952381 0.7879213483146067
1 0.6511904761904762 0.797752808988764 0.719047619047619 0.75 0.7 0.7162921348314607 0.6345238095238095 0.7696629213483146
2 0.7345238095238096 0.6053370786516854 0.694047619047619 0.7219101123595506 0.6547619047619048 0.7008426966292135 0.6988095238095238 0.5842696629213483
1 0.794047619047619 0.5674157303370787 0.7345238095238096 0.6165730337078652 0.7178571428571429 0.5842696629213483 0.780952380952381 0.5421348314606742
1 0.680952380952381 0.5941011235955056 0.6452380952380953 0.6825842696629213 0.6071428571428571 0.6587078651685393 0.6464285714285715 0.5688202247191011
1 0.8083333333333333 0.5224719101123596 0.7178571428571429 0.5547752808988764 0.7083333333333334 0.5126404494382022 0.7988095238095239 0.48174157303370785