1 0.8547619047619047 0.20786516853932585 0.8869047619047619 0.20646067415730338 0.8857142857142857 0.2907303370786517 0.8571428571428571 0.2907303370786517
1 0.8166666666666667 0.21629213483146068 0.8464285714285714 0.21910112359550563 0.8476190476190476 0.29353932584269665 0.8166666666666667 0.29353932584269665
1 0.8392857142857143 0.33286516853932585 0.9 0.3342696629213483 0.9011904761904762 0.37219101123595505 0.8416666666666667 0.37359550561797755
1 0.7583333333333333 0.3342696629213483 0.8285714285714286 0.3356741573033708 0.8321428571428572 0.375 0.7607142857142857 0.3707865168539326
1 0.6666666666666666 0.3300561797752809 0.7380952380952381 0.33146067415730335 0.7392857142857143 0.3651685393258427 0.669047619047619 0.3651685393258427
1 0.5773809523809523 0.32865168539325845 0.6571428571428571 0.3300561797752809 0.6571428571428571 0.36657303370786515 0.5773809523809523 0.3651685393258427
1 0.4845238095238095 0.32724719101123595 0.5619047619047619 0.33286516853932585 0.5619047619047619 0.36657303370786515 0.4845238095238095 0.36657303370786515
1 0.4 0.3300561797752809 0.4726190476190476 0.3300561797752809 0.4726190476190476 0.36797752808988765 0.4 0.36657303370786515
1 0.12142857142857143 0.33286516853932585 0.19523809523809524 0.33146067415730335 0.19523809523809524 0.36797752808988765 0.12261904761904761 0.3707865168539326
1 0.16666666666666666 0.4606741573033708 0.24166666666666667 0.46348314606741575 0.24285714285714285 0.5 0.16666666666666666 0.49859550561797755
1 0.24761904761904763 0.4592696629213483 0.3261904761904762 0.4550561797752809 0.3273809523809524 0.49859550561797755 0.24761904761904763 0.5
1 0.3345238095238095 0.4592696629213483 0.4154761904761905 0.46207865168539325 0.4142857142857143 0.5014044943820225 0.33214285714285713 0.49719101123595505
1 0.45714285714285713 0.4143258426966292 0.530952380952381 0.41853932584269665 0.5333333333333333 0.4508426966292135 0.4583333333333333 0.45646067415730335
1 0.49642857142857144 0.45646067415730335 0.5678571428571428 0.45646067415730335 0.569047619047619 0.4887640449438202 0.4976190476190476 0.49157303370786515
1 0.5869047619047619 0.46207865168539325 0.6547619047619048 0.46348314606741575 0.655952380952381 0.5014044943820225 0.5857142857142857 0.49719101123595505
1 0.6607142857142857 0.45224719101123595 0.7440476190476191 0.4410112359550562 0.7511904761904762 0.476123595505618 0.6678571428571428 0.49157303370786515
1 0.763095238095238 0.4592696629213483 0.8333333333333334 0.4592696629213483 0.8345238095238096 0.4943820224719101 0.7619047619047619 0.4957865168539326
1 0.8523809523809524 0.45786516853932585 0.9154761904761904 0.4592696629213483 0.9154761904761904 0.49719101123595505 0.8511904761904762 0.49719101123595505