1 0.35119047619047616 0.20646067415730338 0.4095238095238095 0.1601123595505618 0.3880952380952381 0.13202247191011235 0.3357142857142857 0.17696629213483145
1 0.3595238095238095 0.21348314606741572 0.42738095238095236 0.17134831460674158 0.4452380952380952 0.2050561797752809 0.3761904761904762 0.25
1 0.3869047619047619 0.25280898876404495 0.4488095238095238 0.22331460674157302 0.4607142857142857 0.25280898876404495 0.39166666666666666 0.28792134831460675
1 0.3892857142857143 0.30196629213483145 0.4583333333333333 0.273876404494382 0.46904761904761905 0.30758426966292135 0.39880952380952384 0.3441011235955056
1 0.40714285714285714 0.34691011235955055 0.4857142857142857 0.3398876404494382 0.4857142857142857 0.37359550561797755 0.4095238095238095 0.38342696629213485
1 0.4107142857142857 0.3904494382022472 0.49047619047619045 0.3890449438202247 0.48928571428571427 0.425561797752809 0.4095238095238095 0.4339887640449438
1 0.5678571428571428 0.36235955056179775 0.5976190476190476 0.35814606741573035 0.6059523809523809 0.4410112359550562 0.575 0.44662921348314605
1 0.40714285714285714 0.4887640449438202 0.4880952380952381 0.48735955056179775 0.48333333333333334 0.5308988764044944 0.4023809523809524 0.5294943820224719
1 0.32976190476190476 0.550561797752809 0.3547619047619048 0.5716292134831461 0.30833333333333335 0.6460674157303371 0.27976190476190477 0.6235955056179775
1 0.4119047619047619 0.5842696629213483 0.4880952380952381 0.5800561797752809 0.49047619047619045 0.6179775280898876 0.4166666666666667 0.6235955056179775
1 0.4119047619047619 0.6811797752808989 0.4797619047619048 0.6797752808988764 0.4773809523809524 0.7134831460674157 0.4107142857142857 0.7176966292134831
1 0.41309523809523807 0.7275280898876404 0.49642857142857144 0.7303370786516854 0.4976190476190476 0.7668539325842697 0.41309523809523807 0.7640449438202247
1 0.2773809523809524 0.7710674157303371 0.30833333333333335 0.7668539325842697 0.31785714285714284 0.8595505617977528 0.2869047619047619 0.8637640449438202
1 0.5523809523809524 0.6938202247191011 0.5821428571428572 0.6938202247191011 0.5880952380952381 0.7794943820224719 0.5535714285714286 0.7851123595505618
1 0.4095238095238095 0.7837078651685393 0.4845238095238095 0.7794943820224719 0.4869047619047619 0.8132022471910112 0.4119047619047619 0.8188202247191011
1 0.513095238095238 0.776685393258427 0.5428571428571428 0.7794943820224719 0.5452380952380952 0.8623595505617978 0.5119047619047619 0.8623595505617978
1 0.7583333333333333 0.8061797752808989 0.7904761904761904 0.8019662921348315 0.7928571428571428 0.8820224719101124 0.7595238095238095 0.8834269662921348
1 0.7559523809523809 0.5912921348314607 0.7880952380952381 0.5912921348314607 0.7869047619047619 0.6797752808988764 0.7571428571428571 0.6797752808988764
1 0.7559523809523809 0.4297752808988764 0.7857142857142857 0.42837078651685395 0.7904761904761904 0.5210674157303371 0.7595238095238095 0.5224719101123596
1 0.7095238095238096 0.34269662921348315 0.7428571428571429 0.33848314606741575 0.7464285714285714 0.4311797752808989 0.7142857142857143 0.4353932584269663
1 0.6571428571428571 0.2851123595505618 0.6952380952380952 0.2808988764044944 0.6964285714285714 0.3792134831460674 0.6630952380952381 0.38342696629213485
1 0.7511904761904762 0.22191011235955055 0.7892857142857143 0.22331460674157302 0.7916666666666666 0.33146067415730335 0.7547619047619047 0.3300561797752809
1 0.65 0.15168539325842698 0.6845238095238095 0.15168539325842698 0.6857142857142857 0.2401685393258427 0.655952380952381 0.24157303370786518