1 0.3976190476190476 0.13202247191011235 0.475 0.1348314606741573 0.4797619047619048 0.17134831460674158 0.3976190476190476 0.17275280898876405
1 0.39404761904761904 0.22893258426966293 0.4738095238095238 0.22612359550561797 0.475 0.26685393258426965 0.39404761904761904 0.2640449438202247
1 0.3261904761904762 0.2893258426966292 0.3476190476190476 0.3061797752808989 0.2988095238095238 0.3792134831460674 0.27380952380952384 0.35814606741573035
1 0.4023809523809524 0.32303370786516855 0.475 0.3188202247191011 0.47619047619047616 0.3553370786516854 0.40476190476190477 0.3595505617977528
1 0.39880952380952384 0.4241573033707865 0.47023809523809523 0.4241573033707865 0.4714285714285714 0.46207865168539325 0.4011904761904762 0.46348314606741575
1 0.26785714285714285 0.5154494382022472 0.29642857142857143 0.5112359550561798 0.3047619047619048 0.598314606741573 0.2726190476190476 0.601123595505618
1 0.4011904761904762 0.4747191011235955 0.4797619047619048 0.4789325842696629 0.4797619047619048 0.5098314606741573 0.4023809523809524 0.5070224719101124
1 0.39880952380952384 0.5196629213483146 0.475 0.5224719101123596 0.4797619047619048 0.5561797752808989 0.4 0.5575842696629213
1 0.2011904761904762 0.5955056179775281 0.2761904761904762 0.5941011235955056 0.2773809523809524 0.6348314606741573 0.1988095238095238 0.6362359550561798
1 0.3976190476190476 0.6081460674157303 0.48095238095238096 0.6067415730337079 0.48095238095238096 0.6474719101123596 0.3964285714285714 0.6502808988764045
1 0.5392857142857143 0.42696629213483145 0.569047619047619 0.4241573033707865 0.5714285714285714 0.5224719101123596 0.5392857142857143 0.5196629213483146
1 0.4988095238095238 0.523876404494382 0.5285714285714286 0.523876404494382 0.5297619047619048 0.6137640449438202 0.5 0.6123595505617978
1 0.20476190476190476 0.8146067415730337 0.23214285714285715 0.8160112359550562 0.22857142857142856 0.8820224719101124 0.20238095238095238 0.8820224719101124
1 0.24523809523809523 0.8132022471910112 0.2785714285714286 0.8132022471910112 0.275 0.8721910112359551 0.24761904761904763 0.8735955056179775
1 0.2833333333333333 0.8061797752808989 0.31666666666666665 0.8075842696629213 0.31666666666666665 0.8820224719101124 0.2845238095238095 0.8862359550561798
1 0.3202380952380952 0.8061797752808989 0.3523809523809524 0.8033707865168539 0.3535714285714286 0.8848314606741573 0.3261904761904762 0.8848314606741573
1 0.4357142857142857 0.8146067415730337 0.4642857142857143 0.8061797752808989 0.4773809523809524 0.8721910112359551 0.44761904761904764 0.8778089887640449
1 0.7523809523809524 0.7991573033707865 0.780952380952381 0.7991573033707865 0.7785714285714286 0.8651685393258427 0.7547619047619047 0.8665730337078652
1 0.7440476190476191 0.5491573033707865 0.7761904761904762 0.5491573033707865 0.780952380952381 0.6376404494382022 0.7452380952380953 0.6390449438202247
1 0.7440476190476191 0.3342696629213483 0.7761904761904762 0.3342696629213483 0.775 0.41853932584269665 0.7428571428571429 0.41713483146067415
1 0.6976190476190476 0.33848314606741575 0.7345238095238096 0.3356741573033708 0.7321428571428571 0.4339887640449438 0.6988095238095238 0.4339887640449438
1 0.7392857142857143 0.17696629213483145 0.7714285714285715 0.17696629213483145 0.7785714285714286 0.2654494382022472 0.7440476190476191 0.2696629213483146
1 0.8392857142857143 0.17275280898876405 0.9011904761904762 0.175561797752809 0.9 0.21207865168539325 0.8392857142857143 0.20646067415730338
1 0.3976190476190476 0.8230337078651685 0.4261904761904762 0.8132022471910112 0.4380952380952381 0.8876404494382022 0.4095238095238095 0.8946629213483146