1 0.38333333333333336 0.1404494382022472 0.4488095238095238 0.1404494382022472 0.4488095238095238 0.17837078651685392 0.38333333333333336 0.17837078651685392
1 0.5190476190476191 0.15730337078651685 0.55 0.1544943820224719 0.5523809523809524 0.23876404494382023 0.5190476190476191 0.2401685393258427
1 0.38452380952380955 0.18820224719101122 0.46190476190476193 0.19101123595505617 0.4630952380952381 0.22331460674157302 0.38452380952380955 0.21910112359550563
1 0.48095238095238096 0.2345505617977528 0.5107142857142857 0.23595505617977527 0.5119047619047619 0.32303370786516855 0.4797619047619048 0.32162921348314605
1 0.25 0.22612359550561797 0.28095238095238095 0.22331460674157302 0.2869047619047619 0.3047752808988764 0.25476190476190474 0.3061797752808989
1 0.3773809523809524 0.32303370786516855 0.4595238095238095 0.3258426966292135 0.4595238095238095 0.3651685393258427 0.3773809523809524 0.3637640449438202
1 0.18214285714285713 0.30758426966292135 0.25476190476190474 0.3103932584269663 0.25595238095238093 0.34691011235955055 0.17976190476190476 0.34831460674157305
1 0.18333333333333332 0.5308988764044944 0.2130952380952381 0.5308988764044944 0.21785714285714286 0.6221910112359551 0.18452380952380953 0.6221910112359551
1 0.2261904761904762 0.5182584269662921 0.25952380952380955 0.5182584269662921 0.25476190476190474 0.6151685393258427 0.225 0.6137640449438202
1 0.26071428571428573 0.5210674157303371 0.2916666666666667 0.5196629213483146 0.2976190476190476 0.6095505617977528 0.2630952380952381 0.6123595505617978
1 0.30238095238095236 0.5182584269662921 0.3357142857142857 0.5182584269662921 0.33690476190476193 0.6095505617977528 0.3047619047619048 0.6137640449438202
1 0.375 0.5351123595505618 0.40476190476190477 0.523876404494382 0.4226190476190476 0.6123595505617978 0.3880952380952381 0.6207865168539326
1 0.41785714285714287 0.5294943820224719 0.44761904761904764 0.5196629213483146 0.4666666666666667 0.6081460674157303 0.43452380952380953 0.6207865168539326
1 0.4785714285714286 0.5519662921348315 0.5119047619047619 0.550561797752809 0.5154761904761904 0.6306179775280899 0.4845238095238095 0.6362359550561798
3 0.34404761904761905 0.6544943820224719 0.41785714285714287 0.6573033707865169 0.4154761904761905 0.6938202247191011 0.34285714285714286 0.6867977528089888
1 0.2488095238095238 0.7963483146067416 0.27976190476190477 0.7949438202247191 0.2785714285714286 0.8735955056179775 0.2488095238095238 0.8721910112359551
1 0.2845238095238095 0.7865168539325843 0.31666666666666665 0.7851123595505618 0.31547619047619047 0.8707865168539326 0.2857142857142857 0.8721910112359551
1 0.325 0.7837078651685393 0.3607142857142857 0.7837078651685393 0.35833333333333334 0.8721910112359551 0.3261904761904762 0.8721910112359551
1 0.42023809523809524 0.7780898876404494 0.44761904761904764 0.7949438202247191 0.4083333333333333 0.875 0.37857142857142856 0.8525280898876404
1 0.45 0.7991573033707865 0.47619047619047616 0.8146067415730337 0.444047619047619 0.8806179775280899 0.41904761904761906 0.8707865168539326
1 0.7357142857142858 0.7415730337078652 0.7666666666666667 0.7387640449438202 0.7678571428571429 0.8160112359550562 0.7357142857142858 0.8146067415730337
1 0.6 0.6221910112359551 0.6285714285714286 0.6221910112359551 0.6297619047619047 0.7120786516853933 0.6011904761904762 0.7120786516853933
1 0.7309523809523809 0.625 0.7654761904761904 0.625 0.7642857142857142 0.7148876404494382 0.7297619047619047 0.7148876404494382
1 0.7285714285714285 0.5140449438202247 0.7607142857142857 0.5126404494382022 0.7642857142857142 0.5955056179775281 0.7261904761904762 0.5955056179775281
1 0.7261904761904762 0.273876404494382 0.7595238095238095 0.273876404494382 0.7642857142857142 0.36235955056179775 0.7261904761904762 0.3595505617977528
1 0.6797619047619048 0.30196629213483145 0.7130952380952381 0.29634831460674155 0.7214285714285714 0.38764044943820225 0.6869047619047619 0.3904494382022472
1 0.38571428571428573 0.2710674157303371 0.4607142857142857 0.27247191011235955 0.45714285714285713 0.23174157303370788 0.38452380952380955 0.23314606741573032