1 0.24523809523809523 0.16151685393258428 0.3261904761904762 0.1699438202247191 0.3202380952380952 0.21629213483146068 0.24166666666666667 0.2050561797752809
1 0.24285714285714285 0.2556179775280899 0.32142857142857145 0.2654494382022472 0.31666666666666665 0.3047752808988764 0.24047619047619048 0.29213483146067415
1 0.22976190476190475 0.3497191011235955 0.31785714285714284 0.35814606741573035 0.3130952380952381 0.39747191011235955 0.225 0.3960674157303371
1 0.2261904761904762 0.44803370786516855 0.29523809523809524 0.4508426966292135 0.29285714285714287 0.49157303370786515 0.22023809523809523 0.4803370786516854
1 0.2154761904761905 0.5351123595505618 0.2892857142857143 0.5393258426966292 0.2857142857142857 0.5828651685393258 0.21428571428571427 0.5758426966292135
1 0.2154761904761905 0.5912921348314607 0.29285714285714287 0.5912921348314607 0.2904761904761905 0.6334269662921348 0.2130952380952381 0.6292134831460674
1 0.2 0.6474719101123596 0.2773809523809524 0.651685393258427 0.2761904761904762 0.6910112359550562 0.1976190476190476 0.6853932584269663
1 0.12976190476190477 0.4887640449438202 0.15833333333333333 0.49157303370786515 0.15119047619047618 0.5786516853932584 0.11547619047619048 0.5716292134831461
1 0.37857142857142856 0.5603932584269663 0.45357142857142857 0.5660112359550562 0.45357142857142857 0.6067415730337079 0.3773809523809524 0.601123595505618
1 0.4083333333333333 0.34691011235955055 0.4630952380952381 0.29353932584269665 0.48214285714285715 0.3160112359550562 0.4238095238095238 0.37640449438202245
1 0.430952380952381 0.39185393258426965 0.4880952380952381 0.3398876404494382 0.5083333333333333 0.36235955056179775 0.45 0.42134831460674155
1 0.5142857142857142 0.38342696629213485 0.5333333333333333 0.4044943820224719 0.48214285714285715 0.45786516853932585 0.4630952380952381 0.4396067415730337
1 0.5642857142857143 0.4592696629213483 0.580952380952381 0.48174157303370785 0.530952380952381 0.5393258426966292 0.5083333333333333 0.5154494382022472
1 0.525 0.5491573033707865 0.5892857142857143 0.4859550561797753 0.6083333333333333 0.5112359550561798 0.5535714285714286 0.5800561797752809
1 0.5607142857142857 0.5828651685393258 0.6202380952380953 0.5323033707865169 0.6416666666666667 0.5589887640449438 0.5821428571428572 0.6165730337078652
1 0.6547619047619048 0.5730337078651685 0.6738095238095239 0.5955056179775281 0.6190476190476191 0.6671348314606742 0.5952380952380952 0.6376404494382022
1 0.5964285714285714 0.702247191011236 0.6452380952380953 0.6460674157303371 0.669047619047619 0.6657303370786517 0.6214285714285714 0.7345505617977528
1 0.319047619047619 0.7134831460674157 0.35 0.7176966292134831 0.3464285714285714 0.8047752808988764 0.3142857142857143 0.8019662921348315
1 0.3630952380952381 0.7205056179775281 0.3976190476190476 0.723314606741573 0.3904761904761905 0.8103932584269663 0.3547619047619048 0.8047752808988764
1 0.44047619047619047 0.7289325842696629 0.4726190476190476 0.7331460674157303 0.4642857142857143 0.824438202247191 0.430952380952381 0.8202247191011236
1 0.48214285714285715 0.7331460674157303 0.5142857142857142 0.7345505617977528 0.5107142857142857 0.827247191011236 0.47619047619047616 0.824438202247191
1 0.5261904761904762 0.7443820224719101 0.5619047619047619 0.7485955056179775 0.5535714285714286 0.8356741573033708 0.5178571428571429 0.8314606741573034
1 0.5678571428571428 0.7443820224719101 0.6035714285714285 0.75 0.594047619047619 0.8398876404494382 0.5571428571428572 0.8328651685393258
1 0.6440476190476191 0.7443820224719101 0.6773809523809524 0.7471910112359551 0.6726190476190477 0.8384831460674157 0.6392857142857142 0.8370786516853933
1 0.6857142857142857 0.7584269662921348 0.7214285714285714 0.7668539325842697 0.7119047619047619 0.8539325842696629 0.6797619047619048 0.8469101123595506
1 0.7226190476190476 0.7710674157303371 0.7547619047619047 0.7710674157303371 0.7476190476190476 0.8623595505617978 0.7130952380952381 0.8567415730337079
1 0.7642857142857142 0.7668539325842697 0.7976190476190477 0.7696629213483146 0.7904761904761904 0.8637640449438202 0.7559523809523809 0.8581460674157303
1 0.8071428571428572 0.7696629213483146 0.8392857142857143 0.7710674157303371 0.830952380952381 0.8595505617977528 0.8011904761904762 0.8553370786516854
1 0.8428571428571429 0.776685393258427 0.8773809523809524 0.7808988764044944 0.8690476190476191 0.8693820224719101 0.8369047619047619 0.8609550561797753
1 0.30833333333333335 0.40870786516853935 0.22857142857142856 0.40308988764044945 0.22738095238095238 0.4339887640449438 0.3011904761904762 0.4438202247191011