1 0.13214285714285715 0.1544943820224719 0.15357142857142858 0.17696629213483145 0.11190476190476191 0.22893258426966293 0.0880952380952381 0.2050561797752809
1 0.1595238095238095 0.175561797752809 0.18571428571428572 0.199438202247191 0.12976190476190477 0.26825842696629215 0.10952380952380952 0.2401685393258427
1 0.28214285714285714 0.1502808988764045 0.35595238095238096 0.13904494382022473 0.35833333333333334 0.17415730337078653 0.28809523809523807 0.18679775280898878
1 0.21428571428571427 0.24297752808988765 0.23809523809523808 0.26825842696629215 0.1869047619047619 0.324438202247191 0.16666666666666666 0.3047752808988764
1 0.2488095238095238 0.26825842696629215 0.2773809523809524 0.2949438202247191 0.225 0.3609550561797753 0.19642857142857142 0.3398876404494382
1 0.48928571428571427 0.5308988764044944 0.5107142857142857 0.550561797752809 0.4642857142857143 0.6081460674157303 0.44285714285714284 0.5898876404494382
1 0.20714285714285716 0.5969101123595506 0.22976190476190475 0.5758426966292135 0.2833333333333333 0.6390449438202247 0.2619047619047619 0.6629213483146067
1 0.47023809523809523 0.27808988764044945 0.49642857142857144 0.2710674157303371 0.5107142857142857 0.36235955056179775 0.48214285714285715 0.3693820224719101
1 0.5488095238095239 0.5884831460674157 0.5726190476190476 0.6165730337078652 0.525 0.6783707865168539 0.5 0.6502808988764045
1 0.5797619047619048 0.6151685393258427 0.6047619047619047 0.6348314606741573 0.5571428571428572 0.702247191011236 0.5369047619047619 0.6853932584269663
1 0.6142857142857143 0.6629213483146067 0.6404761904761904 0.6811797752808989 0.5952380952380952 0.75 0.5702380952380952 0.7275280898876404
1 0.6035714285714285 0.5084269662921348 0.655952380952381 0.4452247191011236 0.6785714285714286 0.4648876404494382 0.6321428571428571 0.5351123595505618
1 0.5190476190476191 0.2752808988764045 0.5476190476190477 0.273876404494382 0.5535714285714286 0.3609550561797753 0.525 0.3651685393258427
1 0.5619047619047619 0.2752808988764045 0.5928571428571429 0.273876404494382 0.5952380952380952 0.3539325842696629 0.569047619047619 0.3553370786516854
1 0.6428571428571429 0.27247191011235955 0.6726190476190477 0.2710674157303371 0.6785714285714286 0.3539325842696629 0.6464285714285715 0.35674157303370785
1 0.6821428571428572 0.26264044943820225 0.7119047619047619 0.26264044943820225 0.7178571428571429 0.35674157303370785 0.6845238095238095 0.3553370786516854
1 0.719047619047619 0.2612359550561798 0.7511904761904762 0.2556179775280899 0.7607142857142857 0.351123595505618 0.7273809523809524 0.3497191011235955
1 0.7666666666666667 0.25702247191011235 0.8 0.24859550561797752 0.8119047619047619 0.3441011235955056 0.7797619047619048 0.3497191011235955
1 0.85 0.3342696629213483 0.8988095238095238 0.3946629213483146 0.8714285714285714 0.4241573033707865 0.8238095238095238 0.36235955056179775
1 0.8333333333333334 0.43820224719101125 0.861904761904762 0.41151685393258425 0.9107142857142857 0.46769662921348315 0.8904761904761904 0.49157303370786515
1 0.8142857142857143 0.476123595505618 0.830952380952381 0.449438202247191 0.8845238095238095 0.5014044943820225 0.8702380952380953 0.526685393258427
1 0.8023809523809524 0.4789325842696629 0.8630952380952381 0.5351123595505618 0.8404761904761905 0.5674157303370787 0.780952380952381 0.5056179775280899
1 0.7535714285714286 0.5393258426966292 0.7738095238095238 0.5154494382022472 0.8333333333333334 0.577247191011236 0.8119047619047619 0.6081460674157303
1 0.705952380952381 0.6123595505617978 0.7261904761904762 0.5842696629213483 0.7833333333333333 0.6418539325842697 0.7607142857142857 0.6657303370786517
1 0.6773809523809524 0.6460674157303371 0.6988095238095238 0.6221910112359551 0.7523809523809524 0.6797752808988764 0.7321428571428571 0.7036516853932584
1 0.8392857142857143 0.7570224719101124 0.8607142857142858 0.7780898876404494 0.8035714285714286 0.8679775280898876 0.7773809523809524 0.8426966292134831
1 0.34404761904761905 0.7471910112359551 0.36666666666666664 0.7205056179775281 0.4226190476190476 0.7837078651685393 0.4023809523809524 0.8061797752808989
1 0.40476190476190477 0.6980337078651685 0.42857142857142855 0.6713483146067416 0.48928571428571427 0.7401685393258427 0.4654761904761905 0.7696629213483146
1 0.3261904761904762 0.36657303370786515 0.28095238095238095 0.4241573033707865 0.2571428571428571 0.40168539325842695 0.3047619047619048 0.34269662921348315
1 0.425 0.4550561797752809 0.3761904761904762 0.5112359550561798 0.35833333333333334 0.4887640449438202 0.4035714285714286 0.4297752808988764
1 0.40595238095238095 0.5337078651685393 0.45357142857142857 0.47752808988764045 0.43214285714285716 0.45786516853932585 0.38452380952380955 0.5084269662921348
1 0.4380952380952381 0.5688202247191011 0.48095238095238096 0.5168539325842697 0.45714285714285713 0.49157303370786515 0.4095238095238095 0.5491573033707865