1 0.12976190476190477 0.18117977528089887 0.1595238095238095 0.18398876404494383 0.15357142857142858 0.2710674157303371 0.12142857142857143 0.2696629213483146
1 0.24166666666666667 0.1544943820224719 0.275 0.15308988764044945 0.2761904761904762 0.24157303370786518 0.24047619047619048 0.2443820224719101
1 0.35595238095238096 0.1853932584269663 0.38452380952380955 0.1853932584269663 0.38571428571428573 0.2710674157303371 0.3535714285714286 0.2696629213483146
1 0.11190476190476191 0.46769662921348315 0.17023809523809524 0.46629213483146065 0.17142857142857143 0.49719101123595505 0.11190476190476191 0.5014044943820225
1 0.2392857142857143 0.5014044943820225 0.2714285714285714 0.5014044943820225 0.26666666666666666 0.5884831460674157 0.23452380952380952 0.5856741573033708
1 0.11547619047619048 0.75 0.18333333333333332 0.7514044943820225 0.18095238095238095 0.7907303370786517 0.11547619047619048 0.7851123595505618
1 0.4452380952380952 0.37640449438202245 0.4773809523809524 0.37640449438202245 0.4797619047619048 0.4705056179775281 0.44642857142857145 0.47191011235955055
1 0.44285714285714284 0.48314606741573035 0.4714285714285714 0.4845505617977528 0.4738095238095238 0.5632022471910112 0.444047619047619 0.5632022471910112
1 0.44047619047619047 0.5856741573033708 0.4726190476190476 0.5842696629213483 0.475 0.6882022471910112 0.44166666666666665 0.6882022471910112
1 0.37142857142857144 0.6278089887640449 0.40476190476190477 0.6278089887640449 0.4035714285714286 0.726123595505618 0.3726190476190476 0.726123595505618
1 0.5452380952380952 0.7963483146067416 0.6202380952380953 0.7921348314606742 0.6226190476190476 0.8286516853932584 0.544047619047619 0.8314606741573034
1 0.5428571428571428 0.7415730337078652 0.6130952380952381 0.7387640449438202 0.6142857142857143 0.7823033707865169 0.5416666666666666 0.7808988764044944
1 0.5380952380952381 0.6544943820224719 0.6154761904761905 0.6502808988764045 0.6166666666666667 0.6910112359550562 0.5380952380952381 0.6882022471910112
1 0.5380952380952381 0.5969101123595506 0.6035714285714285 0.5969101123595506 0.6059523809523809 0.6390449438202247 0.5333333333333333 0.6390449438202247
1 0.5428571428571428 0.5561797752808989 0.6214285714285714 0.5561797752808989 0.6214285714285714 0.5997191011235955 0.5416666666666666 0.598314606741573
1 0.5357142857142857 0.5140449438202247 0.6107142857142858 0.5028089887640449 0.6166666666666667 0.5435393258426966 0.5369047619047619 0.5519662921348315
1 0.5357142857142857 0.45646067415730335 0.6095238095238096 0.4550561797752809 0.6130952380952381 0.4957865168539326 0.5321428571428571 0.49719101123595505
1 0.5345238095238095 0.41292134831460675 0.6095238095238096 0.4101123595505618 0.6154761904761905 0.45365168539325845 0.5345238095238095 0.45646067415730335
1 0.5404761904761904 0.35674157303370785 0.6190476190476191 0.35252808988764045 0.6238095238095238 0.3960674157303371 0.5380952380952381 0.4002808988764045
1 0.5488095238095239 0.3061797752808989 0.6154761904761905 0.30196629213483145 0.6214285714285714 0.3398876404494382 0.55 0.3441011235955056
1 0.5214285714285715 0.1952247191011236 0.6 0.19803370786516855 0.6023809523809524 0.23595505617977527 0.525 0.23735955056179775
1 0.5226190476190476 0.1502808988764045 0.6071428571428571 0.1502808988764045 0.611904761904762 0.18820224719101122 0.5261904761904762 0.18679775280898878
1 0.7976190476190477 0.1853932584269663 0.8488095238095238 0.11797752808988764 0.8333333333333334 0.09410112359550561 0.7702380952380953 0.1601123595505618
1 0.8273809523809523 0.23314606741573032 0.8869047619047619 0.1699438202247191 0.9095238095238095 0.20224719101123595 0.8535714285714285 0.2640449438202247
1 0.8023809523809524 0.49297752808988765 0.8583333333333333 0.5491573033707865 0.8357142857142857 0.5758426966292135 0.7785714285714286 0.5154494382022472
1 0.7714285714285715 0.5210674157303371 0.8333333333333334 0.5814606741573034 0.805952380952381 0.6081460674157303 0.7488095238095238 0.5491573033707865
1 0.7392857142857143 0.5575842696629213 0.8 0.6151685393258427 0.7785714285714286 0.6432584269662921 0.7178571428571429 0.5828651685393258
1 0.7226190476190476 0.5912921348314607 0.7773809523809524 0.6544943820224719 0.7547619047619047 0.6811797752808989 0.7011904761904761 0.6165730337078652
1 0.7214285714285714 0.7457865168539326 0.775 0.7949438202247191 0.7559523809523809 0.8230337078651685 0.7023809523809523 0.7710674157303371
1 0.42857142857142855 0.32303370786516855 0.430952380952381 0.22331460674157302 0.4607142857142857 0.22191011235955055 0.4607142857142857 0.3188202247191011