1 0.15357142857142858 0.199438202247191 0.16071428571428573 0.11235955056179775 0.12857142857142856 0.11235955056179775 0.12023809523809524 0.199438202247191
1 0.16071428571428573 0.1952247191011236 0.19523809523809524 0.1952247191011236 0.2011904761904762 0.10955056179775281 0.17142857142857143 0.10393258426966293
1 0.23809523809523808 0.20084269662921347 0.24047619047619048 0.11095505617977527 0.20595238095238094 0.10955056179775281 0.20238095238095238 0.199438202247191
1 0.27380952380952384 0.21769662921348315 0.2845238095238095 0.1151685393258427 0.2488095238095238 0.11095505617977527 0.24166666666666667 0.21769662921348315
1 0.3142857142857143 0.20646067415730338 0.3238095238095238 0.11657303370786516 0.29404761904761906 0.10955056179775281 0.2773809523809524 0.19803370786516855
1 0.36547619047619045 0.22612359550561797 0.3761904761904762 0.12780898876404495 0.34523809523809523 0.12219101123595505 0.3273809523809524 0.2205056179775281
1 0.3976190476190476 0.2205056179775281 0.4083333333333333 0.125 0.37857142857142856 0.12078651685393259 0.36547619047619045 0.21629213483146068
1 0.4392857142857143 0.2205056179775281 0.44166666666666665 0.1348314606741573 0.4119047619047619 0.13202247191011235 0.4035714285714286 0.21629213483146068
1 0.48095238095238096 0.2247191011235955 0.4845238095238095 0.13904494382022473 0.45 0.13764044943820225 0.44285714285714284 0.2148876404494382
1 0.5238095238095238 0.22331460674157302 0.5226190476190476 0.12921348314606743 0.49047619047619045 0.1306179775280899 0.49404761904761907 0.22612359550561797
1 0.5642857142857143 0.22752808988764045 0.5619047619047619 0.13623595505617977 0.5297619047619048 0.13623595505617977 0.5297619047619048 0.22752808988764045
1 0.6083333333333333 0.22893258426966293 0.6035714285714285 0.14325842696629212 0.5702380952380952 0.1446629213483146 0.575 0.22752808988764045
1 0.611904761904762 0.14747191011235955 0.6428571428571429 0.14747191011235955 0.6476190476190476 0.22752808988764045 0.6142857142857143 0.22752808988764045
1 0.65 0.14747191011235955 0.6845238095238095 0.14747191011235955 0.6821428571428572 0.23314606741573032 0.65 0.23174157303370788
1 0.6928571428571428 0.1502808988764045 0.7261904761904762 0.1502808988764045 0.725 0.23595505617977527 0.6952380952380952 0.23314606741573032
1 0.7345238095238096 0.15308988764044945 0.7642857142857142 0.1544943820224719 0.763095238095238 0.2401685393258427 0.7345238095238096 0.23735955056179775
1 0.7785714285714286 0.14887640449438203 0.8107142857142857 0.14887640449438203 0.8119047619047619 0.23314606741573032 0.7797619047619048 0.2303370786516854
1 0.8214285714285714 0.15168539325842698 0.8559523809523809 0.15589887640449437 0.8559523809523809 0.23876404494382023 0.8226190476190476 0.23595505617977527
1 0.8595238095238096 0.16151685393258428 0.8916666666666667 0.1601123595505618 0.8928571428571429 0.24578651685393257 0.861904761904762 0.2443820224719101
1 0.8035714285714286 0.42275280898876405 0.8285714285714286 0.4002808988764045 0.8809523809523809 0.46629213483146065 0.85 0.4943820224719101
1 0.775 0.45224719101123595 0.8 0.4311797752808989 0.8428571428571429 0.4943820224719101 0.8214285714285714 0.5196629213483146
1 0.7440476190476191 0.4859550561797753 0.7678571428571429 0.4592696629213483 0.8214285714285714 0.5294943820224719 0.7916666666666666 0.5575842696629213
1 0.7035714285714286 0.5351123595505618 0.725 0.5028089887640449 0.7880952380952381 0.5575842696629213 0.7642857142857142 0.5941011235955056
1 0.6821428571428572 0.5997191011235955 0.6928571428571428 0.5688202247191011 0.7654761904761904 0.6053370786516854 0.7547619047619047 0.6362359550561798
1 0.6714285714285714 0.6446629213483146 0.6880952380952381 0.6137640449438202 0.7535714285714286 0.6629213483146067 0.736904761904762 0.6952247191011236
1 0.6547619047619048 0.7191011235955056 0.6571428571428571 0.6797752808988764 0.7333333333333333 0.6896067415730337 0.7345238095238096 0.7247191011235955
1 0.6607142857142857 0.7387640449438202 0.736904761904762 0.7415730337078652 0.7404761904761905 0.7794943820224719 0.6630952380952381 0.7823033707865169
1 0.85 0.5519662921348315 0.8833333333333333 0.5547752808988764 0.8726190476190476 0.6446629213483146 0.8380952380952381 0.6362359550561798
1 0.8404761904761905 0.6587078651685393 0.8738095238095238 0.6615168539325843 0.8702380952380953 0.7415730337078652 0.8380952380952381 0.7401685393258427
1 0.6345238095238095 0.3707865168539326 0.6857142857142857 0.3103932584269663 0.7142857142857143 0.3342696629213483 0.6666666666666666 0.40870786516853935
1 0.6714285714285714 0.4101123595505618 0.7285714285714285 0.33848314606741575 0.7535714285714286 0.3609550561797753 0.6928571428571428 0.43258426966292135
1 0.6392857142857142 0.5154494382022472 0.6916666666666667 0.45786516853932585 0.7130952380952381 0.47752808988764045 0.6583333333333333 0.5435393258426966
1 0.6071428571428571 0.4845505617977528 0.6619047619047619 0.4199438202247191 0.6857142857142857 0.4438202247191011 0.6285714285714286 0.5140449438202247
1 0.5833333333333334 0.449438202247191 0.6333333333333333 0.3862359550561798 0.6595238095238095 0.4101123595505618 0.6059523809523809 0.4789325842696629
1 0.5619047619047619 0.4058988764044944 0.6023809523809524 0.3497191011235955 0.6297619047619047 0.3693820224719101 0.5857142857142857 0.4339887640449438
1 0.5273809523809524 0.36235955056179775 0.5845238095238096 0.3089887640449438 0.6071428571428571 0.3356741573033708 0.5452380952380952 0.39325842696629215
1 0.5952380952380952 0.5814606741573034 0.6297619047619047 0.5814606741573034 0.6285714285714286 0.672752808988764 0.594047619047619 0.6699438202247191
1 0.5726190476190476 0.5758426966292135 0.5976190476190476 0.577247191011236 0.5928571428571429 0.6643258426966292 0.5630952380952381 0.6615168539325843
1 0.5285714285714286 0.5168539325842697 0.5571428571428572 0.5224719101123596 0.5488095238095239 0.6179775280898876 0.5166666666666667 0.6109550561797753
1 0.4857142857142857 0.48174157303370785 0.513095238095238 0.4803370786516854 0.5119047619047619 0.5716292134831461 0.4785714285714286 0.5617977528089888
1 0.4511904761904762 0.4311797752808989 0.4857142857142857 0.4353932584269663 0.4738095238095238 0.5252808988764045 0.44166666666666665 0.5168539325842697
1 0.4154761904761905 0.3904494382022472 0.444047619047619 0.39325842696629215 0.44047619047619047 0.47752808988764045 0.4095238095238095 0.476123595505618
1 0.39166666666666666 0.32303370786516855 0.42142857142857143 0.34269662921348315 0.37857142857142856 0.42134831460674155 0.3464285714285714 0.39747191011235955
1 0.35119047619047616 0.29634831460674155 0.3773809523809524 0.3146067415730337 0.3392857142857143 0.39185393258426965 0.30833333333333335 0.3693820224719101
1 0.27976190476190477 0.3089887640449438 0.31666666666666665 0.31179775280898875 0.3107142857142857 0.39747191011235955 0.2785714285714286 0.3960674157303371
1 0.2261904761904762 0.3047752808988764 0.2619047619047619 0.30337078651685395 0.2642857142857143 0.398876404494382 0.22976190476190475 0.40308988764044945
1 0.08928571428571429 0.2205056179775281 0.14642857142857144 0.2247191011235955 0.14166666666666666 0.2640449438202247 0.0869047619047619 0.2542134831460674
1 0.17261904761904762 0.351123595505618 0.10714285714285714 0.28792134831460675 0.08571428571428572 0.32724719101123595 0.1488095238095238 0.3806179775280899