1 0.5630952380952381 0.16432584269662923 0.6476190476190476 0.16713483146067415 0.6476190476190476 0.20365168539325842 0.5666666666666667 0.19803370786516855
1 0.6642857142857143 0.1797752808988764 0.7309523809523809 0.1797752808988764 0.7309523809523809 0.21629213483146068 0.6642857142857143 0.21207865168539325
1 0.7428571428571429 0.18398876404494383 0.8202380952380952 0.18820224719101122 0.8178571428571428 0.22752808988764045 0.7428571428571429 0.2205056179775281
1 0.18452380952380953 0.25702247191011235 0.2226190476190476 0.2556179775280899 0.21785714285714286 0.34831460674157305 0.18452380952380953 0.3497191011235955
1 0.26666666666666666 0.25842696629213485 0.30238095238095236 0.25702247191011235 0.2988095238095238 0.3497191011235955 0.2642857142857143 0.34691011235955055
1 0.30833333333333335 0.25702247191011235 0.3392857142857143 0.2556179775280899 0.3392857142857143 0.3441011235955056 0.3119047619047619 0.34269662921348315
1 0.35119047619047616 0.25702247191011235 0.3821428571428571 0.2598314606741573 0.37857142857142856 0.3441011235955056 0.3488095238095238 0.34831460674157305
1 0.39166666666666666 0.2612359550561798 0.4261904761904762 0.2598314606741573 0.42142857142857143 0.3637640449438202 0.38333333333333336 0.3609550561797753
1 0.4357142857142857 0.26825842696629215 0.4642857142857143 0.26825842696629215 0.4630952380952381 0.36235955056179775 0.430952380952381 0.3595505617977528
1 0.4773809523809524 0.2710674157303371 0.5083333333333333 0.27247191011235955 0.5035714285714286 0.3609550561797753 0.4714285714285714 0.3553370786516854
1 0.5535714285714286 0.2752808988764045 0.5833333333333334 0.2752808988764045 0.580952380952381 0.36657303370786515 0.5476190476190477 0.36657303370786515
1 0.5976190476190476 0.27808988764044945 0.6297619047619047 0.2794943820224719 0.6273809523809524 0.3595505617977528 0.594047619047619 0.35674157303370785
1 0.6321428571428571 0.2851123595505618 0.6666666666666666 0.28651685393258425 0.6654761904761904 0.3792134831460674 0.6309523809523809 0.37640449438202245
1 0.6678571428571428 0.2851123595505618 0.7 0.28230337078651685 0.705952380952381 0.37219101123595505 0.6738095238095239 0.37359550561797755
1 0.7142857142857143 0.2851123595505618 0.7440476190476191 0.2851123595505618 0.7440476190476191 0.37780898876404495 0.7119047619047619 0.37359550561797755
1 0.7523809523809524 0.28792134831460675 0.7821428571428571 0.28651685393258425 0.7857142857142857 0.3806179775280899 0.7523809523809524 0.37780898876404495
1 0.7976190476190477 0.2991573033707865 0.8321428571428572 0.300561797752809 0.8357142857142857 0.39185393258426965 0.7976190476190477 0.39325842696629215
1 0.844047619047619 0.31179775280898875 0.8726190476190476 0.31179775280898875 0.8773809523809524 0.39185393258426965 0.844047619047619 0.39185393258426965
1 0.7583333333333333 0.8033707865168539 0.8095238095238095 0.7528089887640449 0.7869047619047619 0.7247191011235955 0.736904761904762 0.7808988764044944
1 0.6785714285714286 0.577247191011236 0.7 0.601123595505618 0.6464285714285715 0.6615168539325843 0.625 0.6362359550561798
1 0.655952380952381 0.5407303370786517 0.6738095238095239 0.5617977528089888 0.6297619047619047 0.6278089887640449 0.6035714285714285 0.5955056179775281
1 0.625 0.4957865168539326 0.6488095238095238 0.526685393258427 0.6011904761904762 0.5870786516853933 0.5726190476190476 0.5646067415730337
1 0.6023809523809524 0.476123595505618 0.625 0.49719101123595505 0.5654761904761905 0.5603932584269663 0.5428571428571428 0.5337078651685393
1 0.4773809523809524 0.46207865168539325 0.4976190476190476 0.48314606741573035 0.4511904761904762 0.5435393258426966 0.4261904761904762 0.5210674157303371
1 0.16547619047619047 0.5140449438202247 0.1869047619047619 0.4887640449438202 0.24642857142857144 0.5547752808988764 0.2226190476190476 0.5800561797752809
1 0.13333333333333333 0.5533707865168539 0.15714285714285714 0.5252808988764045 0.20952380952380953 0.5870786516853933 0.18571428571428572 0.6165730337078652
1 0.12738095238095237 0.6769662921348315 0.14642857142857144 0.6544943820224719 0.1130952380952381 0.6053370786516854 0.09642857142857143 0.6235955056179775
1 0.15535714285714286 0.29424157303370785 0.036904761904761905 0.09691011235955056
1 0.28214285714285714 0.5182584269662921 0.2226190476190476 0.4592696629213483 0.2011904761904762 0.4859550561797753 0.26071428571428573 0.5491573033707865