1 0.10357142857142858 0.15870786516853932 0.15595238095238095 0.15870786516853932 0.15833333333333333 0.1952247191011236 0.10357142857142858 0.19382022471910113
1 0.1761904761904762 0.15168539325842698 0.25 0.14747191011235955 0.25357142857142856 0.18679775280898878 0.17976190476190476 0.19101123595505617
1 0.44047619047619047 0.16432584269662923 0.513095238095238 0.16292134831460675 0.5154761904761904 0.19803370786516855 0.44047619047619047 0.2050561797752809
1 0.5357142857142857 0.16573033707865167 0.6083333333333333 0.16573033707865167 0.6083333333333333 0.20224719101123595 0.5357142857142857 0.20224719101123595
1 0.6238095238095238 0.16151685393258428 0.694047619047619 0.15870786516853932 0.6964285714285714 0.19662921348314608 0.6285714285714286 0.20084269662921347
1 0.719047619047619 0.1699438202247191 0.7928571428571428 0.17134831460674158 0.7928571428571428 0.20926966292134833 0.7214285714285714 0.20646067415730338
1 0.805952380952381 0.17696629213483145 0.875 0.17696629213483145 0.8761904761904762 0.21769662921348315 0.8071428571428572 0.21348314606741572
1 0.8273809523809523 0.300561797752809 0.861904761904762 0.30196629213483145 0.8607142857142858 0.3862359550561798 0.8297619047619048 0.3890449438202247
1 0.7904761904761904 0.2991573033707865 0.8226190476190476 0.29634831460674155 0.8273809523809523 0.3848314606741573 0.7916666666666666 0.3862359550561798
1 0.7511904761904762 0.2893258426966292 0.780952380952381 0.2893258426966292 0.7857142857142857 0.375 0.7559523809523809 0.37359550561797755
1 0.7119047619047619 0.29353932584269665 0.7452380952380953 0.2949438202247191 0.7464285714285714 0.37640449438202245 0.7154761904761905 0.37780898876404495
1 0.6714285714285714 0.28792134831460675 0.7035714285714286 0.2893258426966292 0.7083333333333334 0.36797752808988765 0.6726190476190477 0.3707865168539326
1 0.638095238095238 0.2907303370786517 0.6666666666666666 0.2893258426966292 0.6666666666666666 0.37640449438202245 0.6428571428571429 0.37640449438202245
1 0.6035714285714285 0.28792134831460675 0.6321428571428571 0.29634831460674155 0.6202380952380953 0.38202247191011235 0.5869047619047619 0.3707865168539326
1 0.5488095238095239 0.28792134831460675 0.5833333333333334 0.28651685393258425 0.5845238095238096 0.375 0.55 0.375
1 0.5119047619047619 0.29353932584269665 0.5452380952380952 0.29353932584269665 0.5452380952380952 0.37780898876404495 0.5119047619047619 0.37640449438202245
1 0.47023809523809523 0.2893258426966292 0.5023809523809524 0.28792134831460675 0.5035714285714286 0.3637640449438202 0.4726190476190476 0.3637640449438202
1 0.17023809523809524 0.2556179775280899 0.2392857142857143 0.2542134831460674 0.23809523809523808 0.29353932584269665 0.17142857142857143 0.2907303370786517
1 0.17023809523809524 0.2991573033707865 0.24047619047619048 0.31179775280898875 0.2369047619047619 0.3497191011235955 0.1619047619047619 0.33848314606741575
1 0.18095238095238095 0.4438202247191011 0.2571428571428571 0.44803370786516855 0.25595238095238093 0.4845505617977528 0.18095238095238095 0.48314606741573035
1 0.28095238095238095 0.44803370786516855 0.35833333333333334 0.4508426966292135 0.35833333333333334 0.4887640449438202 0.2845238095238095 0.4859550561797753
1 0.3761904761904762 0.45365168539325845 0.444047619047619 0.48314606741573035 0.430952380952381 0.5168539325842697 0.35833333333333334 0.49157303370786515
1 0.4714285714285714 0.48314606741573035 0.5488095238095239 0.4943820224719101 0.544047619047619 0.5323033707865169 0.46785714285714286 0.5196629213483146
1 0.48214285714285715 0.4339887640449438 0.5630952380952381 0.449438202247191 0.5595238095238095 0.49157303370786515 0.4797619047619048 0.47752808988764045
1 0.6107142857142858 0.43679775280898875 0.680952380952381 0.48174157303370785 0.6678571428571428 0.5126404494382022 0.5916666666666667 0.4747191011235955
1 0.575 0.5042134831460674 0.6523809523809524 0.5182584269662921 0.6488095238095238 0.5561797752808989 0.5702380952380952 0.5407303370786517
1 0.7345238095238096 0.5112359550561798 0.7559523809523809 0.4845505617977528 0.7011904761904761 0.42837078651685395 0.680952380952381 0.45365168539325845
1 0.7583333333333333 0.4396067415730337 0.8273809523809523 0.4410112359550562 0.8297619047619048 0.476123595505618 0.7607142857142857 0.4789325842696629
1 0.7738095238095238 0.4859550561797753 0.8464285714285714 0.4887640449438202 0.8452380952380952 0.5294943820224719 0.7761904761904762 0.5280898876404494
1 0.669047619047619 0.5674157303370787 0.7119047619047619 0.49719101123595505 0.7392857142857143 0.5168539325842697 0.6988095238095238 0.5955056179775281
1 0.8369047619047619 0.5351123595505618 0.8964285714285715 0.5224719101123596 0.9035714285714286 0.5575842696629213 0.8464285714285714 0.574438202247191
1 0.4869047619047619 0.6081460674157303 0.5654761904761905 0.6095505617977528 0.5642857142857143 0.6460674157303371 0.4869047619047619 0.6474719101123596
1 0.6595238095238095 0.6221910112359551 0.7345238095238096 0.6235955056179775 0.7345238095238096 0.6601123595505618 0.6583333333333333 0.6573033707865169
1 0.8297619047619048 0.6179775280898876 0.9 0.6179775280898876 0.9011904761904762 0.6587078651685393 0.8297619047619048 0.6573033707865169
1 0.5083333333333333 0.6924157303370787 0.5880952380952381 0.6896067415730337 0.5892857142857143 0.7289325842696629 0.5119047619047619 0.7289325842696629
1 0.6988095238095238 0.6825842696629213 0.7702380952380953 0.6867977528089888 0.7690476190476191 0.7275280898876404 0.6976190476190476 0.7219101123595506
1 0.8154761904761905 0.6910112359550562 0.8869047619047619 0.6980337078651685 0.8857142857142857 0.7331460674157303 0.8107142857142857 0.7247191011235955
1 0.780952380952381 0.8103932584269663 0.8095238095238095 0.8075842696629213 0.8154761904761905 0.8693820224719101 0.7845238095238095 0.8735955056179775
1 0.7440476190476191 0.8174157303370787 0.775 0.8174157303370787 0.7761904761904762 0.8764044943820225 0.7416666666666667 0.8764044943820225
1 0.7011904761904761 0.8132022471910112 0.7321428571428571 0.8132022471910112 0.7333333333333333 0.8764044943820225 0.7023809523809523 0.8764044943820225
1 0.6702380952380952 0.8103932584269663 0.6988095238095238 0.8132022471910112 0.694047619047619 0.8764044943820225 0.6678571428571428 0.875
1 0.6285714285714286 0.8117977528089888 0.6619047619047619 0.8146067415730337 0.6547619047619048 0.8904494382022472 0.6214285714285714 0.8876404494382022
1 0.5821428571428572 0.8061797752808989 0.6178571428571429 0.8103932584269663 0.611904761904762 0.8820224719101124 0.580952380952381 0.8778089887640449
1 0.4976190476190476 0.8103932584269663 0.5333333333333333 0.8132022471910112 0.5273809523809524 0.8848314606741573 0.4976190476190476 0.8806179775280899
1 0.4630952380952381 0.8033707865168539 0.49404761904761907 0.8033707865168539 0.49166666666666664 0.8792134831460674 0.4630952380952381 0.8764044943820225
1 0.21666666666666667 0.7837078651685393 0.2488095238095238 0.7837078651685393 0.2488095238095238 0.8679775280898876 0.21428571428571427 0.8665730337078652
1 0.4238095238095238 0.28370786516853935 0.41904761904761906 0.3651685393258427 0.45357142857142857 0.37359550561797755 0.4630952380952381 0.2907303370786517