1 0.32261904761904764 0.15589887640449437 0.34523809523809523 0.1348314606741573 0.39285714285714285 0.18820224719101122 0.3726190476190476 0.21348314606741572
1 0.30952380952380953 0.28651685393258425 0.33214285714285713 0.2640449438202247 0.37976190476190474 0.324438202247191 0.35714285714285715 0.3497191011235955
1 0.2869047619047619 0.3258426966292135 0.3011904761904762 0.30337078651685395 0.3607142857142857 0.35252808988764045 0.3380952380952381 0.3806179775280899
1 0.25595238095238093 0.3609550561797753 0.275 0.3356741573033708 0.33214285714285713 0.38764044943820225 0.3107142857142857 0.4199438202247191
1 0.22976190476190475 0.38342696629213485 0.24761904761904763 0.35674157303370785 0.30238095238095236 0.4241573033707865 0.27976190476190477 0.44803370786516855
1 0.12976190476190477 0.48314606741573035 0.1773809523809524 0.547752808988764 0.14642857142857144 0.5716292134831461 0.10952380952380952 0.5140449438202247
1 0.14047619047619048 0.6348314606741573 0.1595238095238095 0.6558988764044944 0.11666666666666667 0.6938202247191011 0.10238095238095238 0.6741573033707865
1 0.2130952380952381 0.6769662921348315 0.23333333333333334 0.702247191011236 0.17142857142857143 0.7654494382022472 0.15357142857142858 0.7373595505617978
1 0.2523809523809524 0.7584269662921348 0.27976190476190477 0.7823033707865169 0.22380952380952382 0.8441011235955056 0.2011904761904762 0.8230337078651685
1 0.2892857142857143 0.7935393258426966 0.3107142857142857 0.8216292134831461 0.25476190476190474 0.8820224719101124 0.22976190476190475 0.8637640449438202
1 0.44761904761904764 0.8174157303370787 0.5297619047619048 0.8216292134831461 0.5261904761904762 0.8609550561797753 0.4452380952380952 0.8553370786516854
1 0.4523809523809524 0.7682584269662921 0.5357142857142857 0.7710674157303371 0.5369047619047619 0.8061797752808989 0.4488095238095238 0.8103932584269663
1 0.4595238095238095 0.7247191011235955 0.5297619047619048 0.723314606741573 0.5333333333333333 0.7570224719101124 0.4583333333333333 0.7584269662921348
1 0.4511904761904762 0.6137640449438202 0.5226190476190476 0.6095505617977528 0.5226190476190476 0.648876404494382 0.45 0.6474719101123596
1 0.45 0.5533707865168539 0.5321428571428571 0.5547752808988764 0.5321428571428571 0.5941011235955056 0.4523809523809524 0.5941011235955056
1 0.4607142857142857 0.49859550561797755 0.5404761904761904 0.49859550561797755 0.5416666666666666 0.5407303370786517 0.4607142857142857 0.5365168539325843
1 0.4654761904761905 0.45365168539325845 0.5428571428571428 0.45365168539325845 0.5428571428571428 0.4901685393258427 0.4642857142857143 0.4887640449438202
1 0.4666666666666667 0.40308988764044945 0.5416666666666666 0.398876404494382 0.544047619047619 0.4396067415730337 0.46785714285714286 0.4438202247191011
1 0.4630952380952381 0.35814606741573035 0.5416666666666666 0.35814606741573035 0.5392857142857143 0.3960674157303371 0.4607142857142857 0.3946629213483146
1 0.47619047619047616 0.31741573033707865 0.5464285714285714 0.3188202247191011 0.5452380952380952 0.3553370786516854 0.47619047619047616 0.35252808988764045
1 0.4654761904761905 0.26685393258426965 0.5464285714285714 0.26685393258426965 0.5464285714285714 0.2991573033707865 0.46785714285714286 0.2991573033707865
1 0.4714285714285714 0.2247191011235955 0.5488095238095239 0.2205056179775281 0.5464285714285714 0.25842696629213485 0.47023809523809523 0.2556179775280899
1 0.4773809523809524 0.18117977528089887 0.5452380952380952 0.18258426966292135 0.544047619047619 0.21348314606741572 0.47619047619047616 0.21348314606741572
1 0.4726190476190476 0.13342696629213482 0.544047619047619 0.13342696629213482 0.5476190476190477 0.17415730337078653 0.4714285714285714 0.17275280898876405
1 0.6047619047619047 0.16853932584269662 0.6369047619047619 0.16713483146067415 0.6392857142857142 0.2542134831460674 0.6047619047619047 0.25140449438202245
1 0.6047619047619047 0.2808988764044944 0.6404761904761904 0.2808988764044944 0.638095238095238 0.3806179775280899 0.6023809523809524 0.37780898876404495
1 0.6 0.39325842696629215 0.6297619047619047 0.3890449438202247 0.6345238095238095 0.476123595505618 0.6023809523809524 0.4789325842696629
1 0.5988095238095238 0.4887640449438202 0.6285714285714286 0.4887640449438202 0.6297619047619047 0.5828651685393258 0.5976190476190476 0.5842696629213483
1 0.8035714285714286 0.38764044943820225 0.8380952380952381 0.3848314606741573 0.8380952380952381 0.47191011235955055 0.805952380952381 0.4747191011235955
1 0.7892857142857143 0.49157303370786515 0.8214285714285714 0.49157303370786515 0.819047619047619 0.5814606741573034 0.7892857142857143 0.5800561797752809
1 0.8011904761904762 0.7008426966292135 0.8345238095238096 0.6980337078651685 0.8404761904761905 0.7907303370786517 0.7976190476190477 0.7907303370786517
1 0.8011904761904762 0.8117977528089888 0.8357142857142857 0.8075842696629213 0.8345238095238096 0.8764044943820225 0.8023809523809524 0.8778089887640449