1 0.3880952380952381 0.1699438202247191 0.4142857142857143 0.16713483146067415 0.42023809523809524 0.24719101123595505 0.3880952380952381 0.25
1 0.3880952380952381 0.27808988764044945 0.42023809523809524 0.27668539325842695 0.4226190476190476 0.3693820224719101 0.38571428571428573 0.36657303370786515
1 0.32142857142857145 0.4311797752808989 0.3964285714285714 0.3946629213483146 0.40714285714285714 0.42837078651685395 0.3333333333333333 0.46207865168539325
1 0.5345238095238095 0.19241573033707865 0.5642857142857143 0.19101123595505617 0.5666666666666667 0.2752808988764045 0.5369047619047619 0.2794943820224719
1 0.6369047619047619 0.2443820224719101 0.6642857142857143 0.24157303370786518 0.6702380952380952 0.32865168539325845 0.638095238095238 0.3300561797752809
1 0.6642857142857143 0.18679775280898878 0.6607142857142857 0.11657303370786516 0.6321428571428571 0.11657303370786516 0.6357142857142857 0.18398876404494383
1 0.6928571428571428 0.3707865168539326 0.7571428571428571 0.33146067415730335 0.7726190476190476 0.3637640449438202 0.705952380952381 0.4058988764044944
1 0.638095238095238 0.3595505617977528 0.669047619047619 0.35814606741573035 0.6714285714285714 0.4508426966292135 0.6440476190476191 0.45365168539325845
1 0.7023809523809523 0.46207865168539325 0.7738095238095238 0.45786516853932585 0.7761904761904762 0.5 0.7023809523809523 0.49719101123595505
1 0.794047619047619 0.45786516853932585 0.8642857142857143 0.4592696629213483 0.8678571428571429 0.4957865168539326 0.7952380952380952 0.49719101123595505
1 0.705952380952381 0.6109550561797753 0.780952380952381 0.601123595505618 0.7845238095238095 0.6348314606741573 0.7047619047619048 0.6404494382022472
1 0.8035714285714286 0.5884831460674157 0.8857142857142857 0.5842696629213483 0.888095238095238 0.625 0.805952380952381 0.6292134831460674
1 0.5857142857142857 0.6671348314606742 0.6190476190476191 0.6671348314606742 0.6178571428571429 0.7570224719101124 0.5845238095238096 0.7556179775280899
1 0.7130952380952381 0.672752808988764 0.7333333333333333 0.6811797752808989 0.7142857142857143 0.7457865168539326 0.6892857142857143 0.7345505617977528
1 0.7535714285714286 0.6713483146067416 0.7797619047619048 0.6867977528089888 0.7452380952380953 0.7696629213483146 0.7130952380952381 0.75
1 0.8011904761904762 0.6699438202247191 0.8321428571428572 0.6685393258426966 0.8357142857142857 0.7584269662921348 0.8011904761904762 0.7584269662921348
1 0.844047619047619 0.6713483146067416 0.8714285714285714 0.6685393258426966 0.8726190476190476 0.7556179775280899 0.8428571428571429 0.7542134831460674
1 0.41904761904761906 0.7191011235955056 0.42023809523809524 0.8061797752808989 0.3904761904761905 0.8061797752808989 0.3869047619047619 0.7176966292134831
1 0.6785714285714286 0.5491573033707865 0.7583333333333333 0.5435393258426966 0.7619047619047619 0.5800561797752809 0.6833333333333333 0.5884831460674157