1 0.48095238095238096 0.1544943820224719 0.513095238095238 0.15589887640449437 0.513095238095238 0.24578651685393257 0.4797619047619048 0.24859550561797752
1 0.43452380952380953 0.23595505617977527 0.4666666666666667 0.23735955056179775 0.46785714285714286 0.324438202247191 0.43333333333333335 0.32724719101123595
1 0.43452380952380953 0.3553370786516854 0.4714285714285714 0.3553370786516854 0.4726190476190476 0.4438202247191011 0.4380952380952381 0.44662921348314605
1 0.43214285714285716 0.47191011235955055 0.46785714285714286 0.4705056179775281 0.46785714285714286 0.5617977528089888 0.43452380952380953 0.5646067415730337
1 0.4392857142857143 0.5786516853932584 0.4714285714285714 0.577247191011236 0.4726190476190476 0.6671348314606742 0.4357142857142857 0.6671348314606742
1 0.44047619047619047 0.6952247191011236 0.4714285714285714 0.6952247191011236 0.4714285714285714 0.7851123595505618 0.4380952380952381 0.7879213483146067
1 0.5857142857142857 0.6769662921348315 0.6178571428571429 0.675561797752809 0.6214285714285714 0.7696629213483146 0.5916666666666667 0.7710674157303371
1 0.6523809523809524 0.5898876404494382 0.6833333333333333 0.5884831460674157 0.6880952380952381 0.6811797752808989 0.6535714285714286 0.6825842696629213
1 0.6321428571428571 0.5575842696629213 0.6488095238095238 0.6460674157303371 0.6154761904761905 0.6558988764044944 0.6035714285714285 0.5688202247191011
1 0.6928571428571428 0.5028089887640449 0.7226190476190476 0.5 0.7178571428571429 0.5969101123595506 0.6880952380952381 0.5926966292134831
1 0.5785714285714286 0.27668539325842695 0.6142857142857143 0.27668539325842695 0.611904761904762 0.36797752808988765 0.5797619047619048 0.36657303370786515
1 0.6785714285714286 0.19803370786516855 0.705952380952381 0.19241573033707865 0.719047619047619 0.27247191011235955 0.6916666666666667 0.2808988764044944
1 0.7285714285714285 0.21910112359550563 0.7571428571428571 0.20786516853932585 0.780952380952381 0.29634831460674155 0.7452380952380953 0.30758426966292135
1 0.7738095238095238 0.2148876404494382 0.8023809523809524 0.20786516853932585 0.8214285714285714 0.28792134831460675 0.7916666666666666 0.2991573033707865
1 0.85 0.21910112359550563 0.8857142857142857 0.21629213483146068 0.8952380952380953 0.30337078651685395 0.8607142857142858 0.30758426966292135
1 0.8559523809523809 0.3946629213483146 0.888095238095238 0.3904494382022472 0.8964285714285715 0.47752808988764045 0.8678571428571429 0.4803370786516854
1 0.7535714285714286 0.38202247191011235 0.8321428571428572 0.3707865168539326 0.8345238095238096 0.40730337078651685 0.7571428571428571 0.41713483146067415
1 0.7416666666666667 0.4592696629213483 0.8238095238095238 0.45365168539325845 0.8226190476190476 0.5 0.7452380952380953 0.49719101123595505
1 0.7452380952380953 0.5533707865168539 0.825 0.547752808988764 0.8214285714285714 0.5870786516853933 0.7476190476190476 0.5926966292134831
1 0.75 0.5997191011235955 0.8226190476190476 0.6053370786516854 0.8226190476190476 0.6404494382022472 0.7464285714285714 0.6348314606741573
1 0.8380952380952381 0.6306179775280899 0.8714285714285714 0.6306179775280899 0.8714285714285714 0.723314606741573 0.8357142857142857 0.726123595505618
1 0.7583333333333333 0.648876404494382 0.8226190476190476 0.6502808988764045 0.8273809523809523 0.6882022471910112 0.7571428571428571 0.6938202247191011
1 0.7488095238095238 0.7598314606741573 0.8214285714285714 0.7514044943820225 0.8214285714285714 0.7963483146067416 0.7476190476190476 0.7963483146067416