1 0.43452380952380953 0.17415730337078653 0.45357142857142857 0.18398876404494383 0.48095238095238096 0.125 0.4583333333333333 0.11376404494382023
1 0.47619047619047616 0.21067415730337077 0.4988095238095238 0.22331460674157302 0.5345238095238095 0.13202247191011235 0.513095238095238 0.12078651685393259
1 0.35595238095238096 0.34831460674157305 0.38333333333333336 0.3651685393258427 0.4226190476190476 0.2794943820224719 0.39404761904761904 0.2640449438202247
1 0.49047619047619045 0.4157303370786517 0.5190476190476191 0.4311797752808989 0.5547619047619048 0.3455056179775281 0.5273809523809524 0.33146067415730335
1 0.6 0.4648876404494382 0.6238095238095238 0.4789325842696629 0.655952380952381 0.4044943820224719 0.6309523809523809 0.39185393258426965
1 0.6333333333333333 0.49297752808988765 0.655952380952381 0.5056179775280899 0.6857142857142857 0.43258426966292135 0.6607142857142857 0.4199438202247191
1 0.5666666666666667 0.23314606741573032 0.5916666666666667 0.24297752808988765 0.6130952380952381 0.18258426966292135 0.5904761904761905 0.17415730337078653
1 0.6071428571428571 0.24578651685393257 0.6309523809523809 0.25702247191011235 0.6547619047619048 0.19241573033707865 0.6321428571428571 0.18398876404494383
1 0.6392857142857142 0.2640449438202247 0.6607142857142857 0.27668539325842695 0.6857142857142857 0.20926966292134833 0.6630952380952381 0.20084269662921347
1 0.6738095238095239 0.2907303370786517 0.6976190476190476 0.30196629213483145 0.7202380952380952 0.23595505617977527 0.6976190476190476 0.22752808988764045
1 0.7119047619047619 0.30758426966292135 0.7357142857142858 0.3188202247191011 0.7583333333333333 0.25280898876404495 0.7357142857142858 0.2443820224719101
1 0.7404761904761905 0.3202247191011236 0.7642857142857142 0.33146067415730335 0.7869047619047619 0.2654494382022472 0.7642857142857142 0.25702247191011235
1 0.7726190476190476 0.3441011235955056 0.7976190476190477 0.3553370786516854 0.8166666666666667 0.28651685393258425 0.794047619047619 0.27808988764044945
1 0.7095238095238096 0.5182584269662921 0.7345238095238096 0.5323033707865169 0.7547619047619047 0.47331460674157305 0.7333333333333333 0.46207865168539325
1 0.7571428571428571 0.5435393258426966 0.7821428571428571 0.5575842696629213 0.8047619047619048 0.49297752808988765 0.780952380952381 0.48174157303370785
1 0.6702380952380952 0.49719101123595505 0.6964285714285714 0.5126404494382022 0.7238095238095238 0.4452247191011236 0.6964285714285714 0.43258426966292135
1 0.6285714285714286 0.5856741573033708 0.6535714285714286 0.598314606741573 0.6738095238095239 0.5323033707865169 0.6511904761904762 0.523876404494382
1 0.5880952380952381 0.5814606741573034 0.6166666666666667 0.5926966292134831 0.6416666666666667 0.5196629213483146 0.6154761904761905 0.5098314606741573
1 0.5428571428571428 0.5617977528089888 0.5702380952380952 0.5702247191011236 0.5892857142857143 0.49297752808988765 0.5630952380952381 0.48314606741573035
1 0.49166666666666664 0.5337078651685393 0.5226190476190476 0.5463483146067416 0.5488095238095239 0.46769662921348315 0.5190476190476191 0.4550561797752809
1 0.4595238095238095 0.5210674157303371 0.4869047619047619 0.5308988764044944 0.5107142857142857 0.45786516853932585 0.48333333333333334 0.44803370786516855
1 0.39880952380952384 0.4691011235955056 0.4238095238095238 0.4803370786516854 0.44761904761904764 0.41292134831460675 0.42023809523809524 0.40308988764044945
1 0.36666666666666664 0.45646067415730335 0.3880952380952381 0.46769662921348315 0.42023809523809524 0.398876404494382 0.39404761904761904 0.38764044943820225
1 0.3357142857142857 0.449438202247191 0.3619047619047619 0.46207865168539325 0.3869047619047619 0.38764044943820225 0.3607142857142857 0.37640449438202245
1 0.30833333333333335 0.42696629213483145 0.3333333333333333 0.4410112359550562 0.3595238095238095 0.37359550561797755 0.3333333333333333 0.36235955056179775
1 0.2773809523809524 0.4044943820224719 0.3011904761904762 0.4143258426966292 0.325 0.3553370786516854 0.2988095238095238 0.3441011235955056
1 0.2369047619047619 0.3904494382022472 0.26071428571428573 0.40168539325842695 0.2892857142857143 0.33707865168539325 0.2630952380952381 0.3258426966292135
1 0.6976190476190476 0.6151685393258427 0.7226190476190476 0.625 0.7428571428571429 0.5603932584269663 0.7214285714285714 0.5491573033707865
1 0.7285714285714285 0.6292134831460674 0.7547619047619047 0.6404494382022472 0.775 0.5716292134831461 0.75 0.5589887640449438
1 0.7642857142857142 0.6502808988764045 0.7892857142857143 0.6629213483146067 0.8107142857142857 0.5912921348314607 0.7857142857142857 0.5800561797752809
1 0.7952380952380952 0.6587078651685393 0.8202380952380952 0.672752808988764 0.8392857142857143 0.6193820224719101 0.8154761904761905 0.6053370786516854
1 0.7130952380952381 0.8426966292134831 0.736904761904762 0.8539325842696629 0.7654761904761904 0.7865168539325843 0.7416666666666667 0.7724719101123596
1 0.6821428571428572 0.8230337078651685 0.7071428571428572 0.8356741573033708 0.7357142857142858 0.7682584269662921 0.7119047619047619 0.7542134831460674
1 0.6428571428571429 0.8033707865168539 0.6654761904761904 0.8146067415730337 0.6952380952380952 0.7429775280898876 0.6714285714285714 0.7289325842696629
1 0.5738095238095238 0.7668539325842697 0.5988095238095238 0.7808988764044944 0.6273809523809524 0.7064606741573034 0.6023809523809524 0.6924157303370787
1 0.4845238095238095 0.7219101123595506 0.5071428571428571 0.7331460674157303 0.5285714285714286 0.6741573033707865 0.5047619047619047 0.6629213483146067
1 0.44642857142857145 0.7008426966292135 0.4714285714285714 0.7162921348314607 0.4976190476190476 0.6474719101123596 0.475 0.6348314606741573
1 0.37142857142857144 0.6769662921348315 0.39404761904761904 0.6896067415730337 0.42142857142857143 0.6235955056179775 0.39880952380952384 0.6109550561797753
1 0.3404761904761905 0.6544943820224719 0.36547619047619045 0.6699438202247191 0.3964285714285714 0.5969101123595506 0.37023809523809526 0.5814606741573034
1 0.14285714285714285 0.4241573033707865 0.2011904761904762 0.45786516853932585 0.2154761904761905 0.42696629213483145 0.15833333333333333 0.39747191011235955
1 0.15714285714285714 0.38764044943820225 0.2130952380952381 0.4199438202247191 0.2261904761904762 0.3946629213483146 0.17142857142857143 0.3609550561797753
1 0.12261904761904761 0.45786516853932585 0.18214285714285713 0.4901685393258427 0.19523809523809524 0.4648876404494382 0.1357142857142857 0.4311797752808989
1 0.10595238095238095 0.4957865168539326 0.16428571428571428 0.5280898876404494 0.1773809523809524 0.5028089887640449 0.11785714285714285 0.4691011235955056
1 0.09047619047619047 0.5224719101123596 0.14642857142857144 0.5547752808988764 0.1595238095238095 0.5294943820224719 0.1 0.4957865168539326
1 0.7511904761904762 0.42275280898876405 0.8 0.46629213483146065 0.8166666666666667 0.4410112359550562 0.7690476190476191 0.398876404494382
1 0.8226190476190476 0.40308988764044945 0.8845238095238095 0.4339887640449438 0.8940476190476191 0.4044943820224719 0.8345238095238096 0.37359550561797755
1 0.8392857142857143 0.3707865168539326 0.9011904761904762 0.40168539325842695 0.9107142857142857 0.37219101123595505 0.8511904761904762 0.34129213483146065
1 0.8488095238095238 0.3342696629213483 0.9107142857142857 0.3651685393258427 0.9202380952380952 0.3356741573033708 0.8607142857142858 0.3047752808988764
1 0.43214285714285716 0.30196629213483145 0.40595238095238095 0.36657303370786515 0.430952380952381 0.3806179775280899 0.45357142857142857 0.31320224719101125
1 0.48928571428571427 0.33848314606741575 0.46190476190476193 0.4044943820224719 0.4857142857142857 0.41713483146067415 0.5119047619047619 0.34691011235955055
1 0.5666666666666667 0.3651685393258427 0.5380952380952381 0.4353932584269663 0.5666666666666667 0.4508426966292135 0.5928571428571429 0.3806179775280899
1 0.8595238095238096 0.5154494382022472 0.8357142857142857 0.5800561797752809 0.8595238095238096 0.5969101123595506 0.8857142857142857 0.5323033707865169