1 0.1523809523809524 0.6432584269662921 0.18214285714285713 0.6432584269662921 0.18214285714285713 0.5533707865168539 0.15476190476190477 0.5533707865168539
1 0.24166666666666667 0.5997191011235955 0.2702380952380952 0.601123595505618 0.2702380952380952 0.5126404494382022 0.24285714285714285 0.5126404494382022
1 0.4666666666666667 0.2401685393258427 0.4976190476190476 0.2401685393258427 0.49642857142857144 0.1544943820224719 0.46785714285714286 0.1544943820224719
1 0.55 0.21910112359550563 0.5785714285714286 0.21910112359550563 0.5773809523809523 0.1348314606741573 0.5464285714285714 0.13623595505617977
1 0.5166666666666667 0.5084269662921348 0.55 0.5056179775280899 0.5464285714285714 0.4157303370786517 0.5154761904761904 0.4157303370786517
1 0.6142857142857143 0.5252808988764045 0.6464285714285715 0.5252808988764045 0.6488095238095238 0.43258426966292135 0.6166666666666667 0.4311797752808989
1 0.6797619047619048 0.523876404494382 0.7119047619047619 0.5210674157303371 0.7095238095238096 0.44241573033707865 0.6797619047619048 0.44241573033707865
1 0.23452380952380952 0.8553370786516854 0.26785714285714285 0.8539325842696629 0.26666666666666666 0.7640449438202247 0.2392857142857143 0.7626404494382022
1 0.2654761904761905 0.17837078651685392 0.3 0.18117977528089887 0.30952380952380953 0.10393258426966293 0.27380952380952384 0.09269662921348315
1 0.7797619047619048 0.6039325842696629 0.8095238095238095 0.6039325842696629 0.8119047619047619 0.6938202247191011 0.7761904761904762 0.6896067415730337
1 0.7821428571428571 0.8019662921348315 0.8107142857142857 0.8160112359550562 0.8369047619047619 0.7401685393258427 0.8107142857142857 0.726123595505618