1 0.4988095238095238 0.26264044943820225 0.5261904761904762 0.26264044943820225 0.5297619047619048 0.17415730337078653 0.5047619047619047 0.17275280898876405
1 0.5869047619047619 0.2752808988764045 0.6166666666666667 0.2752808988764045 0.6154761904761905 0.20084269662921347 0.5869047619047619 0.199438202247191
1 0.23333333333333334 0.3946629213483146 0.3047619047619048 0.39747191011235955 0.3047619047619048 0.3609550561797753 0.2369047619047619 0.35814606741573035
1 0.19523809523809524 0.5126404494382022 0.2702380952380952 0.5112359550561798 0.2702380952380952 0.476123595505618 0.19523809523809524 0.4803370786516854
1 0.16904761904761906 0.6292134831460674 0.24166666666666667 0.6320224719101124 0.24285714285714285 0.5955056179775281 0.17142857142857143 0.5912921348314607
1 0.16547619047619047 0.6713483146067416 0.23809523809523808 0.6741573033707865 0.2369047619047619 0.6418539325842697 0.16547619047619047 0.6376404494382022
1 0.16547619047619047 0.7162921348314607 0.23452380952380952 0.7162921348314607 0.2357142857142857 0.6839887640449438 0.16428571428571428 0.6811797752808989
1 0.1630952380952381 0.7612359550561798 0.2369047619047619 0.7612359550561798 0.2369047619047619 0.7289325842696629 0.16547619047619047 0.7275280898876404
1 0.15833333333333333 0.8089887640449438 0.2261904761904762 0.8117977528089888 0.2261904761904762 0.773876404494382 0.16071428571428573 0.7724719101123596
1 0.16666666666666666 0.8567415730337079 0.2226190476190476 0.8651685393258427 0.22380952380952382 0.8342696629213483 0.16666666666666666 0.824438202247191
1 0.8107142857142857 0.875 0.8511904761904762 0.875 0.8511904761904762 0.776685393258427 0.8119047619047619 0.7808988764044944
1 0.19166666666666668 0.18398876404494383 0.24166666666666667 0.18258426966292135 0.24166666666666667 0.14747191011235955 0.19166666666666668 0.14747191011235955
1 0.18571428571428572 0.2205056179775281 0.23809523809523808 0.22893258426966293 0.24166666666666667 0.19382022471910113 0.18928571428571428 0.19101123595505617
1 0.18333333333333332 0.2640449438202247 0.23214285714285715 0.273876404494382 0.23452380952380952 0.23876404494382023 0.18452380952380953 0.22893258426966293