1 0.3607142857142857 0.8539325842696629 0.3892857142857143 0.8455056179775281 0.3726190476190476 0.7584269662921348 0.34523809523809523 0.7640449438202247
1 0.3904761904761905 0.75 0.41904761904761906 0.7401685393258427 0.4011904761904762 0.6544943820224719 0.3726190476190476 0.6643258426966292
1 0.5261904761904762 0.523876404494382 0.5595238095238095 0.5154494382022472 0.5428571428571428 0.4353932584269663 0.5119047619047619 0.44241573033707865
1 0.6190476190476191 0.46629213483146065 0.6488095238095238 0.46348314606741575 0.6333333333333333 0.38342696629213485 0.6035714285714285 0.39325842696629215
1 0.6666666666666666 0.48735955056179775 0.6488095238095238 0.4044943820224719 0.6785714285714286 0.39747191011235955 0.6916666666666667 0.47752808988764045
1 0.7142857142857143 0.46629213483146065 0.7440476190476191 0.4606741573033708 0.7321428571428571 0.3848314606741573 0.7035714285714286 0.38764044943820225
1 0.7666666666666667 0.49719101123595505 0.794047619047619 0.49157303370786515 0.780952380952381 0.40730337078651685 0.7523809523809524 0.4157303370786517
1 0.638095238095238 0.6081460674157303 0.6654761904761904 0.5997191011235955 0.65 0.5196629213483146 0.6226190476190476 0.526685393258427
1 0.6869047619047619 0.5842696629213483 0.7142857142857143 0.5730337078651685 0.7 0.5 0.6714285714285714 0.5084269662921348
1 0.7380952380952381 0.5688202247191011 0.7666666666666667 0.5603932584269663 0.7488095238095238 0.48314606741573035 0.7202380952380952 0.49297752808988765
1 0.7845238095238095 0.5941011235955056 0.8119047619047619 0.5842696629213483 0.7964285714285714 0.5056179775280899 0.7690476190476191 0.5126404494382022
1 0.6654761904761904 0.7345505617977528 0.6928571428571428 0.7275280898876404 0.6773809523809524 0.6376404494382022 0.6476190476190476 0.6460674157303371
1 0.7083333333333334 0.7050561797752809 0.7357142857142858 0.6924157303370787 0.7202380952380952 0.6081460674157303 0.6916666666666667 0.6165730337078652
1 0.7654761904761904 0.7148876404494382 0.7928571428571428 0.7036516853932584 0.775 0.6165730337078652 0.7464285714285714 0.6278089887640449
1 0.8119047619047619 0.7373595505617978 0.8416666666666667 0.7289325842696629 0.8238095238095238 0.6474719101123596 0.7964285714285714 0.6530898876404494
1 0.6880952380952381 0.8553370786516854 0.7178571428571429 0.8455056179775281 0.7035714285714286 0.7668539325842697 0.6726190476190477 0.7724719101123596
1 0.7380952380952381 0.8665730337078652 0.7666666666666667 0.8581460674157303 0.7464285714285714 0.7710674157303371 0.7166666666666667 0.7823033707865169
1 0.7880952380952381 0.8412921348314607 0.8154761904761905 0.8314606741573034 0.7964285714285714 0.7514044943820225 0.7714285714285715 0.7598314606741573