0 0.34285714285714286 0.3848314606741573 0.3821428571428571 0.38202247191011235 0.39404761904761904 0.19803370786516855 0.35 0.1952247191011236
1 0.7047619047619048 0.2542134831460674 0.7345238095238096 0.25140449438202245 0.7321428571428571 0.17275280898876405 0.705952380952381 0.17134831460674158
1 0.8416666666666667 0.18820224719101122 0.8714285714285714 0.18820224719101122 0.8714285714285714 0.11376404494382023 0.844047619047619 0.11657303370786516
1 0.7535714285714286 0.2401685393258427 0.7833333333333333 0.2401685393258427 0.7833333333333333 0.1699438202247191 0.7547619047619047 0.16853932584269662
1 0.8035714285714286 0.24157303370786518 0.8333333333333334 0.24157303370786518 0.8321428571428572 0.1699438202247191 0.8035714285714286 0.1699438202247191
1 0.844047619047619 0.2851123595505618 0.875 0.28370786516853935 0.8726190476190476 0.20926966292134833 0.8428571428571429 0.21207865168539325
1 0.7083333333333334 0.37219101123595505 0.7404761904761905 0.3693820224719101 0.7380952380952381 0.28370786516853935 0.7107142857142857 0.28792134831460675
1 0.7547619047619047 0.35252808988764045 0.7857142857142857 0.35252808988764045 0.7857142857142857 0.26825842696629215 0.7511904761904762 0.26825842696629215
1 0.8095238095238095 0.3806179775280899 0.8369047619047619 0.3806179775280899 0.8357142857142857 0.2949438202247191 0.8071428571428572 0.2949438202247191
1 0.7142857142857143 0.49297752808988765 0.7464285714285714 0.49157303370786515 0.7476190476190476 0.40730337078651685 0.7130952380952381 0.40730337078651685
1 0.7547619047619047 0.5154494382022472 0.7892857142857143 0.5154494382022472 0.7892857142857143 0.425561797752809 0.7559523809523809 0.42837078651685395
1 0.7130952380952381 0.6390449438202247 0.7428571428571429 0.6390449438202247 0.7440476190476191 0.5561797752808989 0.7130952380952381 0.5561797752808989
1 0.8154761904761905 0.6924157303370787 0.8428571428571429 0.6910112359550562 0.8428571428571429 0.6081460674157303 0.8119047619047619 0.6081460674157303
1 0.4785714285714286 0.7626404494382022 0.5107142857142857 0.7612359550561798 0.5154761904761904 0.6769662921348315 0.4880952380952381 0.675561797752809
1 0.7547619047619047 0.8665730337078652 0.7880952380952381 0.8665730337078652 0.7892857142857143 0.7907303370786517 0.7607142857142857 0.7907303370786517