1 0.1357142857142857 0.19803370786516855 0.16666666666666666 0.19382022471910113 0.16785714285714284 0.12219101123595505 0.13690476190476192 0.12359550561797752
1 0.29404761904761906 0.33848314606741575 0.32261904761904764 0.32724719101123595 0.305952380952381 0.2443820224719101 0.2785714285714286 0.25140449438202245
1 0.25833333333333336 0.41853932584269665 0.28809523809523807 0.40308988764044945 0.2726190476190476 0.31741573033707865 0.24404761904761904 0.324438202247191
1 0.4988095238095238 0.40308988764044945 0.5297619047619048 0.38764044943820225 0.5059523809523809 0.30337078651685395 0.4738095238095238 0.3160112359550562
1 0.21904761904761905 0.5084269662921348 0.2488095238095238 0.5 0.23214285714285715 0.4199438202247191 0.20476190476190476 0.42837078651685395
1 0.13214285714285715 0.625 0.16071428571428573 0.5997191011235955 0.1261904761904762 0.5252808988764045 0.09761904761904762 0.5575842696629213
1 0.275 0.5421348314606742 0.3107142857142857 0.5337078651685393 0.29523809523809524 0.4438202247191011 0.2619047619047619 0.45365168539325845
1 0.37142857142857144 0.5449438202247191 0.4011904761904762 0.5252808988764045 0.36666666666666664 0.44241573033707865 0.3380952380952381 0.46348314606741575
1 0.32261904761904764 0.7682584269662921 0.3547619047619048 0.7556179775280899 0.3333333333333333 0.6657303370786517 0.3011904761904762 0.6783707865168539
1 0.1988095238095238 0.827247191011236 0.22976190476190475 0.8089887640449438 0.2011904761904762 0.726123595505618 0.17142857142857143 0.7457865168539326
1 0.575 0.8370786516853933 0.6083333333333333 0.8230337078651685 0.5857142857142857 0.7359550561797753 0.5535714285714286 0.75
1 0.6321428571428571 0.7176966292134831 0.6583333333333333 0.7064606741573034 0.6357142857142857 0.6193820224719101 0.6047619047619047 0.6334269662921348