1 0.14166666666666666 0.8230337078651685 0.1738095238095238 0.8188202247191011 0.16904761904761906 0.7387640449438202 0.1380952380952381 0.7443820224719101
1 0.24285714285714285 0.7949438202247191 0.2761904761904762 0.7879213483146067 0.2642857142857143 0.6966292134831461 0.2357142857142857 0.7008426966292135
1 0.2892857142857143 0.8286516853932584 0.3202380952380952 0.824438202247191 0.30952380952380953 0.7415730337078652 0.27976190476190477 0.7457865168539326
1 0.34285714285714286 0.8595505617977528 0.3738095238095238 0.8553370786516854 0.3619047619047619 0.7710674157303371 0.3345238095238095 0.7808988764044944
1 0.33095238095238094 0.7485955056179775 0.3630952380952381 0.7429775280898876 0.3523809523809524 0.6502808988764045 0.31666666666666665 0.6544943820224719
1 0.21785714285714286 0.6320224719101124 0.25 0.6264044943820225 0.24404761904761904 0.5435393258426966 0.21071428571428572 0.5491573033707865
1 0.21071428571428572 0.5140449438202247 0.24523809523809523 0.5084269662921348 0.23333333333333334 0.4199438202247191 0.20357142857142857 0.425561797752809
1 0.29642857142857143 0.41292134831460675 0.32976190476190476 0.40870786516853935 0.319047619047619 0.32162921348314605 0.2845238095238095 0.32724719101123595
1 0.26904761904761904 0.6179775280898876 0.30238095238095236 0.6123595505617978 0.29404761904761906 0.5280898876404494 0.26785714285714285 0.5337078651685393
1 0.3119047619047619 0.574438202247191 0.34285714285714286 0.5660112359550562 0.3345238095238095 0.4957865168539326 0.30952380952380953 0.49719101123595505
1 0.4011904761904762 0.20224719101123595 0.4369047619047619 0.19662921348314608 0.425 0.1151685393258427 0.39285714285714285 0.125
1 0.5380952380952381 0.29775280898876405 0.5666666666666667 0.29353932584269665 0.5583333333333333 0.20926966292134833 0.5273809523809524 0.21769662921348315
1 0.4380952380952381 0.4311797752808989 0.4714285714285714 0.4241573033707865 0.4642857142857143 0.3356741573033708 0.4297619047619048 0.34269662921348315
1 0.5404761904761904 0.45365168539325845 0.5654761904761905 0.44803370786516855 0.5571428571428572 0.35814606741573035 0.5238095238095238 0.3651685393258427
1 0.5095238095238095 0.6376404494382022 0.5404761904761904 0.6292134831460674 0.530952380952381 0.5421348314606742 0.4928571428571429 0.547752808988764
1 0.6154761904761905 0.8946629213483146 0.5952380952380952 0.8019662921348315 0.6297619047619047 0.7949438202247191 0.6464285714285715 0.8862359550561798