1 0.21904761904761905 0.19803370786516855 0.24642857142857144 0.19241573033707865 0.23333333333333334 0.12219101123595505 0.20238095238095238 0.12921348314606743
1 0.26666666666666666 0.21067415730337077 0.2976190476190476 0.20224719101123595 0.2857142857142857 0.11938202247191011 0.25 0.12921348314606743
1 0.37023809523809526 0.33707865168539325 0.3964285714285714 0.324438202247191 0.37857142857142856 0.24578651685393257 0.3464285714285714 0.2556179775280899
1 0.1988095238095238 0.39185393258426965 0.22857142857142856 0.3862359550561798 0.21666666666666667 0.300561797752809 0.1869047619047619 0.30758426966292135
1 0.2761904761904762 0.44803370786516855 0.30714285714285716 0.4396067415730337 0.2988095238095238 0.3637640449438202 0.26785714285714285 0.36657303370786515
1 0.32142857142857145 0.45646067415730335 0.35714285714285715 0.45224719101123595 0.34523809523809523 0.3707865168539326 0.3107142857142857 0.37640449438202245
1 0.27380952380952384 0.6446629213483146 0.30238095238095236 0.6362359550561798 0.29404761904761906 0.5533707865168539 0.2619047619047619 0.5561797752808989
1 0.37142857142857144 0.7219101123595506 0.40476190476190477 0.7134831460674157 0.3880952380952381 0.6221910112359551 0.3535714285714286 0.6278089887640449
1 0.3380952380952381 0.8300561797752809 0.3726190476190476 0.8202247191011236 0.35714285714285715 0.7275280898876404 0.32261904761904764 0.7373595505617978
1 0.6964285714285714 0.5407303370786517 0.7023809523809523 0.5056179775280899 0.780952380952381 0.526685393258427 0.7773809523809524 0.5603932584269663
1 0.7702380952380953 0.5126404494382022 0.8369047619047619 0.5617977528089888 0.8523809523809524 0.5308988764044944 0.7880952380952381 0.48314606741573035
1 0.8166666666666667 0.3637640449438202 0.830952380952381 0.3904494382022472 0.8904761904761904 0.3553370786516854 0.8773809523809524 0.3258426966292135
1 0.794047619047619 0.32303370786516855 0.805952380952381 0.3539325842696629 0.8690476190476191 0.324438202247191 0.8571428571428571 0.29353932584269665
1 0.7714285714285715 0.28792134831460675 0.7869047619047619 0.31179775280898875 0.8416666666666667 0.26825842696629215 0.8285714285714286 0.24578651685393257
1 0.8452380952380952 0.17275280898876405 0.8666666666666667 0.15308988764044945 0.905952380952381 0.2247191011235955 0.888095238095238 0.2443820224719101