1 0.10833333333333334 0.7443820224719101 0.17857142857142858 0.7485955056179775 0.17976190476190476 0.7120786516853933 0.10833333333333334 0.7120786516853933
1 0.09523809523809523 0.7963483146067416 0.15595238095238095 0.800561797752809 0.15714285714285714 0.7584269662921348 0.1 0.7556179775280899
1 0.10714285714285714 0.8623595505617978 0.17261904761904762 0.8525280898876404 0.17023809523809524 0.8146067415730337 0.10476190476190476 0.8174157303370787
1 0.20714285714285716 0.5969101123595506 0.2714285714285714 0.5997191011235955 0.2714285714285714 0.5730337078651685 0.21071428571428572 0.5632022471910112
1 0.40714285714285714 0.5758426966292135 0.4726190476190476 0.6179775280898876 0.4857142857142857 0.5912921348314607 0.42142857142857143 0.5463483146067416
1 0.41785714285714287 0.6896067415730337 0.44285714285714284 0.6601123595505618 0.49642857142857144 0.7134831460674157 0.47619047619047616 0.7415730337078652
1 0.4869047619047619 0.34691011235955055 0.5154761904761904 0.34831460674157305 0.5202380952380953 0.27247191011235955 0.49404761904761907 0.26825842696629215
1 0.2845238095238095 0.3202247191011236 0.3607142857142857 0.32162921348314605 0.3619047619047619 0.2851123595505618 0.2892857142857143 0.2808988764044944
1 0.2976190476190476 0.23735955056179775 0.319047619047619 0.25 0.3535714285714286 0.1853932584269663 0.3261904761904762 0.1699438202247191
1 0.24166666666666667 0.22612359550561797 0.25833333333333336 0.25 0.3107142857142857 0.19241573033707865 0.2892857142857143 0.16853932584269662
1 0.1261904761904762 0.300561797752809 0.19166666666666668 0.30758426966292135 0.19285714285714287 0.2696629213483146 0.13095238095238096 0.2640449438202247
1 0.18333333333333332 0.22331460674157302 0.20714285714285716 0.24578651685393257 0.25595238095238093 0.18820224719101122 0.22857142857142856 0.1601123595505618
1 0.1392857142857143 0.22331460674157302 0.16071428571428573 0.2401685393258427 0.20476190476190476 0.18117977528089887 0.17976190476190476 0.15730337078651685