1 0.17857142857142858 0.20646067415730338 0.20476190476190476 0.19382022471910113 0.1761904761904762 0.1151685393258427 0.15119047619047618 0.12640449438202248
1 0.21071428571428572 0.1896067415730337 0.2369047619047619 0.17837078651685392 0.21428571428571427 0.10955056179775281 0.18928571428571428 0.11938202247191011
1 0.3 0.20365168539325842 0.3238095238095238 0.1952247191011236 0.3 0.11657303370786516 0.2726190476190476 0.125
1 0.34285714285714286 0.1952247191011236 0.36428571428571427 0.1797752808988764 0.33690476190476193 0.1151685393258427 0.3119047619047619 0.12640449438202248
1 0.3869047619047619 0.20224719101123595 0.3523809523809524 0.12780898876404495 0.37857142857142856 0.1151685393258427 0.4083333333333333 0.1896067415730337
1 0.42142857142857143 0.19241573033707865 0.3892857142857143 0.12078651685393259 0.4142857142857143 0.10955056179775281 0.44761904761904764 0.1853932584269663
1 0.09761904761904762 0.32865168539325845 0.12857142857142856 0.34831460674157305 0.1761904761904762 0.2794943820224719 0.14642857142857144 0.25702247191011235
1 0.11190476190476191 0.42275280898876405 0.18214285714285713 0.42275280898876405 0.18333333333333332 0.3904494382022472 0.11190476190476191 0.38764044943820225
1 0.21904761904761905 0.4199438202247191 0.2904761904761905 0.4199438202247191 0.2916666666666667 0.3848314606741573 0.2226190476190476 0.3806179775280899
1 0.3380952380952381 0.3497191011235955 0.3595238095238095 0.3637640449438202 0.3964285714285714 0.2991573033707865 0.3761904761904762 0.2794943820224719
1 0.37857142857142856 0.34269662921348315 0.4011904761904762 0.36235955056179775 0.4488095238095238 0.29775280898876405 0.425 0.2752808988764045
1 0.430952380952381 0.34691011235955055 0.45714285714285713 0.36657303370786515 0.5 0.3047752808988764 0.4797619047619048 0.2794943820224719
1 0.49047619047619045 0.3441011235955056 0.513095238095238 0.3637640449438202 0.544047619047619 0.29213483146067415 0.5178571428571429 0.27668539325842695
1 0.48333333333333334 0.4311797752808989 0.5547619047619048 0.43258426966292135 0.555952380952381 0.3904494382022472 0.48333333333333334 0.3904494382022472
1 0.319047619047619 0.4199438202247191 0.38333333333333336 0.42134831460674155 0.38452380952380955 0.38764044943820225 0.32261904761904764 0.3806179775280899
1 0.13452380952380952 0.7457865168539326 0.21071428571428572 0.7373595505617978 0.2130952380952381 0.699438202247191 0.13452380952380952 0.7008426966292135
1 0.4297619047619048 0.7415730337078652 0.5035714285714286 0.7457865168539326 0.5083333333333333 0.7050561797752809 0.43333333333333335 0.6938202247191011
1 0.11428571428571428 0.8693820224719101 0.18214285714285713 0.8693820224719101 0.18214285714285713 0.8216292134831461 0.1130952380952381 0.8230337078651685
1 0.20833333333333334 0.8623595505617978 0.2773809523809524 0.8637640449438202 0.2785714285714286 0.8230337078651685 0.20833333333333334 0.8216292134831461
1 0.4261904761904762 0.8792134831460674 0.5 0.875 0.49523809523809526 0.8300561797752809 0.4261904761904762 0.8328651685393258
1 0.680952380952381 0.449438202247191 0.7130952380952381 0.4452247191011236 0.7107142857142857 0.36657303370786515 0.6833333333333333 0.3637640449438202
1 0.5023809523809524 0.18117977528089887 0.5321428571428571 0.17275280898876405 0.5035714285714286 0.09691011235955056 0.47619047619047616 0.10674157303370786