2 0.2 0.37640449438202245 0.2904761904761905 0.3651685393258427 0.2904761904761905 0.3258426966292135 0.1988095238095238 0.32865168539325845
2 0.30357142857142855 0.3609550561797753 0.39285714285714285 0.3595505617977528 0.39166666666666666 0.31741573033707865 0.3047619047619048 0.32303370786516855
1 0.4845238095238095 0.32724719101123595 0.5571428571428572 0.3202247191011236 0.5571428571428572 0.2907303370786517 0.48214285714285715 0.2907303370786517
1 0.6476190476190476 0.21067415730337077 0.6702380952380952 0.2303370786516854 0.7166666666666667 0.1699438202247191 0.6904761904761905 0.14185393258426968
1 0.6547619047619048 0.27247191011235955 0.6547619047619048 0.30196629213483145 0.7214285714285714 0.30337078651685395 0.725 0.26825842696629215
1 0.7619047619047619 0.3047752808988764 0.8321428571428572 0.30758426966292135 0.8321428571428572 0.2696629213483146 0.7619047619047619 0.2696629213483146
1 0.18333333333333332 0.8441011235955056 0.25476190476190474 0.8314606741573034 0.25 0.7907303370786517 0.18095238095238095 0.8019662921348315
1 0.29285714285714287 0.824438202247191 0.3630952380952381 0.8188202247191011 0.3595238095238095 0.7794943820224719 0.29285714285714287 0.7879213483146067
1 0.38571428571428573 0.7640449438202247 0.47023809523809523 0.7598314606741573 0.46904761904761905 0.7219101123595506 0.3880952380952381 0.726123595505618
1 0.4976190476190476 0.7598314606741573 0.5785714285714286 0.7570224719101124 0.5738095238095238 0.7176966292134831 0.4976190476190476 0.7219101123595506
1 0.6440476190476191 0.75 0.7202380952380952 0.7471910112359551 0.7178571428571429 0.7078651685393258 0.6428571428571429 0.7134831460674157
1 0.39166666666666666 0.8202247191011236 0.46785714285714286 0.8132022471910112 0.4642857142857143 0.773876404494382 0.39285714285714285 0.7823033707865169
1 0.49166666666666664 0.8132022471910112 0.569047619047619 0.8075842696629213 0.5666666666666667 0.7696629213483146 0.4928571428571429 0.7724719101123596
1 0.6011904761904762 0.8061797752808989 0.6833333333333333 0.8019662921348315 0.6773809523809524 0.7626404494382022 0.6 0.7668539325842697
1 0.41785714285714287 0.8764044943820225 0.4154761904761905 0.8412921348314607 0.4845238095238095 0.8328651685393258 0.49047619047619045 0.8665730337078652
1 0.5285714285714286 0.8679775280898876 0.5261904761904762 0.8300561797752809 0.594047619047619 0.8216292134831461 0.5976190476190476 0.8623595505617978
1 0.6345238095238095 0.8665730337078652 0.6321428571428571 0.8286516853932584 0.6988095238095238 0.8216292134831461 0.7023809523809523 0.8637640449438202
1 0.7476190476190476 0.7443820224719101 0.8166666666666667 0.7443820224719101 0.8166666666666667 0.7078651685393258 0.7464285714285714 0.7078651685393258
1 0.7285714285714285 0.8033707865168539 0.8035714285714286 0.800561797752809 0.8011904761904762 0.7640449438202247 0.7273809523809524 0.7682584269662921
1 0.7523809523809524 0.851123595505618 0.8273809523809523 0.851123595505618 0.8226190476190476 0.8075842696629213 0.7511904761904762 0.8117977528089888
1 0.8333333333333334 0.8033707865168539 0.9 0.8033707865168539 0.8976190476190476 0.7598314606741573 0.8285714285714286 0.7626404494382022
1 0.32142857142857145 0.8412921348314607 0.3892857142857143 0.8384831460674157 0.3892857142857143 0.8721910112359551 0.32142857142857145 0.875