0 0.36904761904761907 0.29775280898876405 0.5297619047619048 0.28651685393258425 0.525 0.24297752808988765 0.36904761904761907 0.25140449438202245
0 0.3726190476190476 0.3553370786516854 0.5273809523809524 0.3455056179775281 0.5273809523809524 0.30337078651685395 0.37023809523809526 0.3089887640449438
0 0.39166666666666666 0.4101123595505618 0.5452380952380952 0.41151685393258425 0.5464285714285714 0.36235955056179775 0.3904761904761905 0.3637640449438202
0 0.3869047619047619 0.4789325842696629 0.5464285714285714 0.4705056179775281 0.544047619047619 0.42696629213483145 0.3869047619047619 0.43258426966292135
0 0.3892857142857143 0.5533707865168539 0.5464285714285714 0.5533707865168539 0.5464285714285714 0.5014044943820225 0.3880952380952381 0.5098314606741573
2 0.30952380952380953 0.3960674157303371 0.3107142857142857 0.5028089887640449 0.3476190476190476 0.5014044943820225 0.34285714285714286 0.3946629213483146
2 0.3119047619047619 0.5196629213483146 0.3107142857142857 0.6264044943820225 0.34285714285714286 0.6264044943820225 0.34523809523809523 0.5182584269662921
1 0.3261904761904762 0.16432584269662923 0.32976190476190476 0.2401685393258427 0.35833333333333334 0.23876404494382023 0.35714285714285715 0.16432584269662923
1 0.3952380952380952 0.16573033707865167 0.3952380952380952 0.24297752808988765 0.36666666666666664 0.24297752808988765 0.36428571428571427 0.16432584269662923
1 0.3380952380952381 0.7387640449438202 0.3404761904761905 0.8230337078651685 0.36904761904761907 0.824438202247191 0.37142857142857144 0.7359550561797753
0 0.5892857142857143 0.5603932584269663 0.7488095238095238 0.547752808988764 0.7464285714285714 0.5070224719101124 0.5880952380952381 0.5140449438202247
0 0.5738095238095238 0.3455056179775281 0.7297619047619047 0.33707865168539325 0.7285714285714285 0.2949438202247191 0.575 0.2991573033707865
1 0.6333333333333333 0.6558988764044944 0.7023809523809523 0.6769662921348315 0.7142857142857143 0.6418539325842697 0.6416666666666667 0.6193820224719101
1 0.7952380952380952 0.8651685393258427 0.8488095238095238 0.8300561797752809 0.8333333333333334 0.797752808988764 0.7797619047619048 0.8412921348314607