1 0.11190476190476191 0.16292134831460675 0.11904761904761904 0.25 0.1523809523809524 0.24719101123595505 0.14761904761904762 0.1601123595505618
1 0.12261904761904761 0.43258426966292135 0.12738095238095237 0.5196629213483146 0.1630952380952381 0.5224719101123596 0.15714285714285714 0.4339887640449438
1 0.1261904761904762 0.7528089887640449 0.12380952380952381 0.8553370786516854 0.1595238095238095 0.8581460674157303 0.16666666666666666 0.7598314606741573
1 0.2630952380952381 0.577247191011236 0.2654761904761905 0.6544943820224719 0.29523809523809524 0.6558988764044944 0.29404761904761906 0.5758426966292135
1 0.5047619047619047 0.726123595505618 0.5059523809523809 0.8132022471910112 0.5369047619047619 0.8117977528089888 0.5369047619047619 0.7275280898876404
1 0.4845238095238095 0.14887640449438203 0.4880952380952381 0.22612359550561797 0.5202380952380953 0.2247191011235955 0.5166666666666667 0.14747191011235955
1 0.555952380952381 0.1502808988764045 0.555952380952381 0.22612359550561797 0.5273809523809524 0.2247191011235955 0.525 0.1502808988764045
2 0.4726190476190476 0.38202247191011235 0.4773809523809524 0.48735955056179775 0.5107142857142857 0.4845505617977528 0.5035714285714286 0.3806179775280899
2 0.4785714285714286 0.5070224719101124 0.4785714285714286 0.6137640449438202 0.5107142857142857 0.6165730337078652 0.5095238095238095 0.5070224719101124
0 0.555952380952381 0.5449438202247191 0.7154761904761905 0.5393258426966292 0.7130952380952381 0.49297752808988765 0.5571428571428572 0.49719101123595505
0 0.555952380952381 0.4705056179775281 0.7119047619047619 0.46629213483146065 0.7119047619047619 0.4143258426966292 0.5535714285714286 0.4199438202247191
0 0.5547619047619048 0.40168539325842695 0.7130952380952381 0.4002808988764045 0.7119047619047619 0.351123595505618 0.5523809523809524 0.35252808988764045
0 0.5404761904761904 0.3455056179775281 0.6976190476190476 0.33848314606741575 0.6976190476190476 0.2907303370786517 0.5380952380952381 0.29775280898876405
0 0.5369047619047619 0.28230337078651685 0.6916666666666667 0.27668539325842695 0.6916666666666667 0.22893258426966293 0.5345238095238095 0.23314606741573032
0 0.7357142857142858 0.33707865168539325 0.8916666666666667 0.32724719101123595 0.8892857142857142 0.27808988764044945 0.7321428571428571 0.28792134831460675
0 0.7511904761904762 0.550561797752809 0.905952380952381 0.5421348314606742 0.9023809523809524 0.4943820224719101 0.7511904761904762 0.5014044943820225
1 0.7964285714285714 0.6404494382022472 0.8678571428571429 0.6643258426966292 0.875 0.625 0.8047619047619048 0.6025280898876404