1 0.5458333333333333 0.2851123595505618 0.03214285714285714 0.08707865168539326
1 0.5452380952380952 0.3728932584269663 0.02619047619047619 0.0800561797752809
1 0.5678571428571428 0.47752808988764045 0.6297619047619047 0.43258426966292135 0.6452380952380953 0.4705056179775281 0.5797619047619048 0.5112359550561798
1 0.5619047619047619 0.5252808988764045 0.6369047619047619 0.5 0.6476190476190476 0.5393258426966292 0.5726190476190476 0.5646067415730337
1 0.569047619047619 0.6207865168539326 0.6440476190476191 0.598314606741573 0.6357142857142857 0.5617977528089888 0.5583333333333333 0.5870786516853933
1 0.569047619047619 0.6685393258426966 0.6488095238095238 0.651685393258427 0.6392857142857142 0.6095505617977528 0.5654761904761905 0.6306179775280899
1 0.5833333333333334 0.7275280898876404 0.6535714285714286 0.6980337078651685 0.6416666666666667 0.6629213483146067 0.5726190476190476 0.6938202247191011
1 0.6047619047619047 0.8433988764044944 0.07380952380952381 0.0351123595505618
1 0.549404761904762 0.12780898876404495 0.03214285714285714 0.07865168539325842
1 0.28214285714285714 0.7324438202247191 0.02619047619047619 0.08286516853932584
1 0.35714285714285715 0.7780898876404494 0.4023809523809524 0.7134831460674157 0.3773809523809524 0.6896067415730337 0.33095238095238094 0.7612359550561798
1 0.18571428571428572 0.5730337078651685 0.20238095238095238 0.5449438202247191 0.1488095238095238 0.5042134831460674 0.13214285714285715 0.5337078651685393
1 0.11785714285714285 0.6018258426966292 0.05714285714285714 0.0351123595505618
1 0.20833333333333334 0.7366573033707865 0.02857142857142857 0.07724719101123595
1 0.13690476190476192 0.7879213483146067 0.16904761904761906 0.7907303370786517 0.17976190476190476 0.7036516853932584 0.1488095238095238 0.699438202247191