1 0.3869047619047619 0.3300561797752809 0.4154761904761905 0.33286516853932585 0.425 0.24859550561797752 0.3964285714285714 0.24297752808988765
1 0.42738095238095236 0.3146067415730337 0.4595238095238095 0.32303370786516855 0.4726190476190476 0.2443820224719101 0.44047619047619047 0.23735955056179775
1 0.46785714285714286 0.32303370786516855 0.49642857142857144 0.32865168539325845 0.5059523809523809 0.2443820224719101 0.47619047619047616 0.23735955056179775
1 0.4654761904761905 0.22612359550561797 0.49523809523809526 0.2345505617977528 0.513095238095238 0.14747191011235955 0.4773809523809524 0.1404494382022472
1 0.5059523809523809 0.24157303370786518 0.530952380952381 0.25 0.5416666666666666 0.16292134831460675 0.513095238095238 0.15870786516853932
1 0.5928571428571429 0.26825842696629215 0.6619047619047619 0.27808988764044945 0.6654761904761904 0.24578651685393257 0.5976190476190476 0.2303370786516854
1 0.5845238095238096 0.30337078651685395 0.6547619047619048 0.32303370786516855 0.6630952380952381 0.28651685393258425 0.5928571428571429 0.2710674157303371
1 0.5797619047619048 0.3497191011235955 0.6476190476190476 0.3707865168539326 0.6547619047619048 0.3342696629213483 0.5880952380952381 0.31741573033707865
1 0.5333333333333333 0.4044943820224719 0.6059523809523809 0.4044943820224719 0.6083333333333333 0.3651685393258427 0.5357142857142857 0.36235955056179775
1 0.4 0.46348314606741575 0.4630952380952381 0.42837078651685395 0.4488095238095238 0.40168539325842695 0.3892857142857143 0.43679775280898875
1 0.2488095238095238 0.577247191011236 0.3011904761904762 0.5294943820224719 0.28214285714285714 0.5028089887640449 0.23095238095238096 0.5519662921348315
1 0.15714285714285714 0.4592696629213483 0.17976190476190476 0.4887640449438202 0.10595238095238095 0.5533707865168539 0.08928571428571429 0.5224719101123596
1 0.2571428571428571 0.41292134831460675 0.33214285714285713 0.42275280898876405 0.33690476190476193 0.3890449438202247 0.2619047619047619 0.37640449438202245
1 0.1988095238095238 0.46348314606741575 0.22857142857142856 0.4691011235955056 0.2392857142857143 0.3904494382022472 0.2130952380952381 0.38342696629213485
1 0.4238095238095238 0.23314606741573032 0.4297619047619048 0.13623595505617977 0.4 0.13202247191011235 0.39166666666666666 0.22893258426966293
1 0.3547619047619048 0.2247191011235955 0.38095238095238093 0.2303370786516854 0.3904761904761905 0.13623595505617977 0.3607142857142857 0.13623595505617977
1 0.3047619047619048 0.20365168539325842 0.3333333333333333 0.21348314606741572 0.3476190476190476 0.12078651685393259 0.31785714285714284 0.11657303370786516
1 0.2642857142857143 0.19382022471910113 0.29285714285714287 0.199438202247191 0.305952380952381 0.1151685393258427 0.275 0.10814606741573034