1 0.46190476190476193 0.3342696629213483 0.38452380952380955 0.3258426966292135 0.3880952380952381 0.28792134831460675 0.4654761904761905 0.29775280898876405
1 0.5392857142857143 0.3188202247191011 0.6059523809523809 0.32303370786516855 0.6083333333333333 0.2893258426966292 0.5404761904761904 0.28651685393258425
1 0.7095238095238096 0.3651685393258427 0.7773809523809524 0.375 0.7785714285714286 0.34269662921348315 0.7130952380952381 0.3342696629213483
1 0.7595238095238095 0.30758426966292135 0.8202380952380952 0.32724719101123595 0.8297619047619048 0.2949438202247191 0.7714285714285715 0.27247191011235955
1 0.7285714285714285 0.425561797752809 0.7964285714285714 0.40870786516853935 0.7904761904761904 0.37640449438202245 0.719047619047619 0.39185393258426965
1 0.7380952380952381 0.7696629213483146 0.8119047619047619 0.773876404494382 0.8142857142857143 0.7317415730337079 0.7380952380952381 0.7303370786516854
1 0.530952380952381 0.8160112359550562 0.5630952380952381 0.8890449438202247 0.5916666666666667 0.8679775280898876 0.5547619047619048 0.7963483146067416
1 0.24226190476190476 0.4789325842696629 0.07976190476190476 0.03932584269662921
1 0.5321428571428571 0.5175561797752809 0.08095238095238096 0.04353932584269663
1 0.32083333333333336 0.3707865168539326 0.075 0.03932584269662921
1 0.28035714285714286 0.31390449438202245 0.07023809523809524 0.032303370786516857
1 0.1130952380952381 0.3188202247191011 0.16666666666666666 0.36797752808988765 0.1880952380952381 0.34129213483146065 0.13333333333333333 0.2808988764044944
1 0.14523809523809525 0.8384831460674157 0.17976190476190476 0.9157303370786517 0.20714285714285716 0.898876404494382 0.17261904761904762 0.8188202247191011