1 0.40714285714285714 0.2893258426966292 0.45714285714285713 0.23174157303370788 0.43333333333333335 0.20646067415730338 0.3880952380952381 0.2640449438202247
1 0.4738095238095238 0.35814606741573035 0.4630952380952381 0.4452247191011236 0.4988095238095238 0.4508426966292135 0.5095238095238095 0.36235955056179775
1 0.4607142857142857 0.45786516853932585 0.45357142857142857 0.5435393258426966 0.4869047619047619 0.550561797752809 0.49642857142857144 0.4606741573033708
1 0.5178571428571429 0.300561797752809 0.5369047619047619 0.21067415730337077 0.569047619047619 0.2205056179775281 0.5571428571428572 0.3146067415730337
1 0.45357142857142857 0.574438202247191 0.444047619047619 0.6573033707865169 0.47619047619047616 0.6657303370786517 0.4869047619047619 0.577247191011236
1 0.4369047619047619 0.6853932584269663 0.42857142857142855 0.7724719101123596 0.45714285714285713 0.7752808988764045 0.4666666666666667 0.6896067415730337
1 0.4238095238095238 0.8497191011235955 0.4607142857142857 0.7837078651685393 0.4857142857142857 0.8033707865168539 0.4523809523809524 0.8665730337078652
1 0.5821428571428572 0.6699438202247191 0.594047619047619 0.5884831460674157 0.625 0.598314606741573 0.6154761904761905 0.6811797752808989
1 0.6095238095238096 0.48174157303370785 0.5916666666666667 0.5730337078651685 0.6297619047619047 0.5814606741573034 0.6416666666666667 0.48735955056179775
1 0.6214285714285714 0.40168539325842695 0.6285714285714286 0.3300561797752809 0.6571428571428571 0.3342696629213483 0.6488095238095238 0.40870786516853935
1 0.830952380952381 0.6348314606741573 0.03333333333333333 0.08707865168539326