1 0.175 0.5084269662921348 0.1630952380952381 0.5997191011235955 0.1988095238095238 0.6039325842696629 0.20714285714285716 0.5126404494382022
1 0.29404761904761906 0.5379213483146067 0.2904761904761905 0.6081460674157303 0.3142857142857143 0.6109550561797753 0.32261904761904764 0.5393258426966292
1 0.3523809523809524 0.5835674157303371 0.030952380952380953 0.08848314606741572
1 0.41904761904761906 0.6376404494382022 0.3964285714285714 0.5561797752808989 0.36666666666666664 0.5674157303370787 0.3869047619047619 0.6502808988764045
1 0.5297619047619048 0.5709269662921348 0.023809523809523808 0.08286516853932584
1 0.7119047619047619 0.4297752808988764 0.7380952380952381 0.43820224719101125 0.7583333333333333 0.3707865168539326 0.7309523809523809 0.36235955056179775
1 0.6797619047619048 0.6615168539325843 0.7476190476190476 0.6797752808988764 0.7583333333333333 0.6474719101123596 0.6880952380952381 0.6221910112359551
1 0.7857142857142857 0.7008426966292135 0.8630952380952381 0.7134831460674157 0.8666666666666667 0.6825842696629213 0.7916666666666666 0.6643258426966292
1 0.36428571428571427 0.8089887640449438 0.3464285714285714 0.8848314606741573 0.3773809523809524 0.8960674157303371 0.3964285714285714 0.8188202247191011
1 0.11904761904761904 0.7682584269662921 0.1488095238095238 0.776685393258427 0.1392857142857143 0.8384831460674157 0.11190476190476191 0.8314606741573034
1 0.44166666666666665 0.8230337078651685 0.475 0.8328651685393258 0.4607142857142857 0.9157303370786517 0.4238095238095238 0.9087078651685393