0 0.2916666666666667 0.38764044943820225 0.3345238095238095 0.5800561797752809 0.3773809523809524 0.5533707865168539 0.325 0.37219101123595505
0 0.3392857142857143 0.34831460674157305 0.3892857142857143 0.5379213483146067 0.4261904761904762 0.5126404494382022 0.3773809523809524 0.33146067415730335
0 0.3869047619047619 0.300561797752809 0.43214285714285716 0.4859550561797753 0.4726190476190476 0.476123595505618 0.4226190476190476 0.2893258426966292
0 0.4369047619047619 0.24859550561797752 0.47023809523809523 0.44662921348314605 0.5095238095238095 0.4297752808988764 0.47619047619047616 0.24157303370786518
0 0.49642857142857144 0.24859550561797752 0.525 0.4452247191011236 0.5630952380952381 0.43258426966292135 0.5357142857142857 0.24157303370786518
0 0.5535714285714286 0.25280898876404495 0.5761904761904761 0.45224719101123595 0.6154761904761905 0.43679775280898875 0.5916666666666667 0.24297752808988765
0 0.6047619047619047 0.26825842696629215 0.6595238095238095 0.4592696629213483 0.6928571428571428 0.4353932584269663 0.6392857142857142 0.25280898876404495
0 0.6702380952380952 0.2598314606741573 0.7142857142857143 0.45646067415730335 0.7523809523809524 0.42837078651685395 0.7047619047619048 0.24578651685393257
0 0.7440476190476191 0.2696629213483146 0.7714285714285715 0.46769662921348315 0.8142857142857143 0.44803370786516855 0.7869047619047619 0.25702247191011235
0 0.4988095238095238 0.7345505617977528 0.6464285714285715 0.6587078651685393 0.669047619047619 0.7078651685393258 0.513095238095238 0.7794943820224719
0 0.430952380952381 0.7542134831460674 0.4666666666666667 0.7247191011235955 0.5630952380952381 0.9353932584269663 0.5226190476190476 0.9550561797752809
0 0.3821428571428571 0.7794943820224719 0.4166666666666667 0.7471910112359551 0.5119047619047619 0.9606741573033708 0.47023809523809523 0.9845505617977528
0 0.28809523809523807 0.7865168539325843 0.3130952380952381 0.8314606741573034 0.1261904761904762 0.9550561797752809 0.10952380952380952 0.9157303370786517
0 0.08571428571428572 0.8735955056179775 0.28095238095238095 0.773876404494382 0.25952380952380955 0.7289325842696629 0.07142857142857142 0.8342696629213483
0 0.02738095238095238 0.7893258426966292 0.21071428571428572 0.675561797752809 0.22857142857142856 0.7205056179775281 0.04880952380952381 0.8342696629213483
0 0.04047619047619048 0.6797752808988764 0.25476190476190474 0.6081460674157303 0.2702380952380952 0.6544943820224719 0.04880952380952381 0.7247191011235955