1 0.21071428571428572 0.2949438202247191 0.25952380952380955 0.3637640449438202 0.2833333333333333 0.34269662921348315 0.23333333333333334 0.2752808988764045
1 0.4226190476190476 0.31179775280898875 0.48333333333333334 0.34831460674157305 0.49642857142857144 0.324438202247191 0.4380952380952381 0.28370786516853935
1 0.40476190476190477 0.44030898876404495 0.030952380952380953 0.08848314606741572
1 0.3404761904761905 0.3890449438202247 0.34523809523809523 0.4859550561797753 0.37857142857142856 0.48174157303370785 0.3726190476190476 0.3862359550561798
1 0.30357142857142855 0.41151685393258425 0.32976190476190476 0.40870786516853935 0.3345238095238095 0.48314606741573035 0.3047619047619048 0.4859550561797753
1 0.4880952380952381 0.4297752808988764 0.5166666666666667 0.4438202247191011 0.4880952380952381 0.5210674157303371 0.4607142857142857 0.5056179775280899
1 0.555952380952381 0.4859550561797753 0.5869047619047619 0.4957865168539326 0.5630952380952381 0.5786516853932584 0.5357142857142857 0.5674157303370787
1 0.6178571428571429 0.4058988764044944 0.6607142857142857 0.3539325842696629 0.6821428571428572 0.375 0.638095238095238 0.43258426966292135
1 0.6619047619047619 0.4353932584269663 0.7047619047619048 0.3792134831460674 0.7238095238095238 0.4002808988764045 0.6797619047619048 0.45646067415730335
1 0.7559523809523809 0.47331460674157305 0.8178571428571428 0.42837078651685395 0.8357142857142857 0.45786516853932585 0.7726190476190476 0.49859550561797755
1 0.7154761904761905 0.4508426966292135 0.775 0.4002808988764045 0.7916666666666666 0.42837078651685395 0.7345238095238096 0.4803370786516854
1 0.20833333333333334 0.3202247191011236 0.25 0.37640449438202245 0.22976190476190475 0.3946629213483146 0.19047619047619047 0.33707865168539325
1 0.1988095238095238 0.4143258426966292 0.2154761904761905 0.398876404494382 0.1869047619047619 0.3595505617977528 0.17261904761904762 0.37359550561797755