1 0.5059523809523809 0.19382022471910113 0.5654761904761905 0.2443820224719101 0.5464285714285714 0.27247191011235955 0.48333333333333334 0.22191011235955055
1 0.5035714285714286 0.25280898876404495 0.5571428571428572 0.300561797752809 0.5392857142857143 0.32303370786516855 0.4869047619047619 0.2752808988764045
1 0.5047619047619047 0.3047752808988764 0.5607142857142857 0.3539325842696629 0.5428571428571428 0.38202247191011235 0.48333333333333334 0.3342696629213483
1 0.5273809523809524 0.4241573033707865 0.47619047619047616 0.3806179775280899 0.49404761904761907 0.3539325842696629 0.5464285714285714 0.39747191011235955
1 0.5345238095238095 0.46769662921348315 0.47619047619047616 0.42837078651685395 0.4880952380952381 0.40168539325842695 0.5476190476190477 0.4438202247191011
1 0.525 0.5182584269662921 0.47023809523809523 0.4705056179775281 0.49166666666666664 0.4410112359550562 0.5428571428571428 0.48735955056179775
1 0.5202380952380953 0.5688202247191011 0.4726190476190476 0.5140449438202247 0.49166666666666664 0.4943820224719101 0.5380952380952381 0.5463483146067416
1 0.5142857142857142 0.6278089887640449 0.4666666666666667 0.5730337078651685 0.4869047619047619 0.550561797752809 0.5345238095238095 0.6081460674157303
1 0.5059523809523809 0.6839887640449438 0.4583333333333333 0.6193820224719101 0.4797619047619048 0.5997191011235955 0.5297619047619048 0.6615168539325843
1 0.3345238095238095 0.8103932584269663 0.3273809523809524 0.8932584269662921 0.35833333333333334 0.898876404494382 0.36547619047619045 0.8132022471910112
1 0.3130952380952381 0.848314606741573 0.030952380952380953 0.08707865168539326
1 0.24166666666666667 0.7963483146067416 0.24047619047619048 0.8876404494382022 0.2714285714285714 0.8890449438202247 0.2761904761904762 0.7991573033707865
1 0.2220238095238095 0.8490168539325843 0.03214285714285714 0.09410112359550561
1 0.15357142857142858 0.8441011235955056 0.03333333333333333 0.09550561797752809
1 0.5928571428571429 0.7626404494382022 0.6630952380952381 0.7668539325842697 0.6619047619047619 0.800561797752809 0.5928571428571429 0.7963483146067416
1 0.6321428571428571 0.7387640449438202 0.06904761904761905 0.03089887640449438
1 0.6 0.6109550561797753 0.6678571428571428 0.5646067415730337 0.6488095238095238 0.5337078651685393 0.5857142857142857 0.5814606741573034
1 0.5988095238095238 0.5182584269662921 0.6583333333333333 0.48174157303370785 0.669047619047619 0.5098314606741573 0.611904761904762 0.5463483146067416
1 0.5988095238095238 0.47191011235955055 0.6511904761904762 0.4101123595505618 0.6714285714285714 0.4339887640449438 0.6202380952380953 0.4957865168539326
1 0.6083333333333333 0.40168539325842695 0.6630952380952381 0.3595505617977528 0.6797619047619048 0.38764044943820225 0.6238095238095238 0.43258426966292135
1 0.6059523809523809 0.3497191011235955 0.6654761904761904 0.2991573033707865 0.6845238095238095 0.3258426966292135 0.6214285714285714 0.37780898876404495
1 0.6130952380952381 0.24859550561797752 0.6702380952380952 0.18679775280898878 0.6916666666666667 0.20926966292134833 0.6345238095238095 0.273876404494382