1 0.27440476190476193 0.15870786516853932 0.07261904761904762 0.033707865168539325
1 0.18273809523809523 0.15941011235955055 0.075 0.0351123595505618
1 0.325 0.24297752808988765 0.06190476190476191 0.03089887640449438
1 0.19702380952380952 0.24578651685393257 0.06547619047619048 0.033707865168539325
1 0.4857142857142857 0.14606741573033707 0.5190476190476191 0.21207865168539325 0.544047619047619 0.19803370786516855 0.5119047619047619 0.13342696629213482
1 0.5452380952380952 0.14185393258426968 0.5869047619047619 0.20365168539325842 0.6107142857142858 0.18820224719101122 0.569047619047619 0.12780898876404495
1 0.5892857142857143 0.12640449438202248 0.625 0.18398876404494383 0.6476190476190476 0.16853932584269662 0.6107142857142858 0.11235955056179775
1 0.42857142857142855 0.15730337078651685 0.46785714285714286 0.20365168539325842 0.4880952380952381 0.18398876404494383 0.44761904761904764 0.13764044943820225
1 0.36666666666666664 0.1544943820224719 0.41785714285714287 0.21207865168539325 0.4369047619047619 0.18820224719101122 0.38571428571428573 0.1348314606741573
1 0.7726190476190476 0.1875 0.02857142857142857 0.07443820224719101
1 0.844047619047619 0.21769662921348315 0.07142857142857142 0.03089887640449438
1 0.31607142857142856 0.42275280898876405 0.075 0.03651685393258427
1 0.6375 0.6748595505617978 0.07976190476190476 0.04353932584269663