1 0.6023809523809524 0.36235955056179775 0.655952380952381 0.2949438202247191 0.6785714285714286 0.3160112359550562 0.6285714285714286 0.38202247191011235
1 0.6035714285714285 0.4606741573033708 0.6595238095238095 0.4044943820224719 0.6821428571428572 0.43258426966292135 0.6226190476190476 0.48735955056179775
1 0.611904761904762 0.5140449438202247 0.6642857142857143 0.46629213483146065 0.6821428571428572 0.4901685393258427 0.6309523809523809 0.5421348314606742
1 0.611904761904762 0.5800561797752809 0.6583333333333333 0.5182584269662921 0.6785714285714286 0.5379213483146067 0.6309523809523809 0.6039325842696629
1 0.6095238095238096 0.6320224719101124 0.6702380952380952 0.5884831460674157 0.6857142857142857 0.6179775280898876 0.625 0.6587078651685393
1 0.6047619047619047 0.6952247191011236 0.6619047619047619 0.6418539325842697 0.6821428571428572 0.6699438202247191 0.6238095238095238 0.7205056179775281
1 0.6666666666666666 0.851123595505618 0.06904761904761905 0.03651685393258427
1 0.5047619047619047 0.7247191011235955 0.5583333333333333 0.773876404494382 0.5369047619047619 0.8033707865168539 0.48333333333333334 0.7514044943820225
1 0.5369047619047619 0.7471910112359551 0.4869047619047619 0.7064606741573034 0.5059523809523809 0.6783707865168539 0.5571428571428572 0.7205056179775281
1 0.5345238095238095 0.6938202247191011 0.4845238095238095 0.6446629213483146 0.5 0.6193820224719101 0.5523809523809524 0.6657303370786517
1 0.5428571428571428 0.648876404494382 0.48095238095238096 0.5969101123595506 0.5 0.5730337078651685 0.5630952380952381 0.6193820224719101
1 0.5464285714285714 0.5912921348314607 0.48333333333333334 0.5589887640449438 0.49523809523809526 0.5280898876404494 0.555952380952381 0.5603932584269663
1 0.5392857142857143 0.5407303370786517 0.48095238095238096 0.5070224719101124 0.4928571428571429 0.47752808988764045 0.5488095238095239 0.5126404494382022
1 0.5476190476190477 0.5014044943820225 0.4857142857142857 0.4606741573033708 0.5011904761904762 0.43258426966292135 0.5619047619047619 0.47752808988764045
1 0.5392857142857143 0.44241573033707865 0.48095238095238096 0.4044943820224719 0.49642857142857144 0.3792134831460674 0.5511904761904762 0.41713483146067415
1 0.5416666666666666 0.3904494382022472 0.4797619047619048 0.3497191011235955 0.49523809523809526 0.3202247191011236 0.5535714285714286 0.3595505617977528