1 0.16547619047619047 0.5351123595505618 0.03333333333333333 0.0898876404494382
1 0.4238095238095238 0.5828651685393258 0.03571428571428571 0.0898876404494382
1 0.42142857142857143 0.6980337078651685 0.030952380952380953 0.08707865168539326
1 0.44285714285714284 0.7752808988764045 0.44047619047619047 0.8651685393258427 0.40476190476190477 0.8651685393258427 0.4083333333333333 0.7752808988764045
1 0.5452380952380952 0.5737359550561798 0.07142857142857142 0.037921348314606744
1 0.5458333333333333 0.5252808988764045 0.07261904761904762 0.03651685393258427
1 0.425 0.46418539325842695 0.030952380952380953 0.08286516853932584
1 0.4238095238095238 0.3026685393258427 0.03333333333333333 0.08848314606741572
1 0.42083333333333334 0.19382022471910113 0.03214285714285714 0.08146067415730338
1 0.5095238095238095 0.2696629213483146 0.5797619047619048 0.26825842696629215 0.5797619047619048 0.3061797752808989 0.5119047619047619 0.3047752808988764
1 0.7761904761904762 0.22401685393258428 0.08571428571428572 0.04353932584269663