1 0.1595238095238095 0.2654494382022472 0.11071428571428571 0.32303370786516855 0.12976190476190477 0.34691011235955055 0.18214285714285713 0.29213483146067415
1 0.21785714285714286 0.31320224719101125 0.1595238095238095 0.37359550561797755 0.17976190476190476 0.4058988764044944 0.2392857142857143 0.34129213483146065
1 0.2392857142857143 0.3539325842696629 0.1869047619047619 0.4101123595505618 0.20357142857142857 0.4353932584269663 0.25952380952380955 0.375
1 0.2642857142857143 0.39325842696629215 0.21071428571428572 0.449438202247191 0.22976190476190475 0.47752808988764045 0.2845238095238095 0.4241573033707865
1 0.3011904761904762 0.4311797752808989 0.24166666666666667 0.49297752808988765 0.25833333333333336 0.5182584269662921 0.3202380952380952 0.45646067415730335
1 0.3273809523809524 0.4691011235955056 0.2845238095238095 0.5252808988764045 0.305952380952381 0.5449438202247191 0.3488095238095238 0.49297752808988765
1 0.3619047619047619 0.5056179775280899 0.3107142857142857 0.5603932584269663 0.32976190476190476 0.5842696629213483 0.3738095238095238 0.5294943820224719
1 0.3904761904761905 0.5533707865168539 0.3357142857142857 0.6151685393258427 0.35595238095238096 0.6362359550561798 0.40714285714285714 0.5758426966292135
1 0.4107142857142857 0.5828651685393258 0.3619047619047619 0.6558988764044944 0.38333333333333336 0.6783707865168539 0.43214285714285716 0.6053370786516854
1 0.4797619047619048 0.6741573033707865 0.44047619047619047 0.7289325842696629 0.45714285714285713 0.7485955056179775 0.5 0.6980337078651685
1 0.5154761904761904 0.7092696629213483 0.47023809523809523 0.7668539325842697 0.48928571428571427 0.7907303370786517 0.5369047619047619 0.7359550561797753
1 0.5583333333333333 0.7598314606741573 0.5095238095238095 0.8132022471910112 0.525 0.8370786516853933 0.5773809523809523 0.7808988764044944
1 0.5833333333333334 0.7907303370786517 0.5357142857142857 0.8441011235955056 0.5523809523809524 0.8637640449438202 0.6011904761904762 0.8174157303370787
1 0.6083333333333333 0.8230337078651685 0.569047619047619 0.8735955056179775 0.5892857142857143 0.8932584269662921 0.6285714285714286 0.8412921348314607