1 0.32261904761904764 0.8230337078651685 0.0761904761904762 0.0449438202247191
1 0.43333333333333335 0.8609550561797753 0.08095238095238096 0.03932584269662921
1 0.38571428571428573 0.7464887640449438 0.0880952380952381 0.04353932584269663
1 0.23452380952380952 0.5196629213483146 0.07380952380952381 0.042134831460674156
1 0.2916666666666667 0.44803370786516855 0.27976190476190477 0.3693820224719101 0.3130952380952381 0.3637640449438202 0.32142857142857145 0.4438202247191011
2 0.45357142857142857 0.4297752808988764 0.02619047619047619 0.09550561797752809
1 0.513095238095238 0.4747191011235955 0.5095238095238095 0.39747191011235955 0.4797619047619048 0.39747191011235955 0.4797619047619048 0.4747191011235955
1 0.5357142857142857 0.47191011235955055 0.5190476190476191 0.40168539325842695 0.5428571428571428 0.39325842696629215 0.5642857142857143 0.45786516853932585
1 0.5702380952380952 0.46769662921348315 0.5702380952380952 0.3848314606741573 0.6023809523809524 0.3848314606741573 0.6023809523809524 0.46769662921348315
1 0.6488095238095238 0.44803370786516855 0.6440476190476191 0.37780898876404495 0.6166666666666667 0.3792134831460674 0.6166666666666667 0.45224719101123595
1 0.6142857142857143 0.5217696629213483 0.06904761904761905 0.04073033707865169
1 0.7333333333333333 0.4705056179775281 0.7214285714285714 0.37780898876404495 0.7571428571428571 0.3693820224719101 0.7678571428571429 0.46629213483146065
1 0.7678571428571429 0.4648876404494382 0.7690476190476191 0.3693820224719101 0.8011904761904762 0.36797752808988765 0.8 0.46348314606741575
1 0.8214285714285714 0.41713483146067415 0.03571428571428571 0.08426966292134831