1 0.6529761904761905 0.23946629213483145 0.02738095238095238 0.08286516853932584
1 0.6583333333333333 0.3714887640449438 0.02857142857142857 0.07443820224719101
1 0.3011904761904762 0.5421348314606742 0.22142857142857142 0.5224719101123596 0.23214285714285715 0.4789325842696629 0.3107142857142857 0.4957865168539326
1 0.16785714285714284 0.6264044943820225 0.19285714285714287 0.550561797752809 0.22380952380952382 0.5660112359550562 0.19642857142857142 0.6390449438202247
1 0.20952380952380953 0.6362359550561798 0.23452380952380952 0.5561797752808989 0.2642857142857143 0.5702247191011236 0.23333333333333334 0.648876404494382
1 0.13095238095238096 0.7078651685393258 0.10952380952380952 0.8146067415730337 0.14047619047619048 0.8174157303370787 0.1595238095238095 0.7148876404494382
1 0.4261904761904762 0.7626404494382022 0.5035714285714286 0.773876404494382 0.5 0.8075842696629213 0.4226190476190476 0.8019662921348315
1 0.5297619047619048 0.7893258426966292 0.5785714285714286 0.8455056179775281 0.6035714285714285 0.8202247191011236 0.5464285714285714 0.7626404494382022
1 0.6916666666666667 0.8216292134831461 0.6178571428571429 0.7991573033707865 0.6107142857142858 0.8384831460674157 0.6845238095238095 0.8553370786516854
1 0.3535714285714286 0.5898876404494382 0.31666666666666665 0.6530898876404494 0.3416666666666667 0.6699438202247191 0.37976190476190474 0.6081460674157303
1 0.39880952380952384 0.5898876404494382 0.3630952380952381 0.6657303370786517 0.3880952380952381 0.6839887640449438 0.425 0.6053370786516854
1 0.430952380952381 0.5997191011235955 0.41785714285714287 0.6797752808988764 0.4511904761904762 0.6853932584269663 0.4607142857142857 0.6039325842696629
1 0.46904761904761905 0.6151685393258427 0.46190476190476193 0.6867977528089888 0.48928571428571427 0.6924157303370787 0.49642857142857144 0.6165730337078652
1 0.5226190476190476 0.6320224719101124 0.5083333333333333 0.7092696629213483 0.5357142857142857 0.7148876404494382 0.5488095238095239 0.6376404494382022
1 0.5607142857142857 0.6235955056179775 0.555952380952381 0.699438202247191 0.5833333333333334 0.7050561797752809 0.5892857142857143 0.6264044943820225
1 0.6047619047619047 0.625 0.594047619047619 0.7064606741573034 0.6238095238095238 0.7120786516853933 0.6333333333333333 0.6306179775280899
1 0.6535714285714286 0.6783707865168539 0.02857142857142857 0.08146067415730338
1 0.6892857142857143 0.6376404494382022 0.6678571428571428 0.723314606741573 0.6964285714285714 0.7345505617977528 0.719047619047619 0.6460674157303371
1 0.7309523809523809 0.6446629213483146 0.7071428571428572 0.7303370786516854 0.7404761904761905 0.7429775280898876 0.7654761904761904 0.6502808988764045
1 0.7654761904761904 0.6601123595505618 0.7619047619047619 0.7429775280898876 0.794047619047619 0.7457865168539326 0.7976190476190477 0.6587078651685393
1 0.8476190476190476 0.6769662921348315 0.8404761904761905 0.7443820224719101 0.8738095238095238 0.75 0.8773809523809524 0.6783707865168539