1 0.3821428571428571 0.6671348314606742 0.45595238095238094 0.6699438202247191 0.45714285714285713 0.702247191011236 0.3869047619047619 0.7008426966292135
1 0.4119047619047619 0.7310393258426966 0.0761904761904762 0.037921348314606744
1 0.40654761904761905 0.8117977528089888 0.07738095238095238 0.0449438202247191
1 0.37023809523809526 0.8412921348314607 0.4392857142857143 0.8441011235955056 0.44047619047619047 0.8876404494382022 0.3678571428571429 0.8876404494382022
1 0.1988095238095238 0.6980337078651685 0.03333333333333333 0.08426966292134831
1 0.21785714285714286 0.43679775280898875 0.30357142857142855 0.42837078651685395 0.30714285714285716 0.4691011235955056 0.2226190476190476 0.4789325842696629
1 0.22857142857142856 0.4789325842696629 0.305952380952381 0.4887640449438202 0.3047619047619048 0.5224719101123596 0.22857142857142856 0.5154494382022472
1 0.41904761904761906 0.46629213483146065 0.08095238095238096 0.042134831460674156
1 0.4255952380952381 0.288623595505618 0.06785714285714285 0.0351123595505618
1 0.6166666666666667 0.4396067415730337 0.6166666666666667 0.5351123595505618 0.6547619047619048 0.5365168539325843 0.6464285714285715 0.4396067415730337
1 0.6797619047619048 0.476123595505618 0.03333333333333333 0.10112359550561797
1 0.6142857142857143 0.5758426966292135 0.611904761904762 0.6699438202247191 0.6452380952380953 0.6699438202247191 0.6488095238095238 0.5758426966292135
1 0.6214285714285714 0.7689606741573034 0.03333333333333333 0.09410112359550561
1 0.6678571428571428 0.7921348314606742 0.03333333333333333 0.0898876404494382
1 0.8482142857142857 0.7394662921348315 0.02976190476190476 0.0997191011235955
1 0.7952380952380952 0.3532303370786517 0.04047619047619048 0.10814606741573034
1 0.8553571428571428 0.16362359550561797 0.041666666666666664 0.13623595505617977