1 0.20238095238095238 0.4606741573033708 0.2773809523809524 0.4957865168539326 0.2630952380952381 0.5323033707865169 0.19285714285714287 0.5056179775280899
1 0.1976190476190476 0.5084269662921348 0.26666666666666666 0.5435393258426966 0.25 0.5758426966292135 0.17976190476190476 0.5365168539325843
1 0.18452380952380953 0.5547752808988764 0.25952380952380955 0.5912921348314607 0.24642857142857144 0.6264044943820225 0.17142857142857143 0.5884831460674157
1 0.38571428571428573 0.5337078651685393 0.37976190476190474 0.6151685393258427 0.40714285714285714 0.6207865168539326 0.41309523809523807 0.5379213483146067
1 0.4083333333333333 0.3455056179775281 0.40476190476190477 0.4339887640449438 0.43333333333333335 0.4353932584269663 0.44166666666666665 0.34691011235955055
1 0.5071428571428571 0.37780898876404495 0.44642857142857145 0.43679775280898875 0.46785714285714286 0.46207865168539325 0.525 0.40308988764044945
1 0.5583333333333333 0.3806179775280899 0.5071428571428571 0.4410112359550562 0.5321428571428571 0.4705056179775281 0.5857142857142857 0.4058988764044944
1 0.6202380952380953 0.39185393258426965 0.5642857142857143 0.4508426966292135 0.5904761904761905 0.4803370786516854 0.6428571428571429 0.41853932584269665
1 0.6797619047619048 0.40168539325842695 0.6214285714285714 0.46348314606741575 0.6464285714285715 0.4887640449438202 0.7047619047619048 0.42837078651685395
1 0.75 0.40870786516853935 0.705952380952381 0.45786516853932585 0.7297619047619047 0.48735955056179775 0.7738095238095238 0.43258426966292135
2 0.41904761904761906 0.17837078651685392 0.4857142857142857 0.13623595505617977 0.5047619047619047 0.1699438202247191 0.43452380952380953 0.21348314606741572
1 0.8035714285714286 0.3609550561797753 0.8666666666666667 0.3693820224719101 0.8666666666666667 0.40308988764044945 0.8011904761904762 0.39325842696629215
1 0.8416666666666667 0.5224719101123596 0.8976190476190476 0.4705056179775281 0.9166666666666666 0.49859550561797755 0.8583333333333333 0.5519662921348315
1 0.5357142857142857 0.550561797752809 0.49047619047619045 0.6193820224719101 0.5119047619047619 0.6390449438202247 0.5583333333333333 0.5730337078651685
1 0.5630952380952381 0.5561797752808989 0.5321428571428571 0.6404494382022472 0.5583333333333333 0.6544943820224719 0.5904761904761905 0.5758426966292135
1 0.6583333333333333 0.5674157303370787 0.6238095238095238 0.6390449438202247 0.6547619047619048 0.6573033707865169 0.6880952380952381 0.5898876404494382
1 0.7666666666666667 0.5786516853932584 0.7142857142857143 0.6418539325842697 0.7333333333333333 0.6671348314606742 0.7916666666666666 0.6039325842696629
1 0.8261904761904761 0.5926966292134831 0.7702380952380953 0.6530898876404494 0.794047619047619 0.6825842696629213 0.8476190476190476 0.6221910112359551
1 0.8833333333333333 0.5997191011235955 0.8285714285714286 0.6573033707865169 0.85 0.6797752808988764 0.905952380952381 0.6221910112359551
1 0.5023809523809524 0.7640449438202247 0.5785714285714286 0.776685393258427 0.5773809523809523 0.8188202247191011 0.49523809523809526 0.800561797752809