1 0.12738095238095237 0.2893258426966292 0.12976190476190477 0.3693820224719101 0.1619047619047619 0.3693820224719101 0.1595238095238095 0.28792134831460675
1 0.18095238095238095 0.2794943820224719 0.19285714285714287 0.36797752808988765 0.22738095238095238 0.36797752808988765 0.2119047619047619 0.27808988764044945
1 0.22857142857142856 0.28370786516853935 0.24166666666666667 0.3651685393258427 0.26785714285714285 0.36235955056179775 0.25833333333333336 0.2794943820224719
1 0.2910714285714286 0.32865168539325845 0.03214285714285714 0.08707865168539326
1 0.42678571428571427 0.3532303370786517 0.034523809523809526 0.09410112359550561
1 0.43214285714285716 0.42837078651685395 0.4380952380952381 0.5084269662921348 0.4666666666666667 0.5098314606741573 0.4607142857142857 0.4241573033707865
1 0.48928571428571427 0.6116573033707865 0.02857142857142857 0.08567415730337079
1 0.5297619047619048 0.6123595505617978 0.03333333333333333 0.08146067415730338
1 0.5726190476190476 0.6032303370786517 0.02619047619047619 0.06882022471910113
1 0.6273809523809524 0.5674157303370787 0.6345238095238095 0.6573033707865169 0.6023809523809524 0.6643258426966292 0.5928571428571429 0.5730337078651685
1 0.5261904761904762 0.40870786516853935 0.03571428571428571 0.07865168539325842
1 0.5083333333333333 0.2696629213483146 0.5154761904761904 0.34691011235955055 0.5464285714285714 0.34691011235955055 0.5392857142857143 0.26685393258426965
1 0.5833333333333334 0.27247191011235955 0.5880952380952381 0.3595505617977528 0.555952380952381 0.3609550561797753 0.5523809523809524 0.27668539325842695
1 0.6803571428571429 0.31109550561797755 0.03214285714285714 0.08286516853932584
1 0.5642857142857143 0.413623595505618 0.02619047619047619 0.0800561797752809
1 0.6154761904761905 0.44803370786516855 0.6107142857142858 0.3637640449438202 0.5857142857142857 0.36657303370786515 0.5880952380952381 0.4452247191011236
1 0.6583333333333333 0.45224719101123595 0.65 0.36657303370786515 0.6226190476190476 0.37359550561797755 0.6309523809523809 0.4550561797752809
1 0.680952380952381 0.413623595505618 0.030952380952380953 0.09129213483146068
1 0.7202380952380952 0.4122191011235955 0.02857142857142857 0.08567415730337079
1 0.7738095238095238 0.4508426966292135 0.7714285714285715 0.3707865168539326 0.7440476190476191 0.3693820224719101 0.7476190476190476 0.45224719101123595
1 0.794047619047619 0.40941011235955055 0.02619047619047619 0.07724719101123595
1 0.8464285714285714 0.44803370786516855 0.8452380952380952 0.36235955056179775 0.8142857142857143 0.3637640449438202 0.8166666666666667 0.4452247191011236
1 0.7952380952380952 0.3167134831460674 0.03571428571428571 0.0800561797752809
1 0.844047619047619 0.27247191011235955 0.8464285714285714 0.35814606741573035 0.8166666666666667 0.3553370786516854 0.8166666666666667 0.2710674157303371
1 0.8547619047619047 0.27247191011235955 0.8583333333333333 0.35814606741573035 0.8904761904761904 0.3553370786516854 0.8869047619047619 0.273876404494382
1 0.8702380952380953 0.5835674157303371 0.04047619047619048 0.0800561797752809
1 0.8607142857142858 0.6348314606741573 0.8702380952380953 0.7289325842696629 0.9011904761904762 0.726123595505618 0.8916666666666667 0.6348314606741573
1 0.819047619047619 0.6390449438202247 0.8261904761904761 0.7317415730337079 0.8583333333333333 0.726123595505618 0.85 0.6390449438202247
1 0.7797619047619048 0.6404494382022472 0.7845238095238095 0.7289325842696629 0.8226190476190476 0.726123595505618 0.8166666666666667 0.6376404494382022
1 0.7047619047619048 0.577247191011236 0.7071428571428572 0.6713483146067416 0.7345238095238096 0.6713483146067416 0.7333333333333333 0.577247191011236