1 0.36428571428571427 0.7542134831460674 0.30952380952380953 0.8188202247191011 0.33214285714285713 0.8412921348314607 0.38452380952380955 0.7752808988764045
1 0.40714285714285714 0.8110955056179775 0.06666666666666667 0.0351123595505618
1 0.3 0.7528089887640449 0.2523809523809524 0.8174157303370787 0.27380952380952384 0.8398876404494382 0.32142857142857145 0.773876404494382
1 0.24523809523809523 0.7443820224719101 0.19285714285714287 0.8188202247191011 0.2119047619047619 0.8384831460674157 0.2654761904761905 0.7654494382022472
1 0.37023809523809526 0.648876404494382 0.4357142857142857 0.5912921348314607 0.45595238095238094 0.6235955056179775 0.38333333333333336 0.6769662921348315
1 0.42738095238095236 0.6544943820224719 0.48214285714285715 0.6081460674157303 0.49642857142857144 0.6320224719101124 0.44166666666666665 0.6783707865168539
1 0.6357142857142857 0.6109550561797753 0.6297619047619047 0.7008426966292135 0.6654761904761904 0.7036516853932584 0.6666666666666666 0.6109550561797753
1 0.7494047619047619 0.7050561797752809 0.02261904761904762 0.07303370786516854
1 0.7791666666666667 0.7282303370786517 0.02976190476190476 0.08286516853932584
1 0.8184523809523809 0.735252808988764 0.02976190476190476 0.08286516853932584
1 0.8601190476190477 0.7408707865168539 0.03214285714285714 0.08567415730337079
1 0.6047619047619047 0.5449438202247191 0.5845238095238096 0.6207865168539326 0.6178571428571429 0.6376404494382022 0.6285714285714286 0.550561797752809
1 0.7357142857142858 0.4943820224719101 0.6916666666666667 0.5561797752808989 0.7119047619047619 0.5800561797752809 0.7583333333333333 0.5140449438202247
1 0.5845238095238096 0.5070224719101124 0.5464285714285714 0.43679775280898875 0.5714285714285714 0.4157303370786517 0.6059523809523809 0.4901685393258427
1 0.5821428571428572 0.41713483146067415 0.5464285714285714 0.3342696629213483 0.575 0.31320224719101125 0.6071428571428571 0.398876404494382
1 0.6904761904761905 0.39747191011235955 0.75 0.36235955056179775 0.7642857142857142 0.39325842696629215 0.7047619047619048 0.42696629213483145
1 0.6916666666666667 0.32303370786516855 0.7428571428571429 0.27247191011235955 0.7666666666666667 0.29634831460674155 0.7119047619047619 0.35252808988764045
1 0.6059523809523809 0.2991573033707865 0.5654761904761905 0.2303370786516854 0.5428571428571428 0.25280898876404495 0.5797619047619048 0.3146067415730337
1 0.6880952380952381 0.26825842696629215 0.7428571428571429 0.21348314606741572 0.763095238095238 0.23735955056179775 0.7071428571428572 0.2949438202247191
1 0.6678571428571428 0.25280898876404495 0.669047619047619 0.17696629213483145 0.6952380952380952 0.175561797752809 0.6952380952380952 0.25702247191011235
1 0.6297619047619047 0.26264044943820225 0.6285714285714286 0.18258426966292135 0.6547619047619048 0.18117977528089887 0.6583333333333333 0.2612359550561798
1 0.5904761904761905 0.22893258426966293 0.5488095238095239 0.16292134831460675 0.5738095238095238 0.13904494382022473 0.6154761904761905 0.20926966292134833
1 0.4380952380952381 0.21910112359550563 0.5059523809523809 0.22191011235955055 0.5095238095238095 0.2542134831460674 0.4357142857142857 0.25280898876404495
1 0.3607142857142857 0.14747191011235955 0.02619047619047619 0.07865168539325842