1 0.17857142857142858 0.25280898876404495 0.14166666666666666 0.3146067415730337 0.16904761904761906 0.33286516853932585 0.20595238095238094 0.2710674157303371
1 0.2845238095238095 0.14325842696629212 0.34404761904761905 0.11376404494382023 0.3547619047619048 0.13764044943820225 0.2904761904761905 0.17134831460674158
2 0.3404761904761905 0.16151685393258428 0.42738095238095236 0.17415730337078653 0.4226190476190476 0.21348314606741572 0.3345238095238095 0.20224719101123595
1 0.4238095238095238 0.23314606741573032 0.48928571428571427 0.20224719101123595 0.5023809523809524 0.23174157303370788 0.4380952380952381 0.26825842696629215
1 0.47619047619047616 0.26685393258426965 0.5476190476190477 0.26264044943820225 0.5511904761904762 0.2949438202247191 0.48095238095238096 0.30337078651685395
1 0.6190476190476191 0.4044943820224719 0.5928571428571429 0.3300561797752809 0.6190476190476191 0.3160112359550562 0.6476190476190476 0.3946629213483146
1 0.7440476190476191 0.4648876404494382 0.6666666666666666 0.3946629213483146 0.694047619047619 0.3609550561797753 0.7678571428571429 0.4339887640449438
1 0.7785714285714286 0.4943820224719101 0.8607142857142858 0.48735955056179775 0.8630952380952381 0.5210674157303371 0.7845238095238095 0.5308988764044944
1 0.6321428571428571 0.5702247191011236 0.5904761904761905 0.6446629213483146 0.6142857142857143 0.6629213483146067 0.6547619047619048 0.5912921348314607
1 0.6714285714285714 0.601123595505618 0.6285714285714286 0.672752808988764 0.6488095238095238 0.6896067415730337 0.6928571428571428 0.6221910112359551
1 0.7107142857142857 0.6165730337078652 0.6678571428571428 0.6910112359550562 0.6880952380952381 0.7078651685393258 0.7321428571428571 0.6390449438202247
2 0.7464285714285714 0.6362359550561798 0.694047619047619 0.7331460674157303 0.7238095238095238 0.7528089887640449 0.7738095238095238 0.6587078651685393
1 0.8071428571428572 0.7247191011235955 0.8488095238095238 0.7921348314606742 0.8726190476190476 0.7752808988764045 0.8333333333333334 0.7050561797752809
1 0.8285714285714286 0.827247191011236 0.7880952380952381 0.8693820224719101 0.8011904761904762 0.8876404494382022 0.8428571428571429 0.8455056179775281