1 0.15595238095238095 0.48314606741573035 0.12023809523809524 0.5547752808988764 0.14523809523809525 0.5716292134831461 0.18333333333333332 0.5028089887640449
1 0.14404761904761904 0.47331460674157305 0.10714285714285714 0.5421348314606742 0.08452380952380953 0.526685393258427 0.125 0.46348314606741575
1 0.1630952380952381 0.3300561797752809 0.2154761904761905 0.37359550561797755 0.22976190476190475 0.34691011235955055 0.1773809523809524 0.3061797752808989
1 0.2642857142857143 0.3946629213483146 0.32261904761904764 0.4438202247191011 0.3404761904761905 0.4143258426966292 0.28214285714285714 0.36235955056179775
1 0.3535714285714286 0.4705056179775281 0.4142857142857143 0.5140449438202247 0.4297619047619048 0.48314606741573035 0.37142857142857144 0.43820224719101125
1 0.3333333333333333 0.49719101123595505 0.3880952380952381 0.5379213483146067 0.3726190476190476 0.574438202247191 0.3130952380952381 0.5294943820224719
1 0.18214285714285713 0.5421348314606742 0.15476190476190477 0.5926966292134831 0.1773809523809524 0.6109550561797753 0.20357142857142857 0.5547752808988764
1 0.23809523809523808 0.5323033707865169 0.19642857142857142 0.6151685393258427 0.2226190476190476 0.6306179775280899 0.2654761904761905 0.5547752808988764
1 0.26904761904761904 0.5842696629213483 0.24285714285714285 0.6404494382022472 0.25952380952380955 0.6558988764044944 0.2916666666666667 0.5997191011235955
1 0.30357142857142855 0.6025280898876404 0.26666666666666666 0.6699438202247191 0.29285714285714287 0.6882022471910112 0.3273809523809524 0.6221910112359551
1 0.3416666666666667 0.625 0.3047619047619048 0.6938202247191011 0.32976190476190476 0.7106741573033708 0.36666666666666664 0.6446629213483146
1 0.38095238095238093 0.6460674157303371 0.3380952380952381 0.7176966292134831 0.36666666666666664 0.7387640449438202 0.40595238095238095 0.6699438202247191
1 0.4095238095238095 0.6839887640449438 0.38095238095238093 0.7528089887640449 0.4011904761904762 0.7710674157303371 0.43333333333333335 0.699438202247191
2 0.4583333333333333 0.7176966292134831 0.41904761904761906 0.7935393258426966 0.45 0.8132022471910112 0.4869047619047619 0.7359550561797753
1 0.49523809523809526 0.7682584269662921 0.4642857142857143 0.8286516853932584 0.4869047619047619 0.8455056179775281 0.5142857142857142 0.7851123595505618
1 0.5178571428571429 0.7794943820224719 0.49404761904761907 0.8651685393258427 0.5226190476190476 0.8735955056179775 0.5464285714285714 0.7949438202247191
1 0.569047619047619 0.8061797752808989 0.5392857142857143 0.8721910112359551 0.5642857142857143 0.8876404494382022 0.5928571428571429 0.8230337078651685