1 0.24821428571428572 0.7928370786516854 0.02738095238095238 0.08848314606741572
1 0.3113095238095238 0.7942415730337079 0.02738095238095238 0.07162921348314606
1 0.25595238095238093 0.6123595505617978 0.3047619047619048 0.5828651685393258 0.31666666666666665 0.6109550561797753 0.2642857142857143 0.6376404494382022
1 0.2833333333333333 0.5646067415730337 0.06190476190476191 0.03089887640449438
1 0.2488095238095238 0.5014044943820225 0.319047619047619 0.5028089887640449 0.31666666666666665 0.5351123595505618 0.25 0.5294943820224719
1 0.2833333333333333 0.4726123595505618 0.0761904761904762 0.02949438202247191
1 0.2875 0.4339887640449438 0.06547619047619048 0.028089887640449437
1 0.24761904761904763 0.3792134831460674 0.31785714285714284 0.37359550561797755 0.32142857142857145 0.4044943820224719 0.2523809523809524 0.40730337078651685
1 0.24761904761904763 0.3188202247191011 0.3202380952380952 0.3146067415730337 0.3238095238095238 0.35252808988764045 0.2523809523809524 0.35674157303370785
1 0.40535714285714286 0.28230337078651685 0.02976190476190476 0.08146067415730338
1 0.23214285714285715 0.2556179775280899 0.3119047619047619 0.26264044943820225 0.30833333333333335 0.2991573033707865 0.23095238095238096 0.29213483146067415
1 0.2726190476190476 0.2303370786516854 0.05714285714285714 0.033707865168539325
1 0.2714285714285714 0.18258426966292135 0.05952380952380952 0.03089887640449438
1 0.2732142857142857 0.13764044943820225 0.0630952380952381 0.028089887640449437
1 0.4029761904761905 0.13834269662921347 0.025 0.06601123595505617
1 0.48095238095238096 0.5407303370786517 0.5511904761904762 0.5379213483146067 0.555952380952381 0.5646067415730337 0.4857142857142857 0.5730337078651685
1 0.6142857142857143 0.5435393258426966 0.06904761904761905 0.033707865168539325
1 0.6952380952380952 0.5421348314606742 0.06190476190476191 0.03089887640449438
1 0.8095238095238095 0.5617977528089888 0.7416666666666667 0.5632022471910112 0.7392857142857143 0.5280898876404494 0.8071428571428572 0.5280898876404494
1 0.8321428571428572 0.44803370786516855 0.7702380952380953 0.40308988764044945 0.7845238095238095 0.37780898876404495 0.8452380952380952 0.41713483146067415
1 0.8321428571428572 0.39747191011235955 0.7761904761904762 0.3595505617977528 0.7892857142857143 0.3300561797752809 0.8428571428571429 0.3693820224719101
1 0.8273809523809523 0.31741573033707865 0.7666666666666667 0.27668539325842695 0.7785714285714286 0.24859550561797752 0.844047619047619 0.2893258426966292
1 0.8238095238095238 0.25280898876404495 0.7642857142857142 0.21910112359550563 0.7785714285714286 0.19241573033707865 0.8345238095238096 0.22191011235955055
1 0.8238095238095238 0.17415730337078653 0.7595238095238095 0.13202247191011235 0.7773809523809524 0.10393258426966293 0.8369047619047619 0.14887640449438203