1 0.6988095238095238 0.5955056179775281 0.07142857142857142 0.03089887640449438
1 0.7273809523809524 0.4901685393258427 0.794047619047619 0.4887640449438202 0.7976190476190477 0.5224719101123596 0.7309523809523809 0.5252808988764045
1 0.8291666666666667 0.5028089887640449 0.025 0.08146067415730338
1 0.8291666666666667 0.40870786516853935 0.02976190476190476 0.08426966292134831
1 0.6452380952380953 0.5449438202247191 0.6011904761904762 0.6039325842696629 0.6190476190476191 0.6235955056179775 0.6630952380952381 0.5660112359550562
1 0.5928571428571429 0.5393258426966292 0.5452380952380952 0.6067415730337079 0.5654761904761905 0.6235955056179775 0.6142857142857143 0.5575842696629213
1 0.5226190476190476 0.5379213483146067 0.48333333333333334 0.6039325842696629 0.5059523809523809 0.6221910112359551 0.5464285714285714 0.5575842696629213
1 0.49047619047619045 0.5323033707865169 0.44285714285714284 0.598314606741573 0.4583333333333333 0.6165730337078652 0.5095238095238095 0.5575842696629213
1 0.4452380952380952 0.5294943820224719 0.39880952380952384 0.6081460674157303 0.42142857142857143 0.6207865168539326 0.4666666666666667 0.5547752808988764
1 0.3964285714285714 0.5337078651685393 0.35833333333333334 0.598314606741573 0.375 0.6193820224719101 0.4166666666666667 0.5519662921348315
1 0.3392857142857143 0.5421348314606742 0.29642857142857143 0.5941011235955056 0.31547619047619047 0.6151685393258427 0.35714285714285715 0.5646067415730337
1 0.30714285714285716 0.5294943820224719 0.2619047619047619 0.5884831460674157 0.2785714285714286 0.6137640449438202 0.33095238095238094 0.5547752808988764
1 0.25595238095238093 0.5379213483146067 0.2011904761904762 0.5870786516853933 0.21785714285714286 0.6109550561797753 0.26785714285714285 0.5646067415730337
1 0.2523809523809524 0.4943820224719101 0.19047619047619047 0.4901685393258427 0.19047619047619047 0.5280898876404494 0.2511904761904762 0.5252808988764045
1 0.25476190476190474 0.4550561797752809 0.2 0.4396067415730337 0.19404761904761905 0.46348314606741575 0.24761904761904763 0.4789325842696629