1 0.4875 0.797752808988764 0.02738095238095238 0.07584269662921349
1 0.4226190476190476 0.7528089887640449 0.4226190476190476 0.8342696629213483 0.4488095238095238 0.8342696629213483 0.4488095238095238 0.7528089887640449
1 0.3976190476190476 0.7893258426966292 0.030952380952380953 0.07303370786516854
1 0.24404761904761904 0.7134831460674157 0.17261904761904762 0.7176966292134831 0.17142857142857143 0.6811797752808989 0.24047619047619048 0.6797752808988764
1 0.35535714285714287 0.7907303370786517 0.02738095238095238 0.07865168539325842
1 0.3011904761904762 0.7970505617977528 0.02619047619047619 0.07724719101123595
1 0.5678571428571428 0.7907303370786517 0.02857142857142857 0.0702247191011236
1 0.6428571428571429 0.7914325842696629 0.023809523809523808 0.07724719101123595
1 0.694047619047619 0.8356741573033708 0.6880952380952381 0.7528089887640449 0.6619047619047619 0.7528089887640449 0.6678571428571428 0.8356741573033708
1 0.7345238095238096 0.8455056179775281 0.7333333333333333 0.7528089887640449 0.7011904761904761 0.7485955056179775 0.7011904761904761 0.8426966292134831
1 0.8035714285714286 0.8384831460674157 0.7976190476190477 0.7443820224719101 0.7666666666666667 0.7443820224719101 0.7738095238095238 0.8398876404494382
1 0.525 0.34901685393258425 0.06904761904761905 0.02949438202247191
1 0.4297619047619048 0.34691011235955055 0.06190476190476191 0.03932584269662921
1 0.33630952380952384 0.35042134831460675 0.06785714285714285 0.037921348314606744
1 0.7577380952380952 0.26615168539325845 0.058333333333333334 0.032303370786516857