1 0.3345238095238095 0.5098314606741573 0.32142857142857145 0.5828651685393258 0.35595238095238096 0.5926966292134831 0.36666666666666664 0.5140449438202247
1 0.3773809523809524 0.5154494382022472 0.3738095238095238 0.5786516853932584 0.39880952380952384 0.5814606741573034 0.4023809523809524 0.5182584269662921
1 0.18333333333333332 0.37640449438202245 0.11547619047619048 0.4157303370786517 0.09761904761904762 0.38342696629213485 0.16666666666666666 0.3441011235955056
1 0.2785714285714286 0.3792134831460674 0.3107142857142857 0.30337078651685395 0.3404761904761905 0.31320224719101125 0.30833333333333335 0.3946629213483146
1 0.3547619047619048 0.3188202247191011 0.33214285714285713 0.4002808988764045 0.3619047619047619 0.4101123595505618 0.38095238095238093 0.3258426966292135
1 0.4107142857142857 0.3609550561797753 0.02857142857142857 0.08146067415730338
1 0.5 0.32303370786516855 0.5178571428571429 0.40870786516853935 0.5476190476190477 0.40168539325842695 0.5297619047619048 0.31320224719101125
1 0.5797619047619048 0.35884831460674155 0.02857142857142857 0.0800561797752809
1 0.6309523809523809 0.4058988764044944 0.6547619047619048 0.3342696629213483 0.6333333333333333 0.3188202247191011 0.6059523809523809 0.39325842696629215
1 0.8416666666666667 0.3771067415730337 0.03571428571428571 0.09410112359550561
1 0.4095238095238095 0.5070224719101124 0.4107142857142857 0.5856741573033708 0.44047619047619047 0.5856741573033708 0.4380952380952381 0.5028089887640449
1 0.4523809523809524 0.4957865168539326 0.45357142857142857 0.5955056179775281 0.48333333333333334 0.5969101123595506 0.48333333333333334 0.49859550561797755
1 0.49166666666666664 0.5070224719101124 0.4928571428571429 0.5955056179775281 0.5202380952380953 0.5884831460674157 0.5166666666666667 0.5070224719101124
1 0.5571428571428572 0.49859550561797755 0.5583333333333333 0.5926966292134831 0.5285714285714286 0.5926966292134831 0.525 0.49859550561797755
1 0.5988095238095238 0.5070224719101124 0.5988095238095238 0.5884831460674157 0.569047619047619 0.5842696629213483 0.5678571428571428 0.5070224719101124
1 0.611904761904762 0.5028089887640449 0.6107142857142858 0.5842696629213483 0.6392857142857142 0.5842696629213483 0.6404761904761904 0.5070224719101124
1 0.6547619047619048 0.5070224719101124 0.655952380952381 0.5828651685393258 0.6892857142857143 0.5926966292134831 0.6845238095238095 0.5028089887640449
1 0.7214285714285714 0.5182584269662921 0.7154761904761905 0.598314606741573 0.6904761904761905 0.5926966292134831 0.7023809523809523 0.5154494382022472
1 0.7607142857142857 0.5098314606741573 0.7595238095238095 0.5997191011235955 0.7297619047619047 0.5969101123595506 0.7333333333333333 0.5098314606741573
1 0.8023809523809524 0.5070224719101124 0.8035714285714286 0.5842696629213483 0.7761904761904762 0.5828651685393258 0.7714285714285715 0.5098314606741573
1 0.8345238095238096 0.5582865168539326 0.02619047619047619 0.0800561797752809
1 0.8607142857142858 0.5280898876404494 0.8595238095238096 0.5997191011235955 0.8892857142857142 0.6025280898876404 0.8892857142857142 0.5280898876404494