0 0.1529761904761905 0.21067415730337077 0.07023809523809524 0.21067415730337077
1 0.2154761904761905 0.14817415730337077 0.03571428571428571 0.09410112359550561
1 0.2922619047619048 0.31109550561797755 0.04642857142857143 0.11095505617977527
1 0.21071428571428572 0.31741573033707865 0.04285714285714286 0.10112359550561797
1 0.13035714285714287 0.42064606741573035 0.036904761904761905 0.09691011235955056
1 0.12797619047619047 0.5617977528089888 0.041666666666666664 0.11235955056179775
1 0.20416666666666666 0.5379213483146067 0.04404761904761905 0.1151685393258427
1 0.27976190476190477 0.4936797752808989 0.04285714285714286 0.10533707865168539
1 0.26785714285714285 0.6264044943820225 0.04285714285714286 0.10112359550561797
1 0.25476190476190474 0.8146067415730337 0.04523809523809524 0.1151685393258427
1 0.1863095238095238 0.776685393258427 0.04404761904761905 0.12359550561797752