1 0.7017857142857142 0.3890449438202247 0.04404761904761905 0.10955056179775281
1 0.16488095238095238 0.8174157303370787 0.04880952380952381 0.10112359550561797
1 0.25535714285714284 0.8405898876404494 0.039285714285714285 0.07443820224719101
1 0.32916666666666666 0.8216292134831461 0.04880952380952381 0.10112359550561797
1 0.32142857142857145 0.6453651685393258 0.05 0.12780898876404495
1 0.25357142857142856 0.6650280898876404 0.047619047619047616 0.11938202247191011
1 0.18452380952380953 0.6018258426966292 0.047619047619047616 0.125
1 0.12380952380952381 0.3441011235955056 0.03571428571428571 0.11797752808988764
1 0.175 0.413623595505618 0.04285714285714286 0.0997191011235955
1 0.26607142857142857 0.4789325842696629 0.04880952380952381 0.12078651685393259
1 0.3386904761904762 0.4529494382022472 0.04404761904761905 0.11095505617977527
1 0.12738095238095237 0.1523876404494382 0.04047619047619048 0.08567415730337079
1 0.18154761904761904 0.2029494382022472 0.04642857142857143 0.11938202247191011
1 0.2702380952380952 0.30407303370786515 0.04285714285714286 0.11376404494382023