1 0.3541666666666667 0.1818820224719101 0.04404761904761905 0.11095505617977527
1 0.42678571428571427 0.25491573033707865 0.041666666666666664 0.10533707865168539
1 0.506547619047619 0.19452247191011235 0.041666666666666664 0.10252808988764045
1 0.506547619047619 0.32514044943820225 0.04404761904761905 0.10252808988764045
1 0.4863095238095238 0.46418539325842695 0.041666666666666664 0.10252808988764045
1 0.4232142857142857 0.41713483146067415 0.041666666666666664 0.11235955056179775
1 0.3398809523809524 0.47542134831460675 0.04404761904761905 0.12219101123595505
1 0.33035714285714285 0.31530898876404495 0.04404761904761905 0.11095505617977527
1 0.3404761904761905 0.6299157303370787 0.04285714285714286 0.11938202247191011
1 0.4119047619047619 0.5582865168539326 0.04285714285714286 0.11095505617977527
1 0.4845238095238095 0.5856741573033708 0.04047619047619048 0.10393258426966293
1 0.4886904761904762 0.7471910112359551 0.04642857142857143 0.12078651685393259
1 0.4148809523809524 0.776685393258427 0.04404761904761905 0.1151685393258427
1 0.34226190476190477 0.7745786516853933 0.041666666666666664 0.10533707865168539