1 0.4261904761904762 0.15870786516853932 0.04047619047619048 0.10112359550561797
1 0.49166666666666664 0.19873595505617977 0.04047619047619048 0.11095505617977527
1 0.5672619047619047 0.15941011235955055 0.04404761904761905 0.10533707865168539
1 0.49166666666666664 0.33075842696629215 0.0380952380952381 0.08848314606741572
1 0.2720238095238095 0.2907303370786517 0.039285714285714285 0.10112359550561797
1 0.3630952380952381 0.2542134831460674 0.0380952380952381 0.10393258426966293
1 0.3476190476190476 0.39396067415730335 0.047619047619047616 0.11095505617977527
1 0.41785714285714287 0.375 0.0380952380952381 0.10393258426966293
1 0.4857142857142857 0.46348314606741575 0.03571428571428571 0.10393258426966293
1 0.4089285714285714 0.5393258426966292 0.039285714285714285 0.11235955056179775
1 0.4869047619047619 0.6123595505617978 0.047619047619047616 0.12359550561797752
1 0.40714285714285714 0.7029494382022472 0.04285714285714286 0.11938202247191011
1 0.4851190476190476 0.7893258426966292 0.04642857142857143 0.12078651685393259
1 0.2392857142857143 0.7303370786516854 0.04523809523809524 0.11235955056179775
1 0.31726190476190474 0.839185393258427 0.036904761904761905 0.07443820224719101
0 0.3345238095238095 0.6348314606741573 0.07142857142857142 0.2808988764044944