1 0.36428571428571427 0.45224719101123595 0.2785714285714286 0.5056179775280899 0.25833333333333336 0.4606741573033708 0.3464285714285714 0.4044943820224719
1 0.46904761904761905 0.39325842696629215 0.5595238095238095 0.33146067415730335 0.5380952380952381 0.28370786516853935 0.44285714285714284 0.3398876404494382
1 0.7773809523809524 0.29353932584269665 0.8595238095238096 0.2247191011235955 0.8369047619047619 0.18117977528089887 0.7535714285714286 0.2443820224719101
1 0.7952380952380952 0.4241573033707865 0.8738095238095238 0.36657303370786515 0.8904761904761904 0.4157303370786517 0.819047619047619 0.4691011235955056
1 0.6416666666666667 0.324438202247191 0.7178571428571429 0.2794943820224719 0.7428571428571429 0.3160112359550562 0.6642857142857143 0.37640449438202245
1 0.5285714285714286 0.398876404494382 0.611904761904762 0.34269662921348315 0.6285714285714286 0.3946629213483146 0.5523809523809524 0.4452247191011236
1 0.4226190476190476 0.46629213483146065 0.5059523809523809 0.4002808988764045 0.5297619047619048 0.45224719101123595 0.44166666666666665 0.5070224719101124
1 0.3011904761904762 0.5154494382022472 0.38571428571428573 0.45786516853932585 0.4035714285714286 0.5070224719101124 0.3202380952380952 0.5632022471910112
1 0.16071428571428573 0.6825842696629213 0.10119047619047619 0.7219101123595506 0.08333333333333333 0.6713483146067416 0.14761904761904762 0.6418539325842697
1 0.1761904761904762 0.6137640449438202 0.26666666666666666 0.5533707865168539 0.28809523809523807 0.6039325842696629 0.19642857142857142 0.6587078651685393
1 0.12976190476190477 0.7443820224719101 0.2119047619047619 0.6896067415730337 0.23214285714285715 0.7331460674157303 0.14761904761904762 0.7907303370786517
1 0.16428571428571428 0.8188202247191011 0.24642857142857144 0.7598314606741573 0.2642857142857143 0.8103932584269663 0.17976190476190476 0.8595505617977528
1 0.25952380952380955 0.7556179775280899 0.3476190476190476 0.7092696629213483 0.36666666666666664 0.7485955056179775 0.28214285714285714 0.800561797752809
1 0.2785714285714286 0.7176966292134831 0.3678571428571429 0.6629213483146067 0.35119047619047616 0.6123595505617978 0.26071428571428573 0.6671348314606742
1 0.40714285714285714 0.75 0.49404761904761907 0.6966292134831461 0.4666666666666667 0.6502808988764045 0.38571428571428573 0.7036516853932584
1 0.40714285714285714 0.6376404494382022 0.49166666666666664 0.5856741573033708 0.47023809523809523 0.5393258426966292 0.3821428571428571 0.5884831460674157
1 0.5035714285714286 0.5196629213483146 0.5785714285714286 0.46769662921348315 0.5976190476190476 0.5028089887640449 0.5202380952380953 0.5561797752808989
1 0.6345238095238095 0.4901685393258427 0.7130952380952381 0.43258426966292135 0.6928571428571428 0.39325842696629215 0.6142857142857143 0.44662921348314605
1 0.7428571428571429 0.42696629213483145 0.8178571428571428 0.37640449438202245 0.7976190476190477 0.3342696629213483 0.7154761904761905 0.38342696629213485
1 0.8119047619047619 0.48735955056179775 0.7297619047619047 0.5407303370786517 0.7095238095238096 0.49719101123595505 0.7869047619047619 0.4438202247191011
1 0.6309523809523809 0.5884831460674157 0.6988095238095238 0.5435393258426966 0.6785714285714286 0.4943820224719101 0.6083333333333333 0.547752808988764
1 0.5202380952380953 0.6811797752808989 0.6023809523809524 0.6193820224719101 0.5845238095238096 0.574438202247191 0.5011904761904762 0.6334269662921348