1 0.20773809523809525 0.24087078651685392 0.0988095238095238 0.05196629213483146
1 0.17559523809523808 0.31179775280898875 0.08452380952380953 0.056179775280898875
1 0.1494047619047619 0.37640449438202245 0.09404761904761905 0.05337078651685393
1 0.2648809523809524 0.3785112359550562 0.09642857142857143 0.046348314606741575
1 0.305952380952381 0.3103932584269663 0.09523809523809523 0.05056179775280899
1 0.3261904761904762 0.23314606741573032 0.0880952380952381 0.042134831460674156
1 0.37916666666666665 0.3686797752808989 0.09404761904761905 0.046348314606741575
1 0.39166666666666666 0.4627808988764045 0.08571428571428572 0.05196629213483146
1 0.43273809523809526 0.23314606741573032 0.08214285714285714 0.05337078651685393
1 0.4797619047619048 0.3061797752808989 0.09761904761904762 0.05056179775280899
1 0.5214285714285715 0.37640449438202245 0.09523809523809523 0.05337078651685393
1 0.5619047619047619 0.16292134831460675 0.0880952380952381 0.05337078651685393
1 0.5541666666666667 0.22542134831460675 0.07738095238095238 0.05196629213483146
1 0.6142857142857143 0.3061797752808989 0.0761904761904762 0.05056179775280899
1 0.6511904761904762 0.38553370786516855 0.09523809523809523 0.054775280898876406
1 0.6761904761904762 0.23384831460674158 0.1 0.05196629213483146
1 0.8196428571428571 0.23595505617977527 0.0869047619047619 0.042134831460674156
2 0.799404761904762 0.2984550561797753 0.19642857142857142 0.0800561797752809
1 0.7803571428571429 0.3827247191011236 0.09642857142857143 0.054775280898876406