1 0.14166666666666666 0.3792134831460674 0.06666666666666667 0.0449438202247191
1 0.24166666666666667 0.2991573033707865 0.0880952380952381 0.05056179775280899
1 0.30238095238095236 0.4691011235955056 0.09047619047619047 0.05337078651685393
1 0.11726190476190476 0.4508426966292135 0.058333333333333334 0.0449438202247191
1 0.4166666666666667 0.37640449438202245 0.09047619047619047 0.05337078651685393
1 0.5154761904761904 0.30337078651685395 0.0880952380952381 0.05337078651685393
1 0.4880952380952381 0.45365168539325845 0.09285714285714286 0.05056179775280899
1 0.6035714285714285 0.398876404494382 0.08571428571428572 0.05056179775280899
1 0.7488095238095238 0.29564606741573035 0.1 0.05196629213483146
1 0.7785714285714286 0.386938202247191 0.09285714285714286 0.054775280898876406
1 0.8154761904761905 0.4726123595505618 0.08571428571428572 0.04353932584269663
1 0.669047619047619 0.45997191011235955 0.10238095238095238 0.054775280898876406
1 0.674404761904762 0.5491573033707865 0.10119047619047619 0.05056179775280899
1 0.4095238095238095 0.7998595505617978 0.09761904761904762 0.05196629213483146
1 0.13988095238095238 0.839185393258427 0.06547619047619048 0.054775280898876406
1 0.8738095238095238 0.788623595505618 0.07142857142857142 0.04915730337078652