1 0.13095238095238096 0.3497191011235955 0.06666666666666667 0.047752808988764044
1 0.1357142857142857 0.43047752808988765 0.06904761904761905 0.04353932584269663
1 0.14107142857142857 0.4922752808988764 0.07261904761904762 0.04073033707865169
1 0.28809523809523807 0.5035112359550562 0.1 0.054775280898876406
1 0.26964285714285713 0.5835674157303371 0.09404761904761905 0.04353932584269663
1 0.41845238095238096 0.5098314606741573 0.08214285714285714 0.047752808988764044
1 0.48273809523809524 0.5646067415730337 0.08214285714285714 0.042134831460674156
1 0.5815476190476191 0.5049157303370787 0.09166666666666666 0.05196629213483146
1 0.5660714285714286 0.4276685393258427 0.07738095238095238 0.04915730337078652
1 0.575595238095238 0.37008426966292135 0.08214285714285714 0.04353932584269663
1 0.44345238095238093 0.3518258426966292 0.0988095238095238 0.054775280898876406
1 0.30654761904761907 0.42275280898876405 0.08928571428571429 0.05056179775280899
1 0.3053571428571429 0.351123595505618 0.09404761904761905 0.047752808988764044
1 0.3613095238095238 0.28019662921348315 0.07738095238095238 0.04353932584269663
1 0.8398809523809524 0.30547752808988765 0.07261904761904762 0.04353932584269663
1 0.6970238095238095 0.3785112359550562 0.07976190476190476 0.046348314606741575
1 0.7696428571428572 0.44662921348314605 0.08928571428571429 0.05056179775280899
1 0.7601190476190476 0.5133426966292135 0.0869047619047619 0.046348314606741575