2 0.15119047619047618 0.14606741573033707 0.14285714285714285 0.22612359550561797 0.10714285714285714 0.2205056179775281 0.11547619047619048 0.14325842696629212
1 0.2702380952380952 0.16151685393258428 0.28214285714285714 0.24297752808988765 0.3119047619047619 0.23876404494382023 0.3011904761904762 0.15589887640449437
1 0.32142857142857145 0.15870786516853932 0.3238095238095238 0.24297752808988765 0.35595238095238096 0.24157303370786518 0.3476190476190476 0.15308988764044945
1 0.35119047619047616 0.14185393258426968 0.3630952380952381 0.23174157303370788 0.3976190476190476 0.2247191011235955 0.38095238095238093 0.13623595505617977
1 0.4785714285714286 0.2247191011235955 0.4726190476190476 0.3047752808988764 0.4976190476190476 0.3089887640449438 0.5035714285714286 0.2247191011235955
1 0.4238095238095238 0.4101123595505618 0.39404761904761904 0.47752808988764045 0.4154761904761905 0.49157303370786515 0.44285714285714284 0.42275280898876405
1 0.23809523809523808 0.5814606741573034 0.29285714285714287 0.5702247191011236 0.29523809523809524 0.5997191011235955 0.24166666666666667 0.6095505617977528
1 0.21785714285714286 0.6418539325842697 0.2773809523809524 0.6418539325842697 0.2761904761904762 0.6741573033707865 0.21785714285714286 0.6769662921348315
1 0.08928571428571429 0.577247191011236 0.15714285714285714 0.577247191011236 0.15476190476190477 0.6095505617977528 0.0869047619047619 0.6095505617977528
1 0.17857142857142858 0.7134831460674157 0.24523809523809523 0.7134831460674157 0.24166666666666667 0.7514044943820225 0.175 0.7514044943820225
1 0.275 0.7893258426966292 0.3416666666666667 0.7921348314606742 0.3416666666666667 0.8230337078651685 0.275 0.8202247191011236
0 0.4035714285714286 0.5716292134831461 0.5880952380952381 0.5575842696629213 0.5869047619047619 0.6095505617977528 0.4011904761904762 0.6179775280898876
1 0.6988095238095238 0.550561797752809 0.6619047619047619 0.6235955056179775 0.6857142857142857 0.6432584269662921 0.7226190476190476 0.5660112359550562
1 0.7517857142857143 0.7928370786516854 0.07261904761904762 0.0351123595505618