1 0.2119047619047619 0.15168539325842698 0.2130952380952381 0.23314606741573032 0.2488095238095238 0.23314606741573032 0.24523809523809523 0.1502808988764045
1 0.24285714285714285 0.14325842696629212 0.2523809523809524 0.22612359550561797 0.2904761904761905 0.21769662921348315 0.2773809523809524 0.13623595505617977
1 0.29523809523809524 0.4452247191011236 0.2654761904761905 0.5098314606741573 0.28809523809523807 0.523876404494382 0.31666666666666665 0.4592696629213483
1 0.3523809523809524 0.3707865168539326 0.3404761904761905 0.45224719101123595 0.36666666666666664 0.45646067415730335 0.375 0.37359550561797755
1 0.5583333333333333 0.33707865168539325 0.569047619047619 0.4241573033707865 0.6023809523809524 0.41853932584269665 0.594047619047619 0.3300561797752809
1 0.5619047619047619 0.6193820224719101 0.6321428571428571 0.6165730337078652 0.6321428571428571 0.6502808988764045 0.5607142857142857 0.6502808988764045
1 0.5642857142857143 0.7191011235955056 0.07142857142857142 0.03932584269662921
1 0.6976190476190476 0.7598314606741573 0.7654761904761904 0.7556179775280899 0.7666666666666667 0.7907303370786517 0.6976190476190476 0.7949438202247191
0 0.1392857142857143 0.5646067415730337 0.319047619047619 0.5533707865168539 0.319047619047619 0.601123595505618 0.14047619047619048 0.6095505617977528
1 0.3678571428571429 0.17134831460674158 0.36428571428571427 0.25140449438202245 0.39285714285714285 0.25280898876404495 0.3976190476190476 0.17275280898876405
1 0.1595238095238095 0.14887640449438203 0.16904761904761906 0.2345505617977528 0.20595238095238094 0.22893258426966293 0.1976190476190476 0.14606741573033707