1 0.2226190476190476 0.6376404494382022 0.2892857142857143 0.6390449438202247 0.2869047619047619 0.6741573033707865 0.22142857142857142 0.6699438202247191
1 0.10952380952380952 0.6264044943820225 0.17857142857142858 0.6306179775280899 0.1773809523809524 0.672752808988764 0.10476190476190476 0.6643258426966292
1 0.3392857142857143 0.6502808988764045 0.4107142857142857 0.648876404494382 0.40714285714285714 0.6924157303370787 0.33690476190476193 0.6839887640449438
1 0.4595238095238095 0.5856741573033708 0.5285714285714286 0.5912921348314607 0.5285714285714286 0.6278089887640449 0.45714285714285713 0.6193820224719101
1 0.444047619047619 0.6573033707865169 0.513095238095238 0.6615168539325843 0.5119047619047619 0.7008426966292135 0.444047619047619 0.6924157303370787
1 0.55 0.6643258426966292 0.6190476190476191 0.6657303370786517 0.6166666666666667 0.699438202247191 0.5464285714285714 0.6938202247191011
1 0.5571428571428572 0.5884831460674157 0.6321428571428571 0.5941011235955056 0.6333333333333333 0.6320224719101124 0.5571428571428572 0.6264044943820225
1 0.6928571428571428 0.5955056179775281 0.7607142857142857 0.5997191011235955 0.7607142857142857 0.6320224719101124 0.6928571428571428 0.6292134831460674
1 0.6547619047619048 0.6671348314606742 0.7238095238095238 0.672752808988764 0.725 0.7078651685393258 0.6547619047619048 0.7036516853932584
1 0.7976190476190477 0.6109550561797753 0.8738095238095238 0.6137640449438202 0.8714285714285714 0.6544943820224719 0.7964285714285714 0.6474719101123596
1 0.7857142857142857 0.6769662921348315 0.8488095238095238 0.6811797752808989 0.8488095238095238 0.7134831460674157 0.7857142857142857 0.7106741573033708