1 0.319047619047619 0.17275280898876405 0.35119047619047616 0.25140449438202245 0.38333333333333336 0.23735955056179775 0.35 0.15730337078651685
1 0.5 0.21067415730337077 0.5654761904761905 0.24859550561797752 0.55 0.28230337078651685 0.4845238095238095 0.24859550561797752
1 0.44166666666666665 0.34129213483146065 0.48095238095238096 0.39325842696629215 0.46190476190476193 0.41292134831460675 0.4226190476190476 0.3609550561797753
1 0.22380952380952382 0.33286516853932585 0.2869047619047619 0.37219101123595505 0.3047619047619048 0.3398876404494382 0.23809523809523808 0.2991573033707865
1 0.3476190476190476 0.40168539325842695 0.4238095238095238 0.4339887640449438 0.4107142857142857 0.47331460674157305 0.3345238095238095 0.4353932584269663
1 0.43333333333333335 0.5210674157303371 0.4857142857142857 0.5491573033707865 0.49642857142857144 0.5280898876404494 0.44285714285714284 0.4943820224719101
1 0.09523809523809523 0.2205056179775281 0.15119047619047618 0.2542134831460674 0.13214285714285715 0.28792134831460675 0.08095238095238096 0.25280898876404495
1 0.5797619047619048 0.5182584269662921 0.6345238095238095 0.550561797752809 0.6226190476190476 0.5758426966292135 0.569047619047619 0.5435393258426966
1 0.6761904761904762 0.3707865168539326 0.7440476190476191 0.4058988764044944 0.7297619047619047 0.43679775280898875 0.6630952380952381 0.4058988764044944
1 0.6011904761904762 0.18679775280898878 0.6619047619047619 0.2303370786516854 0.6416666666666667 0.25842696629213485 0.5833333333333334 0.22331460674157302
1 0.655952380952381 0.2907303370786517 0.7214285714285714 0.32724719101123595 0.705952380952381 0.3609550561797753 0.6428571428571429 0.324438202247191
1 0.7416666666666667 0.2808988764044944 0.8083333333333333 0.3160112359550562 0.7952380952380952 0.351123595505618 0.7285714285714285 0.31320224719101125
1 0.7797619047619048 0.43258426966292135 0.8333333333333334 0.46629213483146065 0.8214285714285714 0.49297752808988765 0.7654761904761904 0.4606741573033708
2 0.8107142857142857 0.5182584269662921 0.8654761904761905 0.547752808988764 0.8559523809523809 0.574438202247191 0.8 0.5449438202247191
2 0.7154761904761905 0.4705056179775281 0.780952380952381 0.5 0.7690476190476191 0.5308988764044944 0.705952380952381 0.49719101123595505
1 0.8357142857142857 0.6390449438202247 0.8869047619047619 0.6629213483146067 0.8773809523809524 0.6896067415730337 0.825 0.6643258426966292
1 0.7416666666666667 0.6741573033707865 0.8047619047619048 0.702247191011236 0.7916666666666666 0.7373595505617978 0.7309523809523809 0.702247191011236
1 0.8404761904761905 0.4002808988764045 0.8964285714285715 0.4297752808988764 0.8869047619047619 0.45646067415730335 0.8273809523809523 0.42696629213483145
1 0.43333333333333335 0.7991573033707865 0.430952380952381 0.8735955056179775 0.45714285714285713 0.8735955056179775 0.4583333333333333 0.797752808988764
1 0.3869047619047619 0.7893258426966292 0.3880952380952381 0.8693820224719101 0.4142857142857143 0.8679775280898876 0.4142857142857143 0.7865168539325843