1 0.5738095238095238 0.2247191011235955 0.5416666666666666 0.27808988764044945 0.5619047619047619 0.2949438202247191 0.594047619047619 0.2401685393258427
1 0.5142857142857142 0.300561797752809 0.5833333333333334 0.30196629213483145 0.5833333333333334 0.33848314606741575 0.513095238095238 0.3356741573033708
1 0.5142857142857142 0.34129213483146065 0.5797619047619048 0.3539325842696629 0.5761904761904761 0.3890449438202247 0.5059523809523809 0.37640449438202245
1 0.20773809523809525 0.15870786516853932 0.06785714285714285 0.03089887640449438
1 0.2654761904761905 0.336376404494382 0.07380952380952381 0.0351123595505618
1 0.5047619047619047 0.4887640449438202 0.5047619047619047 0.5702247191011236 0.530952380952381 0.5702247191011236 0.530952380952381 0.4887640449438202
1 0.45476190476190476 0.6966292134831461 0.5261904761904762 0.7008426966292135 0.5261904761904762 0.7373595505617978 0.4523809523809524 0.7331460674157303
1 0.20833333333333334 0.6853932584269663 0.2845238095238095 0.6882022471910112 0.2845238095238095 0.726123595505618 0.20714285714285716 0.7247191011235955
1 0.16428571428571428 0.7710674157303371 0.1595238095238095 0.8455056179775281 0.1880952380952381 0.8469101123595506 0.19166666666666668 0.773876404494382
1 0.6738095238095239 0.40308988764044945 0.6714285714285714 0.4845505617977528 0.7011904761904761 0.48314606741573035 0.6988095238095238 0.40308988764044945
1 0.7119047619047619 0.4002808988764045 0.7119047619047619 0.4887640449438202 0.7416666666666667 0.48735955056179775 0.7404761904761905 0.398876404494382
1 0.7547619047619047 0.38764044943820225 0.7547619047619047 0.47191011235955055 0.7833333333333333 0.47331460674157305 0.7821428571428571 0.3890449438202247
2 0.7964285714285714 0.40308988764044945 0.7952380952380952 0.47331460674157305 0.8214285714285714 0.476123595505618 0.8226190476190476 0.4044943820224719
1 0.8321428571428572 0.39747191011235955 0.8333333333333334 0.48174157303370785 0.8607142857142858 0.48174157303370785 0.8583333333333333 0.39747191011235955