1 0.2642857142857143 0.20646067415730338 0.23333333333333334 0.2640449438202247 0.25357142857142856 0.2808988764044944 0.28809523809523807 0.22191011235955055
1 0.20714285714285716 0.29213483146067415 0.275 0.29213483146067415 0.2726190476190476 0.32303370786516855 0.20476190476190476 0.32162921348314605
1 0.20595238095238094 0.33146067415730335 0.26785714285714285 0.34269662921348315 0.25952380952380955 0.37640449438202245 0.1988095238095238 0.36235955056179775
1 0.19404761904761905 0.47752808988764045 0.19166666666666668 0.5561797752808989 0.21904761904761905 0.5561797752808989 0.22023809523809523 0.4789325842696629
1 0.3607142857142857 0.3904494382022472 0.35833333333333334 0.47331460674157305 0.3892857142857143 0.47331460674157305 0.39285714285714285 0.39185393258426965
1 0.4023809523809524 0.3862359550561798 0.3952380952380952 0.476123595505618 0.42738095238095236 0.476123595505618 0.43214285714285716 0.38764044943820225
1 0.444047619047619 0.37640449438202245 0.44047619047619047 0.4606741573033708 0.4714285714285714 0.46207865168539325 0.4738095238095238 0.37640449438202245
2 0.4857142857142857 0.3904494382022472 0.4845238095238095 0.46629213483146065 0.5095238095238095 0.46629213483146065 0.5095238095238095 0.3904494382022472
1 0.5190476190476191 0.3862359550561798 0.5190476190476191 0.47331460674157305 0.5523809523809524 0.47331460674157305 0.5523809523809524 0.38764044943820225
1 0.5666666666666667 0.4044943820224719 0.5642857142857143 0.48314606741573035 0.5916666666666667 0.4859550561797753 0.5964285714285714 0.4058988764044944
2 0.6273809523809524 0.2991573033707865 0.6214285714285714 0.3792134831460674 0.6476190476190476 0.3806179775280899 0.6523809523809524 0.30196629213483145
2 0.6904761904761905 0.4143258426966292 0.6857142857142857 0.4943820224719101 0.7130952380952381 0.49719101123595505 0.7202380952380952 0.41853932584269665
2 0.7273809523809524 0.41713483146067415 0.725 0.4943820224719101 0.7559523809523809 0.4943820224719101 0.7559523809523809 0.41853932584269665
1 0.6928571428571428 0.3103932584269663 0.6916666666666667 0.3904494382022472 0.7178571428571429 0.39325842696629215 0.7178571428571429 0.31320224719101125
1 0.7297619047619047 0.32303370786516855 0.7273809523809524 0.4058988764044944 0.7607142857142857 0.40730337078651685 0.7607142857142857 0.3258426966292135
1 0.8142857142857143 0.31741573033707865 0.8142857142857143 0.40168539325842695 0.8464285714285714 0.40168539325842695 0.844047619047619 0.3188202247191011
1 0.8607142857142858 0.4199438202247191 0.861904761904762 0.5070224719101124 0.8916666666666667 0.5056179775280899 0.8892857142857142 0.41853932584269665
1 0.1488095238095238 0.6867977528089888 0.2154761904761905 0.6896067415730337 0.2130952380952381 0.723314606741573 0.14523809523809525 0.7219101123595506