1 0.27976190476190477 0.20786516853932585 0.3380952380952381 0.20926966292134833 0.33690476190476193 0.23876404494382023 0.2785714285714286 0.23735955056179775
1 0.2785714285714286 0.2640449438202247 0.34285714285714286 0.26685393258426965 0.3404761904761905 0.300561797752809 0.2761904761904762 0.29213483146067415
1 0.27976190476190477 0.30337078651685395 0.3380952380952381 0.31320224719101125 0.3345238095238095 0.3455056179775281 0.2726190476190476 0.3356741573033708
2 0.2702380952380952 0.398876404494382 0.3273809523809524 0.4002808988764045 0.325 0.43679775280898875 0.26666666666666666 0.4311797752808989
1 0.25952380952380955 0.47191011235955055 0.325 0.47331460674157305 0.3261904761904762 0.5056179775280899 0.25952380952380955 0.5042134831460674
1 0.275 0.5196629213483146 0.3488095238095238 0.5210674157303371 0.3476190476190476 0.5533707865168539 0.2726190476190476 0.550561797752809
1 0.2714285714285714 0.5603932584269663 0.34404761904761905 0.5632022471910112 0.34285714285714286 0.5926966292134831 0.2702380952380952 0.5898876404494382
1 0.25833333333333336 0.7640449438202247 0.3273809523809524 0.7640449438202247 0.3261904761904762 0.8047752808988764 0.25476190476190474 0.8033707865168539
2 0.44047619047619047 0.5351123595505618 0.42857142857142855 0.601123595505618 0.4523809523809524 0.6067415730337079 0.4642857142857143 0.5407303370786517
1 0.40595238095238095 0.21910112359550563 0.4023809523809524 0.2949438202247191 0.42738095238095236 0.29634831460674155 0.430952380952381 0.2205056179775281
1 0.4369047619047619 0.24859550561797752 0.430952380952381 0.3258426966292135 0.45476190476190476 0.32865168539325845 0.4607142857142857 0.25140449438202245
1 0.45595238095238094 0.17696629213483145 0.05714285714285714 0.03089887640449438
1 0.7142857142857143 0.49157303370786515 0.7154761904761905 0.5660112359550562 0.7416666666666667 0.5660112359550562 0.7404761904761905 0.49157303370786515
1 0.7011904761904761 0.6825842696629213 0.7011904761904761 0.7724719101123596 0.7333333333333333 0.7710674157303371 0.7321428571428571 0.6839887640449438
1 0.7130952380952381 0.7865168539325843 0.7142857142857143 0.8651685393258427 0.7392857142857143 0.8637640449438202 0.7380952380952381 0.7851123595505618
1 0.8398809523809524 0.6186797752808989 0.06785714285714285 0.032303370786516857
1 0.8071428571428572 0.45646067415730335 0.8761904761904762 0.4550561797752809 0.8761904761904762 0.4887640449438202 0.805952380952381 0.4859550561797753
1 0.8398809523809524 0.3848314606741573 0.058333333333333334 0.028089887640449437
1 0.7154761904761905 0.20646067415730338 0.7142857142857143 0.2907303370786517 0.7416666666666667 0.29213483146067415 0.7440476190476191 0.20926966292134833
1 0.8035714285714286 0.12780898876404495 0.875 0.12921348314606743 0.875 0.17134831460674158 0.8 0.16713483146067415