1 0.25833333333333336 0.38202247191011235 0.3202380952380952 0.3806179775280899 0.3202380952380952 0.41151685393258425 0.2571428571428571 0.4143258426966292
1 0.30833333333333335 0.42837078651685395 0.3821428571428571 0.42837078651685395 0.3821428571428571 0.4592696629213483 0.30952380952380953 0.46207865168539325
1 0.38571428571428573 0.43820224719101125 0.45714285714285713 0.43679775280898875 0.45714285714285713 0.47191011235955055 0.38452380952380955 0.47191011235955055
1 0.22023809523809523 0.4002808988764045 0.2642857142857143 0.45786516853932585 0.24761904761904763 0.4803370786516854 0.2011904761904762 0.41713483146067415
1 0.12261904761904761 0.40730337078651685 0.1773809523809524 0.4550561797752809 0.15833333333333333 0.48314606741573035 0.10595238095238095 0.4311797752808989
1 0.39880952380952384 0.6348314606741573 0.47023809523809523 0.6320224719101124 0.4726190476190476 0.6713483146067416 0.3976190476190476 0.6713483146067416
1 0.6511904761904762 0.6460674157303371 0.7214285714285714 0.6446629213483146 0.7214285714285714 0.6769662921348315 0.6523809523809524 0.6797752808988764
1 0.625 0.7106741573033708 0.6988095238095238 0.7078651685393258 0.7011904761904761 0.7471910112359551 0.6238095238095238 0.7485955056179775
1 0.8202380952380952 0.7134831460674157 0.8857142857142857 0.7120786516853933 0.8869047619047619 0.7429775280898876 0.8214285714285714 0.7457865168539326
1 0.844047619047619 0.41713483146067415 0.85 0.4957865168539326 0.8797619047619047 0.49297752808988765 0.8726190476190476 0.4143258426966292
1 0.544047619047619 0.3188202247191011 0.5416666666666666 0.39325842696629215 0.569047619047619 0.39325842696629215 0.569047619047619 0.3202247191011236
1 0.6607142857142857 0.4044943820224719 0.7261904761904762 0.4002808988764045 0.7297619047619047 0.43258426966292135 0.6607142857142857 0.4339887640449438
2 0.6619047619047619 0.4410112359550562 0.7952380952380952 0.4353932584269663 0.7976190476190477 0.476123595505618 0.6607142857142857 0.4789325842696629