1 0.10833333333333334 0.32162921348314605 0.15595238095238095 0.3455056179775281 0.14523809523809525 0.37219101123595505 0.0988095238095238 0.3455056179775281
1 0.15 0.4241573033707865 0.20952380952380953 0.42837078651685395 0.20833333333333334 0.45646067415730335 0.14642857142857144 0.449438202247191
1 0.24642857142857144 0.41292134831460675 0.3047619047619048 0.46348314606741575 0.28809523809523807 0.4859550561797753 0.23095238095238096 0.43679775280898875
1 0.325 0.425561797752809 0.37023809523809526 0.48314606741573035 0.3892857142857143 0.4648876404494382 0.34285714285714286 0.4058988764044944
1 0.38452380952380955 0.3862359550561798 0.4523809523809524 0.38764044943820225 0.45357142857142857 0.41853932584269665 0.38452380952380955 0.42134831460674155
1 0.43452380952380953 0.4353932584269663 0.5083333333333333 0.43679775280898875 0.5083333333333333 0.4691011235955056 0.4369047619047619 0.4705056179775281
1 0.5154761904761904 0.44662921348314605 0.5833333333333334 0.4452247191011236 0.5821428571428572 0.476123595505618 0.5142857142857142 0.476123595505618
1 0.6726190476190477 0.3300561797752809 0.6726190476190477 0.39747191011235955 0.6964285714285714 0.4002808988764045 0.6952380952380952 0.3300561797752809
1 0.6071428571428571 0.648876404494382 0.6785714285714286 0.6348314606741573 0.6845238095238095 0.6741573033707865 0.611904761904762 0.6853932584269663
1 0.45476190476190476 0.6699438202247191 0.5285714285714286 0.6685393258426966 0.5285714285714286 0.7092696629213483 0.4523809523809524 0.7106741573033708
1 0.8452380952380952 0.8595505617977528 0.07142857142857142 0.03932584269662921
2 0.8422619047619048 0.4691011235955056 0.10357142857142858 0.0449438202247191
1 0.7845238095238095 0.4101123595505618 0.8583333333333333 0.40870786516853935 0.8595238095238096 0.4396067415730337 0.7845238095238095 0.4410112359550562
1 0.14047619047619048 0.672752808988764 0.2119047619047619 0.6741573033707865 0.21071428571428572 0.7106741573033708 0.1392857142857143 0.7078651685393258