1 0.2523809523809524 0.3595505617977528 0.3202380952380952 0.37359550561797755 0.3142857142857143 0.41151685393258425 0.24642857142857144 0.398876404494382
3 0.5488095238095239 0.41292134831460675 0.6428571428571429 0.42837078651685395 0.638095238095238 0.46629213483146065 0.5452380952380952 0.45224719101123595
1 0.49047619047619045 0.5435393258426966 0.5571428571428572 0.5575842696629213 0.5547619047619048 0.5870786516853933 0.4869047619047619 0.5716292134831461
2 0.39166666666666666 0.5294943820224719 0.45714285714285713 0.5393258426966292 0.45476190476190476 0.5716292134831461 0.3880952380952381 0.5603932584269663
3 0.2904761904761905 0.5112359550561798 0.36904761904761907 0.526685393258427 0.3630952380952381 0.5575842696629213 0.2845238095238095 0.5407303370786517
1 0.1761904761904762 0.49297752808988765 0.2357142857142857 0.5042134831460674 0.23214285714285715 0.5365168539325843 0.17142857142857143 0.523876404494382
1 0.10833333333333334 0.4705056179775281 0.1619047619047619 0.4859550561797753 0.15595238095238095 0.5140449438202247 0.10119047619047619 0.49719101123595505
1 0.22380952380952382 0.5632022471910112 0.2976190476190476 0.5730337078651685 0.29285714285714287 0.6081460674157303 0.22023809523809523 0.5955056179775281
1 0.3392857142857143 0.5758426966292135 0.40476190476190477 0.5884831460674157 0.4 0.6193820224719101 0.3357142857142857 0.6095505617977528
1 0.1261904761904762 0.5407303370786517 0.19285714285714287 0.5519662921348315 0.1880952380952381 0.5870786516853933 0.12142857142857143 0.5730337078651685
3 0.44761904761904764 0.5870786516853933 0.5714285714285714 0.6081460674157303 0.5630952380952381 0.6601123595505618 0.44166666666666665 0.6376404494382022
1 0.4738095238095238 0.6699438202247191 0.5321428571428571 0.6783707865168539 0.5285714285714286 0.7064606741573034 0.47023809523809523 0.6966292134831461
1 0.3619047619047619 0.6446629213483146 0.43214285714285716 0.6587078651685393 0.42857142857142855 0.6896067415730337 0.35595238095238096 0.675561797752809
1 0.2642857142857143 0.6306179775280899 0.3333333333333333 0.6404494382022472 0.3273809523809524 0.675561797752809 0.25833333333333336 0.6643258426966292
1 0.1380952380952381 0.6053370786516854 0.20714285714285716 0.6165730337078652 0.2011904761904762 0.651685393258427 0.13333333333333333 0.6362359550561798
1 0.22142857142857142 0.6825842696629213 0.29523809523809524 0.6938202247191011 0.2892857142857143 0.7289325842696629 0.21666666666666667 0.7134831460674157
1 0.10595238095238095 0.6544943820224719 0.17857142857142858 0.6699438202247191 0.17023809523809524 0.7050561797752809 0.09761904761904762 0.6867977528089888
1 0.3142857142857143 0.7078651685393258 0.37857142857142856 0.7176966292134831 0.3761904761904762 0.7485955056179775 0.3119047619047619 0.7387640449438202
1 0.3952380952380952 0.7120786516853933 0.4642857142857143 0.723314606741573 0.4595238095238095 0.7542134831460674 0.3904761904761905 0.7415730337078652
1 0.4988095238095238 0.7387640449438202 0.5678571428571428 0.7514044943820225 0.5630952380952381 0.7823033707865169 0.49166666666666664 0.7668539325842697