1 0.3333333333333333 0.4311797752808989 0.40476190476190477 0.4396067415730337 0.4011904761904762 0.47191011235955055 0.32976190476190476 0.46348314606741575
1 0.2916666666666667 0.5449438202247191 0.3607142857142857 0.5632022471910112 0.3547619047619048 0.5955056179775281 0.2845238095238095 0.5758426966292135
1 0.19404761904761905 0.526685393258427 0.26071428571428573 0.5407303370786517 0.25476190476190474 0.574438202247191 0.18571428571428572 0.5603932584269663
1 0.11071428571428571 0.5070224719101124 0.175 0.5252808988764045 0.16785714285714284 0.5547752808988764 0.10595238095238095 0.5351123595505618
1 0.14404761904761904 0.5688202247191011 0.20952380952380953 0.5856741573033708 0.2 0.6221910112359551 0.13214285714285715 0.6053370786516854
3 0.24047619047619048 0.5870786516853933 0.36666666666666664 0.6095505617977528 0.35714285714285715 0.6615168539325843 0.23452380952380952 0.6348314606741573
1 0.26666666666666666 0.6657303370786517 0.3261904761904762 0.6811797752808989 0.32261904761904764 0.7092696629213483 0.2619047619047619 0.6966292134831461
1 0.1619047619047619 0.6390449438202247 0.23214285714285715 0.6544943820224719 0.2226190476190476 0.6882022471910112 0.1523809523809524 0.6713483146067416
1 0.2904761904761905 0.7415730337078652 0.35714285714285715 0.7570224719101124 0.3523809523809524 0.7865168539325843 0.2869047619047619 0.7696629213483146
1 0.19404761904761905 0.7036516853932584 0.26071428571428573 0.7219101123595506 0.25595238095238093 0.7528089887640449 0.18571428571428572 0.7331460674157303
1 0.11666666666666667 0.6938202247191011 0.1761904761904762 0.7106741573033708 0.17023809523809524 0.7401685393258427 0.10714285714285714 0.7219101123595506
1 0.6928571428571428 0.44241573033707865 0.7571428571428571 0.4297752808988764 0.7642857142857142 0.46207865168539325 0.6976190476190476 0.476123595505618