1 0.21071428571428572 0.1853932584269663 0.2654761904761905 0.19803370786516855 0.2619047619047619 0.2247191011235955 0.20833333333333334 0.21348314606741572
1 0.11071428571428571 0.1952247191011236 0.1595238095238095 0.21769662921348315 0.1488095238095238 0.24297752808988765 0.1 0.21769662921348315
1 0.24642857142857144 0.35252808988764045 0.3107142857142857 0.35252808988764045 0.3107142857142857 0.38202247191011235 0.24642857142857144 0.38202247191011235
1 0.10238095238095238 0.4297752808988764 0.17023809523809524 0.4311797752808989 0.16904761904761906 0.46348314606741575 0.10119047619047619 0.46348314606741575
1 0.20476190476190476 0.4410112359550562 0.2702380952380952 0.4396067415730337 0.2702380952380952 0.47331460674157305 0.20238095238095238 0.47191011235955055
2 0.2904761904761905 0.4297752808988764 0.36666666666666664 0.43258426966292135 0.36666666666666664 0.46207865168539325 0.2892857142857143 0.46348314606741575
1 0.1761904761904762 0.49297752808988765 0.25833333333333336 0.4901685393258427 0.25833333333333336 0.5252808988764045 0.17857142857142858 0.5280898876404494
1 0.30714285714285716 0.4943820224719101 0.3773809523809524 0.4957865168539326 0.3761904761904762 0.526685393258427 0.30833333333333335 0.5280898876404494
3 0.14642857142857144 0.5603932584269663 0.23809523809523808 0.5617977528089888 0.2369047619047619 0.598314606741573 0.14523809523809525 0.5997191011235955
3 0.305952380952381 0.5519662921348315 0.4035714285714286 0.5519662921348315 0.40595238095238095 0.5912921348314607 0.3047619047619048 0.5926966292134831
1 0.2892857142857143 0.6179775280898876 0.3607142857142857 0.6165730337078652 0.3595238095238095 0.648876404494382 0.28809523809523807 0.6474719101123596
1 0.18333333333333332 0.6151685393258427 0.2488095238095238 0.6137640449438202 0.2488095238095238 0.6474719101123596 0.18214285714285713 0.6474719101123596
1 0.4238095238095238 0.4943820224719101 0.4928571428571429 0.4957865168539326 0.49166666666666664 0.5280898876404494 0.4238095238095238 0.5252808988764045
1 0.3880952380952381 0.43258426966292135 0.45 0.43258426966292135 0.45 0.4606741573033708 0.3892857142857143 0.4606741573033708
1 0.44166666666666665 0.5561797752808989 0.5202380952380953 0.5547752808988764 0.5202380952380953 0.5955056179775281 0.44047619047619047 0.5955056179775281
1 0.4142857142857143 0.6123595505617978 0.4928571428571429 0.6109550561797753 0.4928571428571429 0.6474719101123596 0.41309523809523807 0.6474719101123596
1 0.525 0.5 0.6011904761904762 0.49859550561797755 0.6023809523809524 0.5337078651685393 0.5226190476190476 0.5351123595505618
1 0.4654761904761905 0.4396067415730337 0.5297619047619048 0.4396067415730337 0.5285714285714286 0.4705056179775281 0.4654761904761905 0.46769662921348315
1 0.5702380952380952 0.3441011235955056 0.65 0.3455056179775281 0.6488095238095238 0.37640449438202245 0.569047619047619 0.37640449438202245
2 0.5845238095238096 0.43820224719101125 0.6642857142857143 0.4396067415730337 0.6654761904761904 0.4691011235955056 0.5857142857142857 0.46769662921348315
1 0.5714285714285714 0.5561797752808989 0.6476190476190476 0.5533707865168539 0.6488095238095238 0.598314606741573 0.5726190476190476 0.5997191011235955
1 0.5452380952380952 0.6165730337078652 0.6142857142857143 0.6165730337078652 0.6142857142857143 0.6544943820224719 0.5452380952380952 0.6558988764044944
1 0.6321428571428571 0.6235955056179775 0.6952380952380952 0.6193820224719101 0.6988095238095238 0.6544943820224719 0.6333333333333333 0.6558988764044944
1 0.7119047619047619 0.6123595505617978 0.7797619047619048 0.6151685393258427 0.7785714285714286 0.6502808988764045 0.7083333333333334 0.6460674157303371
1 0.669047619047619 0.5547752808988764 0.7452380952380953 0.5533707865168539 0.7452380952380953 0.5926966292134831 0.669047619047619 0.5898876404494382
1 0.6488095238095238 0.49297752808988765 0.705952380952381 0.4943820224719101 0.7071428571428572 0.526685393258427 0.6464285714285715 0.526685393258427
2 0.6833333333333333 0.4353932584269663 0.7535714285714286 0.43679775280898875 0.7547619047619047 0.47191011235955055 0.6857142857142857 0.47331460674157305
1 0.7821428571428571 0.4353932584269663 0.8476190476190476 0.43820224719101125 0.8464285714285714 0.46769662921348315 0.780952380952381 0.4648876404494382
3 0.75 0.4845505617977528 0.8702380952380953 0.4803370786516854 0.8738095238095238 0.5351123595505618 0.75 0.5379213483146067
1 0.7821428571428571 0.5632022471910112 0.8392857142857143 0.5617977528089888 0.8392857142857143 0.5884831460674157 0.7845238095238095 0.5898876404494382
1 0.8130952380952381 0.625 0.8785714285714286 0.625 0.8797619047619047 0.6573033707865169 0.8130952380952381 0.6558988764044944