1 0.19523809523809524 0.30337078651685395 0.2619047619047619 0.3089887640449438 0.25952380952380955 0.34269662921348315 0.19166666666666668 0.33707865168539325
1 0.1761904761904762 0.40308988764044945 0.2392857142857143 0.37780898876404495 0.25357142857142856 0.4143258426966292 0.18452380952380953 0.4396067415730337
1 0.2154761904761905 0.46207865168539325 0.2773809523809524 0.46348314606741575 0.275 0.49859550561797755 0.2119047619047619 0.4957865168539326
1 0.41904761904761906 0.3258426966292135 0.4869047619047619 0.32724719101123595 0.48333333333333334 0.3637640449438202 0.4142857142857143 0.35814606741573035
1 0.5428571428571428 0.28370786516853935 0.6095238095238096 0.28651685393258425 0.6083333333333333 0.3202247191011236 0.5416666666666666 0.3160112359550562
1 0.5345238095238095 0.14185393258426968 0.6059523809523809 0.14185393258426968 0.6059523809523809 0.175561797752809 0.5321428571428571 0.17134831460674158
1 0.725 0.28792134831460675 0.7880952380952381 0.2893258426966292 0.7880952380952381 0.3188202247191011 0.725 0.3202247191011236
1 0.8166666666666667 0.3539325842696629 0.8797619047619047 0.35674157303370785 0.8821428571428571 0.3890449438202247 0.8154761904761905 0.38764044943820225
1 0.7464285714285714 0.48314606741573035 0.8130952380952381 0.48314606741573035 0.8107142857142857 0.5168539325842697 0.7452380952380953 0.5140449438202247
1 0.2833333333333333 0.8174157303370787 0.30238095238095236 0.8778089887640449 0.3261904761904762 0.8665730337078652 0.305952380952381 0.8047752808988764
1 0.2154761904761905 0.773876404494382 0.24047619047619048 0.8441011235955056 0.26666666666666666 0.8300561797752809 0.24047619047619048 0.7598314606741573