1 0.1773809523809524 0.5028089887640449 0.24285714285714285 0.5014044943820225 0.24166666666666667 0.5365168539325843 0.1773809523809524 0.5379213483146067
1 0.1773809523809524 0.5533707865168539 0.24642857142857144 0.5491573033707865 0.24761904761904763 0.5828651685393258 0.17857142857142858 0.5856741573033708
1 0.2702380952380952 0.5547752808988764 0.3380952380952381 0.5575842696629213 0.33690476190476193 0.5898876404494382 0.2702380952380952 0.5898876404494382
1 0.26785714285714285 0.6109550561797753 0.33690476190476193 0.6123595505617978 0.3357142857142857 0.6460674157303371 0.26666666666666666 0.6432584269662921
1 0.2630952380952381 0.7654494382022472 0.33690476190476193 0.7640449438202247 0.33690476190476193 0.797752808988764 0.2642857142857143 0.800561797752809
1 0.1761904761904762 0.6615168539325843 0.24523809523809523 0.6615168539325843 0.24523809523809523 0.6966292134831461 0.1761904761904762 0.6952247191011236
1 0.175 0.7176966292134831 0.24166666666666667 0.7191011235955056 0.24047619047619048 0.7485955056179775 0.1761904761904762 0.7485955056179775
1 0.1773809523809524 0.7640449438202247 0.23809523809523808 0.7682584269662921 0.2369047619047619 0.8019662921348315 0.17261904761904762 0.797752808988764
1 0.17142857142857143 0.8146067415730337 0.24047619047619048 0.8230337078651685 0.2357142857142857 0.8609550561797753 0.1630952380952381 0.8539325842696629
1 0.2619047619047619 0.8188202247191011 0.3345238095238095 0.8188202247191011 0.33214285714285713 0.8539325842696629 0.25833333333333336 0.8539325842696629
1 0.4738095238095238 0.5463483146067416 0.5428571428571428 0.5491573033707865 0.5404761904761904 0.5870786516853933 0.4726190476190476 0.5842696629213483
1 0.4773809523809524 0.6067415730337079 0.5404761904761904 0.6081460674157303 0.5392857142857143 0.6418539325842697 0.47619047619047616 0.6404494382022472
1 0.5654761904761905 0.7092696629213483 0.6392857142857142 0.7050561797752809 0.6404761904761904 0.7373595505617978 0.5654761904761905 0.7443820224719101