1 0.39107142857142857 0.13974719101123595 0.02976190476190476 0.0800561797752809
1 0.6392857142857142 0.22682584269662923 0.06904761904761905 0.032303370786516857
1 0.7571428571428571 0.18047752808988765 0.08095238095238096 0.04353932584269663
1 0.22142857142857142 0.42696629213483145 0.2226190476190476 0.5084269662921348 0.2523809523809524 0.5098314606741573 0.2511904761904762 0.425561797752809
1 0.2904761904761905 0.42275280898876405 0.2761904761904762 0.5028089887640449 0.30357142857142855 0.5098314606741573 0.31785714285714284 0.4297752808988764
1 0.3476190476190476 0.425561797752809 0.3357142857142857 0.5 0.3607142857142857 0.5070224719101124 0.375 0.43258426966292135
1 0.4154761904761905 0.425561797752809 0.4142857142857143 0.5084269662921348 0.4452380952380952 0.5084269662921348 0.44761904761904764 0.425561797752809
1 0.6035714285714285 0.4297752808988764 0.6059523809523809 0.5182584269662921 0.6333333333333333 0.5182584269662921 0.6309523809523809 0.4311797752808989
1 0.16785714285714284 0.5463483146067416 0.2357142857142857 0.547752808988764 0.2357142857142857 0.5800561797752809 0.16666666666666666 0.5800561797752809
1 0.4 0.5519662921348315 0.4726190476190476 0.5533707865168539 0.47023809523809523 0.5912921348314607 0.3976190476190476 0.5856741573033708
0 0.2988095238095238 0.6123595505617978 0.4226190476190476 0.6193820224719101 0.42142857142857143 0.6643258426966292 0.2976190476190476 0.6587078651685393
1 0.15357142857142858 0.7310393258426966 0.02619047619047619 0.0800561797752809
1 0.18452380952380953 0.6938202247191011 0.18571428571428572 0.776685393258427 0.2119047619047619 0.7780898876404494 0.2130952380952381 0.6924157303370787
1 0.2488095238095238 0.6825842696629213 0.2488095238095238 0.7612359550561798 0.2761904761904762 0.7626404494382022 0.2761904761904762 0.6825842696629213
1 0.375 0.7324438202247191 0.02857142857142857 0.08848314606741572
1 0.3964285714285714 0.699438202247191 0.4023809523809524 0.7752808988764045 0.42857142857142855 0.7752808988764045 0.4226190476190476 0.6952247191011236
1 0.4392857142857143 0.7050561797752809 0.4452380952380952 0.7823033707865169 0.4726190476190476 0.7808988764044944 0.4666666666666667 0.7036516853932584
1 0.4857142857142857 0.7050561797752809 0.4988095238095238 0.7780898876404494 0.5238095238095238 0.7710674157303371 0.5119047619047619 0.6980337078651685
1 0.5428571428571428 0.7134831460674157 0.5404761904761904 0.7837078651685393 0.5654761904761905 0.7837078651685393 0.569047619047619 0.7120786516853933
1 0.5785714285714286 0.6109550561797753 0.6511904761904762 0.6053370786516854 0.6511904761904762 0.6362359550561798 0.5821428571428572 0.6446629213483146
1 0.5761904761904761 0.699438202247191 0.6357142857142857 0.7457865168539326 0.6511904761904762 0.7162921348314607 0.5928571428571429 0.6713483146067416
1 0.7154761904761905 0.651685393258427 0.7833333333333333 0.6643258426966292 0.7773809523809524 0.6980337078651685 0.7107142857142857 0.6825842696629213
1 0.8011904761904762 0.7134831460674157 0.8107142857142857 0.7935393258426966 0.8345238095238096 0.7893258426966292 0.8261904761904761 0.7078651685393258
1 0.8095238095238095 0.6601123595505618 0.8821428571428571 0.6629213483146067 0.8821428571428571 0.6966292134831461 0.8095238095238095 0.6896067415730337
1 0.8767857142857143 0.7528089887640449 0.02976190476190476 0.0702247191011236