1 0.14285714285714285 0.27247191011235955 0.21666666666666667 0.27247191011235955 0.21785714285714286 0.30337078651685395 0.14285714285714285 0.30337078651685395
1 0.21428571428571427 0.5028089887640449 0.2119047619047619 0.5828651685393258 0.2369047619047619 0.5842696629213483 0.2392857142857143 0.5042134831460674
2 0.15476190476190477 0.48314606741573035 0.15595238095238095 0.5912921348314607 0.19285714285714287 0.5926966292134831 0.19166666666666668 0.48314606741573035
1 0.12261904761904761 0.5070224719101124 0.12142857142857143 0.5800561797752809 0.14642857142857144 0.5800561797752809 0.14761904761904762 0.5070224719101124
1 0.35119047619047616 0.5224719101123596 0.3523809523809524 0.5912921348314607 0.3761904761904762 0.5912921348314607 0.3761904761904762 0.5224719101123596
1 0.39285714285714285 0.5154494382022472 0.39166666666666666 0.598314606741573 0.4154761904761905 0.601123595505618 0.41904761904761906 0.5182584269662921
1 0.3595238095238095 0.8448033707865169 0.02619047619047619 0.06882022471910113
1 0.29523809523809524 0.7752808988764045 0.2869047619047619 0.851123595505618 0.3130952380952381 0.8553370786516854 0.319047619047619 0.7794943820224719
1 0.25357142857142856 0.773876404494382 0.2488095238095238 0.8398876404494382 0.2702380952380952 0.8412921348314607 0.27380952380952384 0.776685393258427
1 0.17142857142857143 0.7851123595505618 0.17142857142857143 0.8595505617977528 0.1988095238095238 0.8581460674157303 0.19642857142857142 0.7851123595505618
0 0.5071428571428571 0.7106741573033708 0.6285714285714286 0.7205056179775281 0.625 0.7640449438202247 0.5047619047619047 0.75
1 0.6345238095238095 0.5365168539325843 0.6309523809523809 0.6123595505617978 0.655952380952381 0.6137640449438202 0.6619047619047619 0.5379213483146067
1 0.6678571428571428 0.5519662921348315 0.6678571428571428 0.6235955056179775 0.694047619047619 0.6235955056179775 0.694047619047619 0.5519662921348315
1 0.7928571428571428 0.5716292134831461 0.7904761904761904 0.6474719101123596 0.8166666666666667 0.648876404494382 0.8202380952380952 0.574438202247191
1 0.8380952380952381 0.574438202247191 0.8345238095238096 0.6376404494382022 0.8583333333333333 0.6390449438202247 0.861904761904762 0.577247191011236
1 0.705952380952381 0.13623595505617977 0.705952380952381 0.199438202247191 0.7321428571428571 0.20084269662921347 0.7321428571428571 0.13904494382022473
1 0.8678571428571429 0.14747191011235955 0.8642857142857143 0.2247191011235955 0.8964285714285715 0.22893258426966293 0.9 0.15168539325842698
2 0.8142857142857143 0.24297752808988765 0.9035714285714286 0.2542134831460674 0.9035714285714286 0.2991573033707865 0.8142857142857143 0.28651685393258425