1 0.225 0.3904494382022472 0.2154761904761905 0.46769662921348315 0.24285714285714285 0.47331460674157305 0.25 0.3946629213483146
1 0.30714285714285716 0.40168539325842695 0.2988095238095238 0.4747191011235955 0.3273809523809524 0.4789325842696629 0.3345238095238095 0.4044943820224719
1 0.5523809523809524 0.40168539325842695 0.5404761904761904 0.4803370786516854 0.569047619047619 0.4845505617977528 0.5785714285714286 0.4058988764044944
1 0.5726190476190476 0.6151685393258427 0.6428571428571429 0.6221910112359551 0.6392857142857142 0.6601123595505618 0.5702380952380952 0.6544943820224719
1 0.10714285714285714 0.6615168539325843 0.1380952380952381 0.6573033707865169 0.14761904761904762 0.7345505617977528 0.11547619047619048 0.7401685393258427
1 0.2571428571428571 0.6713483146067416 0.25595238095238093 0.7528089887640449 0.2845238095238095 0.7542134831460674 0.2845238095238095 0.672752808988764
1 0.319047619047619 0.6783707865168539 0.31785714285714284 0.7556179775280899 0.3464285714285714 0.7570224719101124 0.34523809523809523 0.6783707865168539
1 0.3607142857142857 0.6811797752808989 0.3607142857142857 0.7612359550561798 0.3880952380952381 0.7640449438202247 0.3904761904761905 0.6839887640449438
1 0.41309523809523807 0.6882022471910112 0.4119047619047619 0.7710674157303371 0.44166666666666665 0.7724719101123596 0.444047619047619 0.6924157303370787
1 0.475 0.7134831460674157 0.475 0.7837078651685393 0.5023809523809524 0.7851123595505618 0.5 0.7120786516853933
1 0.6452380952380953 0.7176966292134831 0.6440476190476191 0.7752808988764045 0.6666666666666666 0.776685393258427 0.6666666666666666 0.7176966292134831
1 0.6952380952380952 0.7050561797752809 0.6916666666666667 0.7879213483146067 0.7178571428571429 0.7907303370786517 0.7226190476190476 0.7078651685393258
1 0.7357142857142858 0.7106741573033708 0.7333333333333333 0.7879213483146067 0.7583333333333333 0.7879213483146067 0.763095238095238 0.7134831460674157
1 0.8559523809523809 0.7387640449438202 0.8464285714285714 0.8132022471910112 0.8738095238095238 0.8160112359550562 0.8833333333333333 0.7429775280898876
1 0.8238095238095238 0.7865168539325843 0.8178571428571428 0.848314606741573 0.8416666666666667 0.8497191011235955 0.8488095238095238 0.7907303370786517
1 0.8083333333333333 0.45786516853932585 0.7511904761904762 0.5014044943820225 0.7654761904761904 0.5294943820224719 0.8238095238095238 0.4859550561797753
1 0.8273809523809523 0.4592696629213483 0.8238095238095238 0.5435393258426966 0.8523809523809524 0.5449438202247191 0.8559523809523809 0.46348314606741575