2 0.4119047619047619 0.12219101123595505 0.4797619047619048 0.16292134831460675 0.4666666666666667 0.19382022471910113 0.3964285714285714 0.15589887640449437
1 0.3130952380952381 0.1952247191011236 0.3107142857142857 0.26264044943820225 0.33690476190476193 0.26264044943820225 0.3404761904761905 0.19662921348314608
1 0.2916666666666667 0.5168539325842697 0.2904761904761905 0.5969101123595506 0.31785714285714284 0.598314606741573 0.319047619047619 0.5182584269662921
1 0.25476190476190474 0.5224719101123596 0.24761904761904763 0.6081460674157303 0.2785714285714286 0.6109550561797753 0.28095238095238095 0.5252808988764045
1 0.22023809523809523 0.5280898876404494 0.20833333333333334 0.5856741573033708 0.23095238095238096 0.5926966292134831 0.24285714285714285 0.5351123595505618
1 0.16785714285714284 0.5140449438202247 0.16428571428571428 0.5898876404494382 0.18928571428571428 0.5912921348314607 0.19285714285714287 0.5154494382022472
1 0.12380952380952381 0.5070224719101124 0.11904761904761904 0.5898876404494382 0.1488095238095238 0.5926966292134831 0.1523809523809524 0.5070224719101124
1 0.20476190476190476 0.6095505617977528 0.1988095238095238 0.6910112359550562 0.225 0.6924157303370787 0.22857142857142856 0.6109550561797753
1 0.15714285714285714 0.6095505617977528 0.15476190476190477 0.6825842696629213 0.17857142857142858 0.6839887640449438 0.18095238095238095 0.6109550561797753
1 0.7428571428571429 0.14747191011235955 0.7380952380952381 0.22893258426966293 0.7690476190476191 0.23174157303370788 0.7738095238095238 0.14747191011235955
1 0.7452380952380953 0.3103932584269663 0.7154761904761905 0.3960674157303371 0.7464285714285714 0.40870786516853935 0.7773809523809524 0.3258426966292135
1 0.719047619047619 0.4648876404494382 0.7107142857142857 0.547752808988764 0.7428571428571429 0.5491573033707865 0.7476190476190476 0.4691011235955056
1 0.7154761904761905 0.5519662921348315 0.705952380952381 0.6376404494382022 0.7357142857142858 0.6418539325842697 0.7428571428571429 0.5547752808988764
1 0.6952380952380952 0.7064606741573034 0.6880952380952381 0.7724719101123596 0.725 0.776685393258427 0.7309523809523809 0.7120786516853933
1 0.7726190476190476 0.8188202247191011 0.02142857142857143 0.0449438202247191
1 0.8892857142857142 0.3904494382022472 0.8428571428571429 0.4241573033707865 0.8571428571428571 0.449438202247191 0.9023809523809524 0.4143258426966292