1 0.125 0.21207865168539325 0.12380952380952381 0.28370786516853935 0.15 0.2851123595505618 0.15 0.21207865168539325
1 0.17023809523809524 0.21348314606741572 0.17023809523809524 0.29634831460674155 0.1976190476190476 0.2949438202247191 0.1988095238095238 0.21348314606741572
1 0.21428571428571427 0.22331460674157302 0.2130952380952381 0.29775280898876405 0.23809523809523808 0.2991573033707865 0.23809523809523808 0.22331460674157302
1 0.2892857142857143 0.2148876404494382 0.2904761904761905 0.29634831460674155 0.31666666666666665 0.29634831460674155 0.31785714285714284 0.21629213483146068
1 0.32857142857142857 0.22191011235955055 0.33214285714285713 0.2949438202247191 0.35833333333333334 0.29353932584269665 0.3547619047619048 0.22191011235955055
1 0.3761904761904762 0.2148876404494382 0.37142857142857144 0.30196629213483145 0.4 0.30337078651685395 0.4035714285714286 0.21629213483146068
1 0.4166666666666667 0.2205056179775281 0.4142857142857143 0.2949438202247191 0.4369047619047619 0.29634831460674155 0.44047619047619047 0.22191011235955055
1 0.4726190476190476 0.2247191011235955 0.4726190476190476 0.2851123595505618 0.4976190476190476 0.2851123595505618 0.49642857142857144 0.2247191011235955
1 0.6619047619047619 0.23174157303370788 0.6571428571428571 0.3061797752808989 0.680952380952381 0.3047752808988764 0.6857142857142857 0.23314606741573032
1 0.794047619047619 0.20926966292134833 0.8595238095238096 0.21629213483146068 0.8583333333333333 0.24578651685393257 0.7928571428571428 0.23876404494382023
1 0.7952380952380952 0.26825842696629215 0.8642857142857143 0.27247191011235955 0.8630952380952381 0.30337078651685395 0.794047619047619 0.2991573033707865
1 0.6273809523809524 0.5 0.6892857142857143 0.49719101123595505 0.6916666666666667 0.5280898876404494 0.6297619047619047 0.5323033707865169
1 0.7 0.6924157303370787 0.6976190476190476 0.7752808988764045 0.7238095238095238 0.776685393258427 0.7261904761904762 0.6952247191011236
1 0.7321428571428571 0.8103932584269663 0.7952380952380952 0.8089887640449438 0.7964285714285714 0.8412921348314607 0.7321428571428571 0.8426966292134831
1 0.6571428571428571 0.6741573033707865 0.6595238095238095 0.7626404494382022 0.6892857142857143 0.7626404494382022 0.6857142857142857 0.675561797752809
1 0.6202380952380953 0.6783707865168539 0.6178571428571429 0.7626404494382022 0.6440476190476191 0.7640449438202247 0.6464285714285715 0.6811797752808989
1 0.5761904761904761 0.672752808988764 0.5785714285714286 0.7570224719101124 0.6047619047619047 0.7556179775280899 0.6011904761904762 0.6699438202247191
1 0.5357142857142857 0.672752808988764 0.5333333333333333 0.7471910112359551 0.5595238095238095 0.7471910112359551 0.5595238095238095 0.6741573033707865
1 0.49523809523809526 0.6657303370786517 0.49642857142857144 0.7485955056179775 0.5226190476190476 0.75 0.5214285714285715 0.6657303370786517
1 0.4523809523809524 0.8574438202247191 0.07380952380952381 0.0351123595505618
1 0.4488095238095238 0.6699438202247191 0.4488095238095238 0.7528089887640449 0.4785714285714286 0.7528089887640449 0.4785714285714286 0.6699438202247191
1 0.4107142857142857 0.6713483146067416 0.4119047619047619 0.7584269662921348 0.4392857142857143 0.7584269662921348 0.4380952380952381 0.6713483146067416
1 0.3738095238095238 0.6671348314606742 0.37142857142857144 0.7485955056179775 0.3964285714285714 0.7485955056179775 0.39880952380952384 0.6699438202247191
1 0.3238095238095238 0.6446629213483146 0.32142857142857145 0.7345505617977528 0.35119047619047616 0.7345505617977528 0.3523809523809524 0.6460674157303371
1 0.2130952380952381 0.6573033707865169 0.24047619047619048 0.6573033707865169 0.2369047619047619 0.7401685393258427 0.20952380952380953 0.7387640449438202
1 0.175 0.5 0.12380952380952381 0.5646067415730337 0.14642857142857144 0.5926966292134831 0.2 0.523876404494382
1 0.4 0.5028089887640449 0.3904761904761905 0.5856741573033708 0.41904761904761906 0.5926966292134831 0.430952380952381 0.5084269662921348
1 0.4511904761904762 0.5098314606741573 0.4392857142857143 0.5884831460674157 0.46785714285714286 0.5955056179775281 0.48095238095238096 0.5140449438202247
1 0.4869047619047619 0.5224719101123596 0.48333333333333334 0.5969101123595506 0.513095238095238 0.598314606741573 0.5166666666666667 0.523876404494382
1 0.5547619047619048 0.5028089887640449 0.5238095238095238 0.5800561797752809 0.5511904761904762 0.5997191011235955 0.5845238095238096 0.5182584269662921