1 0.28095238095238095 0.1544943820224719 0.27976190476190477 0.23174157303370788 0.305952380952381 0.23174157303370788 0.305952380952381 0.1544943820224719
1 0.21666666666666667 0.27668539325842695 0.21428571428571427 0.3539325842696629 0.24285714285714285 0.3553370786516854 0.24285714285714285 0.27668539325842695
1 0.37857142857142856 0.36797752808988765 0.38095238095238093 0.4550561797752809 0.40476190476190477 0.45365168539325845 0.40595238095238095 0.36657303370786515
1 0.2726190476190476 0.5042134831460674 0.27380952380952384 0.5842696629213483 0.30238095238095236 0.5828651685393258 0.3011904761904762 0.5042134831460674
1 0.2226190476190476 0.5365168539325843 0.22023809523809523 0.6235955056179775 0.25357142857142856 0.6235955056179775 0.2523809523809524 0.5351123595505618
1 0.33690476190476193 0.6137640449438202 0.3380952380952381 0.6938202247191011 0.36547619047619045 0.6924157303370787 0.36428571428571427 0.6123595505617978
1 0.29523809523809524 0.8216292134831461 0.02619047619047619 0.07865168539325842
1 0.24226190476190476 0.8398876404494382 0.02976190476190476 0.07303370786516854
1 0.5583333333333333 0.625 0.5607142857142857 0.7120786516853933 0.5904761904761905 0.7106741573033708 0.5857142857142857 0.6235955056179775
1 0.7107142857142857 0.5842696629213483 0.7142857142857143 0.6741573033707865 0.7452380952380953 0.6713483146067416 0.736904761904762 0.5828651685393258
1 0.6023809523809524 0.4410112359550562 0.6011904761904762 0.5154494382022472 0.6321428571428571 0.5154494382022472 0.6273809523809524 0.4410112359550562
1 0.6928571428571428 0.2710674157303371 0.6952380952380952 0.3455056179775281 0.7238095238095238 0.34269662921348315 0.719047619047619 0.2696629213483146
1 0.3601190476190476 0.8398876404494382 0.02976190476190476 0.07303370786516854