1 0.32321428571428573 0.12851123595505617 0.03214285714285714 0.0800561797752809
1 0.35595238095238096 0.14325842696629212 0.3547619047619048 0.21629213483146068 0.38095238095238093 0.21629213483146068 0.38095238095238093 0.14325842696629212
1 0.20476190476190476 0.425561797752809 0.20476190476190476 0.5084269662921348 0.2357142857142857 0.5070224719101124 0.2357142857142857 0.425561797752809
1 0.3523809523809524 0.6053370786516854 0.35 0.6783707865168539 0.37976190476190474 0.6811797752808989 0.37857142857142856 0.6053370786516854
1 0.28809523809523807 0.6797752808988764 0.2869047619047619 0.7640449438202247 0.31785714285714284 0.7626404494382022 0.31785714285714284 0.6783707865168539
1 0.2261904761904762 0.7345505617977528 0.22142857142857142 0.8286516853932584 0.25357142857142856 0.8300561797752809 0.25595238095238093 0.7345505617977528
1 0.7273809523809524 0.7303370786516854 0.7261904761904762 0.8075842696629213 0.7559523809523809 0.8061797752808989 0.7535714285714286 0.7317415730337079
1 0.6392857142857142 0.8609550561797753 0.02619047619047619 0.0702247191011236
1 0.6214285714285714 0.4887640449438202 0.6238095238095238 0.5632022471910112 0.6476190476190476 0.5646067415730337 0.6452380952380953 0.4901685393258427
1 0.719047619047619 0.4648876404494382 0.7178571428571429 0.5407303370786517 0.7488095238095238 0.5407303370786517 0.7464285714285714 0.4648876404494382
1 0.6619047619047619 0.20365168539325842 0.6619047619047619 0.28370786516853935 0.694047619047619 0.28370786516853935 0.6892857142857143 0.20365168539325842
1 0.618452380952381 0.1425561797752809 0.025 0.06882022471910113