0 0.04880952380952381 0.34831460674157305 0.20952380952380953 0.3441011235955056 0.20833333333333334 0.4157303370786517 0.05 0.4199438202247191
1 0.5107142857142857 0.2794943820224719 0.5988095238095238 0.27247191011235955 0.6023809523809524 0.324438202247191 0.5107142857142857 0.32724719101123595
3 0.38571428571428573 0.3553370786516854 0.4797619047619048 0.34831460674157305 0.4845238095238095 0.3904494382022472 0.3892857142857143 0.39747191011235955
1 0.5166666666666667 0.35252808988764045 0.5964285714285714 0.3441011235955056 0.6011904761904762 0.3890449438202247 0.5226190476190476 0.39325842696629215
1 0.6488095238095238 0.3441011235955056 0.7321428571428571 0.3356741573033708 0.7357142857142858 0.37640449438202245 0.6523809523809524 0.3862359550561798
1 0.7523809523809524 0.3398876404494382 0.8357142857142857 0.33286516853932585 0.8392857142857143 0.37359550561797755 0.7583333333333333 0.38202247191011235
1 0.13095238095238096 0.4789325842696629 0.21666666666666667 0.476123595505618 0.21666666666666667 0.5196629213483146 0.13214285714285715 0.526685393258427
1 0.2619047619047619 0.4803370786516854 0.35119047619047616 0.4747191011235955 0.3547619047619048 0.526685393258427 0.2630952380952381 0.5323033707865169
1 0.1488095238095238 0.5547752808988764 0.2392857142857143 0.5547752808988764 0.2392857142857143 0.601123595505618 0.15119047619047618 0.6053370786516854
1 0.09047619047619047 0.6334269662921348 0.16071428571428573 0.6306179775280899 0.1630952380952381 0.6741573033707865 0.09285714285714286 0.675561797752809
1 0.2833333333333333 0.5533707865168539 0.37142857142857144 0.5449438202247191 0.37142857142857144 0.5926966292134831 0.2869047619047619 0.5969101123595506
1 0.21666666666666667 0.6278089887640449 0.3107142857142857 0.6235955056179775 0.3142857142857143 0.6699438202247191 0.22142857142857142 0.6769662921348315
1 0.1773809523809524 0.7120786516853933 0.2642857142857143 0.7092696629213483 0.26785714285714285 0.7457865168539326 0.17857142857142858 0.7542134831460674
1 0.2904761904761905 0.7008426966292135 0.3821428571428571 0.699438202247191 0.38571428571428573 0.7429775280898876 0.29404761904761906 0.7514044943820225
1 0.4095238095238095 0.46769662921348315 0.4928571428571429 0.46769662921348315 0.49404761904761907 0.5070224719101124 0.4107142857142857 0.5112359550561798
3 0.39880952380952384 0.5449438202247191 0.513095238095238 0.5351123595505618 0.5190476190476191 0.5870786516853933 0.4011904761904762 0.5997191011235955
1 0.35595238095238096 0.6193820224719101 0.44285714285714284 0.6207865168539326 0.44047619047619047 0.6713483146067416 0.3547619047619048 0.6713483146067416
1 0.5345238095238095 0.46348314606741575 0.6178571428571429 0.45786516853932585 0.6226190476190476 0.5042134831460674 0.5392857142857143 0.5112359550561798
1 0.4726190476190476 0.6123595505617978 0.569047619047619 0.6095505617977528 0.5714285714285714 0.6530898876404494 0.4785714285714286 0.6615168539325843
1 0.40476190476190477 0.6938202247191011 0.49642857142857144 0.6966292134831461 0.4976190476190476 0.7387640449438202 0.40476190476190477 0.7457865168539326
1 0.5607142857142857 0.5379213483146067 0.65 0.5308988764044944 0.6535714285714286 0.574438202247191 0.5642857142857143 0.5842696629213483
1 0.5904761904761905 0.6095505617977528 0.669047619047619 0.5941011235955056 0.6773809523809524 0.6376404494382022 0.5976190476190476 0.6530898876404494
1 0.5345238095238095 0.6811797752808989 0.6226190476190476 0.6685393258426966 0.6285714285714286 0.7148876404494382 0.544047619047619 0.7289325842696629
1 0.6738095238095239 0.46769662921348315 0.7595238095238095 0.4606741573033708 0.7642857142857142 0.5014044943820225 0.6785714285714286 0.5070224719101124
1 0.7964285714285714 0.45646067415730335 0.8761904761904762 0.44662921348314605 0.8857142857142857 0.4859550561797753 0.8023809523809524 0.49859550561797755
2 0.6976190476190476 0.5294943820224719 0.7785714285714286 0.5224719101123596 0.780952380952381 0.5646067415730337 0.7011904761904761 0.5730337078651685
1 0.6880952380952381 0.5969101123595506 0.7845238095238095 0.5758426966292135 0.7916666666666666 0.6137640449438202 0.6976190476190476 0.6460674157303371
1 0.6392857142857142 0.6783707865168539 0.7130952380952381 0.6629213483146067 0.7214285714285714 0.7050561797752809 0.6476190476190476 0.7219101123595506
1 0.7261904761904762 0.6783707865168539 0.794047619047619 0.6306179775280899 0.8142857142857143 0.6657303370786517 0.7476190476190476 0.7205056179775281
1 0.8214285714285714 0.5210674157303371 0.888095238095238 0.5042134831460674 0.8964285714285715 0.5463483146067416 0.8273809523809523 0.5589887640449438
1 0.8214285714285714 0.6137640449438202 0.8928571428571429 0.5884831460674157 0.9011904761904762 0.6334269662921348 0.8333333333333334 0.6558988764044944
1 0.8261904761904761 0.6643258426966292 0.8928571428571429 0.6587078651685393 0.8976190476190476 0.7008426966292135 0.8321428571428572 0.7106741573033708