1 0.42142857142857143 0.14887640449438203 0.48928571428571427 0.1502808988764045 0.49047619047619045 0.19241573033707865 0.42142857142857143 0.1952247191011236
1 0.7773809523809524 0.12780898876404495 0.8571428571428571 0.12921348314606743 0.8607142857142858 0.17415730337078653 0.780952380952381 0.17696629213483145
1 0.7333333333333333 0.25842696629213485 0.8202380952380952 0.2598314606741573 0.8226190476190476 0.29775280898876405 0.7345238095238096 0.2991573033707865
1 0.75 0.3398876404494382 0.8416666666666667 0.3356741573033708 0.8452380952380952 0.38202247191011235 0.7535714285714286 0.3890449438202247
1 0.7785714285714286 0.4058988764044944 0.8607142857142858 0.40730337078651685 0.8630952380952381 0.4550561797752809 0.7857142857142857 0.45786516853932585
1 0.7678571428571429 0.48735955056179775 0.8523809523809524 0.48314606741573035 0.8571428571428571 0.5337078651685393 0.7714285714285715 0.5393258426966292
1 0.6333333333333333 0.5056179775280899 0.7309523809523809 0.5014044943820225 0.7309523809523809 0.547752808988764 0.6357142857142857 0.5519662921348315
3 0.6535714285714286 0.41292134831460675 0.7738095238095238 0.40730337078651685 0.7821428571428571 0.45786516853932585 0.6571428571428571 0.47331460674157305
1 0.5761904761904761 0.3188202247191011 0.6678571428571428 0.3047752808988764 0.675 0.351123595505618 0.580952380952381 0.36797752808988765
1 0.5214285714285715 0.4297752808988764 0.6190476190476191 0.4241573033707865 0.6226190476190476 0.476123595505618 0.5238095238095238 0.48174157303370785
1 0.49166666666666664 0.49719101123595505 0.5857142857142857 0.4943820224719101 0.5880952380952381 0.5421348314606742 0.49166666666666664 0.547752808988764
1 0.4142857142857143 0.351123595505618 0.5095238095238095 0.34691011235955055 0.5083333333333333 0.39747191011235955 0.4142857142857143 0.40308988764044945
1 0.38571428571428573 0.43679775280898875 0.48095238095238096 0.43679775280898875 0.48095238095238096 0.48314606741573035 0.38571428571428573 0.4887640449438202
1 0.3547619047619048 0.5112359550561798 0.4357142857142857 0.5056179775280899 0.4357142857142857 0.550561797752809 0.3547619047619048 0.5533707865168539
1 0.1869047619047619 0.351123595505618 0.27976190476190477 0.34831460674157305 0.2785714285714286 0.4002808988764045 0.18571428571428572 0.4044943820224719
1 0.24285714285714285 0.44241573033707865 0.3392857142857143 0.4438202247191011 0.3392857142857143 0.49157303370786515 0.24285714285714285 0.49297752808988765
1 0.20476190476190476 0.5323033707865169 0.28214285714285714 0.5308988764044944 0.28214285714285714 0.5758426966292135 0.20476190476190476 0.5800561797752809
1 0.7023809523809523 0.41151685393258425 0.7702380952380953 0.40870786516853935 0.7726190476190476 0.45224719101123595 0.7035714285714286 0.4606741573033708