1 0.37142857142857144 0.17275280898876405 0.4095238095238095 0.17415730337078653 0.40714285714285714 0.27247191011235955 0.36904761904761907 0.27247191011235955
3 0.42142857142857143 0.3441011235955056 0.4726190476190476 0.34129213483146065 0.4654761904761905 0.48735955056179775 0.4261904761904762 0.4887640449438202
1 0.3547619047619048 0.36797752808988765 0.38571428571428573 0.36797752808988765 0.38452380952380955 0.4550561797752809 0.35119047619047616 0.45786516853932585
1 0.3380952380952381 0.6390449438202247 0.3773809523809524 0.6362359550561798 0.37976190476190474 0.7457865168539326 0.33690476190476193 0.7514044943820225
1 0.6309523809523809 0.11938202247191011 0.6595238095238095 0.11797752808988764 0.6630952380952381 0.19382022471910113 0.6297619047619047 0.1952247191011236
1 0.6880952380952381 0.11095505617977527 0.7238095238095238 0.10955056179775281 0.7261904761904762 0.19101123595505617 0.6916666666666667 0.19662921348314608
1 0.8130952380952381 0.1348314606741573 0.85 0.13342696629213482 0.8571428571428571 0.2247191011235955 0.819047619047619 0.2247191011235955
1 0.7571428571428571 0.23876404494382023 0.794047619047619 0.23876404494382023 0.7988095238095239 0.3258426966292135 0.7619047619047619 0.33146067415730335
1 0.625 0.2443820224719101 0.6630952380952381 0.2443820224719101 0.6654761904761904 0.34129213483146065 0.6261904761904762 0.34129213483146065
1 0.6869047619047619 0.2443820224719101 0.7214285714285714 0.2443820224719101 0.725 0.3398876404494382 0.6892857142857143 0.3455056179775281
1 0.8285714285714286 0.28230337078651685 0.8607142857142858 0.28230337078651685 0.8654761904761905 0.34129213483146065 0.830952380952381 0.3441011235955056
1 0.8238095238095238 0.3904494382022472 0.8595238095238096 0.38764044943820225 0.8654761904761905 0.4887640449438202 0.8321428571428572 0.4943820224719101
1 0.7571428571428571 0.37219101123595505 0.7928571428571428 0.3707865168539326 0.7988095238095239 0.4691011235955056 0.7607142857142857 0.46769662921348315
1 0.6964285714285714 0.37640449438202245 0.7321428571428571 0.3792134831460674 0.7333333333333333 0.4705056179775281 0.6976190476190476 0.46769662921348315
1 0.6261904761904762 0.38764044943820225 0.6630952380952381 0.38764044943820225 0.6654761904761904 0.48314606741573035 0.6309523809523809 0.4845505617977528
1 0.625 0.5154494382022472 0.6678571428571428 0.5154494382022472 0.6678571428571428 0.6235955056179775 0.6261904761904762 0.6264044943820225
1 0.6892857142857143 0.526685393258427 0.7273809523809524 0.5252808988764045 0.7309523809523809 0.6334269662921348 0.6952380952380952 0.6348314606741573
1 0.7666666666666667 0.5323033707865169 0.8047619047619048 0.5294943820224719 0.8119047619047619 0.6376404494382022 0.7714285714285715 0.6404494382022472
1 0.8345238095238096 0.5533707865168539 0.8738095238095238 0.5533707865168539 0.8761904761904762 0.6573033707865169 0.8416666666666667 0.6573033707865169
1 0.6202380952380953 0.6811797752808989 0.6630952380952381 0.6839887640449438 0.6630952380952381 0.7963483146067416 0.6226190476190476 0.7949438202247191
1 0.6928571428571428 0.7514044943820225 0.7333333333333333 0.75 0.7416666666666667 0.8595505617977528 0.7023809523809523 0.8679775280898876
1 0.7690476190476191 0.7092696629213483 0.8071428571428572 0.7106741573033708 0.8071428571428572 0.8174157303370787 0.7726190476190476 0.8174157303370787
1 0.8380952380952381 0.7275280898876404 0.8809523809523809 0.7275280898876404 0.8833333333333333 0.8328651685393258 0.8428571428571429 0.8356741573033708