1 0.4238095238095238 0.15308988764044945 0.45714285714285713 0.15168539325842698 0.4607142857142857 0.24719101123595505 0.4238095238095238 0.24859550561797752
1 0.15595238095238095 0.38202247191011235 0.19047619047619047 0.3848314606741573 0.1880952380952381 0.5098314606741573 0.1488095238095238 0.5084269662921348
1 0.37023809523809526 0.32724719101123595 0.40476190476190477 0.3300561797752809 0.39404761904761904 0.4339887640449438 0.35714285714285715 0.4241573033707865
1 0.4869047619047619 0.3441011235955056 0.5321428571428571 0.3441011235955056 0.530952380952381 0.45365168539325845 0.48928571428571427 0.4508426966292135
1 0.4261904761904762 0.4845505617977528 0.4630952380952381 0.4803370786516854 0.46190476190476193 0.5898876404494382 0.425 0.5898876404494382
1 0.3678571428571429 0.5421348314606742 0.40595238095238095 0.5449438202247191 0.40476190476190477 0.6713483146067416 0.3630952380952381 0.6685393258426966
1 0.29523809523809524 0.5730337078651685 0.3333333333333333 0.577247191011236 0.3273809523809524 0.6896067415730337 0.28809523809523807 0.6853932584269663
1 0.6333333333333333 0.29775280898876405 0.6666666666666666 0.29775280898876405 0.6666666666666666 0.39747191011235955 0.6333333333333333 0.398876404494382
1 0.694047619047619 0.300561797752809 0.7309523809523809 0.30337078651685395 0.7357142857142858 0.40168539325842695 0.6976190476190476 0.40308988764044945
1 0.763095238095238 0.27808988764044945 0.8011904761904762 0.27808988764044945 0.8011904761904762 0.375 0.7654761904761904 0.37780898876404495
2 0.819047619047619 0.3342696629213483 0.8571428571428571 0.33286516853932585 0.8630952380952381 0.425561797752809 0.8261904761904761 0.4297752808988764
1 0.7678571428571429 0.4396067415730337 0.8047619047619048 0.4410112359550562 0.8035714285714286 0.5379213483146067 0.7690476190476191 0.5379213483146067
1 0.6916666666666667 0.45224719101123595 0.7285714285714285 0.45365168539325845 0.7309523809523809 0.5561797752808989 0.6952380952380952 0.5589887640449438
1 0.6309523809523809 0.44803370786516855 0.6678571428571428 0.44803370786516855 0.6666666666666666 0.5547752808988764 0.6285714285714286 0.5547752808988764
1 0.8357142857142857 0.4901685393258427 0.8666666666666667 0.4887640449438202 0.8726190476190476 0.5533707865168539 0.8380952380952381 0.5561797752808989
1 0.625 0.5997191011235955 0.6654761904761904 0.6025280898876404 0.6630952380952381 0.7078651685393258 0.625 0.7050561797752809
1 0.7023809523809523 0.5969101123595506 0.7380952380952381 0.5955056179775281 0.7392857142857143 0.6938202247191011 0.7011904761904761 0.6938202247191011
1 0.763095238095238 0.5884831460674157 0.8 0.5870786516853933 0.8071428571428572 0.6882022471910112 0.7642857142857142 0.6924157303370787
1 0.8333333333333334 0.6109550561797753 0.8714285714285714 0.6081460674157303 0.8761904761904762 0.7148876404494382 0.8380952380952381 0.7162921348314607
1 0.6238095238095238 0.7359550561797753 0.669047619047619 0.7373595505617978 0.6678571428571428 0.848314606741573 0.625 0.851123595505618
1 0.694047619047619 0.7570224719101124 0.7333333333333333 0.7584269662921348 0.7345238095238096 0.8651685393258427 0.6964285714285714 0.8651685393258427
1 0.7690476190476191 0.7514044943820225 0.8107142857142857 0.75 0.8142857142857143 0.8623595505617978 0.7702380952380953 0.8623595505617978
1 0.844047619047619 0.7879213483146067 0.8869047619047619 0.7851123595505618 0.888095238095238 0.8834269662921348 0.85 0.8848314606741573