1 0.2761904761904762 0.10955056179775281 0.30357142857142855 0.10955056179775281 0.3 0.1699438202247191 0.275 0.1699438202247191
1 0.375 0.10533707865168539 0.40476190476190477 0.10393258426966293 0.4035714285714286 0.16292134831460675 0.3761904761904762 0.16713483146067415
1 0.34404761904761905 0.15589887640449437 0.36666666666666664 0.14747191011235955 0.38095238095238093 0.21629213483146068 0.35714285714285715 0.22331460674157302
1 0.3238095238095238 0.20224719101123595 0.34404761904761905 0.19101123595505617 0.3595238095238095 0.23735955056179775 0.3357142857142857 0.24719101123595505
1 0.5083333333333333 0.16151685393258428 0.5392857142857143 0.16292134831460675 0.5404761904761904 0.24157303370786518 0.5107142857142857 0.24157303370786518
1 0.3761904761904762 0.2401685393258427 0.40714285714285714 0.2401685393258427 0.40714285714285714 0.3146067415730337 0.3773809523809524 0.31320224719101125
1 0.3130952380952381 0.26825842696629215 0.3464285714285714 0.26685393258426965 0.3464285714285714 0.34831460674157305 0.3130952380952381 0.34831460674157305
1 0.26666666666666666 0.2893258426966292 0.29285714285714287 0.28792134831460675 0.29642857142857143 0.35674157303370785 0.26785714285714285 0.35814606741573035
1 0.2130952380952381 0.24297752808988765 0.24047619047619048 0.2401685393258427 0.24404761904761904 0.3160112359550562 0.21666666666666667 0.3202247191011236
1 0.33095238095238094 0.37640449438202245 0.3595238095238095 0.375 0.35714285714285715 0.4550561797752809 0.3273809523809524 0.4550561797752809
1 0.2761904761904762 0.3946629213483146 0.30357142857142855 0.39325842696629215 0.30833333333333335 0.4789325842696629 0.2773809523809524 0.47752808988764045
0 0.20238095238095238 0.38342696629213485 0.24642857142857144 0.3862359550561798 0.24523809523809523 0.5955056179775281 0.1988095238095238 0.5969101123595506
1 0.3773809523809524 0.47331460674157305 0.40595238095238095 0.4747191011235955 0.4035714285714286 0.5519662921348315 0.3761904761904762 0.5519662921348315
1 0.3238095238095238 0.5337078651685393 0.35595238095238096 0.5323033707865169 0.35714285714285715 0.6109550561797753 0.3273809523809524 0.6123595505617978
1 0.2726190476190476 0.5337078651685393 0.2976190476190476 0.5365168539325843 0.2976190476190476 0.6109550561797753 0.2702380952380952 0.6081460674157303
1 0.15833333333333333 0.5828651685393258 0.18571428571428572 0.5828651685393258 0.1880952380952381 0.6629213483146067 0.1595238095238095 0.6615168539325843
1 0.21666666666666667 0.6573033707865169 0.24523809523809523 0.6544943820224719 0.24761904761904763 0.7373595505617978 0.21666666666666667 0.7387640449438202
1 0.25952380952380955 0.6362359550561798 0.28809523809523807 0.6390449438202247 0.2845238095238095 0.7120786516853933 0.25595238095238093 0.7134831460674157
1 0.3107142857142857 0.6825842696629213 0.3392857142857143 0.6741573033707865 0.35119047619047616 0.7626404494382022 0.3202380952380952 0.7724719101123596
1 0.2726190476190476 0.7528089887640449 0.30238095238095236 0.75 0.3011904761904762 0.8384831460674157 0.2726190476190476 0.8370786516853933
1 0.3261904761904762 0.7935393258426966 0.35714285714285715 0.7921348314606742 0.35595238095238096 0.8651685393258427 0.32976190476190476 0.8665730337078652