3 0.3380952380952381 0.3103932584269663 0.425 0.3202247191011236 0.4154761904761905 0.3609550561797753 0.32976190476190476 0.351123595505618
1 0.5190476190476191 0.32303370786516855 0.5833333333333334 0.31741573033707865 0.5857142857142857 0.3539325842696629 0.5190476190476191 0.35252808988764045
3 0.6619047619047619 0.3707865168539326 0.7904761904761904 0.375 0.7892857142857143 0.43820224719101125 0.6619047619047619 0.4311797752808989
1 0.8071428571428572 0.398876404494382 0.8690476190476191 0.3946629213483146 0.8690476190476191 0.4339887640449438 0.8047619047619048 0.4311797752808989
1 0.819047619047619 0.4410112359550562 0.8916666666666667 0.4396067415730337 0.8928571428571429 0.48314606741573035 0.8202380952380952 0.4803370786516854
1 0.8166666666666667 0.49297752808988765 0.8785714285714286 0.4901685393258427 0.8809523809523809 0.5323033707865169 0.8166666666666667 0.5294943820224719
1 0.8202380952380952 0.5463483146067416 0.8904761904761904 0.5421348314606742 0.8904761904761904 0.5856741573033708 0.8214285714285714 0.5814606741573034
1 0.705952380952381 0.4859550561797753 0.7773809523809524 0.48735955056179775 0.7785714285714286 0.5280898876404494 0.7035714285714286 0.5224719101123596
1 0.7214285714285714 0.5519662921348315 0.794047619047619 0.5491573033707865 0.794047619047619 0.5884831460674157 0.7238095238095238 0.5898876404494382
1 0.7607142857142857 0.6025280898876404 0.8273809523809523 0.6053370786516854 0.8285714285714286 0.6446629213483146 0.7595238095238095 0.6404494382022472
1 0.8154761904761905 0.797752808988764 0.888095238095238 0.8061797752808989 0.8857142857142857 0.8370786516853933 0.8142857142857143 0.8286516853932584
1 0.6976190476190476 0.8384831460674157 0.763095238095238 0.8412921348314607 0.7619047619047619 0.8735955056179775 0.7 0.8735955056179775
1 0.7726190476190476 0.6699438202247191 0.8392857142857143 0.6685393258426966 0.8380952380952381 0.7134831460674157 0.7714285714285715 0.7064606741573034
1 0.625 0.5308988764044944 0.694047619047619 0.5337078651685393 0.6952380952380952 0.5730337078651685 0.6238095238095238 0.5688202247191011
1 0.6678571428571428 0.5926966292134831 0.7380952380952381 0.5955056179775281 0.7404761904761905 0.6320224719101124 0.6678571428571428 0.6320224719101124
1 0.6833333333333333 0.6629213483146067 0.7511904761904762 0.6629213483146067 0.7511904761904762 0.6952247191011236 0.6845238095238095 0.6980337078651685
3 0.5904761904761905 0.47331460674157305 0.6833333333333333 0.476123595505618 0.6821428571428572 0.523876404494382 0.5904761904761905 0.5168539325842697
1 0.5607142857142857 0.4241573033707865 0.6273809523809524 0.42696629213483145 0.6273809523809524 0.4606741573033708 0.5607142857142857 0.4550561797752809
1 0.475 0.4058988764044944 0.544047619047619 0.40870786516853935 0.544047619047619 0.44803370786516855 0.475 0.44241573033707865
1 0.4880952380952381 0.46207865168539325 0.5619047619047619 0.4648876404494382 0.5607142857142857 0.5098314606741573 0.48928571428571427 0.5
1 0.5214285714285715 0.5323033707865169 0.5916666666666667 0.5407303370786517 0.5869047619047619 0.5758426966292135 0.5226190476190476 0.574438202247191
1 0.5583333333333333 0.5926966292134831 0.6297619047619047 0.5941011235955056 0.6297619047619047 0.6292134831460674 0.5571428571428572 0.6264044943820225
1 0.5976190476190476 0.6432584269662921 0.6642857142857143 0.6474719101123596 0.6654761904761904 0.6853932584269663 0.5964285714285714 0.6783707865168539
1 0.3523809523809524 0.3960674157303371 0.4166666666666667 0.39747191011235955 0.4142857142857143 0.4339887640449438 0.3535714285714286 0.4311797752808989
1 0.39166666666666666 0.449438202247191 0.4607142857142857 0.4508426966292135 0.46190476190476193 0.49297752808988765 0.3892857142857143 0.4859550561797753
1 0.41309523809523807 0.526685393258427 0.4845238095238095 0.526685393258427 0.48333333333333334 0.5716292134831461 0.41309523809523807 0.5674157303370787
1 0.46785714285714286 0.5814606741573034 0.5404761904761904 0.5842696629213483 0.5404761904761904 0.6264044943820225 0.4666666666666667 0.6179775280898876
1 0.5095238095238095 0.6601123595505618 0.5761904761904761 0.6629213483146067 0.5773809523809523 0.6952247191011236 0.5083333333333333 0.6952247191011236
1 0.375 0.5814606741573034 0.45476190476190476 0.5814606741573034 0.45476190476190476 0.6221910112359551 0.375 0.6179775280898876
1 0.42142857142857143 0.6320224719101124 0.49404761904761907 0.6348314606741573 0.49404761904761907 0.6713483146067416 0.41785714285714287 0.6657303370786517
1 0.32261904761904764 0.6193820224719101 0.4011904761904762 0.6235955056179775 0.3964285714285714 0.6671348314606742 0.32142857142857145 0.6587078651685393
1 0.3047619047619048 0.449438202247191 0.3726190476190476 0.4508426966292135 0.36904761904761907 0.4887640449438202 0.3011904761904762 0.4845505617977528
1 0.30952380952380953 0.5154494382022472 0.3892857142857143 0.5154494382022472 0.3880952380952381 0.5547752808988764 0.30952380952380953 0.550561797752809
1 0.2702380952380952 0.5589887640449438 0.3476190476190476 0.5603932584269663 0.34404761904761905 0.6039325842696629 0.2702380952380952 0.5969101123595506
1 0.22976190476190475 0.6221910112359551 0.3 0.6235955056179775 0.2988095238095238 0.6615168539325843 0.23095238095238096 0.6573033707865169
1 0.14285714285714285 0.6544943820224719 0.20357142857142857 0.6573033707865169 0.2011904761904762 0.6910112359550562 0.14285714285714285 0.6867977528089888
1 0.12261904761904761 0.6067415730337079 0.19166666666666668 0.6109550561797753 0.19047619047619047 0.651685393258427 0.12142857142857143 0.6432584269662921
1 0.15833333333333333 0.5561797752808989 0.22976190476190475 0.5632022471910112 0.22380952380952382 0.6067415730337079 0.15119047619047618 0.5969101123595506
2 0.19047619047619047 0.4845505617977528 0.27976190476190477 0.48735955056179775 0.2726190476190476 0.5533707865168539 0.17857142857142858 0.5393258426966292
1 0.20833333333333334 0.43820224719101125 0.27976190476190477 0.4396067415730337 0.2773809523809524 0.47331460674157305 0.20714285714285716 0.46769662921348315
1 0.13452380952380952 0.4396067415730337 0.19047619047619047 0.4396067415730337 0.1880952380952381 0.47331460674157305 0.13452380952380952 0.4705056179775281
3 0.1 0.351123595505618 0.2702380952380952 0.3553370786516854 0.2654761904761905 0.4157303370786517 0.09642857142857143 0.40870786516853935