1 0.7976190476190477 0.46207865168539325 0.861904761904762 0.46207865168539325 0.8630952380952381 0.49719101123595505 0.7976190476190477 0.5
1 0.8369047619047619 0.5660112359550562 0.8976190476190476 0.5632022471910112 0.9 0.5969101123595506 0.8392857142857143 0.601123595505618
0 0.5976190476190476 0.44241573033707865 0.7380952380952381 0.43679775280898875 0.7392857142857143 0.4943820224719101 0.6035714285714285 0.5056179775280899
1 0.7130952380952381 0.5056179775280899 0.7797619047619048 0.5014044943820225 0.7833333333333333 0.5379213483146067 0.7130952380952381 0.5449438202247191
1 0.6416666666666667 0.5646067415730337 0.7154761904761905 0.5660112359550562 0.7119047619047619 0.6053370786516854 0.6464285714285715 0.6067415730337079
1 0.7047619047619048 0.6264044943820225 0.7511904761904762 0.6264044943820225 0.75 0.6629213483146067 0.7047619047619048 0.6587078651685393
1 0.65 0.7345505617977528 0.7095238095238096 0.7345505617977528 0.7107142857142857 0.773876404494382 0.65 0.773876404494382
1 0.5511904761904762 0.7429775280898876 0.625 0.7415730337078652 0.6273809523809524 0.7851123595505618 0.5511904761904762 0.7851123595505618
1 0.5678571428571428 0.6137640449438202 0.638095238095238 0.6165730337078652 0.6404761904761904 0.6587078651685393 0.569047619047619 0.6544943820224719
1 0.5297619047619048 0.5014044943820225 0.6 0.5014044943820225 0.6023809523809524 0.5407303370786517 0.5297619047619048 0.5407303370786517
1 0.4880952380952381 0.44241573033707865 0.5607142857142857 0.4438202247191011 0.5619047619047619 0.48174157303370785 0.4880952380952381 0.48314606741573035
1 0.46785714285714286 0.5561797752808989 0.5464285714285714 0.5547752808988764 0.5476190476190477 0.5955056179775281 0.4666666666666667 0.598314606741573
1 0.42142857142857143 0.6207865168539326 0.48928571428571427 0.6193820224719101 0.48928571428571427 0.6530898876404494 0.4226190476190476 0.6558988764044944
1 0.3547619047619048 0.4592696629213483 0.42738095238095236 0.44241573033707865 0.4357142857142857 0.4747191011235955 0.3630952380952381 0.49719101123595505
1 0.33690476190476193 0.5028089887640449 0.37857142857142856 0.5028089887640449 0.38333333333333336 0.5365168539325843 0.33690476190476193 0.5351123595505618
1 0.3392857142857143 0.6797752808988764 0.41785714285714287 0.6797752808988764 0.4154761904761905 0.7191011235955056 0.3392857142857143 0.7176966292134831
1 0.444047619047619 0.7415730337078652 0.5071428571428571 0.7429775280898876 0.5071428571428571 0.7780898876404494 0.44642857142857145 0.7752808988764045
1 0.3392857142857143 0.7387640449438202 0.41309523809523807 0.7387640449438202 0.41309523809523807 0.7794943820224719 0.3392857142857143 0.7780898876404494
0 0.10833333333333334 0.41853932584269665 0.28214285714285714 0.42837078651685395 0.28214285714285714 0.48735955056179775 0.10833333333333334 0.48735955056179775
1 0.1380952380952381 0.4901685393258427 0.20833333333333334 0.4901685393258427 0.20833333333333334 0.5280898876404494 0.1380952380952381 0.5294943820224719
1 0.22380952380952382 0.49719101123595505 0.2845238095238095 0.49859550561797755 0.2845238095238095 0.5294943820224719 0.22380952380952382 0.5308988764044944
1 0.25476190476190474 0.550561797752809 0.325 0.5519662921348315 0.3273809523809524 0.5870786516853933 0.25595238095238093 0.5884831460674157
3 0.25 0.6025280898876404 0.34523809523809523 0.6039325842696629 0.34523809523809523 0.6530898876404494 0.24761904761904763 0.651685393258427
1 0.11071428571428571 0.6123595505617978 0.18214285714285713 0.6123595505617978 0.18214285714285713 0.6530898876404494 0.10833333333333334 0.6530898876404494
1 0.19047619047619047 0.7373595505617978 0.26904761904761904 0.7359550561797753 0.26904761904761904 0.7752808988764045 0.19047619047619047 0.7780898876404494
1 0.08571428571428572 0.6643258426966292 0.15357142857142858 0.6657303370786517 0.15119047619047618 0.7134831460674157 0.08333333333333333 0.7092696629213483
3 0.5535714285714286 0.7162921348314607 0.7297619047619047 0.7191011235955056 0.7297619047619047 0.672752808988764 0.5547619047619048 0.6615168539325843