1 0.32261904761904764 0.22331460674157302 0.3488095238095238 0.22191011235955055 0.3488095238095238 0.30196629213483145 0.32142857142857145 0.300561797752809
1 0.3238095238095238 0.33286516853932585 0.35119047619047616 0.33146067415730335 0.3523809523809524 0.40730337078651685 0.32142857142857145 0.40870786516853935
1 0.22023809523809523 0.3848314606741573 0.25595238095238093 0.3848314606741573 0.25357142857142856 0.4705056179775281 0.2226190476190476 0.4705056179775281
1 0.31547619047619047 0.4648876404494382 0.34523809523809523 0.46348314606741575 0.3404761904761905 0.5491573033707865 0.3107142857142857 0.5491573033707865
1 0.2619047619047619 0.5379213483146067 0.29523809523809524 0.5365168539325843 0.29404761904761906 0.6151685393258427 0.2642857142857143 0.6165730337078652
1 0.30952380952380953 0.5800561797752809 0.3392857142857143 0.5786516853932584 0.3404761904761905 0.6629213483146067 0.30952380952380953 0.6643258426966292
1 0.2154761904761905 0.5337078651685393 0.24642857142857144 0.5351123595505618 0.24523809523809523 0.6095505617977528 0.21666666666666667 0.6109550561797753
1 0.2119047619047619 0.6446629213483146 0.2392857142857143 0.6418539325842697 0.23809523809523808 0.7289325842696629 0.20238095238095238 0.7275280898876404
1 0.30238095238095236 0.7205056179775281 0.33214285714285713 0.7191011235955056 0.33095238095238094 0.8019662921348315 0.30238095238095236 0.8061797752808989
1 0.2619047619047619 0.6938202247191011 0.2892857142857143 0.6938202247191011 0.2892857142857143 0.7808988764044944 0.2630952380952381 0.7823033707865169
1 0.15119047619047618 0.7542134831460674 0.18333333333333332 0.7570224719101124 0.1761904761904762 0.848314606741573 0.14047619047619048 0.8455056179775281
3 0.2 0.7752808988764045 0.23809523809523808 0.7752808988764045 0.23214285714285715 0.8862359550561798 0.19404761904761905 0.8876404494382022
1 0.25357142857142856 0.8132022471910112 0.2833333333333333 0.8132022471910112 0.28095238095238095 0.8834269662921348 0.25476190476190474 0.8848314606741573