1 0.5773809523809523 0.1502808988764045 0.5988095238095238 0.15730337078651685 0.5761904761904761 0.21629213483146068 0.55 0.2050561797752809
2 0.44285714285714284 0.2612359550561798 0.4654761904761905 0.2752808988764045 0.4392857142857143 0.34269662921348315 0.4154761904761905 0.32865168539325845
1 0.7619047619047619 0.11235955056179775 0.7845238095238095 0.12078651685393259 0.7666666666666667 0.18258426966292135 0.7440476190476191 0.17837078651685392
1 0.8273809523809523 0.19803370786516855 0.8523809523809524 0.20926966292134833 0.8333333333333334 0.273876404494382 0.8071428571428572 0.26264044943820225
1 0.7773809523809524 0.18679775280898878 0.8 0.19382022471910113 0.780952380952381 0.24578651685393257 0.7583333333333333 0.2401685393258427
1 0.7226190476190476 0.20224719101123595 0.7476190476190476 0.21067415730337077 0.7261904761904762 0.27247191011235955 0.7 0.26685393258426965
1 0.8416666666666667 0.31320224719101125 0.8654761904761905 0.3202247191011236 0.8511904761904762 0.37359550561797755 0.8273809523809523 0.36657303370786515
1 0.7880952380952381 0.3300561797752809 0.8130952380952381 0.3398876404494382 0.794047619047619 0.40168539325842695 0.7678571428571429 0.3904494382022472
1 0.7392857142857143 0.3047752808988764 0.763095238095238 0.31320224719101125 0.7452380952380953 0.3693820224719101 0.7214285714285714 0.3609550561797753
1 0.7023809523809523 0.2893258426966292 0.7261904761904762 0.29775280898876405 0.7071428571428572 0.35814606741573035 0.6833333333333333 0.3497191011235955
1 0.6642857142857143 0.38202247191011235 0.6928571428571428 0.39185393258426965 0.6702380952380952 0.4550561797752809 0.6440476190476191 0.44662921348314605
1 0.7142857142857143 0.3806179775280899 0.7380952380952381 0.38764044943820225 0.7202380952380952 0.45224719101123595 0.6964285714285714 0.4452247191011236
1 0.7440476190476191 0.46348314606741575 0.7702380952380953 0.47191011235955055 0.7476190476190476 0.5421348314606742 0.7226190476190476 0.5294943820224719
1 0.8202380952380952 0.38202247191011235 0.8428571428571429 0.39185393258426965 0.8285714285714286 0.44662921348314605 0.8 0.4396067415730337
3 0.8464285714285714 0.2794943820224719 0.8761904761904762 0.2907303370786517 0.8523809523809524 0.3904494382022472 0.8154761904761905 0.37359550561797755
1 0.7892857142857143 0.4901685393258427 0.8154761904761905 0.5014044943820225 0.7928571428571428 0.5660112359550562 0.7654761904761904 0.5533707865168539
1 0.6845238095238095 0.476123595505618 0.7071428571428572 0.48735955056179775 0.6904761904761905 0.5491573033707865 0.6630952380952381 0.5379213483146067
1 0.6226190476190476 0.5 0.6523809523809524 0.5070224719101124 0.6321428571428571 0.577247191011236 0.6023809523809524 0.5646067415730337
1 0.7547619047619047 0.5842696629213483 0.7773809523809524 0.5926966292134831 0.7583333333333333 0.6629213483146067 0.7321428571428571 0.651685393258427
1 0.7107142857142857 0.5716292134831461 0.736904761904762 0.5800561797752809 0.7178571428571429 0.648876404494382 0.6928571428571428 0.6348314606741573
1 0.6523809523809524 0.5716292134831461 0.6785714285714286 0.5814606741573034 0.6619047619047619 0.648876404494382 0.6333333333333333 0.6390449438202247
1 0.7285714285714285 0.672752808988764 0.7535714285714286 0.6825842696629213 0.7309523809523809 0.7584269662921348 0.705952380952381 0.7485955056179775
1 0.6726190476190477 0.6713483146067416 0.6988095238095238 0.6839887640449438 0.6785714285714286 0.7584269662921348 0.6452380952380953 0.7429775280898876
1 0.6976190476190476 0.7794943820224719 0.725 0.7907303370786517 0.7023809523809523 0.8707865168539326 0.6726190476190477 0.8581460674157303
1 0.5547619047619048 0.723314606741573 0.5821428571428572 0.7345505617977528 0.5583333333333333 0.8089887640449438 0.5261904761904762 0.7991573033707865
1 0.30357142857142855 0.7921348314606742 0.3261904761904762 0.8019662921348315 0.3 0.8778089887640449 0.2714285714285714 0.8651685393258427