1 0.49523809523809526 0.11938202247191011 0.5214285714285715 0.12921348314606743 0.49523809523809526 0.19382022471910113 0.4714285714285714 0.18398876404494383
1 0.5202380952380953 0.1952247191011236 0.544047619047619 0.20646067415730338 0.5166666666666667 0.26825842696629215 0.49047619047619045 0.25702247191011235
1 0.45476190476190476 0.5800561797752809 0.47619047619047616 0.5912921348314607 0.4488095238095238 0.6699438202247191 0.4154761904761905 0.648876404494382
1 0.4166666666666667 0.7682584269662921 0.444047619047619 0.776685393258427 0.4154761904761905 0.8553370786516854 0.38333333333333336 0.8455056179775281
1 0.6464285714285715 0.7373595505617978 0.675 0.75 0.65 0.827247191011236 0.6178571428571429 0.8117977528089888
1 0.7035714285714286 0.7275280898876404 0.7273809523809524 0.7415730337078652 0.7083333333333334 0.8075842696629213 0.680952380952381 0.7991573033707865
1 0.7488095238095238 0.7528089887640449 0.7761904761904762 0.7654494382022472 0.7559523809523809 0.8398876404494382 0.7273809523809524 0.8286516853932584
1 0.7869047619047619 0.7935393258426966 0.8142857142857143 0.8103932584269663 0.7857142857142857 0.8974719101123596 0.7535714285714286 0.8820224719101124
1 0.8273809523809523 0.6938202247191011 0.8535714285714285 0.7050561797752809 0.8321428571428572 0.773876404494382 0.8035714285714286 0.7612359550561798
1 0.861904761904762 0.5646067415730337 0.8845238095238095 0.5716292134831461 0.8714285714285714 0.6362359550561798 0.8452380952380952 0.6235955056179775
1 0.7952380952380952 0.6221910112359551 0.8202380952380952 0.6306179775280899 0.8023809523809524 0.7064606741573034 0.7714285714285715 0.6910112359550562
1 0.7392857142857143 0.6081460674157303 0.7666666666666667 0.6207865168539326 0.7416666666666667 0.6896067415730337 0.7142857142857143 0.6783707865168539
1 0.6880952380952381 0.5898876404494382 0.7130952380952381 0.601123595505618 0.694047619047619 0.6713483146067416 0.6678571428571428 0.6657303370786517
1 0.8488095238095238 0.42275280898876405 0.8761904761904762 0.4396067415730337 0.8547619047619047 0.5042134831460674 0.8297619047619048 0.4887640449438202
1 0.7797619047619048 0.4803370786516854 0.8023809523809524 0.4901685393258427 0.7833333333333333 0.5519662921348315 0.7595238095238095 0.5393258426966292
1 0.7392857142857143 0.46207865168539325 0.763095238095238 0.4747191011235955 0.7452380952380953 0.5393258426966292 0.7202380952380952 0.5294943820224719
1 0.763095238095238 0.35674157303370785 0.7880952380952381 0.36797752808988765 0.7666666666666667 0.4396067415730337 0.7392857142857143 0.42275280898876405
1 0.8690476190476191 0.20786516853932585 0.8904761904761904 0.21769662921348315 0.8702380952380953 0.28230337078651685 0.8452380952380952 0.27247191011235955
1 0.8285714285714286 0.1853932584269663 0.8547619047619047 0.199438202247191 0.8357142857142857 0.2612359550561798 0.8047619047619048 0.24859550561797752
1 0.6047619047619047 0.175561797752809 0.6285714285714286 0.11657303370786516 0.6059523809523809 0.0997191011235955 0.580952380952381 0.16151685393258428