1 0.6214285714285714 0.11938202247191011 0.6440476190476191 0.11938202247191011 0.6476190476190476 0.18820224719101122 0.6214285714285714 0.1896067415730337
1 0.5761904761904761 0.18398876404494383 0.5988095238095238 0.18258426966292135 0.6011904761904762 0.25 0.575 0.25140449438202245
1 0.6214285714285714 0.2401685393258427 0.6511904761904762 0.23876404494382023 0.6511904761904762 0.30337078651685395 0.6238095238095238 0.3047752808988764
1 0.680952380952381 0.22331460674157302 0.7071428571428572 0.22191011235955055 0.7142857142857143 0.2893258426966292 0.6869047619047619 0.2907303370786517
1 0.6845238095238095 0.3398876404494382 0.7142857142857143 0.3398876404494382 0.7154761904761905 0.4157303370786517 0.6892857142857143 0.41713483146067415
1 0.569047619047619 0.32303370786516855 0.5988095238095238 0.32162921348314605 0.6035714285714285 0.3946629213483146 0.575 0.39325842696629215
1 0.6321428571428571 0.39185393258426965 0.6595238095238095 0.39185393258426965 0.6583333333333333 0.4648876404494382 0.6333333333333333 0.4648876404494382
1 0.6904761904761905 0.4648876404494382 0.719047619047619 0.46629213483146065 0.7214285714285714 0.5421348314606742 0.6952380952380952 0.5393258426966292
1 0.5630952380952381 0.4410112359550562 0.594047619047619 0.4353932584269663 0.6 0.5112359550561798 0.5678571428571428 0.5126404494382022
1 0.6333333333333333 0.5126404494382022 0.6619047619047619 0.5112359550561798 0.6642857142857143 0.5870786516853933 0.6333333333333333 0.5870786516853933
1 0.6916666666666667 0.5997191011235955 0.7238095238095238 0.598314606741573 0.7273809523809524 0.6867977528089888 0.6916666666666667 0.6839887640449438
1 0.5714285714285714 0.5856741573033708 0.6023809523809524 0.5842696629213483 0.6059523809523809 0.6643258426966292 0.5738095238095238 0.6643258426966292
1 0.6357142857142857 0.651685393258427 0.6642857142857143 0.651685393258427 0.6666666666666666 0.726123595505618 0.6369047619047619 0.7275280898876404
1 0.5773809523809523 0.6980337078651685 0.6095238095238096 0.6980337078651685 0.6130952380952381 0.7780898876404494 0.580952380952381 0.776685393258427
1 0.6285714285714286 0.7668539325842697 0.6630952380952381 0.7668539325842697 0.6607142857142857 0.8469101123595506 0.6309523809523809 0.8455056179775281
1 0.5702380952380952 0.7879213483146067 0.6035714285714285 0.7907303370786517 0.6047619047619047 0.8707865168539326 0.5726190476190476 0.8679775280898876
1 0.25833333333333336 0.6474719101123596 0.2833333333333333 0.6446629213483146 0.28214285714285714 0.7134831460674157 0.25833333333333336 0.7162921348314607
1 0.1880952380952381 0.6165730337078652 0.2226190476190476 0.6165730337078652 0.22023809523809523 0.6980337078651685 0.18928571428571428 0.699438202247191
1 0.32142857142857145 0.38342696629213485 0.3523809523809524 0.3806179775280899 0.3547619047619048 0.4648876404494382 0.32142857142857145 0.46348314606741575
1 0.26785714285714285 0.32162921348314605 0.2976190476190476 0.31741573033707865 0.2976190476190476 0.39747191011235955 0.2642857142857143 0.3960674157303371
1 0.21666666666666667 0.27808988764044945 0.2511904761904762 0.2752808988764045 0.2488095238095238 0.3553370786516854 0.21785714285714286 0.35674157303370785