1 0.4488095238095238 0.15870786516853932 0.4773809523809524 0.15870786516853932 0.475 0.2303370786516854 0.44642857142857145 0.2303370786516854
1 0.5011904761904762 0.17696629213483145 0.5297619047619048 0.17696629213483145 0.5297619047619048 0.2443820224719101 0.5035714285714286 0.24719101123595505
1 0.5523809523809524 0.1544943820224719 0.5821428571428572 0.15589887640449437 0.5785714285714286 0.22752808988764045 0.5511904761904762 0.22752808988764045
1 0.5988095238095238 0.17696629213483145 0.6273809523809524 0.17696629213483145 0.6285714285714286 0.25 0.5988095238095238 0.24859550561797752
1 0.6714285714285714 0.273876404494382 0.6976190476190476 0.27247191011235955 0.7035714285714286 0.33707865168539325 0.675 0.33848314606741575
1 0.6 0.2752808988764045 0.6309523809523809 0.27668539325842695 0.6309523809523809 0.34831460674157305 0.6023809523809524 0.3497191011235955
1 0.5535714285714286 0.24157303370786518 0.5797619047619048 0.24157303370786518 0.5785714285714286 0.31741573033707865 0.5523809523809524 0.3146067415730337
1 0.4976190476190476 0.2654494382022472 0.5261904761904762 0.2654494382022472 0.5238095238095238 0.3398876404494382 0.49642857142857144 0.33848314606741575
1 0.55 0.3356741573033708 0.5773809523809523 0.33848314606741575 0.575 0.4143258426966292 0.55 0.41292134831460675
1 0.5952380952380952 0.38342696629213485 0.6226190476190476 0.38202247191011235 0.6238095238095238 0.45646067415730335 0.5976190476190476 0.4606741573033708
1 0.4928571428571429 0.35814606741573035 0.5214285714285715 0.35814606741573035 0.5190476190476191 0.4339887640449438 0.4928571428571429 0.43679775280898875
1 0.5452380952380952 0.4410112359550562 0.5702380952380952 0.4396067415730337 0.5678571428571428 0.4887640449438202 0.5452380952380952 0.4901685393258427
1 0.4357142857142857 0.42275280898876405 0.4642857142857143 0.42275280898876405 0.4630952380952381 0.5056179775280899 0.4369047619047619 0.5070224719101124
1 0.49404761904761907 0.46769662921348315 0.5238095238095238 0.46769662921348315 0.5202380952380953 0.5351123595505618 0.4845238095238095 0.5365168539325843
1 0.6011904761904762 0.4943820224719101 0.6309523809523809 0.4957865168539326 0.6297619047619047 0.5716292134831461 0.5988095238095238 0.574438202247191
1 0.6595238095238095 0.5337078651685393 0.6916666666666667 0.5308988764044944 0.6916666666666667 0.6193820224719101 0.6571428571428571 0.6193820224719101
1 0.5476190476190477 0.5407303370786517 0.5761904761904761 0.5421348314606742 0.5761904761904761 0.625 0.5464285714285714 0.6264044943820225
1 0.49404761904761907 0.5758426966292135 0.5214285714285715 0.577247191011236 0.5214285714285715 0.651685393258427 0.4928571428571429 0.6544943820224719
1 0.6023809523809524 0.6067415730337079 0.6321428571428571 0.6067415730337079 0.6333333333333333 0.6952247191011236 0.6047619047619047 0.6952247191011236
1 0.6476190476190476 0.7401685393258427 0.6773809523809524 0.7373595505617978 0.6821428571428572 0.8216292134831461 0.6511904761904762 0.8258426966292135
1 0.6 0.7275280898876404 0.6309523809523809 0.726123595505618 0.6333333333333333 0.8047752808988764 0.6 0.8047752808988764
1 0.5452380952380952 0.7148876404494382 0.5726190476190476 0.7134831460674157 0.575 0.8019662921348315 0.5464285714285714 0.7991573033707865
1 0.4785714285714286 0.6896067415730337 0.5059523809523809 0.6867977528089888 0.5154761904761904 0.7752808988764045 0.4845238095238095 0.7794943820224719
1 0.42857142857142855 0.7247191011235955 0.4607142857142857 0.723314606741573 0.46190476190476193 0.8216292134831461 0.42738095238095236 0.8230337078651685
1 0.25 0.2050561797752809 0.28214285714285714 0.20365168539325842 0.2785714285714286 0.27808988764044945 0.24761904761904763 0.27808988764044945
1 0.1523809523809524 0.23174157303370788 0.17976190476190476 0.23314606741573032 0.1738095238095238 0.30196629213483145 0.14642857142857144 0.30196629213483145