1 0.2011904761904762 0.2612359550561798 0.23214285714285715 0.2598314606741573 0.22857142857142856 0.33848314606741575 0.20357142857142857 0.33707865168539325
1 0.2988095238095238 0.2654494382022472 0.32976190476190476 0.2654494382022472 0.33214285714285713 0.3398876404494382 0.30238095238095236 0.34269662921348315
1 0.14047619047619048 0.33707865168539325 0.16666666666666666 0.3342696629213483 0.16785714285714284 0.4101123595505618 0.1380952380952381 0.41292134831460675
1 0.2571428571428571 0.34831460674157305 0.2869047619047619 0.3497191011235955 0.28809523809523807 0.4311797752808989 0.25595238095238093 0.43258426966292135
1 0.2904761904761905 0.5196629213483146 0.31785714285714284 0.5182584269662921 0.32142857142857145 0.5969101123595506 0.29285714285714287 0.598314606741573
1 0.13452380952380952 0.7556179775280899 0.16785714285714284 0.7528089887640449 0.16666666666666666 0.8356741573033708 0.13452380952380952 0.8384831460674157
1 0.5 0.20365168539325842 0.5261904761904762 0.20084269662921347 0.530952380952381 0.2710674157303371 0.5059523809523809 0.27668539325842695
1 0.6142857142857143 0.23314606741573032 0.6392857142857142 0.23174157303370788 0.6440476190476191 0.29775280898876405 0.6166666666666667 0.30196629213483145
1 0.5595238095238095 0.2851123595505618 0.5892857142857143 0.28370786516853935 0.5928571428571429 0.3595505617977528 0.5654761904761905 0.3609550561797753
1 0.5095238095238095 0.3539325842696629 0.5357142857142857 0.3539325842696629 0.5380952380952381 0.42837078651685395 0.5095238095238095 0.4311797752808989
1 0.569047619047619 0.41853932584269665 0.5928571428571429 0.4157303370786517 0.5952380952380952 0.4789325842696629 0.5726190476190476 0.4789325842696629
0 0.611904761904762 0.3539325842696629 0.6571428571428571 0.351123595505618 0.6630952380952381 0.5632022471910112 0.6226190476190476 0.5646067415730337
1 0.6892857142857143 0.5323033707865169 0.7166666666666667 0.5294943820224719 0.7238095238095238 0.6095505617977528 0.6952380952380952 0.6165730337078652
1 0.45595238095238094 0.45365168539325845 0.4857142857142857 0.45365168539325845 0.4869047619047619 0.5337078651685393 0.45714285714285713 0.5323033707865169
1 0.5142857142857142 0.5140449438202247 0.544047619047619 0.5140449438202247 0.5428571428571428 0.5926966292134831 0.5154761904761904 0.5941011235955056
1 0.5654761904761905 0.5379213483146067 0.5952380952380952 0.5365168539325843 0.5976190476190476 0.6151685393258427 0.5702380952380952 0.6165730337078652
1 0.6297619047619047 0.651685393258427 0.6595238095238095 0.6502808988764045 0.6619047619047619 0.7317415730337079 0.6321428571428571 0.7317415730337079
1 0.5666666666666667 0.6938202247191011 0.5964285714285714 0.6924157303370787 0.6011904761904762 0.7794943820224719 0.5666666666666667 0.7823033707865169
1 0.5154761904761904 0.7415730337078652 0.5511904761904762 0.7387640449438202 0.5523809523809524 0.8230337078651685 0.5190476190476191 0.8258426966292135
1 0.5166666666666667 0.6306179775280899 0.5464285714285714 0.6278089887640449 0.5488095238095239 0.7050561797752809 0.5154761904761904 0.7092696629213483
1 0.45357142857142857 0.7191011235955056 0.48095238095238096 0.7191011235955056 0.48214285714285715 0.8047752808988764 0.45476190476190476 0.8089887640449438
1 0.5761904761904761 0.8174157303370787 0.6083333333333333 0.8160112359550562 0.6107142857142858 0.8834269662921348 0.580952380952381 0.8862359550561798