1 0.705952380952381 0.10955056179775281 0.7273809523809524 0.10814606741573034 0.7309523809523809 0.17275280898876405 0.7071428571428572 0.17415730337078653
1 0.8035714285714286 0.15730337078651685 0.8261904761904761 0.15589887640449437 0.830952380952381 0.20926966292134833 0.8035714285714286 0.21067415730337077
1 0.7607142857142857 0.18117977528089887 0.7845238095238095 0.17696629213483145 0.7916666666666666 0.25140449438202245 0.7654761904761904 0.25140449438202245
1 0.7071428571428572 0.19382022471910113 0.7321428571428571 0.19101123595505617 0.736904761904762 0.2612359550561798 0.7095238095238096 0.2640449438202247
1 0.655952380952381 0.16432584269662923 0.6845238095238095 0.16151685393258428 0.6880952380952381 0.23876404494382023 0.6607142857142857 0.23876404494382023
1 0.7547619047619047 0.26825842696629215 0.780952380952381 0.26685393258426965 0.7857142857142857 0.32865168539325845 0.7595238095238095 0.33146067415730335
1 0.7142857142857143 0.28370786516853935 0.7404761904761905 0.28230337078651685 0.7464285714285714 0.351123595505618 0.7166666666666667 0.3553370786516854
1 0.6630952380952381 0.3202247191011236 0.6892857142857143 0.31741573033707865 0.6976190476190476 0.3946629213483146 0.6666666666666666 0.4002808988764045
1 0.7571428571428571 0.35674157303370785 0.7857142857142857 0.35252808988764045 0.794047619047619 0.4199438202247191 0.7654761904761904 0.42696629213483145
1 0.8238095238095238 0.4339887640449438 0.8511904761904762 0.43258426966292135 0.8571428571428571 0.5112359550561798 0.8285714285714286 0.5140449438202247
1 0.7226190476190476 0.39747191011235955 0.75 0.3946629213483146 0.7535714285714286 0.4705056179775281 0.7238095238095238 0.4705056179775281
1 0.6726190476190477 0.45365168539325845 0.7035714285714286 0.4550561797752809 0.7071428571428572 0.5379213483146067 0.6761904761904762 0.5407303370786517
1 0.7761904761904762 0.45786516853932585 0.8083333333333333 0.4592696629213483 0.8071428571428572 0.5337078651685393 0.7773809523809524 0.5308988764044944
1 0.725 0.5210674157303371 0.7511904761904762 0.5182584269662921 0.7559523809523809 0.601123595505618 0.7285714285714285 0.6025280898876404
1 0.7761904761904762 0.5842696629213483 0.8071428571428572 0.5828651685393258 0.8095238095238095 0.6671348314606742 0.7821428571428571 0.6671348314606742
1 0.6666666666666666 0.5898876404494382 0.6952380952380952 0.5870786516853933 0.6964285714285714 0.6685393258426966 0.6702380952380952 0.6671348314606742
1 0.7261904761904762 0.6446629213483146 0.7535714285714286 0.6446629213483146 0.7559523809523809 0.6952247191011236 0.7285714285714285 0.6966292134831461
1 0.7845238095238095 0.699438202247191 0.8166666666666667 0.6966292134831461 0.819047619047619 0.7823033707865169 0.7904761904761904 0.7808988764044944
1 0.6821428571428572 0.6924157303370787 0.7083333333333334 0.6910112359550562 0.7119047619047619 0.7837078651685393 0.6833333333333333 0.7808988764044944
1 0.8464285714285714 0.7865168539325843 0.8797619047619047 0.7794943820224719 0.8869047619047619 0.8693820224719101 0.8535714285714285 0.8778089887640449
1 0.7345238095238096 0.8089887640449438 0.7654761904761904 0.8089887640449438 0.7654761904761904 0.8806179775280899 0.736904761904762 0.8806179775280899