1 0.13690476190476192 0.7457865168539326 0.16547619047619047 0.7443820224719101 0.16547619047619047 0.8258426966292135 0.13214285714285715 0.827247191011236
1 0.5 0.1306179775280899 0.5273809523809524 0.12921348314606743 0.5285714285714286 0.20084269662921347 0.4988095238095238 0.20224719101123595
1 0.6 0.14887640449438203 0.6261904761904762 0.1446629213483146 0.6297619047619047 0.2148876404494382 0.6023809523809524 0.2148876404494382
1 0.6642857142857143 0.14185393258426968 0.6928571428571428 0.14185393258426968 0.6976190476190476 0.21348314606741572 0.6654761904761904 0.2148876404494382
1 0.5035714285714286 0.22612359550561797 0.5357142857142857 0.22752808988764045 0.5321428571428571 0.30196629213483145 0.5011904761904762 0.30337078651685395
1 0.555952380952381 0.2949438202247191 0.5821428571428572 0.2949438202247191 0.5845238095238096 0.36797752808988765 0.555952380952381 0.3651685393258427
1 0.6107142857142858 0.31320224719101125 0.6392857142857142 0.31179775280898875 0.638095238095238 0.3862359550561798 0.6142857142857143 0.3848314606741573
1 0.6130952380952381 0.4452247191011236 0.6428571428571429 0.44241573033707865 0.6488095238095238 0.5252808988764045 0.6142857142857143 0.5280898876404494
1 0.5607142857142857 0.425561797752809 0.5880952380952381 0.42275280898876405 0.5952380952380952 0.5014044943820225 0.5630952380952381 0.5042134831460674
1 0.5083333333333333 0.41292134831460675 0.5369047619047619 0.41151685393258425 0.5404761904761904 0.49157303370786515 0.5119047619047619 0.4943820224719101
1 0.5714285714285714 0.5561797752808989 0.6 0.5547752808988764 0.6011904761904762 0.6292134831460674 0.5726190476190476 0.6320224719101124
1 0.6190476190476191 0.5603932584269663 0.6476190476190476 0.5589887640449438 0.6511904761904762 0.6404494382022472 0.6226190476190476 0.6432584269662921
1 0.513095238095238 0.625 0.5464285714285714 0.6221910112359551 0.5464285714285714 0.7134831460674157 0.5154761904761904 0.7134831460674157
1 0.5726190476190476 0.702247191011236 0.5976190476190476 0.699438202247191 0.6047619047619047 0.7823033707865169 0.5726190476190476 0.7823033707865169
1 0.6261904761904762 0.6769662921348315 0.6595238095238095 0.6769662921348315 0.6619047619047619 0.7584269662921348 0.6261904761904762 0.7584269662921348
1 0.6261904761904762 0.7808988764044944 0.6571428571428571 0.7794943820224719 0.6595238095238095 0.8623595505617978 0.6273809523809524 0.8623595505617978