1 0.6285714285714286 0.13764044943820225 0.6547619047619048 0.13764044943820225 0.6571428571428571 0.19803370786516855 0.6297619047619047 0.199438202247191
1 0.5833333333333334 0.11235955056179775 0.6059523809523809 0.11235955056179775 0.6071428571428571 0.17275280898876405 0.5845238095238096 0.175561797752809
1 0.675 0.10252808988764045 0.7 0.10112359550561797 0.7023809523809523 0.15589887640449437 0.675 0.15589887640449437
1 0.7214285714285714 0.1306179775280899 0.7464285714285714 0.1306179775280899 0.7511904761904762 0.1699438202247191 0.725 0.17275280898876405
1 0.725 0.21629213483146068 0.7535714285714286 0.21629213483146068 0.7571428571428571 0.28651685393258425 0.7297619047619047 0.28651685393258425
1 0.6761904761904762 0.17696629213483145 0.7035714285714286 0.17837078651685392 0.7083333333333334 0.24297752808988765 0.6773809523809524 0.24297752808988765
1 0.6238095238095238 0.20926966292134833 0.655952380952381 0.20926966292134833 0.6571428571428571 0.2752808988764045 0.6261904761904762 0.27808988764044945
1 0.575 0.2148876404494382 0.6023809523809524 0.21207865168539325 0.6023809523809524 0.2851123595505618 0.5797619047619048 0.28651685393258425
1 0.6833333333333333 0.26685393258426965 0.7107142857142857 0.2640449438202247 0.7119047619047619 0.3342696629213483 0.6845238095238095 0.33286516853932585
1 0.6404761904761904 0.3146067415730337 0.6654761904761904 0.3146067415730337 0.6678571428571428 0.375 0.6464285714285715 0.375
1 0.5833333333333334 0.3398876404494382 0.611904761904762 0.34129213483146065 0.611904761904762 0.4101123595505618 0.5869047619047619 0.4101123595505618
1 0.7833333333333333 0.3300561797752809 0.8083333333333333 0.32865168539325845 0.8166666666666667 0.39747191011235955 0.7892857142857143 0.40308988764044945
1 0.7523809523809524 0.40870786516853935 0.775 0.41151685393258425 0.7738095238095238 0.48314606741573035 0.7511904761904762 0.48174157303370785
3 0.7380952380952381 0.34269662921348315 0.7738095238095238 0.34129213483146065 0.7880952380952381 0.4901685393258427 0.7476190476190476 0.4943820224719101
1 0.6845238095238095 0.3792134831460674 0.7119047619047619 0.37780898876404495 0.7178571428571429 0.4508426966292135 0.6904761904761905 0.4550561797752809
1 0.8035714285714286 0.5042134831460674 0.8297619047619048 0.5028089887640449 0.8345238095238096 0.5814606741573034 0.8083333333333333 0.5814606741573034
1 0.6440476190476191 0.43820224719101125 0.6714285714285714 0.4339887640449438 0.6785714285714286 0.5084269662921348 0.6488095238095238 0.5112359550561798
1 0.5845238095238096 0.4606741573033708 0.6130952380952381 0.46207865168539325 0.6130952380952381 0.5435393258426966 0.5857142857142857 0.5435393258426966
1 0.6928571428571428 0.4859550561797753 0.725 0.4845505617977528 0.7321428571428571 0.5632022471910112 0.7 0.5646067415730337
1 0.6357142857142857 0.5224719101123596 0.6666666666666666 0.5224719101123596 0.6714285714285714 0.6067415730337079 0.6404761904761904 0.6081460674157303
1 0.7428571428571429 0.5407303370786517 0.7702380952380953 0.5407303370786517 0.7738095238095238 0.6221910112359551 0.7488095238095238 0.6235955056179775
1 0.594047619047619 0.5814606741573034 0.6226190476190476 0.5814606741573034 0.625 0.6643258426966292 0.5964285714285714 0.6657303370786517
1 0.7 0.5898876404494382 0.7273809523809524 0.5884831460674157 0.7333333333333333 0.6657303370786517 0.7035714285714286 0.6699438202247191
1 0.6511904761904762 0.6474719101123596 0.6845238095238095 0.6474719101123596 0.6892857142857143 0.7373595505617978 0.6547619047619048 0.7373595505617978
1 0.7559523809523809 0.6474719101123596 0.7821428571428571 0.6446629213483146 0.7892857142857143 0.7219101123595506 0.7595238095238095 0.726123595505618
1 0.8333333333333334 0.6741573033707865 0.8595238095238096 0.6741573033707865 0.8654761904761905 0.7373595505617978 0.8357142857142857 0.7373595505617978
1 0.7583333333333333 0.7359550561797753 0.7880952380952381 0.7345505617977528 0.7952380952380952 0.8160112359550562 0.7619047619047619 0.8202247191011236
1 0.7023809523809523 0.723314606741573 0.7309523809523809 0.7219101123595506 0.736904761904762 0.8047752808988764 0.7071428571428572 0.8089887640449438
1 0.6535714285714286 0.7584269662921348 0.6833333333333333 0.7570224719101124 0.6845238095238095 0.8398876404494382 0.6571428571428571 0.8398876404494382
1 0.7142857142857143 0.8258426966292135 0.7392857142857143 0.824438202247191 0.7392857142857143 0.8778089887640449 0.7154761904761905 0.8778089887640449