1 0.6440476190476191 0.12921348314606743 0.6678571428571428 0.12780898876404495 0.6738095238095239 0.19241573033707865 0.6476190476190476 0.19101123595505617
1 0.7023809523809523 0.19101123595505617 0.7261904761904762 0.18820224719101122 0.7333333333333333 0.25842696629213485 0.705952380952381 0.26264044943820225
1 0.7464285714285714 0.19803370786516855 0.775 0.19803370786516855 0.780952380952381 0.26685393258426965 0.75 0.273876404494382
1 0.7976190476190477 0.27668539325842695 0.8261904761904761 0.2654494382022472 0.8392857142857143 0.34831460674157305 0.8095238095238095 0.3553370786516854
1 0.7559523809523809 0.30337078651685395 0.7785714285714286 0.300561797752809 0.7880952380952381 0.3707865168539326 0.7595238095238095 0.37219101123595505
1 0.7023809523809523 0.27808988764044945 0.7309523809523809 0.27668539325842695 0.7357142857142858 0.3497191011235955 0.705952380952381 0.351123595505618
1 0.6547619047619048 0.2303370786516854 0.6797619047619048 0.22893258426966293 0.6821428571428572 0.2991573033707865 0.655952380952381 0.2991573033707865
1 0.5964285714285714 0.22331460674157302 0.6226190476190476 0.22331460674157302 0.625 0.29775280898876405 0.5988095238095238 0.2991573033707865
1 0.6547619047619048 0.3160112359550562 0.680952380952381 0.31320224719101125 0.6857142857142857 0.38202247191011235 0.6595238095238095 0.38342696629213485
1 0.7130952380952381 0.3792134831460674 0.7380952380952381 0.37640449438202245 0.7452380952380953 0.44803370786516855 0.7142857142857143 0.449438202247191
1 0.7785714285714286 0.40308988764044945 0.805952380952381 0.398876404494382 0.8178571428571428 0.48735955056179775 0.7880952380952381 0.4887640449438202
1 0.6595238095238095 0.40168539325842695 0.6904761904761905 0.4002808988764045 0.6916666666666667 0.4789325842696629 0.6630952380952381 0.4803370786516854
1 0.7142857142857143 0.4705056179775281 0.7416666666666667 0.4691011235955056 0.7440476190476191 0.5365168539325843 0.7154761904761905 0.5351123595505618
1 0.6678571428571428 0.5014044943820225 0.694047619047619 0.5 0.6964285714285714 0.5814606741573034 0.669047619047619 0.5814606741573034
1 0.7738095238095238 0.5224719101123596 0.7988095238095239 0.5210674157303371 0.8023809523809524 0.5997191011235955 0.7738095238095238 0.5997191011235955
1 0.8226190476190476 0.5870786516853933 0.8571428571428571 0.5856741573033708 0.8571428571428571 0.6657303370786517 0.8261904761904761 0.6671348314606742
0 0.7761904761904762 0.6123595505617978 0.8214285714285714 0.6109550561797753 0.830952380952381 0.827247191011236 0.7845238095238095 0.8300561797752809
1 0.725 0.5716292134831461 0.7488095238095238 0.5688202247191011 0.7511904761904762 0.6179775280898876 0.725 0.6207865168539326
1 0.6678571428571428 0.625 0.6988095238095238 0.625 0.7023809523809523 0.7106741573033708 0.6702380952380952 0.7120786516853933
1 0.7178571428571429 0.6446629213483146 0.7476190476190476 0.6432584269662921 0.7511904761904762 0.7289325842696629 0.7238095238095238 0.7289325842696629
1 0.7285714285714285 0.7949438202247191 0.7559523809523809 0.7921348314606742 0.7571428571428571 0.8679775280898876 0.7309523809523809 0.8707865168539326
1 0.6726190476190477 0.7612359550561798 0.7047619047619048 0.7612359550561798 0.7083333333333334 0.848314606741573 0.6773809523809524 0.8497191011235955