1 0.48214285714285715 0.19241573033707865 0.5095238095238095 0.19241573033707865 0.5107142857142857 0.2612359550561798 0.4797619047619048 0.2612359550561798
1 0.5273809523809524 0.20786516853932585 0.555952380952381 0.20646067415730338 0.5547619047619048 0.27668539325842695 0.525 0.2752808988764045
1 0.5714285714285714 0.19101123595505617 0.6011904761904762 0.1896067415730337 0.6023809523809524 0.28370786516853935 0.5738095238095238 0.2808988764044944
1 0.6571428571428571 0.1601123595505618 0.6845238095238095 0.1601123595505618 0.6845238095238095 0.23174157303370788 0.6583333333333333 0.23174157303370788
1 0.6190476190476191 0.24859550561797752 0.6440476190476191 0.24859550561797752 0.6416666666666667 0.3146067415730337 0.6178571428571429 0.3146067415730337
1 0.655952380952381 0.27808988764044945 0.6833333333333333 0.2794943820224719 0.6845238095238095 0.33848314606741575 0.655952380952381 0.3398876404494382
1 0.6964285714285714 0.28792134831460675 0.725 0.28792134831460675 0.7261904761904762 0.3539325842696629 0.6976190476190476 0.35674157303370785
1 0.4714285714285714 0.300561797752809 0.4988095238095238 0.2991573033707865 0.4988095238095238 0.36657303370786515 0.4714285714285714 0.36797752808988765
1 0.5226190476190476 0.2991573033707865 0.5511904761904762 0.2991573033707865 0.55 0.36657303370786515 0.5214285714285715 0.3651685393258427
1 0.5666666666666667 0.3089887640449438 0.5952380952380952 0.30758426966292135 0.594047619047619 0.3848314606741573 0.5666666666666667 0.38342696629213485
1 0.6142857142857143 0.3455056179775281 0.6452380952380953 0.34691011235955055 0.6464285714285715 0.42696629213483145 0.6142857142857143 0.42696629213483145
1 0.6619047619047619 0.37219101123595505 0.6928571428571428 0.37359550561797755 0.6916666666666667 0.44662921348314605 0.6619047619047619 0.4452247191011236
1 0.6976190476190476 0.42134831460674155 0.725 0.42134831460674155 0.7226190476190476 0.4957865168539326 0.6952380952380952 0.49157303370786515
1 0.5190476190476191 0.3946629213483146 0.544047619047619 0.3946629213483146 0.5416666666666666 0.46207865168539325 0.5190476190476191 0.46207865168539325
1 0.4726190476190476 0.425561797752809 0.4988095238095238 0.4241573033707865 0.5 0.5028089887640449 0.4738095238095238 0.5028089887640449
1 0.5654761904761905 0.42275280898876405 0.594047619047619 0.4241573033707865 0.5952380952380952 0.49719101123595505 0.5642857142857143 0.4957865168539326
1 0.6202380952380953 0.46207865168539325 0.6464285714285715 0.46207865168539325 0.6476190476190476 0.5449438202247191 0.6190476190476191 0.5449438202247191
1 0.5166666666666667 0.48735955056179775 0.5476190476190477 0.48735955056179775 0.5452380952380952 0.5674157303370787 0.5154761904761904 0.5660112359550562
1 0.46190476190476193 0.5435393258426966 0.49166666666666664 0.5435393258426966 0.48928571428571427 0.6320224719101124 0.4583333333333333 0.6306179775280899
1 0.5154761904761904 0.5884831460674157 0.5404761904761904 0.5870786516853933 0.5392857142857143 0.6502808988764045 0.5142857142857142 0.6502808988764045
1 0.5702380952380952 0.550561797752809 0.6 0.5533707865168539 0.5976190476190476 0.6264044943820225 0.5678571428571428 0.6278089887640449
1 0.6166666666666667 0.5786516853932584 0.6488095238095238 0.5758426966292135 0.6488095238095238 0.6601123595505618 0.6178571428571429 0.6587078651685393
1 0.7 0.5730337078651685 0.7285714285714285 0.5702247191011236 0.7321428571428571 0.6320224719101124 0.7011904761904761 0.6334269662921348
1 0.5678571428571428 0.6558988764044944 0.5952380952380952 0.6544943820224719 0.5952380952380952 0.7345505617977528 0.5678571428571428 0.7331460674157303
1 0.5119047619047619 0.7064606741573034 0.5416666666666666 0.7050561797752809 0.5416666666666666 0.776685393258427 0.5119047619047619 0.7780898876404494
1 0.46190476190476193 0.6671348314606742 0.49166666666666664 0.6657303370786517 0.48928571428571427 0.7471910112359551 0.4642857142857143 0.7457865168539326
1 0.6190476190476191 0.7036516853932584 0.6476190476190476 0.7036516853932584 0.6464285714285715 0.7514044943820225 0.6190476190476191 0.7528089887640449
1 0.680952380952381 0.7064606741573034 0.7119047619047619 0.7050561797752809 0.7107142857142857 0.7837078651685393 0.680952380952381 0.7865168539325843
1 0.6178571428571429 0.797752808988764 0.6476190476190476 0.7991573033707865 0.6464285714285715 0.8707865168539326 0.6154761904761905 0.8707865168539326
1 0.5642857142857143 0.7570224719101124 0.5964285714285714 0.7556179775280899 0.5964285714285714 0.8314606741573034 0.5666666666666667 0.8342696629213483
1 0.5035714285714286 0.7949438202247191 0.5380952380952381 0.7935393258426966 0.5345238095238095 0.8721910112359551 0.5047619047619047 0.8735955056179775
1 0.4511904761904762 0.7907303370786517 0.48333333333333334 0.7907303370786517 0.48214285714285715 0.8693820224719101 0.4511904761904762 0.8679775280898876
1 0.6375 0.20154494382022473 0.025 0.07162921348314606