1 0.26904761904761904 0.2907303370786517 0.29642857142857143 0.2907303370786517 0.2904761904761905 0.37359550561797755 0.26071428571428573 0.37219101123595505
1 0.680952380952381 0.13904494382022473 0.705952380952381 0.13904494382022473 0.7071428571428572 0.2050561797752809 0.680952380952381 0.20224719101123595
1 0.7285714285714285 0.1502808988764045 0.7571428571428571 0.14887640449438203 0.7595238095238095 0.21629213483146068 0.7333333333333333 0.2205056179775281
1 0.7642857142857142 0.12219101123595505 0.7928571428571428 0.11938202247191011 0.7916666666666666 0.17837078651685392 0.7642857142857142 0.18117977528089887
1 0.7904761904761904 0.1952247191011236 0.805952380952381 0.2710674157303371 0.780952380952381 0.27668539325842695 0.7654761904761904 0.2050561797752809
1 0.7321428571428571 0.23314606741573032 0.7642857142857142 0.23174157303370788 0.7702380952380953 0.31320224719101125 0.7392857142857143 0.3160112359550562
1 0.6845238095238095 0.24578651685393257 0.7142857142857143 0.2443820224719101 0.7119047619047619 0.32303370786516855 0.6821428571428572 0.32162921348314605
1 0.6357142857142857 0.1797752808988764 0.6666666666666666 0.1797752808988764 0.6654761904761904 0.25140449438202245 0.638095238095238 0.25140449438202245
1 0.580952380952381 0.1853932584269663 0.6107142857142858 0.1853932584269663 0.6107142857142858 0.25140449438202245 0.5821428571428572 0.25140449438202245
1 0.6345238095238095 0.28792134831460675 0.6642857142857143 0.2893258426966292 0.6642857142857143 0.3595505617977528 0.6345238095238095 0.35814606741573035
1 0.5773809523809523 0.2808988764044944 0.6059523809523809 0.2794943820224719 0.6047619047619047 0.3539325842696629 0.575 0.3553370786516854
1 0.7357142857142858 0.32724719101123595 0.7642857142857142 0.324438202247191 0.7642857142857142 0.40168539325842695 0.736904761904762 0.40168539325842695
1 0.7690476190476191 0.32162921348314605 0.7904761904761904 0.3146067415730337 0.8023809523809524 0.3806179775280899 0.7785714285714286 0.38764044943820225
1 0.6785714285714286 0.36657303370786515 0.705952380952381 0.36657303370786515 0.7083333333333334 0.43820224719101125 0.6785714285714286 0.43679775280898875
1 0.6321428571428571 0.39185393258426965 0.6630952380952381 0.39185393258426965 0.6630952380952381 0.4691011235955056 0.6321428571428571 0.4691011235955056
1 0.5845238095238096 0.37640449438202245 0.6166666666666667 0.37640449438202245 0.6142857142857143 0.44662921348314605 0.5869047619047619 0.44803370786516855
1 0.7821428571428571 0.40730337078651685 0.8083333333333333 0.3960674157303371 0.8273809523809523 0.46769662921348315 0.8 0.48174157303370785
1 0.7559523809523809 0.4452247191011236 0.7845238095238095 0.44241573033707865 0.7904761904761904 0.5154494382022472 0.7642857142857142 0.5182584269662921
1 0.7261904761904762 0.42134831460674155 0.7535714285714286 0.42275280898876405 0.7547619047619047 0.4901685393258427 0.7285714285714285 0.4943820224719101
1 0.6821428571428572 0.4691011235955056 0.7154761904761905 0.4691011235955056 0.7119047619047619 0.5491573033707865 0.6821428571428572 0.5463483146067416
1 0.6369047619047619 0.4943820224719101 0.6630952380952381 0.4943820224719101 0.6642857142857143 0.5730337078651685 0.6357142857142857 0.5702247191011236
1 0.580952380952381 0.4691011235955056 0.6095238095238096 0.4705056179775281 0.6083333333333333 0.550561797752809 0.5797619047619048 0.5449438202247191
1 0.6238095238095238 0.5926966292134831 0.65 0.5912921348314607 0.65 0.6643258426966292 0.6214285714285714 0.6671348314606742
1 0.680952380952381 0.5814606741573034 0.7071428571428572 0.5814606741573034 0.7107142857142857 0.6573033707865169 0.6797619047619048 0.6601123595505618
1 0.736904761904762 0.574438202247191 0.763095238095238 0.5730337078651685 0.7642857142857142 0.6418539325842697 0.7392857142857143 0.6432584269662921
1 0.7690476190476191 0.5407303370786517 0.7988095238095239 0.5351123595505618 0.8047619047619048 0.6179775280898876 0.7761904761904762 0.6221910112359551
1 0.8178571428571428 0.5042134831460674 0.8452380952380952 0.5042134831460674 0.844047619047619 0.5814606741573034 0.8154761904761905 0.5814606741573034
1 0.8142857142857143 0.625 0.8452380952380952 0.625 0.844047619047619 0.7050561797752809 0.8142857142857143 0.7036516853932584
1 0.7761904761904762 0.6573033707865169 0.805952380952381 0.6587078651685393 0.805952380952381 0.7443820224719101 0.7773809523809524 0.7443820224719101
1 0.7428571428571429 0.6699438202247191 0.7702380952380953 0.6699438202247191 0.7714285714285715 0.7485955056179775 0.7416666666666667 0.7485955056179775
1 0.6845238095238095 0.7008426966292135 0.719047619047619 0.7008426966292135 0.7178571428571429 0.8075842696629213 0.6845238095238095 0.8075842696629213
1 0.6345238095238095 0.7176966292134831 0.6654761904761904 0.7191011235955056 0.6642857142857143 0.7991573033707865 0.6345238095238095 0.797752808988764
1 0.5821428571428572 0.699438202247191 0.6178571428571429 0.7008426966292135 0.6166666666666667 0.7823033707865169 0.5833333333333334 0.7808988764044944
1 0.7357142857142858 0.7668539325842697 0.7607142857142857 0.7668539325842697 0.7607142857142857 0.8441011235955056 0.7357142857142858 0.8441011235955056
1 0.7738095238095238 0.7963483146067416 0.805952380952381 0.7963483146067416 0.8035714285714286 0.8693820224719101 0.7761904761904762 0.8693820224719101
1 0.819047619047619 0.7696629213483146 0.8476190476190476 0.7710674157303371 0.8511904761904762 0.848314606741573 0.8226190476190476 0.848314606741573