1 0.18214285714285713 0.5056179775280899 0.18095238095238095 0.40870786516853935 0.21071428571428572 0.4101123595505618 0.20952380952380953 0.5014044943820225
1 0.18452380952380953 0.6165730337078652 0.18214285714285713 0.5365168539325843 0.2154761904761905 0.5365168539325843 0.21666666666666667 0.6151685393258427
3 0.45595238095238094 0.7682584269662921 0.45595238095238094 0.8764044943820225 0.4880952380952381 0.875 0.4845238095238095 0.7668539325842697
1 0.5166666666666667 0.7303370786516854 0.5178571428571429 0.8089887640449438 0.5464285714285714 0.8089887640449438 0.5464285714285714 0.7275280898876404
1 0.5142857142857142 0.526685393258427 0.513095238095238 0.4452247191011236 0.544047619047619 0.4452247191011236 0.544047619047619 0.526685393258427
1 0.4583333333333333 0.43679775280898875 0.4583333333333333 0.3539325842696629 0.49166666666666664 0.35674157303370785 0.48928571428571427 0.43820224719101125
1 0.5071428571428571 0.35674157303370785 0.5071428571428571 0.2752808988764045 0.5345238095238095 0.27668539325842695 0.5333333333333333 0.3539325842696629
1 0.4630952380952381 0.2949438202247191 0.4630952380952381 0.21067415730337077 0.4928571428571429 0.21207865168539325 0.48928571428571427 0.29353932584269665
1 0.5059523809523809 0.2443820224719101 0.5047619047619047 0.16853932584269662 0.5345238095238095 0.1699438202247191 0.5321428571428571 0.24157303370786518
1 0.6642857142857143 0.2991573033707865 0.6654761904761904 0.2205056179775281 0.6928571428571428 0.22331460674157302 0.6928571428571428 0.300561797752809
1 0.7166666666666667 0.26825842696629215 0.7797619047619048 0.2710674157303371 0.7797619047619048 0.24157303370786518 0.7154761904761905 0.2345505617977528
1 0.7130952380952381 0.33146067415730335 0.775 0.3202247191011236 0.7678571428571429 0.2893258426966292 0.7107142857142857 0.30758426966292135
1 0.7107142857142857 0.3806179775280899 0.7845238095238095 0.375 0.780952380952381 0.34129213483146065 0.7107142857142857 0.351123595505618
1 0.6738095238095239 0.7443820224719101 0.6738095238095239 0.6629213483146067 0.7035714285714286 0.6615168539325843 0.7011904761904761 0.7443820224719101
1 0.7321428571428571 0.6446629213483146 0.7321428571428571 0.7120786516853933 0.7559523809523809 0.7120786516853933 0.7559523809523809 0.6418539325842697
1 0.669047619047619 0.36235955056179775 0.6702380952380952 0.4241573033707865 0.6928571428571428 0.425561797752809 0.6928571428571428 0.36235955056179775
1 0.4607142857142857 0.16713483146067415 0.4607142857142857 0.10112359550561797 0.4880952380952381 0.10112359550561797 0.48928571428571427 0.16713483146067415