1 0.25 0.8117977528089888 0.2511904761904762 0.7359550561797753 0.28214285714285714 0.7387640449438202 0.28095238095238095 0.8117977528089888
1 0.37976190476190474 0.21769662921348315 0.40714285714285714 0.21910112359550563 0.4166666666666667 0.12780898876404495 0.39166666666666666 0.12640449438202248
1 0.3678571428571429 0.41713483146067415 0.36666666666666664 0.3300561797752809 0.4011904761904762 0.33146067415730335 0.4 0.41713483146067415
1 0.4154761904761905 0.4452247191011236 0.4166666666666667 0.3609550561797753 0.45 0.36235955056179775 0.44761904761904764 0.4452247191011236
1 0.42738095238095236 0.3160112359550562 0.425 0.23735955056179775 0.45714285714285713 0.23595505617977527 0.45595238095238094 0.3160112359550562
1 0.48095238095238096 0.3089887640449438 0.48333333333333334 0.21207865168539325 0.513095238095238 0.2148876404494382 0.5119047619047619 0.30758426966292135
1 0.4154761904761905 0.5688202247191011 0.4166666666666667 0.4789325842696629 0.44642857142857145 0.48174157303370785 0.44285714285714284 0.5702247191011236
1 0.36428571428571427 0.800561797752809 0.36428571428571427 0.7050561797752809 0.39166666666666666 0.7078651685393258 0.39166666666666666 0.7991573033707865
1 0.41904761904761906 0.723314606741573 0.42023809523809524 0.6587078651685393 0.44285714285714284 0.6615168539325843 0.4452380952380952 0.723314606741573
1 0.4154761904761905 0.8497191011235955 0.41785714285714287 0.7598314606741573 0.44761904761904764 0.7598314606741573 0.4452380952380952 0.8497191011235955
1 0.4857142857142857 0.797752808988764 0.4857142857142857 0.8848314606741573 0.5178571428571429 0.8848314606741573 0.5190476190476191 0.797752808988764
1 0.5380952380952381 0.8160112359550562 0.5380952380952381 0.7275280898876404 0.5702380952380952 0.7289325842696629 0.569047619047619 0.8174157303370787
1 0.7011904761904761 0.7921348314606742 0.7047619047619048 0.7162921348314607 0.7309523809523809 0.7176966292134831 0.7333333333333333 0.7879213483146067
1 0.7035714285714286 0.7036516853932584 0.7035714285714286 0.6221910112359551 0.7321428571428571 0.6221910112359551 0.7333333333333333 0.7050561797752809
1 0.6988095238095238 0.5210674157303371 0.7 0.601123595505618 0.7285714285714285 0.598314606741573 0.7285714285714285 0.5210674157303371
1 0.7726190476190476 0.5154494382022472 0.7702380952380953 0.43258426966292135 0.8011904761904762 0.4339887640449438 0.8 0.5112359550561798
1 0.4880952380952381 0.550561797752809 0.48333333333333334 0.46629213483146065 0.5166666666666667 0.46207865168539325 0.5166666666666667 0.547752808988764
1 0.5369047619047619 0.45365168539325845 0.5345238095238095 0.36797752808988765 0.5619047619047619 0.36657303370786515 0.5630952380952381 0.4550561797752809
1 0.6988095238095238 0.3146067415730337 0.7297619047619047 0.31179775280898875 0.719047619047619 0.22893258426966293 0.6916666666666667 0.23174157303370788
1 0.6761904761904762 0.40730337078651685 0.7 0.4199438202247191 0.7261904761904762 0.3398876404494382 0.7 0.324438202247191
1 0.7678571428571429 0.2808988764044944 0.7666666666666667 0.19803370786516855 0.7928571428571428 0.199438202247191 0.8011904761904762 0.27808988764044945
1 0.7654761904761904 0.3707865168539326 0.7619047619047619 0.29634831460674155 0.7892857142857143 0.2949438202247191 0.7904761904761904 0.3693820224719101
1 0.6988095238095238 0.5056179775280899 0.6988095238095238 0.42134831460674155 0.7309523809523809 0.4199438202247191 0.7309523809523809 0.5056179775280899