1 0.32976190476190476 0.6587078651685393 0.32976190476190476 0.577247191011236 0.35595238095238096 0.577247191011236 0.3595238095238095 0.6544943820224719
3 0.4488095238095238 0.6095505617977528 0.4488095238095238 0.5140449438202247 0.48214285714285715 0.5154494382022472 0.48095238095238096 0.6081460674157303
1 0.5583333333333333 0.723314606741573 0.5583333333333333 0.6334269662921348 0.5892857142857143 0.6348314606741573 0.5869047619047619 0.723314606741573
1 0.6309523809523809 0.6924157303370787 0.6178571428571429 0.6123595505617978 0.65 0.6095505617977528 0.6583333333333333 0.6867977528089888
1 0.669047619047619 0.8075842696629213 0.6702380952380952 0.726123595505618 0.6964285714285714 0.7275280898876404 0.6964285714285714 0.8075842696629213
1 0.705952380952381 0.7823033707865169 0.7047619047619048 0.7162921348314607 0.7285714285714285 0.7191011235955056 0.7297619047619047 0.7808988764044944
1 0.6154761904761905 0.5168539325842697 0.611904761904762 0.4339887640449438 0.580952380952381 0.4410112359550562 0.5869047619047619 0.5196629213483146
1 0.6226190476190476 0.4550561797752809 0.6238095238095238 0.38202247191011235 0.6535714285714286 0.3806179775280899 0.6511904761904762 0.45365168539325845
1 0.5059523809523809 0.38764044943820225 0.5059523809523809 0.3089887640449438 0.5357142857142857 0.3103932584269663 0.5345238095238095 0.38764044943820225
1 0.6107142857142858 0.23735955056179775 0.6369047619047619 0.24157303370786518 0.6452380952380953 0.15870786516853932 0.6178571428571429 0.15589887640449437
1 0.45714285714285713 0.26685393258426965 0.45595238095238094 0.1853932584269663 0.4857142857142857 0.18679775280898878 0.48214285714285715 0.2640449438202247
1 0.36904761904761907 0.18398876404494383 0.37023809523809526 0.11095505617977527 0.4011904761904762 0.10955056179775281 0.39880952380952384 0.18117977528089887
1 0.8523809523809524 0.5491573033707865 0.9047619047619048 0.547752808988764 0.9023809523809524 0.5140449438202247 0.8511904761904762 0.5182584269662921