1 0.2654761904761905 0.22752808988764045 0.29404761904761906 0.22752808988764045 0.29642857142857143 0.14887640449438203 0.2654761904761905 0.14747191011235955
1 0.5821428571428572 0.2401685393258427 0.6130952380952381 0.24157303370786518 0.6154761904761905 0.1601123595505618 0.5833333333333334 0.15870786516853932
1 0.5821428571428572 0.3946629213483146 0.580952380952381 0.4901685393258427 0.611904761904762 0.4887640449438202 0.6142857142857143 0.39325842696629215
1 0.5869047619047619 0.6025280898876404 0.5880952380952381 0.6924157303370787 0.6178571428571429 0.6924157303370787 0.6166666666666667 0.6025280898876404
1 0.7464285714285714 0.18820224719101122 0.7464285714285714 0.09691011235955056 0.775 0.09691011235955056 0.7761904761904762 0.1896067415730337
1 0.7440476190476191 0.2303370786516854 0.7452380952380953 0.3089887640449438 0.7738095238095238 0.3061797752808989 0.7738095238095238 0.22893258426966293
1 0.825 0.22331460674157302 0.825 0.3089887640449438 0.8571428571428571 0.3103932584269663 0.8547619047619047 0.2247191011235955
1 0.7404761904761905 0.32865168539325845 0.7404761904761905 0.4199438202247191 0.7714285714285715 0.42275280898876405 0.7714285714285715 0.3300561797752809
1 0.7404761904761905 0.547752808988764 0.7416666666666667 0.4648876404494382 0.7714285714285715 0.46629213483146065 0.7702380952380953 0.5449438202247191
1 0.8178571428571428 0.44803370786516855 0.819047619047619 0.5252808988764045 0.8488095238095238 0.5252808988764045 0.8488095238095238 0.44803370786516855
1 0.8202380952380952 0.6207865168539326 0.8202380952380952 0.5379213483146067 0.85 0.5393258426966292 0.85 0.6207865168539326
1 0.8238095238095238 0.6685393258426966 0.8238095238095238 0.7429775280898876 0.8535714285714285 0.7457865168539326 0.8559523809523809 0.6685393258426966
1 0.7380952380952381 0.6713483146067416 0.7416666666666667 0.7542134831460674 0.7702380952380953 0.7528089887640449 0.7702380952380953 0.6713483146067416
1 0.7416666666666667 0.5646067415730337 0.7714285714285715 0.5646067415730337 0.7738095238095238 0.6460674157303371 0.7392857142857143 0.648876404494382