1 0.39166666666666666 0.324438202247191 0.39166666666666666 0.4101123595505618 0.35833333333333334 0.40870786516853935 0.3619047619047619 0.324438202247191
1 0.7964285714285714 0.20646067415730338 0.7988095238095239 0.2851123595505618 0.825 0.28370786516853935 0.8273809523809523 0.20926966292134833
1 0.6869047619047619 0.199438202247191 0.6869047619047619 0.11938202247191011 0.7178571428571429 0.11938202247191011 0.7178571428571429 0.20365168539325842
1 0.694047619047619 0.21910112359550563 0.6952380952380952 0.29213483146067415 0.7214285714285714 0.2907303370786517 0.7202380952380952 0.2205056179775281
1 0.6880952380952381 0.3258426966292135 0.6892857142857143 0.40308988764044945 0.7154761904761905 0.40308988764044945 0.7154761904761905 0.32724719101123595
1 0.7916666666666666 0.30758426966292135 0.7952380952380952 0.3946629213483146 0.8226190476190476 0.39325842696629215 0.8238095238095238 0.3089887640449438
1 0.8 0.41853932584269665 0.8023809523809524 0.5084269662921348 0.8321428571428572 0.5112359550561798 0.8297619047619048 0.41853932584269665
1 0.6916666666666667 0.4339887640449438 0.6904761904761905 0.5154494382022472 0.7214285714285714 0.5168539325842697 0.7261904761904762 0.4353932584269663
1 0.6904761904761905 0.5533707865168539 0.6880952380952381 0.6306179775280899 0.7178571428571429 0.6306179775280899 0.7214285714285714 0.5561797752808989
1 0.8071428571428572 0.5421348314606742 0.8083333333333333 0.6179775280898876 0.8345238095238096 0.6179775280898876 0.8369047619047619 0.5435393258426966
1 0.6904761904761905 0.6601123595505618 0.6916666666666667 0.7514044943820225 0.7214285714285714 0.7514044943820225 0.7238095238095238 0.6601123595505618
1 0.8130952380952381 0.6573033707865169 0.8130952380952381 0.723314606741573 0.8404761904761905 0.726123595505618 0.8428571428571429 0.6573033707865169
1 0.8023809523809524 0.7879213483146067 0.8035714285714286 0.8764044943820225 0.8345238095238096 0.8806179775280899 0.8321428571428572 0.7865168539325843
1 0.6976190476190476 0.7808988764044944 0.6976190476190476 0.8820224719101124 0.7238095238095238 0.8848314606741573 0.7261904761904762 0.7851123595505618
2 0.8333333333333334 0.11376404494382023 0.8380952380952381 0.25280898876404495 0.8773809523809524 0.25702247191011235 0.875 0.11657303370786516