1 0.1630952380952381 0.574438202247191 0.22857142857142856 0.547752808988764 0.21904761904761905 0.5154494382022472 0.15119047619047618 0.5393258426966292
1 0.13690476190476192 0.7851123595505618 0.20357142857142857 0.7542134831460674 0.1880952380952381 0.723314606741573 0.12261904761904761 0.7598314606741573
1 0.22857142857142856 0.8047752808988764 0.29285714285714287 0.7808988764044944 0.28095238095238095 0.7485955056179775 0.2226190476190476 0.7752808988764045
1 0.26904761904761904 0.7303370786516854 0.3392857142857143 0.7036516853932584 0.32857142857142857 0.6699438202247191 0.2619047619047619 0.6966292134831461
1 0.3261904761904762 0.7626404494382022 0.39285714285714285 0.7345505617977528 0.38095238095238093 0.7036516853932584 0.31547619047619047 0.7289325842696629
1 0.37142857142857144 0.6853932584269663 0.4357142857142857 0.6587078651685393 0.4297619047619048 0.6207865168539326 0.3619047619047619 0.6530898876404494
1 0.4642857142857143 0.6390449438202247 0.5321428571428571 0.6123595505617978 0.5214285714285715 0.5800561797752809 0.45476190476190476 0.6095505617977528
1 0.4261904761904762 0.726123595505618 0.4928571428571429 0.699438202247191 0.48095238095238096 0.6643258426966292 0.4107142857142857 0.6910112359550562
1 0.40595238095238095 0.7879213483146067 0.4785714285714286 0.7598314606741573 0.47023809523809523 0.726123595505618 0.3964285714285714 0.7542134831460674
1 0.5345238095238095 0.6896067415730337 0.6011904761904762 0.6601123595505618 0.5916666666666667 0.6221910112359551 0.5178571428571429 0.6502808988764045
1 0.5428571428571428 0.6109550561797753 0.611904761904762 0.5884831460674157 0.6011904761904762 0.5491573033707865 0.5333333333333333 0.5786516853932584
1 0.6297619047619047 0.574438202247191 0.6976190476190476 0.547752808988764 0.6833333333333333 0.5154494382022472 0.6226190476190476 0.5393258426966292
1 0.6892857142857143 0.6165730337078652 0.7547619047619047 0.5898876404494382 0.7464285714285714 0.5575842696629213 0.6785714285714286 0.5856741573033708
1 0.736904761904762 0.5252808988764045 0.8011904761904762 0.5014044943820225 0.7892857142857143 0.4648876404494382 0.725 0.49157303370786515
1 0.7833333333333333 0.5702247191011236 0.8416666666666667 0.547752808988764 0.8297619047619048 0.5126404494382022 0.7714285714285715 0.5379213483146067
1 0.8357142857142857 0.4957865168539326 0.9023809523809524 0.47331460674157305 0.8928571428571429 0.43679775280898875 0.825 0.4592696629213483
0 0.6142857142857143 0.7036516853932584 0.7142857142857143 0.6587078651685393 0.7011904761904761 0.625 0.6 0.672752808988764