1 0.12976190476190477 0.21629213483146068 0.20357142857142857 0.20926966292134833 0.20238095238095238 0.17696629213483145 0.12976190476190477 0.1797752808988764
1 0.17261904761904762 0.30196629213483145 0.24166666666666667 0.2907303370786517 0.2369047619047619 0.25702247191011235 0.17261904761904762 0.2640449438202247
1 0.23452380952380952 0.1797752808988764 0.25357142857142856 0.19101123595505617 0.22738095238095238 0.2556179775280899 0.20357142857142857 0.24719101123595505
1 0.4083333333333333 0.28792134831460675 0.3416666666666667 0.2907303370786517 0.3404761904761905 0.25702247191011235 0.4107142857142857 0.25140449438202245
1 0.42857142857142855 0.2949438202247191 0.5214285714285715 0.29213483146067415 0.5202380952380953 0.25140449438202245 0.42738095238095236 0.25280898876404495
1 0.44047619047619047 0.2050561797752809 0.5107142857142857 0.19803370786516855 0.5119047619047619 0.16853932584269662 0.4380952380952381 0.1699438202247191
1 0.5821428571428572 0.1952247191011236 0.5964285714285714 0.27808988764044945 0.6261904761904762 0.2710674157303371 0.611904761904762 0.18679775280898878
1 0.6821428571428572 0.20786516853932585 0.7535714285714286 0.199438202247191 0.7547619047619047 0.16292134831460675 0.6785714285714286 0.1699438202247191
1 0.7642857142857142 0.19241573033707865 0.8369047619047619 0.19803370786516855 0.8345238095238096 0.16151685393258428 0.7619047619047619 0.15870786516853932
1 0.8416666666666667 0.21910112359550563 0.8678571428571429 0.23314606741573032 0.8904761904761904 0.17134831460674158 0.8678571428571429 0.15870786516853932
1 0.8071428571428572 0.12640449438202248 0.8119047619047619 0.16151685393258428 0.8940476190476191 0.1544943820224719 0.8892857142857142 0.11938202247191011
1 0.780952380952381 0.2893258426966292 0.8547619047619047 0.2893258426966292 0.8523809523809524 0.25140449438202245 0.780952380952381 0.25140449438202245
1 0.6964285714285714 0.2949438202247191 0.7642857142857142 0.28370786516853935 0.7535714285714286 0.25 0.6845238095238095 0.25702247191011235
1 0.5761904761904761 0.47191011235955055 0.6547619047619048 0.4705056179775281 0.6571428571428571 0.42837078651685395 0.5761904761904761 0.4339887640449438
1 0.3357142857142857 0.4199438202247191 0.4119047619047619 0.41853932584269665 0.4119047619047619 0.38202247191011235 0.3380952380952381 0.3848314606741573
1 0.12380952380952381 0.41151685393258425 0.1976190476190476 0.40870786516853935 0.19642857142857142 0.3707865168539326 0.12142857142857143 0.37640449438202245
1 0.15119047619047618 0.476123595505618 0.2130952380952381 0.47191011235955055 0.21428571428571427 0.43820224719101125 0.1523809523809524 0.4396067415730337
1 0.5404761904761904 0.24578651685393257 0.4845238095238095 0.24719101123595505 0.48333333333333334 0.2148876404494382 0.5392857142857143 0.21207865168539325
1 0.25357142857142856 0.29353932584269665 0.325 0.28792134831460675 0.3202380952380952 0.2556179775280899 0.25357142857142856 0.26264044943820225
1 0.37857142857142856 0.7907303370786517 0.45357142857142857 0.7921348314606742 0.4511904761904762 0.7556179775280899 0.37976190476190474 0.7584269662921348
1 0.6130952380952381 0.8258426966292135 0.6392857142857142 0.8834269662921348 0.6702380952380952 0.8707865168539326 0.6428571428571429 0.8089887640449438
1 0.6630952380952381 0.8342696629213483 0.705952380952381 0.8904494382022472 0.7285714285714285 0.8707865168539326 0.6845238095238095 0.8117977528089888
1 0.6702380952380952 0.7963483146067416 0.7452380952380953 0.7949438202247191 0.7464285714285714 0.7570224719101124 0.6738095238095239 0.7584269662921348
1 0.8095238095238095 0.797752808988764 0.8833333333333333 0.797752808988764 0.8833333333333333 0.7682584269662921 0.8119047619047619 0.7668539325842697