1 0.23452380952380952 0.2654494382022472 0.1619047619047619 0.2640449438202247 0.16428571428571428 0.23314606741573032 0.2357142857142857 0.2303370786516854
1 0.25476190476190474 0.25280898876404495 0.3392857142857143 0.25140449438202245 0.3404761904761905 0.21348314606741572 0.25595238095238093 0.21067415730337077
1 0.14761904761904762 0.34691011235955055 0.2226190476190476 0.34269662921348315 0.2226190476190476 0.3061797752808989 0.15119047619047618 0.3061797752808989
1 0.25357142857142856 0.34831460674157305 0.32261904761904764 0.351123595505618 0.32261904761904764 0.3160112359550562 0.25595238095238093 0.31179775280898875
1 0.35 0.35252808988764045 0.430952380952381 0.3539325842696629 0.42738095238095236 0.3146067415730337 0.3488095238095238 0.3160112359550562
1 0.3773809523809524 0.5112359550561798 0.45714285714285713 0.5098314606741573 0.45357142857142857 0.47331460674157305 0.37857142857142856 0.476123595505618
1 0.4511904761904762 0.35252808988764045 0.5273809523809524 0.351123595505618 0.5273809523809524 0.3188202247191011 0.4523809523809524 0.3202247191011236
1 0.5404761904761904 0.35814606741573035 0.6226190476190476 0.35814606741573035 0.6214285714285714 0.32162921348314605 0.5416666666666666 0.32162921348314605
1 0.3547619047619048 0.26825842696629215 0.4297619047619048 0.26685393258426965 0.4261904761904762 0.2303370786516854 0.35714285714285715 0.2345505617977528
1 0.41785714285714287 0.21067415730337077 0.525 0.21207865168539325 0.5238095238095238 0.16853932584269662 0.42023809523809524 0.16432584269662923
1 0.44761904761904764 0.2612359550561798 0.5202380952380953 0.2612359550561798 0.5238095238095238 0.22893258426966293 0.4488095238095238 0.2247191011235955
1 0.5928571428571429 0.2710674157303371 0.669047619047619 0.27247191011235955 0.6702380952380952 0.2401685393258427 0.5952380952380952 0.2303370786516854
1 0.6797619047619048 0.2710674157303371 0.7511904761904762 0.27247191011235955 0.75 0.2401685393258427 0.680952380952381 0.23735955056179775
1 0.6428571428571429 0.3595505617977528 0.7166666666666667 0.3609550561797753 0.7202380952380952 0.3188202247191011 0.6452380952380953 0.31741573033707865
1 0.7642857142857142 0.27808988764044945 0.8404761904761905 0.2808988764044944 0.8404761904761905 0.2443820224719101 0.7666666666666667 0.23876404494382023
1 0.7380952380952381 0.36235955056179775 0.8130952380952381 0.3637640449438202 0.8154761904761905 0.3258426966292135 0.7392857142857143 0.32162921348314605
1 0.8261904761904761 0.32865168539325845 0.8238095238095238 0.3651685393258427 0.8976190476190476 0.36657303370786515 0.9 0.33146067415730335
1 0.6095238095238096 0.16573033707865167 0.6821428571428572 0.16853932584269662 0.680952380952381 0.12780898876404495 0.6130952380952381 0.12780898876404495
1 0.5214285714285715 0.16151685393258428 0.5988095238095238 0.16573033707865167 0.6023809523809524 0.12219101123595505 0.5214285714285715 0.12078651685393259
1 0.2904761904761905 0.15589887640449437 0.3619047619047619 0.15168539325842698 0.3619047619047619 0.11235955056179775 0.29285714285714287 0.11657303370786516
1 0.3726190476190476 0.15870786516853932 0.4488095238095238 0.1601123595505618 0.4511904761904762 0.125 0.37142857142857144 0.12359550561797752
1 0.2154761904761905 0.8412921348314607 0.28214285714285714 0.8426966292134831 0.2845238095238095 0.8047752808988764 0.21666666666666667 0.8033707865168539
1 0.30238095238095236 0.8412921348314607 0.37857142857142856 0.8441011235955056 0.3761904761904762 0.8019662921348315 0.30357142857142855 0.8047752808988764
1 0.4142857142857143 0.8342696629213483 0.48928571428571427 0.8525280898876404 0.4880952380952381 0.8089887640449438 0.41785714285714287 0.8033707865168539