1 0.15714285714285714 0.23876404494382023 0.08452380952380953 0.24157303370786518 0.0880952380952381 0.199438202247191 0.1595238095238095 0.19803370786516855
1 0.1976190476190476 0.33146067415730335 0.2261904761904762 0.33286516853932585 0.23095238095238096 0.24578651685393257 0.19642857142857142 0.2443820224719101
1 0.23452380952380952 0.27808988764044945 0.24404761904761904 0.3651685393258427 0.27380952380952384 0.3539325842696629 0.2642857142857143 0.2710674157303371
1 0.28095238095238095 0.45786516853932585 0.3476190476190476 0.44662921348314605 0.34523809523809523 0.41292134831460675 0.2785714285714286 0.42275280898876405
1 0.37857142857142856 0.46348314606741575 0.45595238095238094 0.4452247191011236 0.44761904761904764 0.40870786516853935 0.3726190476190476 0.4241573033707865
0 0.039285714285714285 0.601123595505618 0.20595238095238094 0.6039325842696629 0.20714285714285716 0.5491573033707865 0.04642857142857143 0.547752808988764
1 0.14523809523809525 0.6769662921348315 0.22023809523809523 0.675561797752809 0.21904761904761905 0.6376404494382022 0.1488095238095238 0.6362359550561798
1 0.4607142857142857 0.5955056179775281 0.5285714285714286 0.577247191011236 0.525 0.5407303370786517 0.45357142857142857 0.5519662921348315
1 0.7154761904761905 0.776685393258427 0.7869047619047619 0.7485955056179775 0.7797619047619048 0.7120786516853933 0.705952380952381 0.7387640449438202
1 0.8047619047619048 0.5814606741573034 0.8845238095238095 0.5519662921348315 0.8738095238095238 0.5126404494382022 0.7928571428571428 0.5379213483146067
1 0.8202380952380952 0.5056179775280899 0.8833333333333333 0.48314606741573035 0.8726190476190476 0.44241573033707865 0.8071428571428572 0.46769662921348315
1 0.5892857142857143 0.41713483146067415 0.6642857142857143 0.3904494382022472 0.65 0.3539325842696629 0.580952380952381 0.37219101123595505
1 0.7011904761904761 0.3848314606741573 0.7738095238095238 0.36235955056179775 0.7678571428571429 0.324438202247191 0.6904761904761905 0.34269662921348315
1 0.8023809523809524 0.3553370786516854 0.8726190476190476 0.3258426966292135 0.8559523809523809 0.2949438202247191 0.7904761904761904 0.32162921348314605
1 0.15357142857142858 0.8370786516853933 0.23333333333333334 0.8356741573033708 0.23333333333333334 0.797752808988764 0.1523809523809524 0.7963483146067416