1 0.09047619047619047 0.21910112359550563 0.15357142857142858 0.21769662921348315 0.1488095238095238 0.2542134831460674 0.08928571428571429 0.25140449438202245
1 0.15714285714285714 0.22331460674157302 0.19642857142857142 0.2710674157303371 0.21904761904761905 0.2612359550561798 0.1773809523809524 0.199438202247191
1 0.22380952380952382 0.2612359550561798 0.29523809523809524 0.2612359550561798 0.29404761904761906 0.22752808988764045 0.22380952380952382 0.22893258426966293
1 0.30238095238095236 0.2612359550561798 0.37976190476190474 0.26264044943820225 0.37976190476190474 0.22331460674157302 0.305952380952381 0.2205056179775281
1 0.2904761904761905 0.3441011235955056 0.36666666666666664 0.3455056179775281 0.36666666666666664 0.30758426966292135 0.2904761904761905 0.30758426966292135
1 0.38571428571428573 0.34831460674157305 0.45595238095238094 0.3497191011235955 0.45595238095238094 0.31179775280898875 0.3892857142857143 0.3103932584269663
1 0.16071428571428573 0.4747191011235955 0.2392857142857143 0.4747191011235955 0.24285714285714285 0.4353932584269663 0.16547619047619047 0.43820224719101125
1 0.25476190476190474 0.547752808988764 0.3357142857142857 0.5533707865168539 0.3416666666666667 0.5168539325842697 0.25476190476190474 0.5098314606741573
1 0.37023809523809526 0.4845505617977528 0.45595238095238094 0.4901685393258427 0.45595238095238094 0.449438202247191 0.3726190476190476 0.44241573033707865
1 0.3880952380952381 0.5561797752808989 0.45357142857142857 0.5575842696629213 0.45595238095238094 0.5196629213483146 0.3892857142857143 0.5168539325842697
1 0.09047619047619047 0.7205056179775281 0.1595238095238095 0.7191011235955056 0.1595238095238095 0.6811797752808989 0.08571428571428572 0.6853932584269663
1 0.35833333333333334 0.7176966292134831 0.425 0.7176966292134831 0.4226190476190476 0.6882022471910112 0.35714285714285715 0.6882022471910112
1 0.5380952380952381 0.6573033707865169 0.5964285714285714 0.6587078651685393 0.5952380952380952 0.6165730337078652 0.5380952380952381 0.6235955056179775
1 0.42857142857142855 0.2598314606741573 0.4988095238095238 0.25842696629213485 0.49642857142857144 0.21910112359550563 0.42857142857142855 0.2247191011235955
1 0.5154761904761904 0.26685393258426965 0.5904761904761905 0.2640449438202247 0.5904761904761905 0.2247191011235955 0.5119047619047619 0.23174157303370788
1 0.5880952380952381 0.3497191011235955 0.6654761904761904 0.3455056179775281 0.6654761904761904 0.30196629213483145 0.5892857142857143 0.30758426966292135
1 0.6869047619047619 0.34129213483146065 0.763095238095238 0.3356741573033708 0.7607142857142857 0.29353932584269665 0.6869047619047619 0.29775280898876405
1 0.6154761904761905 0.2612359550561798 0.6976190476190476 0.25280898876404495 0.6928571428571428 0.21769662921348315 0.6154761904761905 0.2205056179775281
1 0.7095238095238096 0.25280898876404495 0.7821428571428571 0.2542134831460674 0.7845238095238095 0.2148876404494382 0.7095238095238096 0.21629213483146068
1 0.6988095238095238 0.4199438202247191 0.7773809523809524 0.41713483146067415 0.7738095238095238 0.37640449438202245 0.6952380952380952 0.38202247191011235
1 0.7773809523809524 0.33707865168539325 0.8607142857142858 0.33146067415730335 0.8595238095238096 0.29353932584269665 0.7785714285714286 0.2907303370786517
1 0.8047619047619048 0.2556179775280899 0.8785714285714286 0.24157303370786518 0.8726190476190476 0.2050561797752809 0.8035714285714286 0.21910112359550563
1 0.6761904761904762 0.7148876404494382 0.75 0.7106741573033708 0.7476190476190476 0.6741573033707865 0.675 0.6825842696629213
1 0.725 0.15308988764044945 0.8 0.16853932584269662 0.8023809523809524 0.13202247191011235 0.7285714285714285 0.11797752808988764