1 0.12142857142857143 0.2794943820224719 0.1988095238095238 0.28792134831460675 0.1988095238095238 0.25 0.12261904761904761 0.2443820224719101
1 0.2119047619047619 0.29353932584269665 0.2857142857142857 0.29353932584269665 0.2857142857142857 0.2556179775280899 0.21071428571428572 0.25702247191011235
1 0.3107142857142857 0.25702247191011235 0.33690476190476193 0.2710674157303371 0.3630952380952381 0.19382022471910113 0.3333333333333333 0.18258426966292135
1 0.34523809523809523 0.2542134831460674 0.3773809523809524 0.2710674157303371 0.4023809523809524 0.199438202247191 0.3738095238095238 0.18820224719101122
1 0.39404761904761904 0.26264044943820225 0.42142857142857143 0.273876404494382 0.45 0.1952247191011236 0.41785714285714287 0.1853932584269663
1 0.4369047619047619 0.2710674157303371 0.4666666666666667 0.28370786516853935 0.49404761904761907 0.20365168539325842 0.4642857142857143 0.1853932584269663
1 0.5 0.28792134831460675 0.5297619047619048 0.28651685393258425 0.5297619047619048 0.20224719101123595 0.4988095238095238 0.20365168539325842
1 0.30238095238095236 0.3061797752808989 0.36904761904761907 0.3258426966292135 0.3761904761904762 0.2907303370786517 0.30833333333333335 0.26825842696629215
1 0.5797619047619048 0.2443820224719101 0.655952380952381 0.23735955056179775 0.6511904761904762 0.1952247191011236 0.575 0.199438202247191
1 0.5630952380952381 0.3300561797752809 0.6428571428571429 0.3160112359550562 0.6345238095238095 0.27808988764044945 0.5595238095238095 0.29213483146067415
1 0.7023809523809523 0.24297752808988765 0.7023809523809523 0.33286516853932585 0.7392857142857143 0.3300561797752809 0.7345238095238096 0.2443820224719101
1 0.7416666666666667 0.273876404494382 0.7583333333333333 0.3609550561797753 0.7904761904761904 0.3497191011235955 0.7761904761904762 0.26685393258426965
1 0.5726190476190476 0.3904494382022472 0.6523809523809524 0.3890449438202247 0.6511904761904762 0.351123595505618 0.575 0.351123595505618
1 0.3678571428571429 0.4101123595505618 0.44285714285714284 0.4044943820224719 0.44047619047619047 0.3707865168539326 0.37023809523809526 0.3707865168539326
1 0.16071428571428573 0.3960674157303371 0.09166666666666666 0.39325842696629215 0.09285714285714286 0.35674157303370785 0.16071428571428573 0.35814606741573035
1 0.18333333333333332 0.39747191011235955 0.25952380952380955 0.398876404494382 0.26071428571428573 0.3595505617977528 0.18452380952380953 0.35674157303370785
1 0.27380952380952384 0.4044943820224719 0.34523809523809523 0.4058988764044944 0.35119047619047616 0.3707865168539326 0.2761904761904762 0.3609550561797753
1 0.15119047619047618 0.4803370786516854 0.22380952380952382 0.48174157303370785 0.22380952380952382 0.4396067415730337 0.14761904761904762 0.43820224719101125
1 0.24404761904761904 0.48314606741573035 0.31666666666666665 0.48735955056179775 0.319047619047619 0.44241573033707865 0.24404761904761904 0.44241573033707865
1 0.3345238095238095 0.48735955056179775 0.41309523809523807 0.4901685393258427 0.4166666666666667 0.45224719101123595 0.3345238095238095 0.44803370786516855
1 0.25833333333333336 0.8441011235955056 0.3523809523809524 0.8497191011235955 0.35119047619047616 0.800561797752809 0.25833333333333336 0.797752808988764
1 0.7559523809523809 0.7907303370786517 0.8345238095238096 0.7780898876404494 0.8297619047619048 0.7317415730337079 0.7511904761904762 0.7457865168539326
1 0.805952380952381 0.45224719101123595 0.875 0.43679775280898875 0.8642857142857143 0.4044943820224719 0.8011904761904762 0.42134831460674155