1 0.12142857142857143 0.3300561797752809 0.18928571428571428 0.3300561797752809 0.18571428571428572 0.2907303370786517 0.12261904761904761 0.2907303370786517
1 0.30714285714285716 0.32865168539325845 0.38333333333333336 0.3258426966292135 0.38452380952380955 0.28792134831460675 0.3107142857142857 0.28370786516853935
1 0.43452380952380953 0.4002808988764045 0.5095238095238095 0.40308988764044945 0.5107142857142857 0.3595505617977528 0.43452380952380953 0.3609550561797753
1 0.35833333333333334 0.49297752808988765 0.4297619047619048 0.49157303370786515 0.42738095238095236 0.449438202247191 0.3607142857142857 0.44803370786516855
1 0.2392857142857143 0.6320224719101124 0.3107142857142857 0.6320224719101124 0.3130952380952381 0.5969101123595506 0.2392857142857143 0.5955056179775281
1 0.1 0.8216292134831461 0.1619047619047619 0.8103932584269663 0.16428571428571428 0.8525280898876404 0.0988095238095238 0.8581460674157303
1 0.4023809523809524 0.827247191011236 0.47023809523809523 0.8314606741573034 0.4666666666666667 0.8693820224719101 0.4011904761904762 0.8651685393258427
1 0.7428571428571429 0.5421348314606742 0.8285714285714286 0.5421348314606742 0.8285714285714286 0.5014044943820225 0.7440476190476191 0.49859550561797755
1 0.5333333333333333 0.24157303370786518 0.6047619047619047 0.2205056179775281 0.5928571428571429 0.17696629213483145 0.525 0.17696629213483145
1 0.6273809523809524 0.199438202247191 0.7047619047619048 0.1952247191011236 0.7 0.15730337078651685 0.6238095238095238 0.15730337078651685
1 0.7583333333333333 0.17837078651685392 0.8214285714285714 0.20926966292134833 0.8357142857142857 0.14887640449438203 0.7654761904761904 0.13764044943820225
1 0.6654761904761904 0.13764044943820225 0.7380952380952381 0.1699438202247191 0.7488095238095238 0.14185393258426968 0.6880952380952381 0.11095505617977527
1 0.7464285714285714 0.25280898876404495 0.8226190476190476 0.25280898876404495 0.8202380952380952 0.2148876404494382 0.7464285714285714 0.21207865168539325