1 0.16904761904761906 0.30337078651685395 0.10595238095238095 0.30337078651685395 0.10714285714285714 0.2710674157303371 0.17023809523809524 0.273876404494382
1 0.19285714285714287 0.300561797752809 0.2642857142857143 0.29775280898876405 0.2630952380952381 0.26685393258426965 0.19285714285714287 0.26825842696629215
1 0.275 0.29353932584269665 0.3607142857142857 0.2907303370786517 0.3595238095238095 0.25140449438202245 0.275 0.2556179775280899
1 0.37023809523809526 0.29634831460674155 0.44166666666666665 0.2893258426966292 0.44047619047619047 0.25702247191011235 0.36904761904761907 0.2612359550561798
1 0.4607142857142857 0.273876404494382 0.5011904761904762 0.3497191011235955 0.5238095238095238 0.33707865168539325 0.4857142857142857 0.25842696629213485
1 0.37857142857142856 0.300561797752809 0.4142857142857143 0.36235955056179775 0.39404761904761904 0.3792134831460674 0.3547619047619048 0.3202247191011236
1 0.3130952380952381 0.3342696629213483 0.35119047619047616 0.3904494382022472 0.3738095238095238 0.36657303370786515 0.3345238095238095 0.30758426966292135
1 0.2726190476190476 0.324438202247191 0.3047619047619048 0.3946629213483146 0.32857142857142857 0.37780898876404495 0.29523809523809524 0.3089887640449438
1 0.23214285714285715 0.3300561797752809 0.25952380952380955 0.3904494382022472 0.28095238095238095 0.375 0.25357142857142856 0.3146067415730337
1 0.20476190476190476 0.31741573033707865 0.23452380952380952 0.3806179775280899 0.21071428571428572 0.39325842696629215 0.17976190476190476 0.33286516853932585
1 0.13452380952380952 0.33286516853932585 0.17023809523809524 0.3946629213483146 0.19166666666666668 0.37780898876404495 0.16071428571428573 0.3146067415730337
1 0.11785714285714285 0.32865168539325845 0.1619047619047619 0.3862359550561798 0.1392857142857143 0.40870786516853935 0.0988095238095238 0.3441011235955056
1 0.11071428571428571 0.47331460674157305 0.14642857142857144 0.5323033707865169 0.12976190476190477 0.5519662921348315 0.09047619047619047 0.4957865168539326
1 0.14404761904761904 0.4957865168539326 0.1773809523809524 0.5575842696629213 0.1976190476190476 0.5421348314606742 0.16785714285714284 0.4789325842696629
1 0.18214285714285713 0.5 0.21666666666666667 0.5617977528089888 0.24285714285714285 0.5449438202247191 0.20476190476190476 0.47752808988764045
1 0.2226190476190476 0.476123595505618 0.25833333333333336 0.547752808988764 0.2845238095238095 0.5337078651685393 0.2511904761904762 0.4592696629213483
1 0.31547619047619047 0.5056179775280899 0.3476190476190476 0.5716292134831461 0.3238095238095238 0.5856741573033708 0.2916666666666667 0.5224719101123596
1 0.319047619047619 0.4901685393258427 0.3595238095238095 0.5660112359550562 0.38571428571428573 0.5435393258426966 0.34404761904761905 0.4691011235955056
1 0.37023809523809526 0.49157303370786515 0.4095238095238095 0.5603932584269663 0.43214285714285716 0.5379213483146067 0.39166666666666666 0.47191011235955055
1 0.4154761904761905 0.4859550561797753 0.45357142857142857 0.5561797752808989 0.4797619047619048 0.5421348314606742 0.44166666666666665 0.46629213483146065
1 0.4511904761904762 0.425561797752809 0.4654761904761905 0.5042134831460674 0.4928571428571429 0.5 0.4797619047619048 0.4199438202247191
1 0.475 0.4058988764044944 0.5369047619047619 0.41151685393258425 0.5369047619047619 0.3792134831460674 0.4773809523809524 0.375
1 0.14166666666666666 0.6446629213483146 0.1619047619047619 0.6629213483146067 0.12738095238095237 0.7345505617977528 0.10714285714285714 0.7191011235955056
1 0.14761904761904762 0.7134831460674157 0.16785714285714284 0.7289325842696629 0.20714285714285716 0.6699438202247191 0.18214285714285713 0.6460674157303371
1 0.19523809523809524 0.7064606741573034 0.2154761904761905 0.7247191011235955 0.25 0.6657303370786517 0.23095238095238096 0.651685393258427
1 0.23809523809523808 0.7162921348314607 0.2654761904761905 0.7317415730337079 0.29523809523809524 0.6685393258426966 0.2702380952380952 0.651685393258427
1 0.2845238095238095 0.7162921348314607 0.30952380952380953 0.7373595505617978 0.3404761904761905 0.6643258426966292 0.319047619047619 0.6530898876404494
1 0.14642857142857144 0.8160112359550562 0.18333333333333332 0.8693820224719101 0.16428571428571428 0.8876404494382022 0.125 0.8356741573033708
1 0.19285714285714287 0.7556179775280899 0.21666666666666667 0.8370786516853933 0.2488095238095238 0.8258426966292135 0.21666666666666667 0.7443820224719101
1 0.275 0.7556179775280899 0.305952380952381 0.8328651685393258 0.33095238095238094 0.8216292134831461 0.305952380952381 0.7443820224719101
1 0.3238095238095238 0.7654494382022472 0.35833333333333334 0.8356741573033708 0.37857142857142856 0.8188202247191011 0.3476190476190476 0.7471910112359551
1 0.38452380952380955 0.7710674157303371 0.4154761904761905 0.8412921348314607 0.44047619047619047 0.8286516853932584 0.4083333333333333 0.7556179775280899
1 0.425 0.7584269662921348 0.4607142857142857 0.8216292134831461 0.4845238095238095 0.800561797752809 0.45 0.7345505617977528
1 0.45 0.7191011235955056 0.47619047619047616 0.7317415730337079 0.5011904761904762 0.672752808988764 0.4785714285714286 0.6601123595505618
1 0.5238095238095238 0.8497191011235955 0.5869047619047619 0.827247191011236 0.5773809523809523 0.7893258426966292 0.5154761904761904 0.8103932584269663
1 0.5821428571428572 0.625 0.6 0.7064606741573034 0.6321428571428571 0.6980337078651685 0.6142857142857143 0.6179775280898876
1 0.6476190476190476 0.5042134831460674 0.6821428571428572 0.5632022471910112 0.7035714285714286 0.5435393258426966 0.6726190476190477 0.48735955056179775
1 0.680952380952381 0.49297752808988765 0.7226190476190476 0.5646067415730337 0.7452380952380953 0.5407303370786517 0.7035714285714286 0.47331460674157305
1 0.7535714285714286 0.47331460674157305 0.7904761904761904 0.5421348314606742 0.7654761904761904 0.5617977528089888 0.725 0.49157303370786515
1 0.7654761904761904 0.47752808988764045 0.8011904761904762 0.5547752808988764 0.8261904761904761 0.5337078651685393 0.7928571428571428 0.46207865168539325
1 0.7142857142857143 0.33286516853932585 0.7535714285714286 0.4044943820224719 0.7761904761904762 0.38202247191011235 0.7452380952380953 0.31320224719101125
1 0.7523809523809524 0.32303370786516855 0.7976190476190477 0.3904494382022472 0.8166666666666667 0.36657303370786515 0.775 0.30337078651685395
1 0.8011904761904762 0.21067415730337077 0.8083333333333333 0.29353932584269665 0.8357142857142857 0.2893258426966292 0.8297619047619048 0.20786516853932585
1 0.8428571428571429 0.21629213483146068 0.8511904761904762 0.29213483146067415 0.8773809523809524 0.29213483146067415 0.8714285714285714 0.21348314606741572
1 0.844047619047619 0.31320224719101125 0.8833333333333333 0.3806179775280899 0.9083333333333333 0.3595505617977528 0.8690476190476191 0.29353932584269665
1 0.7976190476190477 0.3089887640449438 0.8333333333333334 0.36657303370786515 0.8535714285714285 0.351123595505618 0.8166666666666667 0.2907303370786517
1 0.8119047619047619 0.48735955056179775 0.8511904761904762 0.5449438202247191 0.875 0.5168539325842697 0.830952380952381 0.46348314606741575
1 0.8154761904761905 0.7148876404494382 0.8428571428571429 0.7191011235955056 0.8547619047619047 0.6278089887640449 0.8214285714285714 0.625
1 0.8476190476190476 0.7036516853932584 0.8845238095238095 0.6278089887640449 0.9095238095238095 0.6432584269662921 0.8714285714285714 0.7205056179775281
1 0.8238095238095238 0.7528089887640449 0.8571428571428571 0.8202247191011236 0.8833333333333333 0.8019662921348315 0.8476190476190476 0.7331460674157303
1 0.7738095238095238 0.7471910112359551 0.8119047619047619 0.8202247191011236 0.8345238095238096 0.8019662921348315 0.8023809523809524 0.7303370786516854
1 0.7333333333333333 0.7626404494382022 0.7678571428571429 0.8286516853932584 0.7916666666666666 0.8089887640449438 0.7607142857142857 0.7429775280898876
1 0.6964285714285714 0.7682584269662921 0.7142857142857143 0.8300561797752809 0.7392857142857143 0.8188202247191011 0.7202380952380952 0.7584269662921348