1 0.13690476190476192 0.6095505617977528 0.175 0.6193820224719101 0.18333333333333332 0.5323033707865169 0.15 0.526685393258427
1 0.12976190476190477 0.6966292134831461 0.20714285714285716 0.672752808988764 0.20238095238095238 0.6362359550561798 0.12023809523809524 0.6587078651685393
1 0.2226190476190476 0.8370786516853933 0.3011904761904762 0.8342696629213483 0.3 0.797752808988764 0.2261904761904762 0.7893258426966292
1 0.41309523809523807 0.848314606741573 0.49642857142857144 0.8455056179775281 0.49642857142857144 0.8033707865168539 0.4119047619047619 0.800561797752809
1 0.7880952380952381 0.7935393258426966 0.8571428571428571 0.7865168539325843 0.8559523809523809 0.75 0.7857142857142857 0.7514044943820225
1 0.5047619047619047 0.20224719101123595 0.555952380952381 0.26825842696629215 0.5857142857142857 0.2443820224719101 0.5273809523809524 0.1797752808988764
1 0.55 0.5126404494382022 0.580952380952381 0.526685393258427 0.6071428571428571 0.43820224719101125 0.5702380952380952 0.42696629213483145
1 0.6214285714285714 0.42134831460674155 0.6190476190476191 0.5126404494382022 0.6523809523809524 0.5112359550561798 0.6523809523809524 0.42134831460674155
1 0.6678571428571428 0.4157303370786517 0.669047619047619 0.5056179775280899 0.7011904761904761 0.5042134831460674 0.7011904761904761 0.4157303370786517
1 0.7130952380952381 0.4396067415730337 0.7642857142857142 0.5056179775280899 0.7845238095238095 0.4747191011235955 0.7392857142857143 0.4157303370786517
1 0.7404761904761905 0.39747191011235955 0.7797619047619048 0.4606741573033708 0.805952380952381 0.44241573033707865 0.7666666666666667 0.3693820224719101
1 0.6928571428571428 0.21067415730337077 0.725 0.29634831460674155 0.7547619047619047 0.2808988764044944 0.719047619047619 0.1952247191011236
1 0.75 0.22752808988764045 0.7833333333333333 0.3146067415730337 0.8083333333333333 0.300561797752809 0.7833333333333333 0.21348314606741572
1 0.7904761904761904 0.20365168539325842 0.8238095238095238 0.2851123595505618 0.8488095238095238 0.27668539325842695 0.8226190476190476 0.19101123595505617
1 0.8416666666666667 0.20926966292134833 0.8797619047619047 0.28370786516853935 0.9095238095238095 0.26825842696629215 0.8714285714285714 0.1896067415730337
1 0.5952380952380952 0.16432584269662923 0.6190476190476191 0.1853932584269663 0.6595238095238095 0.12078651685393259 0.6297619047619047 0.10112359550561797
1 0.6404761904761904 0.1601123595505618 0.6666666666666666 0.18258426966292135 0.7071428571428572 0.12219101123595505 0.675 0.10533707865168539
1 0.6976190476190476 0.15870786516853932 0.719047619047619 0.17415730337078653 0.7464285714285714 0.12078651685393259 0.7226190476190476 0.10533707865168539
1 0.7428571428571429 0.16713483146067415 0.7714285714285715 0.18398876404494383 0.7988095238095239 0.12359550561797752 0.7690476190476191 0.11095505617977527
1 0.7928571428571428 0.17415730337078653 0.8214285714285714 0.18679775280898878 0.8464285714285714 0.1151685393258427 0.825 0.10533707865168539
1 0.6523809523809524 0.5941011235955056 0.7333333333333333 0.5828651685393258 0.7285714285714285 0.5407303370786517 0.6476190476190476 0.5533707865168539