1 0.24642857142857144 0.18820224719101122 0.3047619047619048 0.1797752808988764 0.30238095238095236 0.14747191011235955 0.24523809523809523 0.15730337078651685
1 0.22857142857142856 0.23735955056179775 0.3047619047619048 0.23314606741573032 0.30238095238095236 0.19241573033707865 0.23214285714285715 0.199438202247191
1 0.23333333333333334 0.29213483146067415 0.2904761904761905 0.2696629213483146 0.28214285714285714 0.24157303370786518 0.22738095238095238 0.26685393258426965
1 0.23214285714285715 0.425561797752809 0.29523809523809524 0.37359550561797755 0.2785714285714286 0.34691011235955055 0.2154761904761905 0.3946629213483146
1 0.11666666666666667 0.4452247191011236 0.16071428571428573 0.5112359550561798 0.1380952380952381 0.5351123595505618 0.09642857142857143 0.46207865168539325
1 0.2357142857142857 0.5491573033707865 0.29642857142857143 0.5098314606741573 0.27976190476190477 0.47752808988764045 0.21904761904761905 0.5112359550561798
1 0.4023809523809524 0.3539325842696629 0.4035714285714286 0.4396067415730337 0.4380952380952381 0.4396067415730337 0.4357142857142857 0.351123595505618
1 0.5023809523809524 0.33286516853932585 0.5273809523809524 0.40730337078651685 0.555952380952381 0.39325842696629215 0.5285714285714286 0.3188202247191011
1 0.7511904761904762 0.7907303370786517 0.7892857142857143 0.8581460674157303 0.8142857142857143 0.8356741573033708 0.7785714285714286 0.7654494382022472
1 0.6761904761904762 0.8146067415730337 0.675 0.8848314606741573 0.7083333333333334 0.8848314606741573 0.7047619047619048 0.8117977528089888
1 0.7238095238095238 0.8384831460674157 0.7678571428571429 0.8918539325842697 0.7904761904761904 0.8679775280898876 0.7452380952380953 0.8117977528089888
1 0.6273809523809524 0.8202247191011236 0.6285714285714286 0.8932584269662921 0.6595238095238095 0.8960674157303371 0.6595238095238095 0.8188202247191011
1 0.5916666666666667 0.6741573033707865 0.6642857142857143 0.7191011235955056 0.6821428571428572 0.6853932584269663 0.6083333333333333 0.6432584269662921
1 0.7035714285714286 0.598314606741573 0.7345238095238096 0.6910112359550562 0.7642857142857142 0.672752808988764 0.7321428571428571 0.5856741573033708
1 0.7678571428571429 0.6320224719101124 0.7952380952380952 0.726123595505618 0.8261904761904761 0.7134831460674157 0.7988095238095239 0.6221910112359551
1 0.7976190476190477 0.5955056179775281 0.8297619047619048 0.6769662921348315 0.8583333333333333 0.6685393258426966 0.830952380952381 0.5800561797752809
1 0.8476190476190476 0.6067415730337079 0.8916666666666667 0.6924157303370787 0.9214285714285714 0.6671348314606742 0.8726190476190476 0.5800561797752809
1 0.8071428571428572 0.5519662921348315 0.8333333333333334 0.5730337078651685 0.8654761904761905 0.49719101123595505 0.8404761904761905 0.48174157303370785
1 0.7880952380952381 0.4803370786516854 0.8166666666666667 0.49719101123595505 0.7857142857142857 0.5688202247191011 0.7523809523809524 0.5547752808988764
1 0.7083333333333334 0.5435393258426966 0.7297619047619047 0.5617977528089888 0.7642857142857142 0.49859550561797755 0.7428571428571429 0.4845505617977528
1 0.65 0.547752808988764 0.675 0.5688202247191011 0.7202380952380952 0.49719101123595505 0.6869047619047619 0.4803370786516854
1 0.6035714285714285 0.5575842696629213 0.6321428571428571 0.574438202247191 0.6642857142857143 0.49157303370786515 0.6416666666666667 0.4789325842696629
1 0.5630952380952381 0.5421348314606742 0.5880952380952381 0.5575842696629213 0.625 0.47752808988764045 0.5988095238095238 0.46348314606741575
1 0.5226190476190476 0.5252808988764045 0.55 0.5365168539325843 0.5797619047619048 0.46348314606741575 0.5535714285714286 0.45365168539325845
1 0.5333333333333333 0.32162921348314605 0.5726190476190476 0.39185393258426965 0.5988095238095238 0.36797752808988765 0.5583333333333333 0.29775280898876405
1 0.5785714285714286 0.30196629213483145 0.6226190476190476 0.37219101123595505 0.6452380952380953 0.351123595505618 0.6023809523809524 0.28370786516853935
1 0.6416666666666667 0.3146067415730337 0.680952380952381 0.3792134831460674 0.7047619047619048 0.36235955056179775 0.6654761904761904 0.2949438202247191
1 0.6880952380952381 0.3089887640449438 0.7238095238095238 0.38202247191011235 0.7547619047619047 0.36235955056179775 0.7130952380952381 0.2949438202247191
1 0.7285714285714285 0.2907303370786517 0.7726190476190476 0.3707865168539326 0.8011904761904762 0.35252808988764045 0.7642857142857142 0.26825842696629215
1 0.8107142857142857 0.3398876404494382 0.8464285714285714 0.4101123595505618 0.8690476190476191 0.39185393258426965 0.8345238095238096 0.32162921348314605
1 0.8380952380952381 0.3089887640449438 0.8892857142857142 0.38764044943820225 0.9142857142857143 0.3609550561797753 0.8607142857142858 0.2851123595505618
1 0.8202380952380952 0.1404494382022472 0.861904761904762 0.20084269662921347 0.8904761904761904 0.1797752808988764 0.8404761904761905 0.11797752808988764
1 0.775 0.12780898876404495 0.8130952380952381 0.2050561797752809 0.8404761904761905 0.19241573033707865 0.8047619047619048 0.12078651685393259
1 0.7297619047619047 0.13202247191011235 0.7642857142857142 0.20084269662921347 0.7892857142857143 0.18679775280898878 0.7559523809523809 0.12219101123595505
1 0.6761904761904762 0.13904494382022473 0.7166666666666667 0.20646067415730338 0.7380952380952381 0.18820224719101122 0.7047619047619048 0.12359550561797752
1 0.625 0.13342696629213482 0.6642857142857143 0.20365168539325842 0.6880952380952381 0.18679775280898878 0.6535714285714286 0.12078651685393259
1 0.5880952380952381 0.14887640449438203 0.6309523809523809 0.21769662921348315 0.6547619047619048 0.19803370786516855 0.6095238095238096 0.13342696629213482
1 0.5333333333333333 0.13904494382022473 0.5547619047619048 0.2148876404494382 0.5845238095238096 0.20786516853932585 0.5642857142857143 0.1306179775280899
1 0.525 0.13623595505617977 0.5452380952380952 0.21207865168539325 0.5107142857142857 0.22893258426966293 0.49047619047619045 0.1404494382022472