1 0.18452380952380953 0.3904494382022472 0.2619047619047619 0.3862359550561798 0.25952380952380955 0.3539325842696629 0.18452380952380953 0.3539325842696629
1 0.1869047619047619 0.5632022471910112 0.23809523809523808 0.6151685393258427 0.26071428571428573 0.5898876404494382 0.20476190476190476 0.5351123595505618
1 0.19523809523809524 0.6938202247191011 0.24285714285714285 0.75 0.25952380952380955 0.723314606741573 0.2130952380952381 0.6685393258426966
1 0.18214285714285713 0.7373595505617978 0.2357142857142857 0.800561797752809 0.2511904761904762 0.776685393258427 0.2 0.7162921348314607
1 0.17976190476190476 0.8230337078651685 0.24166666666666667 0.8693820224719101 0.25476190476190474 0.8384831460674157 0.19523809523809524 0.7963483146067416
1 0.3523809523809524 0.20646067415730338 0.40595238095238095 0.17415730337078653 0.3892857142857143 0.14606741573033707 0.3380952380952381 0.175561797752809
1 0.4083333333333333 0.1952247191011236 0.45595238095238094 0.22893258426966293 0.4714285714285714 0.20224719101123595 0.41904761904761906 0.1699438202247191
1 0.3202380952380952 0.23876404494382023 0.32261904761904764 0.32303370786516855 0.3535714285714286 0.32162921348314605 0.3488095238095238 0.23735955056179775
1 0.34523809523809523 0.3862359550561798 0.4119047619047619 0.3806179775280899 0.4095238095238095 0.3455056179775281 0.34404761904761905 0.34831460674157305
1 0.325 0.49719101123595505 0.3761904761904762 0.47191011235955055 0.36666666666666664 0.4438202247191011 0.31547619047619047 0.46769662921348315
1 0.3261904761904762 0.5533707865168539 0.38452380952380955 0.5224719101123596 0.36666666666666664 0.48735955056179775 0.3107142857142857 0.5210674157303371
1 0.33095238095238094 0.6081460674157303 0.39404761904761904 0.5702247191011236 0.37976190476190474 0.5379213483146067 0.31547619047619047 0.574438202247191
1 0.32857142857142857 0.6657303370786517 0.3880952380952381 0.6306179775280899 0.375 0.5955056179775281 0.31547619047619047 0.6278089887640449
1 0.4023809523809524 0.6207865168539326 0.47619047619047616 0.6348314606741573 0.4797619047619048 0.601123595505618 0.40595238095238095 0.5870786516853933
1 0.3964285714285714 0.6558988764044944 0.46190476190476193 0.7036516853932584 0.4773809523809524 0.6783707865168539 0.4142857142857143 0.6278089887640449
1 0.3261904761904762 0.7162921348314607 0.3880952380952381 0.675561797752809 0.3761904761904762 0.651685393258427 0.31547619047619047 0.6867977528089888
1 0.38571428571428573 0.7205056179775281 0.45 0.7598314606741573 0.46904761904761905 0.7303370786516854 0.4 0.6867977528089888
1 0.3202380952380952 0.7752808988764045 0.39166666666666666 0.7471910112359551 0.37976190476190474 0.7148876404494382 0.3142857142857143 0.7373595505617978
1 0.4023809523809524 0.7780898876404494 0.46190476190476193 0.8202247191011236 0.4785714285714286 0.7907303370786517 0.4142857142857143 0.7429775280898876
1 0.31785714285714284 0.8300561797752809 0.3869047619047619 0.797752808988764 0.3726190476190476 0.7682584269662921 0.30952380952380953 0.800561797752809
1 0.38571428571428573 0.8398876404494382 0.444047619047619 0.875 0.4595238095238095 0.8384831460674157 0.4035714285714286 0.7949438202247191
1 0.30238095238095236 0.8581460674157303 0.37023809523809526 0.8258426966292135 0.38571428571428573 0.8581460674157303 0.31666666666666665 0.8904494382022472
1 0.5738095238095238 0.20926966292134833 0.6333333333333333 0.16853932584269662 0.6202380952380953 0.13904494382022473 0.5535714285714286 0.17275280898876405
1 0.6035714285714285 0.22612359550561797 0.6714285714285714 0.21348314606741572 0.6702380952380952 0.1797752808988764 0.5988095238095238 0.19241573033707865
1 0.7845238095238095 0.18117977528089887 0.8107142857142857 0.17837078651685392 0.8071428571428572 0.11797752808988764 0.7821428571428571 0.11657303370786516
1 0.5535714285714286 0.46769662921348315 0.6071428571428571 0.4297752808988764 0.5892857142857143 0.4002808988764045 0.5404761904761904 0.43820224719101125
1 0.5535714285714286 0.5154494382022472 0.6178571428571429 0.476123595505618 0.6011904761904762 0.4410112359550562 0.5380952380952381 0.4845505617977528
1 0.5523809523809524 0.5688202247191011 0.6130952380952381 0.5308988764044944 0.5988095238095238 0.49859550561797755 0.5345238095238095 0.5337078651685393
1 0.555952380952381 0.6137640449438202 0.625 0.5758426966292135 0.6083333333333333 0.5407303370786517 0.544047619047619 0.5814606741573034
1 0.5654761904761905 0.6713483146067416 0.6190476190476191 0.6292134831460674 0.6023809523809524 0.5969101123595506 0.5476190476190477 0.6418539325842697
1 0.5535714285714286 0.6980337078651685 0.569047619047619 0.7289325842696629 0.6273809523809524 0.6867977528089888 0.6059523809523809 0.6544943820224719
1 0.5511904761904762 0.7570224719101124 0.5678571428571428 0.7851123595505618 0.6273809523809524 0.7401685393258427 0.6142857142857143 0.7120786516853933
1 0.5488095238095239 0.8089887640449438 0.5630952380952381 0.8342696629213483 0.6178571428571429 0.8047752808988764 0.6047619047619047 0.776685393258427
1 0.6904761904761905 0.5646067415730337 0.7535714285714286 0.526685393258427 0.7404761904761905 0.4943820224719101 0.6738095238095239 0.5308988764044944
1 0.6892857142857143 0.5870786516853933 0.7035714285714286 0.6137640449438202 0.7619047619047619 0.5646067415730337 0.7452380952380953 0.5379213483146067
1 0.7154761904761905 0.6601123595505618 0.7714285714285715 0.6207865168539326 0.7571428571428571 0.5941011235955056 0.7035714285714286 0.6348314606741573
1 0.705952380952381 0.7275280898876404 0.7642857142857142 0.6797752808988764 0.7488095238095238 0.6544943820224719 0.6904761904761905 0.6938202247191011
1 0.7107142857142857 0.776685393258427 0.7654761904761904 0.7317415730337079 0.7511904761904762 0.7050561797752809 0.6892857142857143 0.7542134831460674
1 0.7047619047619048 0.8356741573033708 0.7690476190476191 0.7963483146067416 0.7523809523809524 0.7626404494382022 0.6928571428571428 0.8047752808988764
1 0.7488095238095238 0.8258426966292135 0.7654761904761904 0.8539325842696629 0.7107142857142857 0.8890449438202247 0.6952380952380952 0.8581460674157303
1 0.7666666666666667 0.8188202247191011 0.8333333333333334 0.8160112359550562 0.8333333333333334 0.851123595505618 0.7702380952380953 0.8539325842696629
1 0.7785714285714286 0.7949438202247191 0.8238095238095238 0.7921348314606742 0.8202380952380952 0.7598314606741573 0.7785714285714286 0.7626404494382022
1 0.7714285714285715 0.7485955056179775 0.8428571428571429 0.75 0.8416666666666667 0.7191011235955056 0.7702380952380953 0.7176966292134831
1 0.7666666666666667 0.699438202247191 0.8369047619047619 0.6938202247191011 0.8333333333333334 0.6587078651685393 0.7666666666666667 0.6643258426966292
1 0.7702380952380953 0.6446629213483146 0.8416666666666667 0.6446629213483146 0.8404761904761905 0.6039325842696629 0.7726190476190476 0.6067415730337079