1 0.09285714285714286 0.22893258426966293 0.1488095238095238 0.22191011235955055 0.1488095238095238 0.18820224719101122 0.09166666666666666 0.19662921348314608
1 0.15119047619047618 0.3609550561797753 0.20833333333333334 0.3539325842696629 0.20833333333333334 0.32162921348314605 0.1523809523809524 0.3258426966292135
0 0.1976190476190476 0.5140449438202247 0.05476190476190476 0.5098314606741573 0.058333333333333334 0.4592696629213483 0.1976190476190476 0.46348314606741575
3 0.1988095238095238 0.5758426966292135 0.2869047619047619 0.5716292134831461 0.28214285714285714 0.5337078651685393 0.1988095238095238 0.5379213483146067
1 0.3047619047619048 0.49719101123595505 0.37857142857142856 0.48314606741573035 0.37023809523809526 0.4452247191011236 0.3011904761904762 0.46207865168539325
1 0.4142857142857143 0.5617977528089888 0.48928571428571427 0.5632022471910112 0.49047619047619045 0.5252808988764045 0.4166666666666667 0.5224719101123596
1 0.48333333333333334 0.476123595505618 0.5583333333333333 0.476123595505618 0.555952380952381 0.4311797752808989 0.48214285714285715 0.4396067415730337
1 0.4523809523809524 0.31741573033707865 0.5214285714285715 0.30337078651685395 0.513095238095238 0.26825842696629215 0.4452380952380952 0.28370786516853935
1 0.4666666666666667 0.22893258426966293 0.5416666666666666 0.2247191011235955 0.5380952380952381 0.19241573033707865 0.4654761904761905 0.1952247191011236
1 0.6452380952380953 0.26685393258426965 0.7095238095238096 0.26264044943820225 0.7119047619047619 0.22331460674157302 0.6440476190476191 0.2247191011235955
1 0.18333333333333332 0.7935393258426966 0.21071428571428572 0.8061797752808989 0.19047619047619047 0.8778089887640449 0.1619047619047619 0.8679775280898876
1 0.33690476190476193 0.8047752808988764 0.3619047619047619 0.8286516853932584 0.32976190476190476 0.8932584269662921 0.30952380952380953 0.8792134831460674
1 0.41309523809523807 0.8061797752808989 0.430952380952381 0.8300561797752809 0.3880952380952381 0.8918539325842697 0.36428571428571427 0.8707865168539326
1 0.45476190476190476 0.8160112359550562 0.4773809523809524 0.8370786516853933 0.43452380952380953 0.8918539325842697 0.4166666666666667 0.8764044943820225
1 0.569047619047619 0.7949438202247191 0.5916666666666667 0.8216292134831461 0.5488095238095239 0.8778089887640449 0.5238095238095238 0.8539325842696629
3 0.6202380952380953 0.47331460674157305 0.7154761904761905 0.4705056179775281 0.7119047619047619 0.42837078651685395 0.6214285714285714 0.4297752808988764
1 0.7166666666666667 0.5491573033707865 0.7130952380952381 0.6348314606741573 0.7380952380952381 0.6390449438202247 0.7488095238095238 0.550561797752809
1 0.7345238095238096 0.3946629213483146 0.805952380952381 0.3904494382022472 0.8011904761904762 0.3539325842696629 0.7321428571428571 0.35674157303370785
2 0.7690476190476191 0.4452247191011236 0.8297619047619048 0.4396067415730337 0.8285714285714286 0.40730337078651685 0.7654761904761904 0.41151685393258425