1 0.1619047619047619 0.43258426966292135 0.10119047619047619 0.43679775280898875 0.10119047619047619 0.4044943820224719 0.1619047619047619 0.398876404494382
1 0.1261904761904762 0.36797752808988765 0.19523809523809524 0.3609550561797753 0.19285714285714287 0.32303370786516855 0.12261904761904761 0.32865168539325845
1 0.21428571428571427 0.3651685393258427 0.2833333333333333 0.35814606741573035 0.28095238095238095 0.3258426966292135 0.2130952380952381 0.33146067415730335
1 0.2 0.43258426966292135 0.2619047619047619 0.425561797752809 0.2619047619047619 0.3904494382022472 0.1988095238095238 0.398876404494382
1 0.29523809523809524 0.42275280898876405 0.3595238095238095 0.3904494382022472 0.34523809523809523 0.3595505617977528 0.2785714285714286 0.39185393258426965
1 0.3273809523809524 0.3553370786516854 0.39166666666666666 0.3539325842696629 0.3892857142857143 0.3160112359550562 0.3273809523809524 0.3202247191011236
1 0.34523809523809523 0.30196629213483145 0.42023809523809524 0.30196629213483145 0.41904761904761906 0.26685393258426965 0.3476190476190476 0.26825842696629215
1 0.4083333333333333 0.41713483146067415 0.4785714285714286 0.41292134831460675 0.48095238095238096 0.37780898876404495 0.4083333333333333 0.3806179775280899
1 0.5785714285714286 0.40870786516853935 0.5023809523809524 0.40870786516853935 0.5023809523809524 0.37219101123595505 0.5785714285714286 0.3707865168539326
1 0.6023809523809524 0.4143258426966292 0.6619047619047619 0.4101123595505618 0.6595238095238095 0.375 0.6 0.3792134831460674
0 0.5071428571428571 0.5646067415730337 0.6166666666666667 0.5702247191011236 0.6166666666666667 0.5308988764044944 0.5095238095238095 0.526685393258427
0 0.75 0.5758426966292135 0.8595238095238096 0.5730337078651685 0.8559523809523809 0.5365168539325843 0.75 0.5365168539325843
1 0.7488095238095238 0.398876404494382 0.8178571428571428 0.39185393258426965 0.8130952380952381 0.3595505617977528 0.7488095238095238 0.35814606741573035
3 0.7226190476190476 0.5941011235955056 0.7226190476190476 0.6292134831460674 0.8107142857142857 0.6264044943820225 0.8095238095238095 0.5898876404494382
1 0.5321428571428571 0.7598314606741573 0.5488095238095239 0.8328651685393258 0.580952380952381 0.8258426966292135 0.5607142857142857 0.7471910112359551
1 0.4714285714285714 0.699438202247191 0.5380952380952381 0.7247191011235955 0.5488095238095239 0.6924157303370787 0.48095238095238096 0.6699438202247191