1 0.2369047619047619 0.2696629213483146 0.30357142857142855 0.26685393258426965 0.3011904761904762 0.23735955056179775 0.2369047619047619 0.23595505617977527
1 0.305952380952381 0.19382022471910113 0.37023809523809526 0.19382022471910113 0.3678571428571429 0.16573033707865167 0.3047619047619048 0.16292134831460675
1 0.16428571428571428 0.5435393258426966 0.22023809523809523 0.5463483146067416 0.21904761904761905 0.5154494382022472 0.16428571428571428 0.5154494382022472
1 0.17857142857142858 0.6165730337078652 0.24047619047619048 0.6643258426966292 0.25595238095238093 0.6320224719101124 0.19166666666666668 0.5926966292134831
1 0.3142857142857143 0.5575842696629213 0.3880952380952381 0.5561797752808989 0.3880952380952381 0.5154494382022472 0.3142857142857143 0.5168539325842697
1 0.30357142857142855 0.6165730337078652 0.375 0.6151685393258427 0.375 0.5786516853932584 0.3047619047619048 0.5786516853932584
1 0.3011904761904762 0.6896067415730337 0.3678571428571429 0.6896067415730337 0.37023809523809526 0.6502808988764045 0.30238095238095236 0.648876404494382
1 0.13214285714285715 0.7935393258426966 0.15 0.8735955056179775 0.11547619047619048 0.8792134831460674 0.10357142857142858 0.8033707865168539
1 0.46785714285714286 0.10533707865168539 0.46904761904761905 0.16432584269662923 0.49404761904761907 0.16432584269662923 0.4928571428571429 0.10112359550561797
1 0.8547619047619047 0.1853932584269663 0.8571428571428571 0.11797752808988764 0.8821428571428571 0.11797752808988764 0.8809523809523809 0.18679775280898878
1 0.8095238095238095 0.175561797752809 0.8107142857142857 0.11938202247191011 0.8357142857142857 0.11797752808988764 0.8345238095238096 0.17696629213483145
1 0.8369047619047619 0.5112359550561798 0.8523809523809524 0.5393258426966292 0.8976190476190476 0.5056179775280899 0.8821428571428571 0.48314606741573035
1 0.7297619047619047 0.776685393258427 0.7523809523809524 0.7935393258426966 0.7964285714285714 0.7205056179775281 0.7726190476190476 0.6980337078651685