1 0.34404761904761905 0.21207865168539325 0.40595238095238095 0.21348314606741572 0.40595238095238095 0.18258426966292135 0.3476190476190476 0.18117977528089887
1 0.2761904761904762 0.2851123595505618 0.3380952380952381 0.2851123595505618 0.3392857142857143 0.2542134831460674 0.2773809523809524 0.25280898876404495
1 0.12380952380952381 0.5632022471910112 0.19047619047619047 0.5660112359550562 0.19404761904761905 0.5337078651685393 0.12380952380952381 0.5323033707865169
1 0.15476190476190477 0.625 0.2261904761904762 0.6264044943820225 0.22738095238095238 0.5870786516853933 0.15714285714285714 0.5884831460674157
1 0.125 0.6952247191011236 0.19047619047619047 0.6966292134831461 0.19047619047619047 0.6629213483146067 0.12380952380952381 0.6601123595505618
1 0.16904761904761906 0.8089887640449438 0.17976190476190476 0.8806179775280899 0.15119047619047618 0.8904494382022472 0.14166666666666666 0.8160112359550562
1 0.2916666666666667 0.6825842696629213 0.36428571428571427 0.7050561797752809 0.3738095238095238 0.672752808988764 0.2988095238095238 0.6502808988764045
1 0.30714285714285716 0.5674157303370787 0.36547619047619045 0.5730337078651685 0.36547619047619045 0.5393258426966292 0.30833333333333335 0.5407303370786517
1 0.4452380952380952 0.6376404494382022 0.5178571428571429 0.6376404494382022 0.5154761904761904 0.5969101123595506 0.4452380952380952 0.5969101123595506
1 0.45 0.7092696629213483 0.5178571428571429 0.726123595505618 0.5214285714285715 0.6882022471910112 0.45357142857142857 0.6741573033707865
1 0.5226190476190476 0.577247191011236 0.6 0.5786516853932584 0.6 0.5351123595505618 0.5226190476190476 0.5351123595505618
1 0.5023809523809524 0.12921348314606743 0.5047619047619047 0.19101123595505617 0.530952380952381 0.1896067415730337 0.5297619047619048 0.12780898876404495
1 0.7214285714285714 0.34129213483146065 0.7976190476190477 0.3300561797752809 0.7916666666666666 0.29213483146067415 0.7142857142857143 0.3047752808988764
1 0.8428571428571429 0.12219101123595505 0.844047619047619 0.19241573033707865 0.8690476190476191 0.19241573033707865 0.8666666666666667 0.12078651685393259
1 0.7845238095238095 0.39185393258426965 0.8595238095238096 0.3848314606741573 0.8559523809523809 0.3455056179775281 0.7833333333333333 0.3553370786516854
1 0.7380952380952381 0.4410112359550562 0.8107142857142857 0.4396067415730337 0.8107142857142857 0.40308988764044945 0.736904761904762 0.40308988764044945
1 0.8357142857142857 0.648876404494382 0.8785714285714286 0.5856741573033708 0.8595238095238096 0.5660112359550562 0.8142857142857143 0.6278089887640449
1 0.830952380952381 0.723314606741573 0.8488095238095238 0.7485955056179775 0.9083333333333333 0.7008426966292135 0.8904761904761904 0.6699438202247191