1 0.1 0.20084269662921347 0.16428571428571428 0.20084269662921347 0.1619047619047619 0.1699438202247191 0.10238095238095238 0.1699438202247191
1 0.25476190476190474 0.17837078651685392 0.28095238095238095 0.175561797752809 0.28214285714285714 0.11376404494382023 0.25833333333333336 0.11235955056179775
1 0.15833333333333333 0.5589887640449438 0.08571428571428572 0.5547752808988764 0.09047619047619047 0.5154494382022472 0.1595238095238095 0.5168539325842697
1 0.28214285714285714 0.7359550561797753 0.34523809523809523 0.7626404494382022 0.3535714285714286 0.7289325842696629 0.29523809523809524 0.7064606741573034
1 0.6095238095238096 0.7654494382022472 0.694047619047619 0.7485955056179775 0.6833333333333333 0.7092696629213483 0.6047619047619047 0.7289325842696629
1 0.7035714285714286 0.49859550561797755 0.7714285714285715 0.48735955056179775 0.7690476190476191 0.45786516853932585 0.7011904761904761 0.46629213483146065
1 0.594047619047619 0.17275280898876405 0.6202380952380953 0.1699438202247191 0.6190476190476191 0.10533707865168539 0.594047619047619 0.10252808988764045
1 0.6345238095238095 0.1952247191011236 0.6345238095238095 0.11376404494382023 0.6619047619047619 0.1151685393258427 0.6595238095238095 0.19382022471910113
1 0.6773809523809524 0.199438202247191 0.7023809523809523 0.20084269662921347 0.7071428571428572 0.12640449438202248 0.6797619047619048 0.12640449438202248
1 0.8321428571428572 0.18679775280898878 0.8333333333333334 0.11938202247191011 0.8583333333333333 0.11938202247191011 0.8571428571428571 0.18820224719101122
1 0.6892857142857143 0.2851123595505618 0.7690476190476191 0.29353932584269665 0.7690476190476191 0.2556179775280899 0.6892857142857143 0.24859550561797752
1 0.736904761904762 0.3539325842696629 0.8119047619047619 0.3539325842696629 0.8107142857142857 0.31741573033707865 0.7357142857142858 0.3202247191011236
1 0.7297619047619047 0.42275280898876405 0.8011904761904762 0.42275280898876405 0.8 0.3862359550561798 0.7309523809523809 0.38342696629213485
1 0.8261904761904761 0.42696629213483145 0.8964285714285715 0.42696629213483145 0.8952380952380953 0.3890449438202247 0.8273809523809523 0.3890449438202247
1 0.7988095238095239 0.4859550561797753 0.8630952380952381 0.4845505617977528 0.8642857142857143 0.45365168539325845 0.7988095238095239 0.45224719101123595