1 0.28214285714285714 0.23735955056179775 0.28214285714285714 0.31741573033707865 0.31785714285714284 0.31741573033707865 0.319047619047619 0.23595505617977527
1 0.3523809523809524 0.22191011235955055 0.3523809523809524 0.29775280898876405 0.3273809523809524 0.2991573033707865 0.3261904761904762 0.21910112359550563
1 0.3952380952380952 0.22752808988764045 0.39404761904761904 0.3160112359550562 0.3630952380952381 0.31320224719101125 0.36547619047619045 0.2247191011235955
1 0.4452380952380952 0.26264044943820225 0.4392857142857143 0.3539325842696629 0.4726190476190476 0.3595505617977528 0.47619047619047616 0.26264044943820225
1 0.3142857142857143 0.32724719101123595 0.3119047619047619 0.4101123595505618 0.28095238095238095 0.40730337078651685 0.28809523809523807 0.32724719101123595
1 0.37023809523809526 0.3455056179775281 0.36904761904761907 0.42837078651685395 0.3976190476190476 0.42837078651685395 0.4 0.34691011235955055
1 0.3119047619047619 0.4353932584269663 0.30952380952380953 0.5210674157303371 0.2785714285714286 0.5168539325842697 0.2833333333333333 0.4353932584269663
1 0.35 0.44803370786516855 0.3523809523809524 0.5224719101123596 0.38095238095238093 0.523876404494382 0.38095238095238093 0.44803370786516855
1 0.27976190476190477 0.5547752808988764 0.2785714285714286 0.6376404494382022 0.30952380952380953 0.6376404494382022 0.30357142857142855 0.5533707865168539
1 0.3547619047619048 0.5842696629213483 0.35595238095238096 0.6657303370786517 0.38452380952380955 0.6657303370786517 0.38333333333333336 0.5856741573033708
1 0.3119047619047619 0.6713483146067416 0.3119047619047619 0.7485955056179775 0.2773809523809524 0.7485955056179775 0.27976190476190477 0.6699438202247191
1 0.3535714285714286 0.6896067415730337 0.3535714285714286 0.7724719101123596 0.3869047619047619 0.7724719101123596 0.3892857142857143 0.6896067415730337
1 0.3130952380952381 0.776685393258427 0.3107142857142857 0.8539325842696629 0.2785714285714286 0.8525280898876404 0.2833333333333333 0.773876404494382
1 0.3547619047619048 0.8033707865168539 0.35595238095238096 0.8792134831460674 0.3880952380952381 0.8806179775280899 0.38452380952380955 0.8019662921348315
1 0.5321428571428571 0.7893258426966292 0.5297619047619048 0.8553370786516854 0.5595238095238095 0.8553370786516854 0.5595238095238095 0.7893258426966292
1 0.7797619047619048 0.7528089887640449 0.780952380952381 0.8342696629213483 0.8095238095238095 0.8314606741573034 0.8119047619047619 0.7514044943820225
1 0.7738095238095238 0.6474719101123596 0.7773809523809524 0.7303370786516854 0.8047619047619048 0.7275280898876404 0.8047619047619048 0.6474719101123596
1 0.775 0.550561797752809 0.7738095238095238 0.6306179775280899 0.8047619047619048 0.6320224719101124 0.8071428571428572 0.5533707865168539
1 0.7690476190476191 0.45224719101123595 0.7702380952380953 0.5351123595505618 0.8130952380952381 0.5351123595505618 0.8142857142857143 0.4508426966292135
1 0.6404761904761904 0.27808988764044945 0.6476190476190476 0.36797752808988765 0.6797619047619048 0.3651685393258427 0.6761904761904762 0.2752808988764045
1 0.7047619047619048 0.15589887640449437 0.7047619047619048 0.22612359550561797 0.7345238095238096 0.2303370786516854 0.7380952380952381 0.15589887640449437
1 0.7761904761904762 0.3553370786516854 0.7785714285714286 0.4353932584269663 0.8071428571428572 0.43258426966292135 0.8047619047619048 0.35674157303370785
1 0.7702380952380953 0.23876404494382023 0.7738095238095238 0.31741573033707865 0.805952380952381 0.31741573033707865 0.8083333333333333 0.2401685393258427
1 0.7678571428571429 0.1151685393258427 0.7738095238095238 0.19662921348314608 0.8 0.1952247191011236 0.7988095238095239 0.11235955056179775
1 0.15476190476190477 0.2050561797752809 0.2130952380952381 0.18820224719101122 0.20714285714285716 0.16151685393258428 0.14523809523809525 0.17837078651685392
1 0.8535714285714285 0.09691011235955056 0.8523809523809524 0.18117977528089887 0.8797619047619047 0.18117977528089887 0.8809523809523809 0.09691011235955056