1 0.3107142857142857 0.17275280898876405 0.3107142857142857 0.24297752808988765 0.2833333333333333 0.2443820224719101 0.2845238095238095 0.17134831460674158
1 0.3880952380952381 0.2050561797752809 0.39285714285714285 0.2851123595505618 0.3607142857142857 0.28651685393258425 0.3619047619047619 0.2050561797752809
0 0.44166666666666665 0.07303370786516854 0.4261904761904762 0.23174157303370788 0.4642857142857143 0.23314606741573032 0.4738095238095238 0.07303370786516854
1 0.24047619047619048 0.44662921348314605 0.3130952380952381 0.4410112359550562 0.3119047619047619 0.40730337078651685 0.23809523809523808 0.40870786516853935
1 0.31666666666666665 0.42275280898876405 0.3380952380952381 0.4410112359550562 0.38095238095238093 0.36235955056179775 0.35714285714285715 0.3455056179775281
1 0.24047619047619048 0.49157303370786515 0.3119047619047619 0.48314606741573035 0.30714285714285716 0.4452247191011236 0.23809523809523808 0.45224719101123595
1 0.2357142857142857 0.5365168539325843 0.30714285714285716 0.5337078651685393 0.3047619047619048 0.5014044943820225 0.2357142857142857 0.5042134831460674
1 0.24642857142857144 0.5842696629213483 0.32261904761904764 0.5674157303370787 0.31666666666666665 0.5323033707865169 0.23809523809523808 0.5463483146067416
1 0.42142857142857143 0.7710674157303371 0.42142857142857143 0.8567415730337079 0.45476190476190476 0.8567415730337079 0.4523809523809524 0.7724719101123596
1 0.43214285714285716 0.6334269662921348 0.43214285714285716 0.7148876404494382 0.4642857142857143 0.7148876404494382 0.4642857142857143 0.6348314606741573
1 0.47619047619047616 0.6334269662921348 0.475 0.7162921348314607 0.5095238095238095 0.7191011235955056 0.5059523809523809 0.6334269662921348
1 0.4773809523809524 0.4859550561797753 0.4785714285714286 0.5716292134831461 0.5107142857142857 0.5674157303370787 0.5071428571428571 0.48735955056179775
1 0.47023809523809523 0.30196629213483145 0.47023809523809523 0.3848314606741573 0.5023809523809524 0.3848314606741573 0.5023809523809524 0.300561797752809
1 0.6488095238095238 0.41292134831460675 0.6523809523809524 0.4943820224719101 0.6845238095238095 0.4957865168539326 0.6845238095238095 0.41292134831460675
1 0.6523809523809524 0.6558988764044944 0.655952380952381 0.7373595505617978 0.6845238095238095 0.7401685393258427 0.6833333333333333 0.6544943820224719
1 0.7154761904761905 0.6783707865168539 0.7178571428571429 0.7654494382022472 0.75 0.7640449438202247 0.75 0.675561797752809
1 0.780952380952381 0.6811797752808989 0.7833333333333333 0.7570224719101124 0.8083333333333333 0.7584269662921348 0.8095238095238095 0.6797752808988764
1 0.7690476190476191 0.08848314606741572 0.7714285714285715 0.16713483146067415 0.8023809523809524 0.175561797752809 0.8035714285714286 0.09410112359550561