1 0.13214285714285715 0.5379213483146067 0.18333333333333332 0.5842696629213483 0.2011904761904762 0.5561797752808989 0.1488095238095238 0.5098314606741573
1 0.2 0.46629213483146065 0.22976190476190475 0.4747191011235955 0.24761904761904763 0.398876404494382 0.21785714285714286 0.39185393258426965
2 0.2976190476190476 0.3707865168539326 0.29523809523809524 0.45224719101123595 0.3261904761904762 0.4550561797752809 0.3261904761904762 0.3707865168539326
1 0.35 0.2991573033707865 0.35119047619047616 0.37640449438202245 0.37857142857142856 0.375 0.375 0.2991573033707865
1 0.39166666666666666 0.2542134831460674 0.39285714285714285 0.33707865168539325 0.42023809523809524 0.33707865168539325 0.4154761904761905 0.2556179775280899
1 0.4357142857142857 0.2640449438202247 0.4357142857142857 0.3553370786516854 0.4666666666666667 0.35252808988764045 0.4654761904761905 0.2640449438202247
3 0.17023809523809524 0.6938202247191011 0.25 0.6966292134831461 0.2488095238095238 0.6587078651685393 0.16785714285714284 0.6601123595505618
1 0.3523809523809524 0.6938202247191011 0.42023809523809524 0.6966292134831461 0.41904761904761906 0.6573033707865169 0.35 0.6544943820224719
1 0.49642857142857144 0.6867977528089888 0.5654761904761905 0.6867977528089888 0.5666666666666667 0.6474719101123596 0.49523809523809526 0.6502808988764045
1 0.5035714285714286 0.6109550561797753 0.5738095238095238 0.6137640449438202 0.575 0.5828651685393258 0.5023809523809524 0.577247191011236
1 0.5964285714285714 0.6193820224719101 0.669047619047619 0.6193820224719101 0.6702380952380952 0.5828651685393258 0.5988095238095238 0.5814606741573034
1 0.6928571428571428 0.6306179775280899 0.763095238095238 0.6306179775280899 0.7619047619047619 0.5955056179775281 0.694047619047619 0.5955056179775281
1 0.7797619047619048 0.6334269662921348 0.85 0.6362359550561798 0.8488095238095238 0.6025280898876404 0.7833333333333333 0.5969101123595506
1 0.5845238095238096 0.8230337078651685 0.6452380952380953 0.8202247191011236 0.6440476190476191 0.7865168539325843 0.5833333333333334 0.7893258426966292