1 0.4095238095238095 0.20786516853932585 0.44047619047619047 0.2205056179775281 0.4607142857142857 0.14887640449438203 0.4369047619047619 0.14185393258426968
2 0.07976190476190476 0.4297752808988764 0.1869047619047619 0.48174157303370785 0.1988095238095238 0.43258426966292135 0.09047619047619047 0.38342696629213485
1 0.09642857142857143 0.7303370786516854 0.11428571428571428 0.7556179775280899 0.15833333333333333 0.7036516853932584 0.1357142857142857 0.6797752808988764
1 0.2511904761904762 0.6460674157303371 0.28095238095238095 0.6587078651685393 0.30357142857142855 0.5758426966292135 0.2773809523809524 0.5617977528089888
1 0.24285714285714285 0.8469101123595506 0.275 0.8637640449438202 0.3011904761904762 0.7752808988764045 0.2714285714285714 0.7640449438202247
1 0.36666666666666664 0.7120786516853933 0.39285714285714285 0.726123595505618 0.4166666666666667 0.6601123595505618 0.3904761904761905 0.6474719101123596
1 0.3880952380952381 0.8047752808988764 0.4154761904761905 0.8174157303370787 0.44047619047619047 0.7387640449438202 0.4142857142857143 0.7289325842696629
1 0.6654761904761904 0.2991573033707865 0.6988095238095238 0.22893258426966293 0.725 0.24859550561797752 0.6928571428571428 0.31741573033707865
1 0.8380952380952381 0.10533707865168539 0.8202380952380952 0.1797752808988764 0.8452380952380952 0.18679775280898878 0.8678571428571429 0.10814606741573034
1 0.830952380952381 0.21207865168539325 0.819047619047619 0.28651685393258425 0.8452380952380952 0.29634831460674155 0.8607142857142858 0.22191011235955055
1 0.7321428571428571 0.37359550561797755 0.7595238095238095 0.38764044943820225 0.7869047619047619 0.3160112359550562 0.7571428571428571 0.3061797752808989
1 0.8142857142857143 0.324438202247191 0.8583333333333333 0.2808988764044944 0.8833333333333333 0.3089887640449438 0.844047619047619 0.36235955056179775
1 0.763095238095238 0.4002808988764045 0.7964285714285714 0.43258426966292135 0.830952380952381 0.3693820224719101 0.8023809523809524 0.34691011235955055
1 0.8261904761904761 0.46629213483146065 0.8583333333333333 0.4789325842696629 0.8833333333333333 0.39325842696629215 0.8559523809523809 0.38202247191011235
1 0.7892857142857143 0.2205056179775281 0.7666666666666667 0.29634831460674155 0.7916666666666666 0.3089887640449438 0.8107142857142857 0.22612359550561797