1 0.1130952380952381 0.40870786516853935 0.20238095238095238 0.40870786516853935 0.1976190476190476 0.3651685393258427 0.11071428571428571 0.3707865168539326
1 0.12738095238095237 0.4705056179775281 0.20714285714285716 0.46769662921348315 0.20714285714285716 0.425561797752809 0.1261904761904762 0.42837078651685395
1 0.12857142857142856 0.5379213483146067 0.2119047619047619 0.5323033707865169 0.2119047619047619 0.49157303370786515 0.1261904761904762 0.49297752808988765
1 0.12023809523809524 0.7148876404494382 0.20595238095238094 0.7106741573033708 0.20595238095238094 0.6615168539325843 0.11904761904761904 0.6685393258426966
1 0.12857142857142856 0.7879213483146067 0.21071428571428572 0.7851123595505618 0.2154761904761905 0.7387640449438202 0.12738095238095237 0.7429775280898876
1 0.125 0.851123595505618 0.2119047619047619 0.8469101123595506 0.2119047619047619 0.7991573033707865 0.12380952380952381 0.8075842696629213
1 0.3404761904761905 0.6839887640449438 0.3476190476190476 0.7837078651685393 0.3880952380952381 0.7851123595505618 0.38333333333333336 0.6797752808988764
1 0.39404761904761904 0.6853932584269663 0.3964285714285714 0.7851123595505618 0.4357142857142857 0.7837078651685393 0.42857142857142855 0.6825842696629213
1 0.6416666666666667 0.6601123595505618 0.6416666666666667 0.7626404494382022 0.6785714285714286 0.7626404494382022 0.6738095238095239 0.6587078651685393
1 0.6880952380952381 0.6657303370786517 0.6904761904761905 0.7794943820224719 0.7261904761904762 0.7794943820224719 0.725 0.6657303370786517
1 0.7428571428571429 0.6643258426966292 0.7511904761904762 0.7626404494382022 0.7869047619047619 0.7570224719101124 0.7904761904761904 0.6671348314606742
1 0.7892857142857143 0.6601123595505618 0.8011904761904762 0.7528089887640449 0.830952380952381 0.75 0.825 0.651685393258427
1 0.844047619047619 0.6671348314606742 0.8488095238095238 0.7514044943820225 0.8797619047619047 0.75 0.8785714285714286 0.6629213483146067
1 0.3726190476190476 0.375 0.3678571428571429 0.4803370786516854 0.33095238095238094 0.476123595505618 0.3380952380952381 0.3707865168539326
1 0.425 0.3595505617977528 0.425 0.44803370786516855 0.3892857142857143 0.44662921348314605 0.38452380952380955 0.35814606741573035
1 0.44285714285714284 0.35252808988764045 0.44285714285714284 0.44803370786516855 0.475 0.44662921348314605 0.47619047619047616 0.351123595505618
1 0.49166666666666664 0.35252808988764045 0.4928571428571429 0.4508426966292135 0.530952380952381 0.4508426966292135 0.5297619047619048 0.351123595505618
1 0.5428571428571428 0.351123595505618 0.5428571428571428 0.45224719101123595 0.5833333333333334 0.4508426966292135 0.5797619047619048 0.34691011235955055
1 0.594047619047619 0.3497191011235955 0.5976190476190476 0.45365168539325845 0.6357142857142857 0.45224719101123595 0.6333333333333333 0.34831460674157305
1 0.6476190476190476 0.3497191011235955 0.6464285714285715 0.44803370786516855 0.6785714285714286 0.44662921348314605 0.6773809523809524 0.3497191011235955
1 0.7428571428571429 0.34691011235955055 0.7440476190476191 0.4438202247191011 0.7821428571428571 0.4438202247191011 0.7797619047619048 0.3455056179775281
1 0.794047619047619 0.3455056179775281 0.794047619047619 0.44241573033707865 0.8321428571428572 0.4438202247191011 0.8297619047619048 0.34691011235955055
1 0.875 0.351123595505618 0.875 0.44662921348314605 0.8416666666666667 0.4452247191011236 0.8416666666666667 0.3497191011235955