1 0.17857142857142858 0.12078651685393259 0.23809523809523808 0.18117977528089887 0.26071428571428573 0.1502808988764045 0.20476190476190476 0.09550561797752809
1 0.0869047619047619 0.2654494382022472 0.15595238095238095 0.273876404494382 0.15833333333333333 0.23595505617977527 0.09404761904761905 0.22612359550561797
1 0.12142857142857143 0.36657303370786515 0.1976190476190476 0.3637640449438202 0.19642857142857142 0.32303370786516855 0.12023809523809524 0.3258426966292135
1 0.36904761904761907 0.19241573033707865 0.4452380952380952 0.17696629213483145 0.44047619047619047 0.13904494382022473 0.3630952380952381 0.1544943820224719
1 0.36666666666666664 0.22752808988764045 0.3869047619047619 0.3202247191011236 0.4238095238095238 0.3089887640449438 0.4035714285714286 0.2148876404494382
1 0.4238095238095238 0.2345505617977528 0.444047619047619 0.32724719101123595 0.4797619047619048 0.3188202247191011 0.4630952380952381 0.22331460674157302
1 0.49523809523809526 0.2401685393258427 0.4988095238095238 0.32865168539325845 0.5357142857142857 0.32865168539325845 0.530952380952381 0.23735955056179775
1 0.5392857142857143 0.2542134831460674 0.5464285714285714 0.3356741573033708 0.580952380952381 0.33146067415730335 0.5738095238095238 0.24859550561797752
1 0.780952380952381 0.22682584269662923 0.04047619047619048 0.10814606741573034
1 0.7678571428571429 0.2949438202247191 0.7738095238095238 0.38764044943820225 0.8095238095238095 0.38764044943820225 0.8035714285714286 0.29353932584269665
1 0.8464285714285714 0.2710674157303371 0.8452380952380952 0.36797752808988765 0.8785714285714286 0.3693820224719101 0.8857142857142857 0.27247191011235955
1 0.8488095238095238 0.7176966292134831 0.8511904761904762 0.8047752808988764 0.8797619047619047 0.8061797752808989 0.8797619047619047 0.7176966292134831
1 0.7976190476190477 0.7036516853932584 0.8 0.8047752808988764 0.8369047619047619 0.8033707865168539 0.8321428571428572 0.7050561797752809
1 0.7845238095238095 0.6980337078651685 0.7869047619047619 0.7991573033707865 0.7488095238095238 0.800561797752809 0.7476190476190476 0.7008426966292135
1 0.6821428571428572 0.7078651685393258 0.6785714285714286 0.8103932584269663 0.6523809523809524 0.8075842696629213 0.6523809523809524 0.7106741573033708
1 0.5976190476190476 0.7120786516853933 0.6011904761904762 0.8174157303370787 0.6404761904761904 0.8160112359550562 0.6392857142857142 0.7120786516853933
1 0.5416666666666666 0.7120786516853933 0.544047619047619 0.8117977528089888 0.5845238095238096 0.8103932584269663 0.5845238095238096 0.7092696629213483
1 0.5333333333333333 0.7120786516853933 0.5357142857142857 0.8117977528089888 0.49642857142857144 0.8117977528089888 0.4988095238095238 0.7120786516853933
1 0.4785714285714286 0.7134831460674157 0.4785714285714286 0.8103932584269663 0.44761904761904764 0.8089887640449438 0.4488095238095238 0.7134831460674157
1 0.4261904761904762 0.7176966292134831 0.4261904761904762 0.8075842696629213 0.3869047619047619 0.8075842696629213 0.38571428571428573 0.7191011235955056
1 0.3345238095238095 0.7359550561797753 0.33214285714285713 0.8342696629213483 0.36904761904761907 0.8398876404494382 0.3738095238095238 0.7317415730337079
1 0.11428571428571428 0.7696629213483146 0.2011904761904762 0.7682584269662921 0.2011904761904762 0.7303370786516854 0.11190476190476191 0.7317415730337079
1 0.11904761904761904 0.8356741573033708 0.20357142857142857 0.8300561797752809 0.20357142857142857 0.7907303370786517 0.11904761904761904 0.7949438202247191