1 0.22380952380952382 0.18398876404494383 0.3 0.18398876404494383 0.3011904761904762 0.14747191011235955 0.22380952380952382 0.1446629213483146
1 0.21071428571428572 0.23876404494382023 0.2904761904761905 0.2401685393258427 0.2916666666666667 0.20365168539325842 0.2119047619047619 0.20084269662921347
1 0.19166666666666668 0.29213483146067415 0.2773809523809524 0.29634831460674155 0.27976190476190477 0.2542134831460674 0.19285714285714287 0.25
1 0.2904761904761905 0.2710674157303371 0.30714285714285716 0.3047752808988764 0.38333333333333336 0.26264044943820225 0.36904761904761907 0.22752808988764045
1 0.19523809523809524 0.3792134831460674 0.27976190476190477 0.38342696629213485 0.28214285714285714 0.34129213483146065 0.1976190476190476 0.32724719101123595
1 0.20952380952380953 0.4199438202247191 0.22380952380952382 0.4592696629213483 0.3011904761904762 0.4241573033707865 0.2916666666666667 0.39185393258426965
2 0.18571428571428572 0.5154494382022472 0.30357142857142855 0.5308988764044944 0.30833333333333335 0.48735955056179775 0.19047619047619047 0.46769662921348315
1 0.18095238095238095 0.5856741573033708 0.2773809523809524 0.5870786516853933 0.2761904761904762 0.5463483146067416 0.18214285714285713 0.5491573033707865
1 0.20476190476190476 0.6530898876404494 0.26785714285714285 0.6404494382022472 0.2630952380952381 0.6053370786516854 0.1988095238095238 0.6179775280898876
1 0.3142857142857143 0.574438202247191 0.34523809523809523 0.601123595505618 0.3976190476190476 0.5140449438202247 0.37023809523809526 0.49297752808988765
1 0.4297619047619048 0.44803370786516855 0.4226190476190476 0.550561797752809 0.4642857142857143 0.5575842696629213 0.46904761904761905 0.449438202247191
1 0.34523809523809523 0.7429775280898876 0.3202380952380952 0.8328651685393258 0.28214285714285714 0.8174157303370787 0.3119047619047619 0.7317415730337079
1 0.45357142857142857 0.6769662921348315 0.44642857142857145 0.7823033707865169 0.4857142857142857 0.7879213483146067 0.48928571428571427 0.6783707865168539
1 0.6130952380952381 0.7921348314606742 0.6130952380952381 0.8778089887640449 0.6440476190476191 0.8792134831460674 0.6440476190476191 0.7949438202247191
1 0.6857142857142857 0.42696629213483145 0.6738095238095239 0.5224719101123596 0.7107142857142857 0.5308988764044944 0.725 0.4339887640449438
1 0.7309523809523809 0.18820224719101122 0.7261904761904762 0.2808988764044944 0.7619047619047619 0.2851123595505618 0.7690476190476191 0.1896067415730337
1 0.8345238095238096 0.4901685393258427 0.8333333333333334 0.5870786516853933 0.8702380952380953 0.5884831460674157 0.8678571428571429 0.49157303370786515
1 0.8357142857142857 0.6292134831460674 0.8321428571428572 0.7345505617977528 0.8666666666666667 0.7401685393258427 0.8726190476190476 0.6320224719101124
1 0.8261904761904761 0.7626404494382022 0.8226190476190476 0.8721910112359551 0.8630952380952381 0.875 0.8607142857142858 0.7668539325842697