1 0.23809523809523808 0.6278089887640449 0.3202380952380952 0.6376404494382022 0.32261904761904764 0.5997191011235955 0.24404761904761904 0.5870786516853933
1 0.21785714285714286 0.7008426966292135 0.3011904761904762 0.6980337078651685 0.2976190476190476 0.6615168539325843 0.21785714285714286 0.6587078651685393
1 0.20952380952380953 0.7584269662921348 0.29404761904761906 0.7570224719101124 0.29285714285714287 0.726123595505618 0.21071428571428572 0.7162921348314607
1 0.19047619047619047 0.8146067415730337 0.2785714285714286 0.8216292134831461 0.28095238095238095 0.7808988764044944 0.19642857142857142 0.7682584269662921
1 0.3011904761904762 0.8300561797752809 0.38333333333333336 0.7893258426966292 0.36666666666666664 0.7485955056179775 0.2892857142857143 0.7921348314606742
1 0.5226190476190476 0.5758426966292135 0.5107142857142857 0.6685393258426966 0.5488095238095239 0.6783707865168539 0.5630952380952381 0.5814606741573034
1 0.38571428571428573 0.46629213483146065 0.38333333333333336 0.5688202247191011 0.42023809523809524 0.5688202247191011 0.4238095238095238 0.46769662921348315
1 0.3869047619047619 0.44241573033707865 0.425 0.449438202247191 0.4392857142857143 0.351123595505618 0.4011904761904762 0.34129213483146065
1 0.44285714285714284 0.25140449438202245 0.44047619047619047 0.3356741573033708 0.4083333333333333 0.3300561797752809 0.4107142857142857 0.25
1 0.4988095238095238 0.27808988764044945 0.4869047619047619 0.38342696629213485 0.4488095238095238 0.37359550561797755 0.4630952380952381 0.273876404494382
1 0.594047619047619 0.7808988764044944 0.6369047619047619 0.8398876404494382 0.6607142857142857 0.8174157303370787 0.6190476190476191 0.7556179775280899
1 0.7785714285714286 0.35252808988764045 0.7702380952380953 0.4508426966292135 0.8035714285714286 0.4508426966292135 0.8142857142857143 0.3595505617977528