1 0.8666666666666667 0.22612359550561797 0.9 0.22191011235955055 0.888095238095238 0.13623595505617977 0.8535714285714285 0.13904494382022473
1 0.8119047619047619 0.24297752808988765 0.8428571428571429 0.23735955056179775 0.8571428571428571 0.3300561797752809 0.8238095238095238 0.3356741573033708
1 0.7761904761904762 0.42275280898876405 0.8119047619047619 0.41713483146067415 0.8202380952380952 0.5224719101123596 0.7845238095238095 0.5294943820224719
1 0.8380952380952381 0.5842696629213483 0.875 0.5800561797752809 0.8845238095238095 0.6839887640449438 0.8464285714285714 0.6896067415730337
1 0.6833333333333333 0.4943820224719101 0.7226190476190476 0.4943820224719101 0.7273809523809524 0.5997191011235955 0.6880952380952381 0.601123595505618
1 0.6297619047619047 0.4887640449438202 0.6678571428571428 0.4887640449438202 0.669047619047619 0.5884831460674157 0.6333333333333333 0.5898876404494382
1 0.7428571428571429 0.6348314606741573 0.780952380952381 0.6306179775280899 0.7880952380952381 0.7387640449438202 0.7511904761904762 0.7443820224719101
1 0.7964285714285714 0.7626404494382022 0.8404761904761905 0.7584269662921348 0.8452380952380952 0.8693820224719101 0.805952380952381 0.8707865168539326
1 0.6892857142857143 0.6446629213483146 0.7261904761904762 0.6432584269662921 0.7285714285714285 0.7401685393258427 0.694047619047619 0.7429775280898876
1 0.6404761904761904 0.6502808988764045 0.6773809523809524 0.6502808988764045 0.6773809523809524 0.7485955056179775 0.6404761904761904 0.7485955056179775
1 0.694047619047619 0.7865168539325843 0.7333333333333333 0.7851123595505618 0.7345238095238096 0.8778089887640449 0.6952380952380952 0.8806179775280899