1 0.10952380952380952 0.21910112359550563 0.14404761904761904 0.21769662921348315 0.14404761904761904 0.11797752808988764 0.10238095238095238 0.11797752808988764
1 0.15357142857142858 0.3553370786516854 0.19285714285714287 0.35252808988764045 0.19285714285714287 0.25 0.15119047619047618 0.25
1 0.21071428571428572 0.2794943820224719 0.2488095238095238 0.2752808988764045 0.24523809523809523 0.1797752808988764 0.20952380952380953 0.1797752808988764
1 0.2130952380952381 0.32303370786516855 0.2523809523809524 0.3188202247191011 0.2571428571428571 0.4199438202247191 0.2154761904761905 0.4241573033707865
1 0.11666666666666667 0.44662921348314605 0.15476190476190477 0.43820224719101125 0.14761904761904762 0.3342696629213483 0.11190476190476191 0.33848314606741575
1 0.11666666666666667 0.5870786516853933 0.16071428571428573 0.5870786516853933 0.16071428571428573 0.4803370786516854 0.12023809523809524 0.4789325842696629
1 0.1630952380952381 0.44662921348314605 0.16547619047619047 0.5547752808988764 0.20476190476190476 0.5561797752808989 0.20357142857142857 0.4452247191011236
1 0.22142857142857142 0.4747191011235955 0.22738095238095238 0.5828651685393258 0.2642857142857143 0.5800561797752809 0.25833333333333336 0.47191011235955055
1 0.1130952380952381 0.6179775280898876 0.1523809523809524 0.6151685393258427 0.15595238095238095 0.726123595505618 0.11547619047619048 0.7275280898876404
1 0.17261904761904762 0.6404494382022472 0.2130952380952381 0.6362359550561798 0.21904761904761905 0.7542134831460674 0.175 0.7570224719101124
1 0.22976190476190475 0.6264044943820225 0.2654761904761905 0.6221910112359551 0.2714285714285714 0.7345505617977528 0.23333333333333334 0.7359550561797753
1 0.11785714285714285 0.8061797752808989 0.15833333333333333 0.8061797752808989 0.15714285714285714 0.8904494382022472 0.11666666666666667 0.8932584269662921
1 0.18452380952380953 0.8047752808988764 0.22857142857142856 0.8047752808988764 0.2261904761904762 0.9002808988764045 0.1869047619047619 0.9002808988764045
1 0.2357142857142857 0.7865168539325843 0.2785714285714286 0.7823033707865169 0.2833333333333333 0.8834269662921348 0.24047619047619048 0.8890449438202247
1 0.48928571428571427 0.5589887640449438 0.5345238095238095 0.5519662921348315 0.5464285714285714 0.6811797752808989 0.5011904761904762 0.6896067415730337
0 0.555952380952381 0.19101123595505617 0.6059523809523809 0.1896067415730337 0.6297619047619047 0.449438202247191 0.5726190476190476 0.45365168539325845