0 0.46785714285714286 0.20365168539325842 0.4630952380952381 0.007022471910112359 0.425 0.007022471910112359 0.4297619047619048 0.20365168539325842
1 0.49583333333333335 0.20926966292134833 0.036904761904761905 0.09269662921348315
1 0.5386904761904762 0.1601123595505618 0.02738095238095238 0.06460674157303371
1 0.5410714285714285 0.2478932584269663 0.02976190476190476 0.07443820224719101
1 0.5827380952380953 0.2928370786516854 0.02738095238095238 0.07724719101123595
2 0.49404761904761907 0.33848314606741575 0.0380952380952381 0.11797752808988764
1 0.45476190476190476 0.2612359550561798 0.02857142857142857 0.07865168539325842
1 0.5375 0.3497191011235955 0.02738095238095238 0.07865168539325842
1 0.5904761904761905 0.4080056179775281 0.030952380952380953 0.07724719101123595
1 0.5869047619047619 0.5287921348314607 0.02619047619047619 0.07724719101123595
1 0.5416666666666666 0.4789325842696629 0.02857142857142857 0.07865168539325842
1 0.493452380952381 0.4768258426966292 0.03214285714285714 0.07443820224719101
1 0.4529761904761905 0.46769662921348315 0.03214285714285714 0.08146067415730338
1 0.4529761904761905 0.3728932584269663 0.03214285714285714 0.08286516853932584
1 0.5375 0.6193820224719101 0.02976190476190476 0.07865168539325842
1 0.5904761904761905 0.639747191011236 0.02619047619047619 0.08286516853932584
1 0.5369047619047619 0.7310393258426966 0.030952380952380953 0.07724719101123595
1 0.49583333333333335 0.6095505617977528 0.02976190476190476 0.08146067415730338
1 0.45357142857142857 0.5674157303370787 0.02857142857142857 0.08146067415730338
1 0.44642857142857145 0.6678370786516854 0.03333333333333333 0.08286516853932584
1 0.493452380952381 0.7282303370786517 0.03214285714285714 0.07162921348314606
1 0.5880952380952381 0.7450842696629213 0.03333333333333333 0.08567415730337079
1 0.5863095238095238 0.8539325842696629 0.03214285714285714 0.08146067415730338
1 0.5375 0.8356741573033708 0.02976190476190476 0.08146067415730338
1 0.49107142857142855 0.824438202247191 0.034523809523809526 0.08426966292134831
1 0.44821428571428573 0.8160112359550562 0.034523809523809526 0.07865168539325842