1 0.22738095238095238 0.4410112359550562 0.06190476190476191 0.028089887640449437
1 0.18928571428571428 0.4943820224719101 0.2571428571428571 0.49859550561797755 0.25952380952380955 0.46629213483146065 0.19404761904761905 0.4592696629213483
1 0.17976190476190476 0.5379213483146067 0.25476190476190474 0.5393258426966292 0.25595238095238093 0.5070224719101124 0.18333333333333332 0.5042134831460674
1 0.25476190476190474 0.5800561797752809 0.1773809523809524 0.5758426966292135 0.17857142857142858 0.5435393258426966 0.2571428571428571 0.5449438202247191
1 0.1773809523809524 0.6137640449438202 0.24404761904761904 0.6221910112359551 0.2488095238095238 0.5870786516853933 0.18452380952380953 0.5786516853932584
1 0.1738095238095238 0.6643258426966292 0.24166666666666667 0.6713483146067416 0.24523809523809523 0.6334269662921348 0.1761904761904762 0.6278089887640449
1 0.4607142857142857 0.6643258426966292 0.4595238095238095 0.7401685393258427 0.4880952380952381 0.7387640449438202 0.4880952380952381 0.6615168539325843
1 0.6011904761904762 0.5547752808988764 0.6023809523809524 0.6362359550561798 0.6261904761904762 0.6348314606741573 0.6273809523809524 0.5547752808988764
1 0.6595238095238095 0.6825842696629213 0.6619047619047619 0.7780898876404494 0.694047619047619 0.7808988764044944 0.6928571428571428 0.6797752808988764
1 0.6571428571428571 0.37640449438202245 0.6583333333333333 0.4508426966292135 0.6904761904761905 0.4508426966292135 0.6892857142857143 0.37359550561797755
1 0.6619047619047619 0.26264044943820225 0.6607142857142857 0.3398876404494382 0.6916666666666667 0.34269662921348315 0.6904761904761905 0.2612359550561798
1 0.6511904761904762 0.16151685393258428 0.638095238095238 0.23174157303370788 0.6630952380952381 0.2401685393258427 0.6773809523809524 0.16713483146067415
1 0.4988095238095238 0.7345505617977528 0.4988095238095238 0.8230337078651685 0.5345238095238095 0.8258426966292135 0.5321428571428571 0.7303370786516854