1 0.5261904761904762 0.3202247191011236 0.5238095238095238 0.4044943820224719 0.5547619047619048 0.4058988764044944 0.5583333333333333 0.32162921348314605
1 0.6345238095238095 0.23735955056179775 0.6345238095238095 0.3146067415730337 0.6654761904761904 0.31741573033707865 0.6666666666666666 0.23735955056179775
1 0.6785714285714286 0.24719101123595505 0.6785714285714286 0.33146067415730335 0.705952380952381 0.32865168539325845 0.7047619047619048 0.24719101123595505
1 0.680952380952381 0.11657303370786516 0.6797619047619048 0.1797752808988764 0.705952380952381 0.17837078651685392 0.7035714285714286 0.1151685393258427
1 0.6297619047619047 0.13342696629213482 0.6285714285714286 0.20786516853932585 0.6583333333333333 0.20646067415730338 0.6595238095238095 0.13342696629213482
1 0.5238095238095238 0.11095505617977527 0.5238095238095238 0.18679775280898878 0.5535714285714286 0.1853932584269663 0.5523809523809524 0.11095505617977527
1 0.49166666666666664 0.11235955056179775 0.48928571428571427 0.1896067415730337 0.5178571428571429 0.1896067415730337 0.5178571428571429 0.11235955056179775
1 0.625 0.37219101123595505 0.6226190476190476 0.45646067415730335 0.6511904761904762 0.45646067415730335 0.6535714285714286 0.375
1 0.6797619047619048 0.35814606741573035 0.6785714285714286 0.4311797752808989 0.705952380952381 0.4311797752808989 0.7047619047619048 0.3595505617977528
1 0.6785714285714286 0.44662921348314605 0.675 0.5294943820224719 0.7071428571428572 0.5294943820224719 0.7083333333333334 0.44662921348314605
1 0.6261904761904762 0.47752808988764045 0.6261904761904762 0.5463483146067416 0.6535714285714286 0.5463483146067416 0.6535714285714286 0.4803370786516854
1 0.6297619047619047 0.5702247191011236 0.6285714285714286 0.6544943820224719 0.6607142857142857 0.6530898876404494 0.6619047619047619 0.5702247191011236
1 0.669047619047619 0.5617977528089888 0.669047619047619 0.648876404494382 0.7023809523809523 0.6460674157303371 0.7047619047619048 0.5603932584269663
1 0.6726190476190477 0.6769662921348315 0.6738095238095239 0.7570224719101124 0.6988095238095238 0.7542134831460674 0.7011904761904761 0.6783707865168539
1 0.6238095238095238 0.6867977528089888 0.6226190476190476 0.7794943820224719 0.655952380952381 0.7808988764044944 0.6571428571428571 0.6867977528089888
2 0.6321428571428571 0.8033707865168539 0.6297619047619047 0.8778089887640449 0.6571428571428571 0.8806179775280899 0.6607142857142857 0.8033707865168539
1 0.6738095238095239 0.797752808988764 0.675 0.8792134831460674 0.705952380952381 0.8778089887640449 0.7047619047619048 0.7963483146067416
1 0.5107142857142857 0.547752808988764 0.5095238095238095 0.6306179775280899 0.5392857142857143 0.6306179775280899 0.5392857142857143 0.5463483146067416
1 0.4773809523809524 0.398876404494382 0.4726190476190476 0.476123595505618 0.5023809523809524 0.476123595505618 0.5035714285714286 0.39747191011235955
1 0.3053571428571429 0.17696629213483145 0.025 0.0702247191011236