1 0.5023809523809524 0.20224719101123595 0.5 0.2794943820224719 0.525 0.2808988764044944 0.5261904761904762 0.20365168539325842
1 0.4880952380952381 0.37640449438202245 0.4857142857142857 0.4550561797752809 0.5202380952380953 0.4550561797752809 0.5202380952380953 0.3792134831460674
1 0.6523809523809524 0.17837078651685392 0.6511904761904762 0.2598314606741573 0.6857142857142857 0.2612359550561798 0.6845238095238095 0.17837078651685392
1 0.6928571428571428 0.22893258426966293 0.694047619047619 0.2949438202247191 0.7202380952380952 0.29353932584269665 0.7202380952380952 0.22893258426966293
1 0.4988095238095238 0.5955056179775281 0.49642857142857144 0.6741573033707865 0.5202380952380953 0.6741573033707865 0.5238095238095238 0.598314606741573
1 0.6892857142857143 0.7064606741573034 0.6880952380952381 0.7921348314606742 0.7214285714285714 0.7907303370786517 0.719047619047619 0.7050561797752809
2 0.6476190476190476 0.7668539325842697 0.6476190476190476 0.848314606741573 0.6738095238095239 0.8469101123595506 0.6738095238095239 0.7654494382022472
1 0.25595238095238093 0.7570224719101124 0.3261904761904762 0.7570224719101124 0.3261904761904762 0.7219101123595506 0.2571428571428571 0.7219101123595506
1 0.25952380952380955 0.7176966292134831 0.32261904761904764 0.7191011235955056 0.3238095238095238 0.6853932584269663 0.26071428571428573 0.6825842696629213
1 0.26904761904761904 0.672752808988764 0.3333333333333333 0.6699438202247191 0.33214285714285713 0.6334269662921348 0.26666666666666666 0.6376404494382022
1 0.28809523809523807 0.5632022471910112 0.3380952380952381 0.5070224719101124 0.31547619047619047 0.48314606741573035 0.26785714285714285 0.5379213483146067
1 0.3047619047619048 0.4845505617977528 0.35 0.43258426966292135 0.3273809523809524 0.41151685393258425 0.28095238095238095 0.46348314606741575
1 0.29642857142857143 0.425561797752809 0.35714285714285715 0.38342696629213485 0.3392857142857143 0.3539325842696629 0.2833333333333333 0.39325842696629215
1 0.2892857142857143 0.37359550561797755 0.3464285714285714 0.3497191011235955 0.33690476190476193 0.3202247191011236 0.28095238095238095 0.34269662921348315