1 0.11666666666666667 0.29775280898876405 0.17857142857142858 0.2612359550561798 0.16666666666666666 0.23314606741573032 0.10357142857142858 0.2654494382022472
1 0.14761904761904762 0.3342696629213483 0.2119047619047619 0.29634831460674155 0.2 0.26825842696629215 0.13452380952380952 0.3061797752808989
1 0.14047619047619048 0.23314606741573032 0.19047619047619047 0.20365168539325842 0.17857142857142858 0.175561797752809 0.12976190476190477 0.20786516853932585
1 0.11071428571428571 0.21207865168539325 0.16547619047619047 0.175561797752809 0.15357142857142858 0.14606741573033707 0.1 0.17837078651685392
1 0.5488095238095239 0.33707865168539325 0.5476190476190477 0.42275280898876405 0.5773809523809523 0.42275280898876405 0.580952380952381 0.33848314606741575
1 0.6214285714285714 0.2598314606741573 0.6261904761904762 0.3300561797752809 0.65 0.32724719101123595 0.6488095238095238 0.25702247191011235
1 0.6261904761904762 0.3398876404494382 0.6297619047619047 0.4058988764044944 0.6535714285714286 0.4044943820224719 0.6523809523809524 0.3398876404494382
1 0.6226190476190476 0.42837078651685395 0.6214285714285714 0.5028089887640449 0.6464285714285715 0.5042134831460674 0.6488095238095238 0.42837078651685395
1 0.6238095238095238 0.5379213483146067 0.6226190476190476 0.6179775280898876 0.6488095238095238 0.6193820224719101 0.65 0.5379213483146067
1 0.5523809523809524 0.5463483146067416 0.55 0.6320224719101124 0.5785714285714286 0.6320224719101124 0.5785714285714286 0.5463483146067416
1 0.5047619047619047 0.6348314606741573 0.5047619047619047 0.7064606741573034 0.5297619047619048 0.7036516853932584 0.530952380952381 0.6348314606741573
1 0.6178571428571429 0.6811797752808989 0.6166666666666667 0.7682584269662921 0.6428571428571429 0.7668539325842697 0.6440476190476191 0.6811797752808989
1 0.675 0.5547752808988764 0.6738095238095239 0.6362359550561798 0.6988095238095238 0.6390449438202247 0.7011904761904761 0.5547752808988764
1 0.7214285714285714 0.5280898876404494 0.7202380952380952 0.5997191011235955 0.7488095238095238 0.598314606741573 0.7476190476190476 0.5280898876404494
1 0.7654761904761904 0.5028089887640449 0.7642857142857142 0.574438202247191 0.7928571428571428 0.5730337078651685 0.7916666666666666 0.5028089887640449
1 0.7154761904761905 0.6278089887640449 0.7154761904761905 0.723314606741573 0.7452380952380953 0.7205056179775281 0.7452380952380953 0.6292134831460674
1 0.5452380952380952 0.7542134831460674 0.5464285714285714 0.8174157303370787 0.5714285714285714 0.8188202247191011 0.5714285714285714 0.7542134831460674
1 0.8095238095238095 0.16292134831460675 0.7833333333333333 0.22331460674157302 0.805952380952381 0.2345505617977528 0.8321428571428572 0.17275280898876405
1 0.669047619047619 0.7837078651685393 0.7 0.7823033707865169 0.6952380952380952 0.699438202247191 0.669047619047619 0.7008426966292135