1 0.2892857142857143 0.16432584269662923 0.31666666666666665 0.2303370786516854 0.3404761904761905 0.21348314606741572 0.30952380952380953 0.15168539325842698
1 0.3130952380952381 0.11376404494382023 0.3333333333333333 0.18679775280898878 0.35595238095238096 0.17837078651685392 0.3357142857142857 0.10674157303370786
1 0.34285714285714286 0.09550561797752809 0.35833333333333334 0.16853932584269662 0.3821428571428571 0.16432584269662923 0.36666666666666664 0.0898876404494382
1 0.2511904761904762 0.27668539325842695 0.29642857142857143 0.23735955056179775 0.3119047619047619 0.25842696629213485 0.2654761904761905 0.2991573033707865
1 0.17261904761904762 0.34691011235955055 0.21785714285714286 0.3047752808988764 0.2357142857142857 0.3258426966292135 0.19166666666666668 0.37359550561797755
1 0.20714285714285716 0.4789325842696629 0.24642857142857144 0.5252808988764045 0.2642857142857143 0.5070224719101124 0.22857142857142856 0.45646067415730335
1 0.5178571428571429 0.6601123595505618 0.5642857142857143 0.6137640449438202 0.5821428571428572 0.6362359550561798 0.5333333333333333 0.6839887640449438
1 0.5904761904761905 0.5969101123595506 0.6357142857142857 0.550561797752809 0.6511904761904762 0.5730337078651685 0.6071428571428571 0.6165730337078652
1 0.444047619047619 0.7373595505617978 0.4928571428571429 0.6853932584269663 0.513095238095238 0.7148876404494382 0.4654761904761905 0.7640449438202247
1 0.4988095238095238 0.7415730337078652 0.5452380952380952 0.7064606741573034 0.5607142857142857 0.726123595505618 0.5166666666666667 0.7752808988764045
1 0.36904761904761907 0.7443820224719101 0.41785714285714287 0.6938202247191011 0.44166666666666665 0.7247191011235955 0.3880952380952381 0.7780898876404494
1 0.37976190476190474 0.8033707865168539 0.42738095238095236 0.7514044943820225 0.44642857142857145 0.7780898876404494 0.3976190476190476 0.827247191011236
1 0.4083333333333333 0.8328651685393258 0.4583333333333333 0.7851123595505618 0.4773809523809524 0.8089887640449438 0.42857142857142855 0.8609550561797753
1 0.28095238095238095 0.8370786516853933 0.32857142857142857 0.7851123595505618 0.3464285714285714 0.8075842696629213 0.2988095238095238 0.8581460674157303
1 0.3142857142857143 0.8806179775280899 0.3619047619047619 0.8286516853932584 0.37976190476190474 0.851123595505618 0.33214285714285713 0.901685393258427
2 0.4726190476190476 0.6362359550561798 0.5380952380952381 0.5716292134831461 0.5619047619047619 0.601123595505618 0.4928571428571429 0.6671348314606742
0 0.5547619047619048 0.675561797752809 0.6857142857142857 0.5407303370786517 0.7154761904761905 0.574438202247191 0.5845238095238096 0.7106741573033708
0 0.5619047619047619 0.5351123595505618 0.6964285714285714 0.4044943820224719 0.7226190476190476 0.43820224719101125 0.5916666666666667 0.5730337078651685