1 0.8297619047619048 0.2893258426966292 0.8821428571428571 0.2401685393258427 0.8988095238095238 0.2612359550561798 0.8488095238095238 0.31179775280898875
1 0.8083333333333333 0.375 0.8547619047619047 0.3300561797752809 0.8714285714285714 0.3497191011235955 0.8273809523809523 0.3946629213483146
1 0.7559523809523809 0.36797752808988765 0.8047619047619048 0.31741573033707865 0.8214285714285714 0.33707865168539325 0.7761904761904762 0.38764044943820225
1 0.6952380952380952 0.42696629213483145 0.7440476190476191 0.3806179775280899 0.7642857142857142 0.40308988764044945 0.7178571428571429 0.45224719101123595
1 0.7416666666666667 0.4396067415730337 0.7928571428571428 0.3890449438202247 0.8095238095238095 0.40870786516853935 0.7607142857142857 0.4592696629213483
1 0.8119047619047619 0.43679775280898875 0.861904761904762 0.3848314606741573 0.8797619047619047 0.40730337078651685 0.8321428571428572 0.4606741573033708
1 0.8416666666666667 0.4705056179775281 0.8916666666666667 0.41853932584269665 0.9095238095238095 0.4410112359550562 0.861904761904762 0.4943820224719101
1 0.7392857142857143 0.5112359550561798 0.7892857142857143 0.4592696629213483 0.8071428571428572 0.48174157303370785 0.7595238095238095 0.5351123595505618
1 0.6654761904761904 0.5154494382022472 0.7202380952380952 0.4648876404494382 0.7380952380952381 0.48735955056179775 0.6857142857142857 0.5407303370786517
1 0.6261904761904762 0.48735955056179775 0.675 0.4396067415730337 0.6928571428571428 0.46207865168539325 0.6440476190476191 0.5112359550561798
1 0.55 0.5688202247191011 0.6023809523809524 0.5154494382022472 0.6202380952380953 0.5379213483146067 0.5678571428571428 0.5926966292134831
1 0.4738095238095238 0.6432584269662921 0.525 0.5926966292134831 0.5428571428571428 0.6151685393258427 0.49166666666666664 0.6699438202247191
1 0.4142857142857143 0.7008426966292135 0.46190476190476193 0.6544943820224719 0.4797619047619048 0.6769662921348315 0.430952380952381 0.723314606741573
1 0.3595238095238095 0.7584269662921348 0.4011904761904762 0.7162921348314607 0.41904761904761906 0.7387640449438202 0.375 0.7823033707865169
1 0.44761904761904764 0.8089887640449438 0.4988095238095238 0.7598314606741573 0.5142857142857142 0.7823033707865169 0.46190476190476193 0.8328651685393258
1 0.544047619047619 0.7724719101123596 0.5988095238095238 0.7205056179775281 0.6178571428571429 0.7471910112359551 0.5654761904761905 0.7991573033707865
1 0.48214285714285715 0.8412921348314607 0.5357142857142857 0.7921348314606742 0.5523809523809524 0.8160112359550562 0.5023809523809524 0.8679775280898876
1 0.669047619047619 0.5828651685393258 0.7214285714285714 0.5323033707865169 0.736904761904762 0.5533707865168539 0.6880952380952381 0.6081460674157303
0 0.5047619047619047 0.6671348314606742 0.6416666666666667 0.5308988764044944 0.669047619047619 0.5674157303370787 0.5357142857142857 0.7050561797752809
0 0.35714285714285715 0.8132022471910112 0.475 0.6938202247191011 0.5023809523809524 0.7303370786516854 0.38571428571428573 0.8525280898876404
0 0.6952380952380952 0.6123595505617978 0.825 0.4789325842696629 0.8488095238095238 0.5112359550561798 0.7202380952380952 0.6474719101123596
1 0.6428571428571429 0.6839887640449438 0.6880952380952381 0.6320224719101124 0.7083333333333334 0.6558988764044944 0.6654761904761904 0.7078651685393258
1 0.5880952380952381 0.6713483146067416 0.6226190476190476 0.6348314606741573 0.6404761904761904 0.6544943820224719 0.6071428571428571 0.6924157303370787
1 0.525 0.7345505617977528 0.5738095238095238 0.6882022471910112 0.5892857142857143 0.7092696629213483 0.5416666666666666 0.7584269662921348
1 0.36666666666666664 0.8721910112359551 0.43333333333333335 0.8188202247191011 0.4523809523809524 0.851123595505618 0.38571428571428573 0.9044943820224719