1 0.25357142857142856 0.15870786516853932 0.2619047619047619 0.23595505617977527 0.29642857142857143 0.22893258426966293 0.2833333333333333 0.15308988764044945
1 0.29404761904761906 0.16432584269662923 0.3047619047619048 0.23595505617977527 0.3357142857142857 0.2303370786516854 0.3261904761904762 0.15730337078651685
1 0.33690476190476193 0.16573033707865167 0.3476190476190476 0.2345505617977528 0.3773809523809524 0.22752808988764045 0.36547619047619045 0.1601123595505618
1 0.3761904761904762 0.12359550561797752 0.3869047619047619 0.1952247191011236 0.41785714285714287 0.18820224719101122 0.4095238095238095 0.11657303370786516
1 0.41904761904761906 0.1544943820224719 0.43452380952380953 0.22191011235955055 0.4630952380952381 0.21067415730337077 0.4392857142857143 0.14887640449438203
1 0.43214285714285716 0.24859550561797752 0.4511904761904762 0.3258426966292135 0.48095238095238096 0.3188202247191011 0.46190476190476193 0.23735955056179775
1 0.39404761904761904 0.22191011235955055 0.40595238095238095 0.29353932584269665 0.4297619047619048 0.2893258426966292 0.42023809523809524 0.21348314606741572
1 0.35119047619047616 0.24719101123595505 0.3630952380952381 0.32724719101123595 0.39404761904761904 0.3202247191011236 0.37857142857142856 0.24297752808988765
1 0.3119047619047619 0.2556179775280899 0.3202380952380952 0.33146067415730335 0.3476190476190476 0.3258426966292135 0.3380952380952381 0.25140449438202245
1 0.26904761904761904 0.24578651685393257 0.27976190476190477 0.3202247191011236 0.30238095238095236 0.3188202247191011 0.2976190476190476 0.24297752808988765
1 0.2785714285714286 0.3693820224719101 0.2892857142857143 0.4438202247191011 0.31666666666666665 0.43820224719101125 0.305952380952381 0.36235955056179775
1 0.325 0.3539325842696629 0.33690476190476193 0.42837078651685395 0.3630952380952381 0.42275280898876405 0.3535714285714286 0.34691011235955055
1 0.37023809523809526 0.34831460674157305 0.3773809523809524 0.425561797752809 0.4107142857142857 0.42134831460674155 0.4011904761904762 0.3398876404494382
1 0.4166666666666667 0.33707865168539325 0.4297619047619048 0.4241573033707865 0.4583333333333333 0.4157303370786517 0.44047619047619047 0.33286516853932585
1 0.4595238095238095 0.3553370786516854 0.4726190476190476 0.43258426966292135 0.49523809523809526 0.42837078651685395 0.48333333333333334 0.351123595505618
1 0.4738095238095238 0.4508426966292135 0.4869047619047619 0.5280898876404494 0.5119047619047619 0.5210674157303371 0.4976190476190476 0.44662921348314605
1 0.43214285714285716 0.4396067415730337 0.44285714285714284 0.5154494382022472 0.4714285714285714 0.5098314606741573 0.4607142857142857 0.43258426966292135
1 0.38333333333333336 0.44803370786516855 0.39404761904761904 0.523876404494382 0.41904761904761906 0.5182584269662921 0.40714285714285714 0.4438202247191011
1 0.3416666666666667 0.4789325842696629 0.35 0.550561797752809 0.3738095238095238 0.5463483146067416 0.36547619047619045 0.4747191011235955
1 0.29642857142857143 0.476123595505618 0.30238095238095236 0.5449438202247191 0.32857142857142857 0.5407303370786517 0.32142857142857145 0.47331460674157305
1 0.39166666666666666 0.5463483146067416 0.39880952380952384 0.6207865168539326 0.42857142857142855 0.6165730337078652 0.41785714285714287 0.5435393258426966
1 0.44285714285714284 0.5393258426966292 0.4523809523809524 0.6151685393258427 0.47619047619047616 0.6095505617977528 0.4654761904761905 0.5365168539325843
1 0.49166666666666664 0.5547752808988764 0.5023809523809524 0.6334269662921348 0.5297619047619048 0.625 0.5178571428571429 0.5519662921348315
1 0.5011904761904762 0.6530898876404494 0.5059523809523809 0.7373595505617978 0.5392857142857143 0.7331460674157303 0.5285714285714286 0.6474719101123596
1 0.4511904761904762 0.6306179775280899 0.45714285714285713 0.7120786516853933 0.49047619047619045 0.7078651685393258 0.48214285714285715 0.6235955056179775
1 0.4083333333333333 0.6530898876404494 0.41309523809523807 0.7373595505617978 0.44285714285714284 0.7345505617977528 0.43214285714285716 0.6502808988764045
1 0.3547619047619048 0.5870786516853933 0.3607142857142857 0.6629213483146067 0.38571428571428573 0.6587078651685393 0.37857142857142856 0.5842696629213483
1 0.30714285714285716 0.5856741573033708 0.3142857142857143 0.6643258426966292 0.34404761904761905 0.6587078651685393 0.3333333333333333 0.5814606741573034
1 0.3130952380952381 0.6825842696629213 0.32142857142857145 0.7710674157303371 0.35833333333333334 0.7654494382022472 0.3476190476190476 0.6769662921348315
1 0.3619047619047619 0.6867977528089888 0.37142857142857144 0.7640449438202247 0.4011904761904762 0.7556179775280899 0.39404761904761904 0.6797752808988764
1 0.3726190476190476 0.800561797752809 0.37857142857142856 0.8735955056179775 0.4119047619047619 0.8693820224719101 0.40595238095238095 0.7949438202247191
1 0.32857142857142857 0.8075842696629213 0.3345238095238095 0.8806179775280899 0.3607142857142857 0.8792134831460674 0.3547619047619048 0.8033707865168539
1 0.4238095238095238 0.7949438202247191 0.4297619047619048 0.8679775280898876 0.45595238095238094 0.8665730337078652 0.45 0.7907303370786517
1 0.4654761904761905 0.7359550561797753 0.4726190476190476 0.8132022471910112 0.5 0.8117977528089888 0.4928571428571429 0.7331460674157303
1 0.5178571428571429 0.776685393258427 0.5285714285714286 0.8553370786516854 0.5547619047619048 0.851123595505618 0.5416666666666666 0.7724719101123596
1 0.580952380952381 0.6362359550561798 0.5904761904761905 0.7120786516853933 0.6154761904761905 0.7106741573033708 0.6047619047619047 0.6320224719101124
1 0.6392857142857142 0.6362359550561798 0.6464285714285715 0.7205056179775281 0.6785714285714286 0.7176966292134831 0.6714285714285714 0.6334269662921348
1 0.5404761904761904 0.40870786516853935 0.5583333333333333 0.5014044943820225 0.5892857142857143 0.4943820224719101 0.575 0.4002808988764045
1 0.4928571428571429 0.1797752808988764 0.5035714285714286 0.24578651685393257 0.5297619047619048 0.2401685393258427 0.5142857142857142 0.17415730337078653
0 0.6023809523809524 0.2949438202247191 0.6357142857142857 0.4705056179775281 0.675 0.4592696629213483 0.6392857142857142 0.2893258426966292
1 0.7654761904761904 0.25280898876404495 0.7845238095238095 0.2654494382022472 0.8047619047619048 0.2148876404494382 0.7880952380952381 0.2050561797752809
1 0.8238095238095238 0.3146067415730337 0.8464285714285714 0.33146067415730335 0.8726190476190476 0.2752808988764045 0.8547619047619047 0.26264044943820225
1 0.8595238095238096 0.3455056179775281 0.8809523809523809 0.3651685393258427 0.9119047619047619 0.31179775280898875 0.888095238095238 0.29634831460674155
0 0.6488095238095238 0.8721910112359551 0.03571428571428571 0.13202247191011235