1 0.38333333333333336 0.13904494382022473 0.3892857142857143 0.20926966292134833 0.4154761904761905 0.20786516853932585 0.4119047619047619 0.13904494382022473
1 0.34404761904761905 0.2598314606741573 0.35 0.3398876404494382 0.38095238095238093 0.3356741573033708 0.37857142857142856 0.25280898876404495
1 0.3619047619047619 0.43258426966292135 0.36666666666666664 0.5056179775280899 0.39166666666666666 0.5028089887640449 0.38571428571428573 0.4311797752808989
1 0.4107142857142857 0.47191011235955055 0.4166666666666667 0.5491573033707865 0.45 0.5435393258426966 0.4380952380952381 0.46348314606741575
1 0.31785714285714284 0.5182584269662921 0.3261904761904762 0.6025280898876404 0.3607142857142857 0.598314606741573 0.35119047619047616 0.5126404494382022
1 0.3678571428571429 0.601123595505618 0.37857142857142856 0.6910112359550562 0.4166666666666667 0.6839887640449438 0.4 0.5941011235955056
1 0.4142857142857143 0.5941011235955056 0.42857142857142855 0.6713483146067416 0.4607142857142857 0.6657303370786517 0.4523809523809524 0.5870786516853933
1 0.4595238095238095 0.6207865168539326 0.475 0.699438202247191 0.5071428571428571 0.6896067415730337 0.4857142857142857 0.6109550561797753
1 0.43333333333333335 0.7050561797752809 0.44285714285714284 0.7823033707865169 0.46904761904761905 0.7794943820224719 0.4583333333333333 0.7008426966292135
1 0.3904761904761905 0.7823033707865169 0.4011904761904762 0.8581460674157303 0.43333333333333335 0.8525280898876404 0.4154761904761905 0.7780898876404494
1 0.34285714285714286 0.7612359550561798 0.3523809523809524 0.8497191011235955 0.37857142857142856 0.8455056179775281 0.3726190476190476 0.7556179775280899
1 0.5345238095238095 0.5870786516853933 0.544047619047619 0.6685393258426966 0.5785714285714286 0.6657303370786517 0.5678571428571428 0.5814606741573034
1 0.475 0.7401685393258427 0.48928571428571427 0.8202247191011236 0.5178571428571429 0.8103932584269663 0.5011904761904762 0.7317415730337079
0 0.27976190476190477 0.6867977528089888 0.2976190476190476 0.9058988764044944 0.3392857142857143 0.9002808988764045 0.31785714285714284 0.6797752808988764
0 0.3869047619047619 0.29353932584269665 0.3952380952380952 0.44241573033707865 0.4369047619047619 0.43820224719101125 0.42142857142857143 0.2907303370786517
1 0.8261904761904761 0.7654494382022472 0.8464285714285714 0.776685393258427 0.8738095238095238 0.7162921348314607 0.8523809523809524 0.7036516853932584
1 0.4511904761904762 0.8328651685393258 0.46190476190476193 0.9087078651685393 0.4880952380952381 0.9058988764044944 0.47619047619047616 0.8286516853932584