1 0.3904761904761905 0.17275280898876405 0.3952380952380952 0.24859550561797752 0.42023809523809524 0.24859550561797752 0.41904761904761906 0.17134831460674158
1 0.3488095238095238 0.30196629213483145 0.35595238095238096 0.3848314606741573 0.38333333333333336 0.3806179775280899 0.37976190476190474 0.30196629213483145
1 0.31547619047619047 0.42275280898876405 0.3202380952380952 0.49719101123595505 0.3464285714285714 0.4957865168539326 0.3404761904761905 0.4199438202247191
1 0.41309523809523807 0.46207865168539325 0.4166666666666667 0.5407303370786517 0.4511904761904762 0.5365168539325843 0.44166666666666665 0.45786516853932585
1 0.42023809523809524 0.5884831460674157 0.42857142857142855 0.6685393258426966 0.4607142857142857 0.6643258426966292 0.45357142857142857 0.5814606741573034
1 0.3773809523809524 0.5814606741573034 0.38452380952380955 0.6587078651685393 0.4107142857142857 0.6544943820224719 0.4011904761904762 0.5786516853932584
1 0.4369047619047619 0.6938202247191011 0.4452380952380952 0.7752808988764045 0.4773809523809524 0.7696629213483146 0.4607142857142857 0.6910112359550562
1 0.46190476190476193 0.6123595505617978 0.4797619047619048 0.6910112359550562 0.5059523809523809 0.6839887640449438 0.4857142857142857 0.6039325842696629
1 0.5345238095238095 0.5323033707865169 0.5428571428571428 0.6109550561797753 0.5702380952380952 0.6081460674157303 0.5642857142857143 0.5280898876404494
1 0.4785714285714286 0.7317415730337079 0.49166666666666664 0.8117977528089888 0.5190476190476191 0.8047752808988764 0.5023809523809524 0.7247191011235955
1 0.45357142857142857 0.824438202247191 0.4607142857142857 0.901685393258427 0.4869047619047619 0.8974719101123596 0.4773809523809524 0.8216292134831461
1 0.3952380952380952 0.7949438202247191 0.4035714285714286 0.8735955056179775 0.43214285714285716 0.8679775280898876 0.4226190476190476 0.7907303370786517
1 0.34523809523809523 0.7794943820224719 0.3523809523809524 0.8581460674157303 0.38095238095238093 0.8553370786516854 0.3726190476190476 0.7752808988764045
0 0.3880952380952381 0.2851123595505618 0.39880952380952384 0.43258426966292135 0.4380952380952381 0.42837078651685395 0.4238095238095238 0.28230337078651685
1 0.8285714285714286 0.7542134831460674 0.8488095238095238 0.7668539325842697 0.8726190476190476 0.7120786516853933 0.8547619047619047 0.7008426966292135