1 0.2357142857142857 0.1601123595505618 0.2369047619047619 0.22752808988764045 0.26666666666666666 0.22331460674157302 0.25833333333333336 0.15589887640449437
1 0.27976190476190477 0.1151685393258427 0.28095238095238095 0.18820224719101122 0.3130952380952381 0.1896067415730337 0.3047619047619048 0.1151685393258427
1 0.4357142857142857 0.10393258426966293 0.4369047619047619 0.17696629213483145 0.4630952380952381 0.175561797752809 0.4595238095238095 0.10252808988764045
1 0.3 0.2991573033707865 0.3047619047619048 0.3792134831460674 0.33214285714285713 0.37640449438202245 0.325 0.29775280898876405
1 0.4583333333333333 0.3160112359550562 0.4654761904761905 0.39325842696629215 0.4928571428571429 0.3946629213483146 0.4880952380952381 0.31320224719101125
3 0.5011904761904762 0.3862359550561798 0.5071428571428571 0.4887640449438202 0.5452380952380952 0.4859550561797753 0.5333333333333333 0.38342696629213485
1 0.555952380952381 0.46769662921348315 0.5630952380952381 0.550561797752809 0.5916666666666667 0.550561797752809 0.580952380952381 0.46629213483146065
1 0.4726190476190476 0.6123595505617978 0.4797619047619048 0.6952247191011236 0.5083333333333333 0.6910112359550562 0.5011904761904762 0.6109550561797753
1 0.25833333333333336 0.4438202247191011 0.2642857142857143 0.5252808988764045 0.29404761904761906 0.5224719101123596 0.2857142857142857 0.4396067415730337
1 0.2773809523809524 0.6853932584269663 0.2833333333333333 0.7696629213483146 0.3107142857142857 0.7654494382022472 0.30357142857142855 0.6825842696629213
1 0.32976190476190476 0.7415730337078652 0.33690476190476193 0.8216292134831461 0.3630952380952381 0.8202247191011236 0.35595238095238096 0.7387640449438202
0 0.37023809523809526 0.7851123595505618 0.3880952380952381 0.9929775280898876 0.42857142857142855 0.9901685393258427 0.4083333333333333 0.7780898876404494