1 0.4238095238095238 0.5259831460674157 0.030952380952380953 0.08567415730337079
1 0.5815476190476191 0.5407303370786517 0.02738095238095238 0.08426966292134831
1 0.5767857142857142 0.33286516853932585 0.02738095238095238 0.07303370786516854
1 0.625 0.2731741573033708 0.02857142857142857 0.06320224719101124
1 0.17857142857142858 0.18820224719101122 0.24285714285714285 0.18820224719101122 0.24523809523809523 0.16151685393258428 0.17976190476190476 0.15870786516853932
1 0.17142857142857143 0.35674157303370785 0.2357142857142857 0.35674157303370785 0.23809523809523808 0.3300561797752809 0.17261904761904762 0.32724719101123595
1 0.1619047619047619 0.4002808988764045 0.22142857142857142 0.4002808988764045 0.22142857142857142 0.3693820224719101 0.16071428571428573 0.3693820224719101
1 0.16071428571428573 0.4452247191011236 0.21666666666666667 0.449438202247191 0.22023809523809523 0.41853932584269665 0.1619047619047619 0.4157303370786517
1 0.14761904761904762 0.4845505617977528 0.2130952380952381 0.4887640449438202 0.21428571428571427 0.4606741573033708 0.15119047619047618 0.45646067415730335
1 0.15 0.7092696629213483 0.22142857142857142 0.6980337078651685 0.2226190476190476 0.6601123595505618 0.1523809523809524 0.6615168539325843
1 0.1488095238095238 0.7401685393258427 0.22142857142857142 0.7443820224719101 0.225 0.7078651685393258 0.1523809523809524 0.7036516853932584
1 0.14642857142857144 0.7808988764044944 0.21904761904761905 0.7851123595505618 0.22142857142857142 0.75 0.1488095238095238 0.7471910112359551
1 0.21666666666666667 0.7893258426966292 0.24285714285714285 0.7963483146067416 0.23095238095238096 0.8693820224719101 0.2 0.8637640449438202
1 0.19642857142857142 0.5294943820224719 0.18928571428571428 0.5997191011235955 0.21904761904761905 0.601123595505618 0.21904761904761905 0.5308988764044944
1 0.23214285714285715 0.5323033707865169 0.22976190476190475 0.6081460674157303 0.2571428571428571 0.6067415730337079 0.25595238095238093 0.5323033707865169
1 0.15714285714285714 0.5140449438202247 0.15357142857142858 0.5898876404494382 0.1773809523809524 0.5912921348314607 0.18095238095238095 0.5140449438202247
1 0.2726190476190476 0.47752808988764045 0.3011904761904762 0.47331460674157305 0.30238095238095236 0.39185393258426965 0.27380952380952384 0.39325842696629215