1 0.4154761904761905 0.15589887640449437 0.41785714285714287 0.2401685393258427 0.45 0.23876404494382023 0.4523809523809524 0.15870786516853932
1 0.6130952380952381 0.25140449438202245 0.6142857142857143 0.32724719101123595 0.6404761904761904 0.32724719101123595 0.6404761904761904 0.25140449438202245
1 0.5654761904761905 0.3103932584269663 0.5630952380952381 0.375 0.5916666666666667 0.37640449438202245 0.5928571428571429 0.3103932584269663
1 0.6130952380952381 0.3960674157303371 0.611904761904762 0.47331460674157305 0.6392857142857142 0.47191011235955055 0.6404761904761904 0.3960674157303371
1 0.5642857142857143 0.5632022471910112 0.5630952380952381 0.6362359550561798 0.5904761904761905 0.6362359550561798 0.5916666666666667 0.5632022471910112
1 0.6107142857142858 0.5632022471910112 0.6107142857142858 0.6404494382022472 0.638095238095238 0.6418539325842697 0.638095238095238 0.5632022471910112
1 0.6107142857142858 0.10112359550561797 0.611904761904762 0.175561797752809 0.6392857142857142 0.175561797752809 0.638095238095238 0.10112359550561797
1 0.6059523809523809 0.7106741573033708 0.6059523809523809 0.7907303370786517 0.638095238095238 0.7921348314606742 0.6392857142857142 0.7134831460674157
1 0.4119047619047619 0.7064606741573034 0.4095238095238095 0.7570224719101124 0.43452380952380953 0.7584269662921348 0.43452380952380953 0.7078651685393258
1 0.5607142857142857 0.8258426966292135 0.5607142857142857 0.9044943820224719 0.5916666666666667 0.901685393258427 0.594047619047619 0.827247191011236
1 0.14166666666666666 0.8370786516853933 0.2119047619047619 0.8398876404494382 0.2119047619047619 0.8103932584269663 0.14523809523809525 0.8033707865168539
1 0.14285714285714285 0.6432584269662921 0.2130952380952381 0.6446629213483146 0.2154761904761905 0.6137640449438202 0.14642857142857144 0.6109550561797753
1 0.14642857142857144 0.5884831460674157 0.22142857142857142 0.5969101123595506 0.22142857142857142 0.5575842696629213 0.15 0.5547752808988764
1 0.1488095238095238 0.5407303370786517 0.22380952380952382 0.5463483146067416 0.22380952380952382 0.5098314606741573 0.1523809523809524 0.5070224719101124
1 0.14047619047619048 0.49719101123595505 0.20833333333333334 0.5 0.20952380952380953 0.46769662921348315 0.14404761904761904 0.4648876404494382
1 0.1595238095238095 0.4592696629213483 0.21666666666666667 0.4606741573033708 0.21785714285714286 0.4311797752808989 0.1595238095238095 0.42837078651685395
1 0.16904761904761906 0.4157303370786517 0.23214285714285715 0.41853932584269665 0.23452380952380952 0.38764044943820225 0.16904761904761906 0.3848314606741573
1 0.2523809523809524 0.18398876404494383 0.2714285714285714 0.18258426966292135 0.26904761904761904 0.24719101123595505 0.24285714285714285 0.2443820224719101
1 0.18095238095238095 0.25702247191011235 0.23809523809523808 0.25702247191011235 0.2369047619047619 0.2949438202247191 0.17857142857142858 0.2907303370786517
1 0.10952380952380952 0.2598314606741573 0.1630952380952381 0.2598314606741573 0.16071428571428573 0.2907303370786517 0.10595238095238095 0.29213483146067415