1 0.22142857142857142 0.199438202247191 0.28214285714285714 0.17134831460674158 0.275 0.13342696629213482 0.20833333333333334 0.16292134831460675
1 0.4363095238095238 0.7633426966292135 0.034523809523809526 0.09129213483146068
1 0.5125 0.1952247191011236 0.036904761904761905 0.08426966292134831
1 0.5946428571428571 0.14396067415730338 0.025 0.06601123595505617
1 0.6410714285714286 0.14325842696629212 0.02976190476190476 0.06741573033707865
1 0.6398809523809523 0.363061797752809 0.02738095238095238 0.07443820224719101
1 0.594047619047619 0.3609550561797753 0.02857142857142857 0.06460674157303371
1 0.5101190476190476 0.5035112359550562 0.02738095238095238 0.08286516853932584
1 0.44345238095238093 0.4410112359550562 0.02976190476190476 0.08426966292134831
1 0.593452380952381 0.6095505617977528 0.034523809523809526 0.08707865168539326
1 0.6351190476190476 0.6432584269662921 0.03214285714285714 0.0898876404494382
1 0.2505952380952381 0.5912921348314607 0.02738095238095238 0.07303370786516854
1 0.1619047619047619 0.5056179775280899 0.23333333333333334 0.48174157303370785 0.24166666666666667 0.526685393258427 0.16904761904761906 0.5379213483146067