1 0.2511904761904762 0.18679775280898878 0.03333333333333333 0.07584269662921349
1 0.2511904761904762 0.2949438202247191 0.030952380952380953 0.07865168539325842
1 0.23214285714285715 0.3651685393258427 0.22738095238095238 0.2949438202247191 0.20238095238095238 0.29634831460674155 0.20357142857142857 0.36657303370786515
1 0.16785714285714284 0.4410112359550562 0.22142857142857142 0.49157303370786515 0.24047619047619048 0.4648876404494382 0.1869047619047619 0.4157303370786517
1 0.2869047619047619 0.4859550561797753 0.35833333333333334 0.4845505617977528 0.35714285714285715 0.4508426966292135 0.2869047619047619 0.4508426966292135
1 0.14404761904761904 0.1952247191011236 0.19285714285714287 0.2247191011235955 0.20476190476190476 0.19803370786516855 0.15357142857142858 0.17134831460674158
1 0.12976190476190477 0.2893258426966292 0.18571428571428572 0.324438202247191 0.2011904761904762 0.2991573033707865 0.15 0.2598314606741573
1 0.13333333333333333 0.32162921348314605 0.1630952380952381 0.37359550561797755 0.1880952380952381 0.35674157303370785 0.1595238095238095 0.3103932584269663
1 0.1130952380952381 0.3356741573033708 0.13690476190476192 0.39325842696629215 0.16071428571428573 0.37780898876404495 0.13690476190476192 0.3202247191011236
1 0.319047619047619 0.3455056179775281 0.05952380952380952 0.033707865168539325
1 0.31785714285714284 0.3848314606741573 0.06666666666666667 0.028089887640449437
1 0.33035714285714285 0.42064606741573035 0.06785714285714285 0.02949438202247191
1 0.6404761904761904 0.4452247191011236 0.02857142857142857 0.07584269662921349
1 0.6767857142857143 0.44241573033707865 0.02738095238095238 0.08146067415730338
1 0.7238095238095238 0.4002808988764045 0.7297619047619047 0.476123595505618 0.7 0.47752808988764045 0.694047619047619 0.40168539325842695
1 0.7202380952380952 0.38342696629213485 0.7107142857142857 0.30758426966292135 0.6869047619047619 0.30758426966292135 0.6892857142857143 0.38342696629213485
1 0.6761904761904762 0.2303370786516854 0.6821428571428572 0.29775280898876405 0.7071428571428572 0.29775280898876405 0.7011904761904761 0.2303370786516854
1 0.6738095238095239 0.16151685393258428 0.6773809523809524 0.22191011235955055 0.7023809523809523 0.22331460674157302 0.7 0.1601123595505618
1 0.8184523809523809 0.40308988764044945 0.06547619047619048 0.033707865168539325
1 0.8107142857142857 0.45014044943820225 0.05714285714285714 0.032303370786516857
1 0.8113095238095238 0.49297752808988765 0.06785714285714285 0.03089887640449438
0 0.8904761904761904 0.6439606741573034 0.20476190476190476 0.05196629213483146
1 0.7755952380952381 0.7085674157303371 0.075 0.0351123595505618
1 0.6898809523809524 0.711376404494382 0.06785714285714285 0.0351123595505618
1 0.5833333333333334 0.7148876404494382 0.0761904761904762 0.0449438202247191
1 0.4642857142857143 0.6228932584269663 0.06904761904761905 0.04073033707865169
1 0.40535714285714286 0.6720505617977528 0.07976190476190476 0.04073033707865169
1 0.4452380952380952 0.7183988764044944 0.07142857142857142 0.04073033707865169
1 0.3142857142857143 0.7240168539325843 0.06904761904761905 0.04353932584269663
1 0.319047619047619 0.6193820224719101 0.07380952380952381 0.042134831460674156
1 0.2357142857142857 0.6776685393258427 0.06190476190476191 0.0351123595505618
1 0.15654761904761905 0.6228932584269663 0.07261904761904762 0.046348314606741575
1 0.11666666666666667 0.7310393258426966 0.06428571428571428 0.037921348314606744
1 0.5523809523809524 0.46769662921348315 0.6214285714285714 0.4747191011235955 0.6202380952380953 0.5084269662921348 0.55 0.5014044943820225
1 0.10595238095238095 0.4353932584269663 0.17976190476190476 0.44662921348314605 0.1738095238095238 0.48174157303370785 0.10119047619047619 0.47331460674157305