1 0.1392857142857143 0.16853932584269662 0.19404761904761905 0.19382022471910113 0.20476190476190476 0.16853932584269662 0.15119047619047618 0.14606741573033707
1 0.3476190476190476 0.2640449438202247 0.41309523809523807 0.2907303370786517 0.42142857142857143 0.2612359550561798 0.35714285714285715 0.23595505617977527
1 0.4595238095238095 0.18679775280898878 0.4869047619047619 0.1952247191011236 0.5035714285714286 0.11938202247191011 0.4773809523809524 0.11095505617977527
1 0.5142857142857142 0.14185393258426968 0.5035714285714286 0.21629213483146068 0.5321428571428571 0.22331460674157302 0.544047619047619 0.14887640449438203
1 0.5428571428571428 0.23174157303370788 0.5738095238095238 0.23595505617977527 0.5833333333333334 0.15730337078651685 0.5547619047619048 0.15308988764044945
2 0.5928571428571429 0.16292134831460675 0.5976190476190476 0.23174157303370788 0.6238095238095238 0.22893258426966293 0.6178571428571429 0.16151685393258428
1 0.6357142857142857 0.16853932584269662 0.6428571428571429 0.23876404494382023 0.6726190476190477 0.2345505617977528 0.6607142857142857 0.16573033707865167
1 0.6666666666666666 0.175561797752809 0.6964285714285714 0.25280898876404495 0.725 0.23876404494382023 0.6988095238095238 0.15730337078651685
1 0.5119047619047619 0.5337078651685393 0.580952380952381 0.5323033707865169 0.5833333333333334 0.5632022471910112 0.5107142857142857 0.5688202247191011
1 0.4577380952380952 0.598314606741573 0.07261904761904762 0.03651685393258427
1 0.3595238095238095 0.625 0.29642857142857143 0.6264044943820225 0.29642857142857143 0.5941011235955056 0.3595238095238095 0.5926966292134831
1 0.35535714285714287 0.6657303370786517 0.07023809523809524 0.03651685393258427
1 0.4767857142857143 0.6594101123595506 0.07023809523809524 0.0351123595505618
0 0.5369047619047619 0.6264044943820225 0.719047619047619 0.6179775280898876 0.7202380952380952 0.6685393258426966 0.5380952380952381 0.6769662921348315
1 0.5702380952380952 0.7078651685393258 0.06428571428571428 0.033707865168539325
1 0.6660714285714285 0.7071629213483146 0.07023809523809524 0.0351123595505618
1 0.18928571428571428 0.6720505617977528 0.06904761904761905 0.037921348314606744
1 0.2 0.7162921348314607 0.06904761904761905 0.03089887640449438
1 0.37083333333333335 0.7134831460674157 0.07023809523809524 0.03651685393258427
1 0.805952380952381 0.7134831460674157 0.7357142857142858 0.7162921348314607 0.7357142857142858 0.6811797752808989 0.8047619047619048 0.6783707865168539
1 0.736904761904762 0.6151685393258427 0.805952380952381 0.6137640449438202 0.8083333333333333 0.6502808988764045 0.7392857142857143 0.6558988764044944
1 0.763095238095238 0.8160112359550562 0.8345238095238096 0.8103932584269663 0.8357142857142857 0.8497191011235955 0.763095238095238 0.8525280898876404
0 0.8994047619047619 0.6334269662921348 0.15595238095238095 0.0449438202247191
1 0.8755952380952381 0.6889044943820225 0.06547619047619048 0.037921348314606744