2 0.7416666666666667 0.5042134831460674 0.8464285714285714 0.49859550561797755 0.844047619047619 0.4508426966292135 0.7416666666666667 0.45646067415730335
1 0.8809523809523809 0.5294943820224719 0.0880952380952381 0.0449438202247191
1 0.8875 0.5898876404494382 0.07976190476190476 0.0449438202247191
1 0.8017857142857143 0.7134831460674157 0.08214285714285714 0.042134831460674156
1 0.7363095238095239 0.6587078651685393 0.0869047619047619 0.0449438202247191
1 0.7130952380952381 0.5856741573033708 0.7869047619047619 0.5814606741573034 0.7880952380952381 0.6179775280898876 0.7130952380952381 0.6264044943820225
1 0.6952380952380952 0.5308988764044944 0.7797619047619048 0.526685393258427 0.780952380952381 0.5603932584269663 0.7 0.5716292134831461
1 0.48333333333333334 0.6558988764044944 0.5642857142857143 0.6432584269662921 0.5714285714285714 0.6882022471910112 0.4869047619047619 0.6952247191011236
1 0.5214285714285715 0.7134831460674157 0.6035714285714285 0.6980337078651685 0.6047619047619047 0.7457865168539326 0.5261904761904762 0.7514044943820225
0 0.26666666666666666 0.7991573033707865 0.4297619047619048 0.7120786516853933 0.4095238095238095 0.6587078651685393 0.24642857142857144 0.7485955056179775
1 0.3202380952380952 0.827247191011236 0.3904761904761905 0.7752808988764045 0.4142857142857143 0.8075842696629213 0.3404761904761905 0.8623595505617978
1 0.1261904761904762 0.8623595505617978 0.18214285714285713 0.797752808988764 0.20595238095238094 0.8300561797752809 0.14642857142857144 0.8890449438202247