1 0.2119047619047619 0.21067415730337077 0.2630952380952381 0.29213483146067415 0.29285714285714287 0.2640449438202247 0.24166666666666667 0.17696629213483145
1 0.28809523809523807 0.34691011235955055 0.3392857142857143 0.425561797752809 0.37142857142857144 0.398876404494382 0.32142857142857145 0.3188202247191011
1 0.28809523809523807 0.43820224719101125 0.34285714285714286 0.5182584269662921 0.3726190476190476 0.49297752808988765 0.31666666666666665 0.4143258426966292
1 0.45595238095238094 0.574438202247191 0.5166666666666667 0.6671348314606742 0.5452380952380952 0.6376404494382022 0.48214285714285715 0.5491573033707865
1 0.18214285714285713 0.7078651685393258 0.2357142857142857 0.797752808988764 0.26904761904761904 0.7696629213483146 0.21071428571428572 0.6783707865168539
1 0.5226190476190476 0.7935393258426966 0.5773809523809523 0.8778089887640449 0.6154761904761905 0.851123595505618 0.55 0.7654494382022472
1 0.0988095238095238 0.14185393258426968 0.14404761904761904 0.21910112359550563 0.17142857142857143 0.199438202247191 0.12261904761904761 0.12359550561797752
1 0.513095238095238 0.27808988764044945 0.6011904761904762 0.24297752808988765 0.5869047619047619 0.19662921348314608 0.4988095238095238 0.22893258426966293
1 0.5059523809523809 0.21207865168539325 0.5773809523809523 0.15730337078651685 0.5488095238095239 0.12219101123595505 0.4845238095238095 0.18117977528089887
1 0.39285714285714285 0.15308988764044945 0.4488095238095238 0.22191011235955055 0.475 0.19662921348314608 0.42023809523809524 0.12921348314606743
1 0.16666666666666666 0.5337078651685393 0.22142857142857142 0.6235955056179775 0.2523809523809524 0.5955056179775281 0.20238095238095238 0.5042134831460674
0 0.544047619047619 0.6165730337078652 0.694047619047619 0.8370786516853933 0.7428571428571429 0.797752808988764 0.5869047619047619 0.5702247191011236