1 0.15357142857142858 0.3398876404494382 0.2154761904761905 0.42837078651685395 0.24642857142857144 0.38764044943820225 0.18928571428571428 0.3103932584269663
1 0.225 0.44803370786516855 0.27976190476190477 0.5224719101123596 0.30714285714285716 0.49157303370786515 0.2523809523809524 0.41713483146067415
1 0.29642857142857143 0.5407303370786517 0.3595238095238095 0.6235955056179775 0.3880952380952381 0.5898876404494382 0.325 0.5112359550561798
1 0.3904761904761905 0.6573033707865169 0.4523809523809524 0.7415730337078652 0.4845238095238095 0.7050561797752809 0.41904761904761906 0.625
1 0.4773809523809524 0.7823033707865169 0.5476190476190477 0.8679775280898876 0.5761904761904761 0.8342696629213483 0.5107142857142857 0.7514044943820225
1 0.2392857142857143 0.8314606741573034 0.30357142857142855 0.9143258426966292 0.33095238095238094 0.8862359550561798 0.2654761904761905 0.8033707865168539
1 0.14761904761904762 0.8202247191011236 0.2119047619047619 0.9030898876404494 0.2392857142857143 0.875 0.1738095238095238 0.7921348314606742
1 0.15 0.5814606741573034 0.21071428571428572 0.6615168539325843 0.2392857142857143 0.6376404494382022 0.1761904761904762 0.5533707865168539
1 0.06547619047619048 0.5884831460674157 0.13333333333333333 0.6741573033707865 0.15714285714285714 0.6432584269662921 0.09166666666666666 0.5603932584269663
1 0.2571428571428571 0.5702247191011236 0.31666666666666665 0.6615168539325843 0.3547619047619048 0.6306179775280899 0.29285714285714287 0.547752808988764
1 0.4797619047619048 0.3061797752808989 0.5345238095238095 0.37219101123595505 0.5607142857142857 0.34691011235955055 0.5035714285714286 0.28230337078651685
1 0.5964285714285714 0.4339887640449438 0.6202380952380953 0.4648876404494382 0.6726190476190477 0.4101123595505618 0.6476190476190476 0.3806179775280899
1 0.6035714285714285 0.4901685393258427 0.6238095238095238 0.5308988764044944 0.6928571428571428 0.4550561797752809 0.6702380952380952 0.42696629213483145
1 0.6428571428571429 0.5351123595505618 0.6654761904761904 0.5646067415730337 0.7273809523809524 0.5028089887640449 0.7047619047619048 0.4747191011235955
1 0.7154761904761905 0.6376404494382022 0.7440476190476191 0.6685393258426966 0.8047619047619048 0.5926966292134831 0.7785714285714286 0.5617977528089888
1 0.7511904761904762 0.6713483146067416 0.7773809523809524 0.702247191011236 0.8392857142857143 0.6320224719101124 0.8130952380952381 0.601123595505618
1 0.7869047619047619 0.7331460674157303 0.819047619047619 0.7668539325842697 0.8714285714285714 0.6839887640449438 0.8428571428571429 0.6544943820224719
1 0.5583333333333333 0.3890449438202247 0.6214285714285714 0.3539325842696629 0.6404761904761904 0.38764044943820225 0.5702380952380952 0.4339887640449438