1 0.444047619047619 0.4789325842696629 0.444047619047619 0.5632022471910112 0.47023809523809523 0.5617977528089888 0.46785714285714286 0.4803370786516854
1 0.4011904761904762 0.398876404494382 0.3976190476190476 0.4859550561797753 0.43452380952380953 0.49157303370786515 0.43452380952380953 0.398876404494382
1 0.3607142857142857 0.2808988764044944 0.35595238095238096 0.36657303370786515 0.39166666666666666 0.36657303370786515 0.3892857142857143 0.273876404494382
1 0.40476190476190477 0.3089887640449438 0.40595238095238095 0.2345505617977528 0.430952380952381 0.23314606741573032 0.4380952380952381 0.31179775280898875
1 0.4369047619047619 0.27668539325842695 0.43452380952380953 0.20084269662921347 0.4666666666666667 0.19662921348314608 0.46904761904761905 0.2794943820224719
1 0.3827380952380952 0.15098314606741572 0.02976190476190476 0.08567415730337079
1 0.5369047619047619 0.25140449438202245 0.5357142857142857 0.17415730337078653 0.5619047619047619 0.17415730337078653 0.5619047619047619 0.25280898876404495
1 0.6113095238095239 0.14115168539325842 0.02976190476190476 0.0800561797752809
1 0.6416666666666667 0.28370786516853935 0.6523809523809524 0.35814606741573035 0.6785714285714286 0.3539325842696629 0.6714285714285714 0.2808988764044944
1 0.6196428571428572 0.42907303370786515 0.03214285714285714 0.07724719101123595
1 0.7577380952380952 0.4845505617977528 0.036904761904761905 0.08707865168539326
1 0.4 0.6390449438202247 0.4035714285714286 0.5646067415730337 0.43214285714285716 0.5646067415730337 0.4297619047619048 0.6404494382022472
1 0.3416666666666667 0.6544943820224719 0.3357142857142857 0.7162921348314607 0.36904761904761907 0.7176966292134831 0.37142857142857144 0.6544943820224719
1 0.3869047619047619 0.7640449438202247 0.38095238095238093 0.8609550561797753 0.41785714285714287 0.8609550561797753 0.42142857142857143 0.7696629213483146
1 0.669047619047619 0.8033707865168539 0.6714285714285714 0.8862359550561798 0.7023809523809523 0.8904494382022472 0.6988095238095238 0.8061797752808989