1 0.6440476190476191 0.6376404494382022 0.6464285714285715 0.7359550561797753 0.6797619047619048 0.7401685393258427 0.6797619047619048 0.6362359550561798
1 0.7333333333333333 0.7907303370786517 0.7380952380952381 0.8834269662921348 0.7702380952380953 0.8806179775280899 0.7690476190476191 0.7865168539325843
1 0.7297619047619047 0.6601123595505618 0.7309523809523809 0.7457865168539326 0.7654761904761904 0.7457865168539326 0.7619047619047619 0.6544943820224719
1 0.6904761904761905 0.672752808988764 0.694047619047619 0.7570224719101124 0.7273809523809524 0.7598314606741573 0.7238095238095238 0.6685393258426966
1 0.6833333333333333 0.5308988764044944 0.6892857142857143 0.6179775280898876 0.719047619047619 0.6207865168539326 0.7142857142857143 0.5337078651685393
1 0.7309523809523809 0.6081460674157303 0.7285714285714285 0.5449438202247191 0.7547619047619047 0.5449438202247191 0.7595238095238095 0.6053370786516854
1 0.6488095238095238 0.6123595505617978 0.6452380952380953 0.5294943820224719 0.675 0.523876404494382 0.680952380952381 0.6109550561797753
1 0.6357142857142857 0.4297752808988764 0.6392857142857142 0.5140449438202247 0.6726190476190477 0.5112359550561798 0.6714285714285714 0.42275280898876405
1 0.6845238095238095 0.5112359550561798 0.6821428571428572 0.43258426966292135 0.7107142857142857 0.4311797752808989 0.7142857142857143 0.5098314606741573
1 0.7261904761904762 0.4943820224719101 0.7214285714285714 0.4199438202247191 0.75 0.41713483146067415 0.7571428571428571 0.4901685393258427
1 0.6297619047619047 0.3188202247191011 0.6392857142857142 0.40730337078651685 0.6654761904761904 0.40730337078651685 0.6642857142857143 0.32303370786516855
1 0.7083333333333334 0.375 0.7023809523809523 0.2949438202247191 0.6738095238095239 0.30337078651685395 0.6785714285714286 0.37359550561797755
1 0.7440476190476191 0.38202247191011235 0.7416666666666667 0.31320224719101125 0.7119047619047619 0.30758426966292135 0.7178571428571429 0.38202247191011235
1 0.7119047619047619 0.29353932584269665 0.7047619047619048 0.2205056179775281 0.7357142857142858 0.21910112359550563 0.7404761904761905 0.2893258426966292
1 0.6702380952380952 0.26264044943820225 0.6642857142857143 0.1896067415730337 0.6952380952380952 0.19101123595505617 0.6976190476190476 0.26264044943820225
1 0.6476190476190476 0.26615168539325845 0.030952380952380953 0.07443820224719101
1 0.5928571428571429 0.29353932584269665 0.5892857142857143 0.2148876404494382 0.6190476190476191 0.21348314606741572 0.6214285714285714 0.29213483146067415
1 0.5678571428571428 0.24367977528089887 0.02619047619047619 0.07443820224719101