1 0.5523809523809524 0.4044943820224719 0.555952380952381 0.4901685393258427 0.580952380952381 0.48735955056179775 0.5785714285714286 0.40730337078651685
1 0.594047619047619 0.4957865168539326 0.5904761904761905 0.4199438202247191 0.6190476190476191 0.4199438202247191 0.6214285714285714 0.4943820224719101
1 0.6357142857142857 0.5098314606741573 0.6333333333333333 0.42837078651685395 0.6630952380952381 0.42837078651685395 0.6666666666666666 0.5084269662921348
1 0.6726190476190477 0.46769662921348315 0.6714285714285714 0.3960674157303371 0.6976190476190476 0.39325842696629215 0.7 0.4691011235955056
1 0.7178571428571429 0.5 0.7130952380952381 0.425561797752809 0.7392857142857143 0.4241573033707865 0.7440476190476191 0.4957865168539326
1 0.6785714285714286 0.5926966292134831 0.6761904761904762 0.5112359550561798 0.7083333333333334 0.5070224719101124 0.7130952380952381 0.5828651685393258
1 0.7178571428571429 0.5926966292134831 0.7178571428571429 0.5252808988764045 0.7488095238095238 0.5224719101123596 0.7488095238095238 0.5926966292134831
1 0.6404761904761904 0.6179775280898876 0.638095238095238 0.5365168539325843 0.669047619047619 0.5308988764044944 0.6714285714285714 0.6193820224719101
1 0.6404761904761904 0.7331460674157303 0.6345238095238095 0.6432584269662921 0.6714285714285714 0.6460674157303371 0.6726190476190477 0.7345505617977528
1 0.6857142857142857 0.7331460674157303 0.6821428571428572 0.6460674157303371 0.7142857142857143 0.6418539325842697 0.7166666666666667 0.7289325842696629
1 0.7285714285714285 0.7134831460674157 0.7202380952380952 0.6306179775280899 0.7535714285714286 0.6306179775280899 0.7583333333333333 0.7134831460674157
1 0.7297619047619047 0.8286516853932584 0.7285714285714285 0.7640449438202247 0.7619047619047619 0.7682584269662921 0.7607142857142857 0.8300561797752809
1 0.6857142857142857 0.7542134831460674 0.6845238095238095 0.8469101123595506 0.7178571428571429 0.8441011235955056 0.719047619047619 0.7584269662921348
1 0.6488095238095238 0.8342696629213483 0.6464285714285715 0.75 0.680952380952381 0.7443820224719101 0.6821428571428572 0.8342696629213483