1 0.49047619047619045 0.6432584269662921 0.5404761904761904 0.5870786516853933 0.5654761904761905 0.6235955056179775 0.5107142857142857 0.6811797752808989
1 0.35119047619047616 0.7429775280898876 0.4142857142857143 0.6980337078651685 0.430952380952381 0.7387640449438202 0.3607142857142857 0.7780898876404494
1 0.16547619047619047 0.7921348314606742 0.25 0.7808988764044944 0.25595238095238093 0.8230337078651685 0.1761904761904762 0.8356741573033708
1 0.1392857142857143 0.40308988764044945 0.1392857142857143 0.47191011235955055 0.1630952380952381 0.4747191011235955 0.16666666666666666 0.4044943820224719
1 0.14285714285714285 0.3188202247191011 0.15119047619047618 0.23735955056179775 0.18095238095238095 0.25 0.17142857142857143 0.324438202247191
1 0.6261904761904762 0.44803370786516855 0.6607142857142857 0.3806179775280899 0.6892857142857143 0.39747191011235955 0.655952380952381 0.4705056179775281
1 0.5107142857142857 0.34129213483146065 0.5119047619047619 0.26685393258426965 0.5357142857142857 0.2654494382022472 0.5392857142857143 0.33848314606741575
1 0.5488095238095239 0.3146067415730337 0.5416666666666666 0.24157303370786518 0.5738095238095238 0.23876404494382023 0.5773809523809523 0.31320224719101125
1 0.5904761904761905 0.31179775280898875 0.5916666666666667 0.2640449438202247 0.6154761904761905 0.2640449438202247 0.6166666666666667 0.31179775280898875
1 0.5797619047619048 0.20786516853932585 0.5761904761904761 0.13904494382022473 0.5988095238095238 0.13764044943820225 0.6059523809523809 0.20365168539325842
1 0.5392857142857143 0.22612359550561797 0.5357142857142857 0.15308988764044945 0.5630952380952381 0.14606741573033707 0.569047619047619 0.22191011235955055
1 0.5035714285714286 0.2401685393258427 0.5035714285714286 0.16292134831460675 0.5321428571428571 0.1544943820224719 0.5392857142857143 0.23735955056179775
1 0.8273809523809523 0.48314606741573035 0.8904761904761904 0.5294943820224719 0.9130952380952381 0.49859550561797755 0.8488095238095238 0.4410112359550562