1 0.7011904761904761 0.6362359550561798 0.6833333333333333 0.7148876404494382 0.7130952380952381 0.7275280898876404 0.7357142857142858 0.6502808988764045
1 0.15595238095238095 0.7387640449438202 0.1488095238095238 0.8216292134831461 0.12261904761904761 0.8160112359550562 0.12976190476190477 0.7387640449438202
1 0.1261904761904762 0.6502808988764045 0.13333333333333333 0.5632022471910112 0.16428571428571428 0.5660112359550562 0.15595238095238095 0.6530898876404494
1 0.5166666666666667 0.6769662921348315 0.5142857142857142 0.598314606741573 0.5428571428571428 0.5926966292134831 0.5488095238095239 0.6713483146067416
1 0.555952380952381 0.6502808988764045 0.5523809523809524 0.5730337078651685 0.5821428571428572 0.5688202247191011 0.5892857142857143 0.6474719101123596
1 0.6023809523809524 0.6502808988764045 0.6011904761904762 0.5969101123595506 0.6297619047619047 0.5941011235955056 0.6321428571428571 0.6474719101123596
1 0.7130952380952381 0.5294943820224719 0.7202380952380952 0.45786516853932585 0.7535714285714286 0.46207865168539325 0.7511904761904762 0.5365168539325843
1 0.5880952380952381 0.523876404494382 0.5857142857142857 0.4508426966292135 0.611904761904762 0.44241573033707865 0.6178571428571429 0.5196629213483146
1 0.55 0.5533707865168539 0.5452380952380952 0.47191011235955055 0.5761904761904761 0.4606741573033708 0.5761904761904761 0.5435393258426966
1 0.5095238095238095 0.5617977528089888 0.5011904761904762 0.476123595505618 0.5357142857142857 0.47191011235955055 0.5428571428571428 0.5575842696629213
1 0.569047619047619 0.3356741573033708 0.544047619047619 0.3342696629213483 0.5464285714285714 0.4101123595505618 0.5738095238095238 0.40870786516853935
1 0.5833333333333334 0.33848314606741575 0.5857142857142857 0.41713483146067415 0.6214285714285714 0.40870786516853935 0.6130952380952381 0.33707865168539325
1 0.7452380952380953 0.24859550561797752 0.75 0.32865168539325845 0.7833333333333333 0.32724719101123595 0.780952380952381 0.23876404494382023
1 0.5702380952380952 0.23314606741573032 0.5773809523809523 0.3089887640449438 0.6083333333333333 0.30758426966292135 0.6047619047619047 0.2345505617977528
1 0.5886904761904762 0.1776685393258427 0.02976190476190476 0.07162921348314606