1 0.24166666666666667 0.5449438202247191 0.20833333333333334 0.6151685393258427 0.23452380952380952 0.6334269662921348 0.26666666666666666 0.5575842696629213
1 0.2392857142857143 0.49719101123595505 0.1880952380952381 0.5519662921348315 0.20833333333333334 0.5828651685393258 0.26071428571428573 0.5196629213483146
1 0.21071428571428572 0.48314606741573035 0.15595238095238095 0.526685393258427 0.175 0.550561797752809 0.22738095238095238 0.5056179775280899
1 0.1869047619047619 0.44803370786516855 0.13333333333333333 0.4845505617977528 0.1488095238095238 0.5140449438202247 0.20595238095238094 0.47191011235955055
1 0.30654761904761907 0.7907303370786517 0.02738095238095238 0.07584269662921349
1 0.43452380952380953 0.5674157303370787 0.4523809523809524 0.49297752808988765 0.4797619047619048 0.5014044943820225 0.46190476190476193 0.577247191011236
1 0.5726190476190476 0.41151685393258425 0.02857142857142857 0.07584269662921349
1 0.6160714285714286 0.33146067415730335 0.02738095238095238 0.07584269662921349
1 0.7351190476190477 0.27036516853932585 0.03214285714285714 0.0800561797752809
1 0.7964285714285714 0.44662921348314605 0.794047619047619 0.37219101123595505 0.7642857142857142 0.37359550561797755 0.7666666666666667 0.44803370786516855
1 0.7642857142857142 0.6067415730337079 0.7595238095238095 0.523876404494382 0.7333333333333333 0.5224719101123596 0.7345238095238096 0.6081460674157303
1 0.7023809523809523 0.7387640449438202 0.6988095238095238 0.6601123595505618 0.7273809523809524 0.6587078651685393 0.7345238095238096 0.7345505617977528
1 0.780952380952381 0.7935393258426966 0.7785714285714286 0.7106741573033708 0.8119047619047619 0.7092696629213483 0.8166666666666667 0.7935393258426966
1 0.8285714285714286 0.7865168539325843 0.8369047619047619 0.8637640449438202 0.8654761904761905 0.8623595505617978 0.8583333333333333 0.7837078651685393
1 0.15833333333333333 0.14606741573033707 0.15833333333333333 0.21348314606741572 0.13333333333333333 0.21629213483146068 0.13333333333333333 0.14747191011235955
1 0.19523809523809524 0.20224719101123595 0.19642857142857142 0.13342696629213482 0.1630952380952381 0.13623595505617977 0.17023809523809524 0.2050561797752809
1 0.24047619047619048 0.19382022471910113 0.22857142857142856 0.1306179775280899 0.2 0.13202247191011235 0.21428571428571427 0.199438202247191
1 0.2785714285714286 0.16292134831460675 0.2357142857142857 0.11657303370786516 0.25476190476190474 0.09129213483146068 0.2976190476190476 0.1404494382022472