1 0.11904761904761904 0.8075842696629213 0.1761904761904762 0.7640449438202247 0.19285714285714287 0.7935393258426966 0.13214285714285715 0.8342696629213483
1 0.1976190476190476 0.8061797752808989 0.1392857142857143 0.8567415730337079 0.15714285714285714 0.8806179775280899 0.21428571428571427 0.8300561797752809
1 0.22857142857142856 0.824438202247191 0.18571428571428572 0.8792134831460674 0.2011904761904762 0.898876404494382 0.2488095238095238 0.8469101123595506
1 0.7761904761904762 0.7401685393258427 0.7857142857142857 0.827247191011236 0.819047619047619 0.8188202247191011 0.8142857142857143 0.7401685393258427
1 0.15119047619047618 0.4311797752808989 0.1488095238095238 0.5070224719101124 0.11785714285714285 0.5084269662921348 0.12023809523809524 0.4241573033707865
1 0.16071428571428573 0.4943820224719101 0.15833333333333333 0.42275280898876405 0.18571428571428572 0.41853932584269665 0.18571428571428572 0.49719101123595505
1 0.20357142857142857 0.4943820224719101 0.19404761904761905 0.4157303370786517 0.2226190476190476 0.4101123595505618 0.2357142857142857 0.48735955056179775
1 0.25952380952380955 0.4410112359550562 0.21904761904761905 0.398876404494382 0.2357142857142857 0.37219101123595505 0.2845238095238095 0.4199438202247191
1 0.29285714285714287 0.40870786516853935 0.23809523809523808 0.375 0.2523809523809524 0.34691011235955055 0.305952380952381 0.37780898876404495
1 0.24166666666666667 0.32303370786516855 0.2976190476190476 0.35674157303370785 0.3142857142857143 0.3300561797752809 0.25 0.300561797752809
1 0.19285714285714287 0.3455056179775281 0.12976190476190477 0.3862359550561798 0.11428571428571428 0.351123595505618 0.17261904761904762 0.31179775280898875
1 0.19285714285714287 0.2345505617977528 0.1392857142857143 0.27668539325842695 0.12738095238095237 0.24578651685393257 0.18214285714285713 0.2050561797752809
1 0.17857142857142858 0.19241573033707865 0.1261904761904762 0.2303370786516854 0.11547619047619048 0.2050561797752809 0.17142857142857143 0.16713483146067415
1 0.17023809523809524 0.14747191011235955 0.11190476190476191 0.18820224719101122 0.10119047619047619 0.16151685393258428 0.15714285714285714 0.12078651685393259
1 0.24642857142857144 0.27668539325842695 0.2976190476190476 0.3146067415730337 0.3142857142857143 0.28370786516853935 0.25952380952380955 0.24719101123595505
1 0.24523809523809523 0.2148876404494382 0.30357142857142855 0.2443820224719101 0.3142857142857143 0.2148876404494382 0.2571428571428571 0.18258426966292135
1 0.25595238095238093 0.1699438202247191 0.31547619047619047 0.2050561797752809 0.32857142857142857 0.17837078651685392 0.2702380952380952 0.1446629213483146
1 0.4017857142857143 0.3321629213483146 0.02976190476190476 0.07443820224719101
1 0.6416666666666667 0.34691011235955055 0.6392857142857142 0.27247191011235955 0.6654761904761904 0.27247191011235955 0.669047619047619 0.34269662921348315
1 0.638095238095238 0.24859550561797752 0.6357142857142857 0.17837078651685392 0.6619047619047619 0.17837078651685392 0.6654761904761904 0.24719101123595505
1 0.7297619047619047 0.43820224719101125 0.7238095238095238 0.36235955056179775 0.7547619047619047 0.3637640449438202 0.7607142857142857 0.43679775280898875