1 0.31845238095238093 0.6432584269662921 0.034523809523809526 0.0898876404494382
1 0.13333333333333333 0.4311797752808989 0.13452380952380952 0.5196629213483146 0.17023809523809524 0.5140449438202247 0.16785714285714284 0.4339887640449438
1 0.36607142857142855 0.3553370786516854 0.03214285714285714 0.07584269662921349
1 0.6041666666666666 0.7577247191011236 0.06547619047619048 0.0351123595505618
1 0.7773809523809524 0.8384831460674157 0.8535714285714285 0.8300561797752809 0.8547619047619047 0.8665730337078652 0.780952380952381 0.8735955056179775
1 0.8035714285714286 0.7865168539325843 0.8797619047619047 0.7682584269662921 0.8821428571428571 0.8033707865168539 0.8071428571428572 0.8216292134831461
1 0.8273809523809523 0.7303370786516854 0.888095238095238 0.7162921348314607 0.8940476190476191 0.7429775280898876 0.8392857142857143 0.7640449438202247
1 0.8690476190476191 0.6193820224719101 0.8511904761904762 0.6924157303370787 0.8809523809523809 0.7036516853932584 0.8940476190476191 0.6306179775280899
1 0.7529761904761905 0.3103932584269663 0.06785714285714285 0.03089887640449438
1 0.7226190476190476 0.25280898876404495 0.7833333333333333 0.25280898876404495 0.7845238095238095 0.2851123595505618 0.7226190476190476 0.28230337078651685
1 0.7285714285714285 0.20365168539325842 0.7904761904761904 0.2050561797752809 0.7892857142857143 0.24297752808988765 0.7214285714285714 0.23595505617977527
1 0.7238095238095238 0.16573033707865167 0.7904761904761904 0.16853932584269662 0.7904761904761904 0.199438202247191 0.7226190476190476 0.1952247191011236
1 0.7357142857142858 0.12640449438202248 0.7333333333333333 0.1544943820224719 0.7928571428571428 0.16292134831460675 0.7964285714285714 0.12780898876404495