1 0.33095238095238094 0.5133426966292135 0.03333333333333333 0.08286516853932584
1 0.3101190476190476 0.32092696629213485 0.03214285714285714 0.07724719101123595
1 0.35535714285714287 0.1580056179775281 0.02738095238095238 0.06882022471910113
1 0.7559523809523809 0.20224719101123595 0.8154761904761905 0.20646067415730338 0.8130952380952381 0.23595505617977527 0.7535714285714286 0.2303370786516854
1 0.7440476190476191 0.23876404494382023 0.8130952380952381 0.24719101123595505 0.8071428571428572 0.2794943820224719 0.7333333333333333 0.2654494382022472
1 0.7273809523809524 0.27668539325842695 0.7964285714285714 0.27808988764044945 0.7952380952380952 0.3146067415730337 0.7285714285714285 0.3103932584269663
1 0.7238095238095238 0.31741573033707865 0.7952380952380952 0.32303370786516855 0.7964285714285714 0.3553370786516854 0.7202380952380952 0.34691011235955055
1 0.7214285714285714 0.35674157303370785 0.7880952380952381 0.36797752808988765 0.7892857142857143 0.398876404494382 0.7202380952380952 0.39185393258426965
1 0.725 0.4058988764044944 0.7845238095238095 0.4157303370786517 0.7821428571428571 0.4438202247191011 0.7226190476190476 0.43820224719101125
1 0.719047619047619 0.45224719101123595 0.7869047619047619 0.4550561797752809 0.7833333333333333 0.4859550561797753 0.7202380952380952 0.48174157303370785
1 0.8642857142857143 0.797752808988764 0.8535714285714285 0.8735955056179775 0.8833333333333333 0.8848314606741573 0.8964285714285715 0.8103932584269663
1 0.8488095238095238 0.20224719101123595 0.9035714285714286 0.2401685393258427 0.9202380952380952 0.20926966292134833 0.8666666666666667 0.175561797752809