1 0.2976190476190476 0.3693820224719101 0.35714285714285715 0.324438202247191 0.3738095238095238 0.3539325842696629 0.30833333333333335 0.40168539325842695
1 0.5517857142857143 0.5962078651685393 0.03214285714285714 0.09410112359550561
1 0.7095238095238096 0.6643258426966292 0.7083333333333334 0.7528089887640449 0.7416666666666667 0.7528089887640449 0.7392857142857143 0.6657303370786517
1 0.5976190476190476 0.8300561797752809 0.030952380952380953 0.08426966292134831
1 0.555952380952381 0.8518258426966292 0.03333333333333333 0.07443820224719101
1 0.11607142857142858 0.7198033707865169 0.02738095238095238 0.0800561797752809
1 0.5279761904761905 0.31530898876404495 0.034523809523809526 0.07724719101123595
1 0.5684523809523809 0.3595505617977528 0.034523809523809526 0.0898876404494382
1 0.5708333333333333 0.14185393258426968 0.034523809523809526 0.06741573033707865
1 0.6857142857142857 0.1404494382022472 0.030952380952380953 0.06179775280898876
1 0.12738095238095237 0.21207865168539325 0.06428571428571428 0.03651685393258427