1 0.5238095238095238 0.5716292134831461 0.555952380952381 0.6502808988764045 0.5785714285714286 0.6432584269662921 0.5476190476190477 0.5646067415730337
1 0.55 0.6657303370786517 0.569047619047619 0.7345505617977528 0.5952380952380952 0.723314606741573 0.5738095238095238 0.6544943820224719
1 0.5773809523809523 0.7682584269662921 0.6071428571428571 0.8539325842696629 0.6392857142857142 0.8455056179775281 0.611904761904762 0.7598314606741573
1 0.325 0.7907303370786517 0.3869047619047619 0.8328651685393258 0.40595238095238095 0.7991573033707865 0.3464285714285714 0.7598314606741573
1 0.3595238095238095 0.7050561797752809 0.4297619047619048 0.7275280898876404 0.44047619047619047 0.6938202247191011 0.36666666666666664 0.6699438202247191
1 0.37023809523809526 0.6067415730337079 0.3904761904761905 0.6741573033707865 0.4154761904761905 0.672752808988764 0.3976190476190476 0.5997191011235955
1 0.43333333333333335 0.6235955056179775 0.4357142857142857 0.6980337078651685 0.4607142857142857 0.7008426966292135 0.45714285714285713 0.6235955056179775
1 0.35714285714285715 0.7064606741573034 0.4238095238095238 0.7289325842696629 0.4142857142857143 0.7640449438202247 0.3416666666666667 0.7401685393258427
1 0.36904761904761907 0.5098314606741573 0.39285714285714285 0.5898876404494382 0.4166666666666667 0.5828651685393258 0.3976190476190476 0.5056179775280899
1 0.45357142857142857 0.24297752808988765 0.49166666666666664 0.23595505617977527 0.475 0.16713483146067415 0.4392857142857143 0.17696629213483145
1 0.3630952380952381 0.27668539325842695 0.4035714285714286 0.26685393258426965 0.38571428571428573 0.19803370786516855 0.35 0.20646067415730338
1 0.4738095238095238 0.32162921348314605 0.5059523809523809 0.3146067415730337 0.4988095238095238 0.25702247191011235 0.4595238095238095 0.26825842696629215
1 0.4928571428571429 0.41713483146067415 0.5297619047619048 0.40730337078651685 0.5095238095238095 0.3356741573033708 0.47619047619047616 0.3441011235955056
1 0.3976190476190476 0.48314606741573035 0.44761904761904764 0.48314606741573035 0.44642857142857145 0.40870786516853935 0.3964285714285714 0.41292134831460675
1 0.4773809523809524 0.5758426966292135 0.5214285714285715 0.5688202247191011 0.5071428571428571 0.4901685393258427 0.4642857142857143 0.49859550561797755