1 0.42142857142857143 0.15168539325842698 0.3773809523809524 0.21207865168539325 0.4023809523809524 0.23314606741573032 0.44285714285714284 0.17415730337078653
1 0.39880952380952384 0.26825842696629215 0.4452380952380952 0.3103932584269663 0.46190476190476193 0.2893258426966292 0.41309523809523807 0.24578651685393257
1 0.44761904761904764 0.32162921348314605 0.49166666666666664 0.3693820224719101 0.5107142857142857 0.3441011235955056 0.4642857142857143 0.29775280898876405
1 0.5095238095238095 0.37359550561797755 0.5702380952380952 0.4199438202247191 0.5857142857142857 0.3946629213483146 0.5238095238095238 0.3497191011235955
1 0.5869047619047619 0.44803370786516855 0.6428571428571429 0.47752808988764045 0.6547619047619048 0.44803370786516855 0.5964285714285714 0.41853932584269665
1 0.6785714285714286 0.5308988764044944 0.736904761904762 0.5365168539325843 0.7380952380952381 0.5070224719101124 0.6785714285714286 0.5042134831460674
1 0.7714285714285715 0.5547752808988764 0.8333333333333334 0.5912921348314607 0.8452380952380952 0.5660112359550562 0.7821428571428571 0.526685393258427
1 0.7428571428571429 0.5856741573033708 0.8047619047619048 0.6320224719101124 0.8178571428571428 0.6081460674157303 0.7571428571428571 0.5646067415730337
1 0.725 0.6179775280898876 0.7761904761904762 0.6643258426966292 0.7904761904761904 0.6390449438202247 0.7404761904761905 0.5926966292134831
1 0.6630952380952381 0.699438202247191 0.7130952380952381 0.7556179775280899 0.7273809523809524 0.7317415730337079 0.6785714285714286 0.6783707865168539
1 0.6309523809523809 0.7359550561797753 0.6821428571428572 0.7949438202247191 0.6976190476190476 0.776685393258427 0.6476190476190476 0.7176966292134831
1 0.6107142857142858 0.7837078651685393 0.6619047619047619 0.8286516853932584 0.6761904761904762 0.8047752808988764 0.6238095238095238 0.7584269662921348
1 0.5785714285714286 0.8061797752808989 0.6345238095238095 0.8665730337078652 0.6523809523809524 0.8441011235955056 0.5976190476190476 0.7837078651685393
1 0.4523809523809524 0.7106741573033708 0.5047619047619047 0.7696629213483146 0.5238095238095238 0.7485955056179775 0.46785714285714286 0.6910112359550562
1 0.4785714285714286 0.6853932584269663 0.5333333333333333 0.7387640449438202 0.5488095238095239 0.7205056179775281 0.49642857142857144 0.6643258426966292
1 0.5083333333333333 0.6558988764044944 0.5595238095238095 0.7050561797752809 0.5738095238095238 0.6839887640449438 0.5226190476190476 0.6362359550561798
1 0.5297619047619048 0.6207865168539326 0.5797619047619048 0.6671348314606742 0.5952380952380952 0.6474719101123596 0.544047619047619 0.5969101123595506
1 0.5535714285714286 0.5941011235955056 0.611904761904762 0.6179775280898876 0.6178571428571429 0.5898876404494382 0.5607142857142857 0.5688202247191011
1 0.8714285714285714 0.6348314606741573 0.8083333333333333 0.6797752808988764 0.8226190476190476 0.7078651685393258 0.8857142857142857 0.6685393258426966
1 0.38571428571428573 0.800561797752809 0.44166666666666665 0.8609550561797753 0.4226190476190476 0.8834269662921348 0.3678571428571429 0.8230337078651685