1 0.1988095238095238 0.3862359550561798 0.14761904761904762 0.44803370786516855 0.16785714285714284 0.46629213483146065 0.2154761904761905 0.4044943820224719
1 0.24642857142857144 0.3862359550561798 0.19523809523809524 0.4410112359550562 0.21785714285714286 0.4705056179775281 0.2642857142857143 0.41713483146067415
1 0.3047619047619048 0.38202247191011235 0.2523809523809524 0.42837078651685395 0.2714285714285714 0.46207865168539325 0.32142857142857145 0.4058988764044944
1 0.34523809523809523 0.4002808988764045 0.29523809523809524 0.449438202247191 0.3107142857142857 0.47191011235955055 0.3619047619047619 0.42134831460674155
1 0.43333333333333335 0.3890449438202247 0.36428571428571427 0.4199438202247191 0.375 0.45786516853932585 0.44285714285714284 0.425561797752809
1 0.49047619047619045 0.3848314606741573 0.44047619047619047 0.4438202247191011 0.4642857142857143 0.4705056179775281 0.5095238095238095 0.4143258426966292
1 0.5285714285714286 0.3946629213483146 0.4857142857142857 0.4438202247191011 0.5095238095238095 0.46629213483146065 0.5488095238095239 0.42275280898876405
1 0.5821428571428572 0.3890449438202247 0.5321428571428571 0.44662921348314605 0.5547619047619048 0.47191011235955055 0.6 0.41853932584269665
1 0.6619047619047619 0.3890449438202247 0.6226190476190476 0.44241573033707865 0.6428571428571429 0.46629213483146065 0.6892857142857143 0.4157303370786517
1 0.7178571428571429 0.39325842696629215 0.6654761904761904 0.44662921348314605 0.6869047619047619 0.47191011235955055 0.7333333333333333 0.41151685393258425
1 0.7619047619047619 0.4044943820224719 0.719047619047619 0.4550561797752809 0.7380952380952381 0.4747191011235955 0.7797619047619048 0.42134831460674155
1 0.8035714285714286 0.40308988764044945 0.763095238095238 0.45786516853932585 0.7845238095238095 0.4789325842696629 0.8261904761904761 0.42696629213483145
1 0.8595238095238096 0.40308988764044945 0.8142857142857143 0.4550561797752809 0.8345238095238096 0.476123595505618 0.875 0.4241573033707865
1 0.8601190476190477 0.6053370786516854 0.0630952380952381 0.033707865168539325
1 0.17023809523809524 0.7331460674157303 0.24761904761904763 0.7345505617977528 0.24523809523809523 0.7752808988764045 0.16666666666666666 0.773876404494382