1 0.22738095238095238 0.6390449438202247 0.28809523809523807 0.6137640449438202 0.2988095238095238 0.6404494382022472 0.2357142857142857 0.6657303370786517
1 0.24047619047619048 0.6896067415730337 0.30357142857142855 0.6615168539325843 0.3142857142857143 0.6924157303370787 0.25 0.7176966292134831
1 0.25595238095238093 0.7359550561797753 0.32857142857142857 0.7050561797752809 0.3404761904761905 0.7387640449438202 0.26666666666666666 0.7682584269662921
0 0.26666666666666666 0.7794943820224719 0.4119047619047619 0.7191011235955056 0.42738095238095236 0.7696629213483146 0.28095238095238095 0.8328651685393258
1 0.3630952380952381 0.6910112359550562 0.4297619047619048 0.6643258426966292 0.4392857142857143 0.6966292134831461 0.3726190476190476 0.723314606741573
1 0.35 0.675561797752809 0.4142857142857143 0.6502808988764045 0.40595238095238095 0.6221910112359551 0.34285714285714286 0.6446629213483146
1 0.3392857142857143 0.6193820224719101 0.4083333333333333 0.5955056179775281 0.39285714285714285 0.5660112359550562 0.32857142857142857 0.5912921348314607
1 0.4357142857142857 0.726123595505618 0.49642857142857144 0.702247191011236 0.5059523809523809 0.7303370786516854 0.44761904761904764 0.7556179775280899
1 0.4607142857142857 0.6474719101123596 0.5226190476190476 0.6221910112359551 0.5333333333333333 0.6502808988764045 0.47023809523809523 0.6783707865168539
1 0.5226190476190476 0.6839887640449438 0.5880952380952381 0.6573033707865169 0.5976190476190476 0.6867977528089888 0.5333333333333333 0.7162921348314607
1 0.42142857142857143 0.6053370786516854 0.49047619047619045 0.5786516853932584 0.4988095238095238 0.6067415730337079 0.43214285714285716 0.6348314606741573
1 0.42142857142857143 0.5575842696629213 0.48333333333333334 0.5323033707865169 0.4928571428571429 0.5603932584269663 0.4297619047619048 0.5870786516853933
1 0.530952380952381 0.5632022471910112 0.594047619047619 0.5365168539325843 0.6059523809523809 0.5660112359550562 0.5416666666666666 0.5912921348314607
1 0.6130952380952381 0.6460674157303371 0.6833333333333333 0.6151685393258427 0.6964285714285714 0.6404494382022472 0.6261904761904762 0.6769662921348315
1 0.6273809523809524 0.526685393258427 0.6869047619047619 0.5028089887640449 0.6976190476190476 0.5294943820224719 0.6357142857142857 0.5547752808988764
1 0.65 0.5730337078651685 0.7107142857142857 0.5463483146067416 0.7214285714285714 0.5730337078651685 0.6595238095238095 0.5997191011235955
1 0.5642857142857143 0.4353932584269663 0.6285714285714286 0.4058988764044944 0.6392857142857142 0.44241573033707865 0.575 0.46629213483146065
1 0.7166666666666667 0.4845505617977528 0.7785714285714286 0.45646067415730335 0.7892857142857143 0.48174157303370785 0.7297619047619047 0.5112359550561798
1 0.7119047619047619 0.6025280898876404 0.775 0.574438202247191 0.7857142857142857 0.6025280898876404 0.7226190476190476 0.6334269662921348
1 0.7916666666666666 0.5730337078651685 0.8523809523809524 0.5449438202247191 0.8642857142857143 0.5716292134831461 0.8023809523809524 0.6025280898876404
1 0.7583333333333333 0.3651685393258427 0.8202380952380952 0.3455056179775281 0.830952380952381 0.37219101123595505 0.7666666666666667 0.3960674157303371