1 0.15119047619047618 0.16713483146067415 0.13333333333333333 0.23314606741573032 0.16666666666666666 0.24719101123595505 0.17857142857142858 0.17837078651685392
1 0.15833333333333333 0.29213483146067415 0.14285714285714285 0.36657303370786515 0.1761904761904762 0.37359550561797755 0.1869047619047619 0.3061797752808989
1 0.19523809523809524 0.3455056179775281 0.17976190476190476 0.42837078651685395 0.20595238095238094 0.4339887640449438 0.22023809523809523 0.3497191011235955
1 0.4142857142857143 0.31320224719101125 0.40595238095238095 0.3862359550561798 0.43452380952380953 0.39185393258426965 0.44285714285714284 0.3146067415730337
1 0.4511904761904762 0.31320224719101125 0.44642857142857145 0.3946629213483146 0.4726190476190476 0.4002808988764045 0.48333333333333334 0.3188202247191011
1 0.4392857142857143 0.41151685393258425 0.43214285714285716 0.4859550561797753 0.4583333333333333 0.49157303370786515 0.4642857142857143 0.4143258426966292
1 0.43452380952380953 0.5084269662921348 0.42857142857142855 0.5828651685393258 0.4511904761904762 0.5842696629213483 0.45714285714285713 0.5112359550561798
1 0.4238095238095238 0.6165730337078652 0.41309523809523807 0.6783707865168539 0.4369047619047619 0.6825842696629213 0.4452380952380952 0.6207865168539326
1 0.4035714285714286 0.7191011235955056 0.3904761904761905 0.797752808988764 0.4166666666666667 0.8033707865168539 0.430952380952381 0.7247191011235955
1 0.3976190476190476 0.20786516853932585 0.45714285714285713 0.1952247191011236 0.4607142857142857 0.22893258426966293 0.4011904761904762 0.23876404494382023
3 0.4261904761904762 0.09129213483146068 0.4107142857142857 0.1797752808988764 0.44285714285714284 0.1853932584269663 0.45714285714285713 0.09691011235955056
1 0.4738095238095238 0.12640449438202248 0.5297619047619048 0.13202247191011235 0.5261904761904762 0.16432584269662923 0.4726190476190476 0.15870786516853932
1 0.475 0.20786516853932585 0.5333333333333333 0.2205056179775281 0.530952380952381 0.24859550561797752 0.46904761904761905 0.2345505617977528
1 0.4642857142857143 0.27668539325842695 0.5285714285714286 0.2893258426966292 0.5321428571428571 0.2612359550561798 0.47023809523809523 0.24859550561797752
1 0.5928571428571429 0.2893258426966292 0.611904761904762 0.36657303370786515 0.6416666666666667 0.35814606741573035 0.6166666666666667 0.2808988764044944
1 0.6214285714285714 0.12780898876404495 0.6321428571428571 0.18820224719101122 0.6547619047619048 0.1853932584269663 0.6440476190476191 0.12219101123595505
1 0.6345238095238095 0.21769662921348315 0.638095238095238 0.28370786516853935 0.6642857142857143 0.28370786516853935 0.6607142857142857 0.21629213483146068
1 0.6845238095238095 0.5379213483146067 0.6845238095238095 0.6165730337078652 0.7083333333333334 0.6179775280898876 0.7095238095238096 0.5407303370786517
1 0.6988095238095238 0.7584269662921348 0.705952380952381 0.8384831460674157 0.7404761904761905 0.8328651685393258 0.7285714285714285 0.7457865168539326
1 0.6797619047619048 0.8314606741573034 0.6916666666666667 0.901685393258427 0.7202380952380952 0.8960674157303371 0.705952380952381 0.8258426966292135