1 0.16547619047619047 0.2050561797752809 0.18214285714285713 0.17415730337078653 0.13690476190476192 0.13342696629213482 0.11785714285714285 0.1601123595505618
1 0.15357142857142858 0.24157303370786518 0.16666666666666666 0.21910112359550563 0.125 0.1853932584269663 0.10952380952380952 0.20646067415730338
1 0.14166666666666666 0.2893258426966292 0.15833333333333333 0.26825842696629215 0.11428571428571428 0.22331460674157302 0.09642857142857143 0.2443820224719101
1 0.13333333333333333 0.3300561797752809 0.15119047619047618 0.30758426966292135 0.1130952380952381 0.26825842696629215 0.09642857142857143 0.2893258426966292
1 0.23452380952380952 0.18679775280898878 0.2857142857142857 0.13623595505617977 0.2642857142857143 0.1151685393258427 0.21428571428571427 0.16573033707865167
1 0.24404761904761904 0.23314606741573032 0.29404761904761906 0.1896067415730337 0.2773809523809524 0.16432584269662923 0.22738095238095238 0.20646067415730338
1 0.2369047619047619 0.27668539325842695 0.29523809523809524 0.2401685393258427 0.28214285714285714 0.21067415730337077 0.2226190476190476 0.25
1 0.23452380952380952 0.32724719101123595 0.29285714285714287 0.28651685393258425 0.27976190476190477 0.25842696629213485 0.22023809523809523 0.2991573033707865
1 0.23214285714285715 0.37640449438202245 0.2916666666666667 0.3356741573033708 0.2761904761904762 0.3061797752808989 0.21904761904761905 0.34691011235955055
1 0.22857142857142856 0.42696629213483145 0.2845238095238095 0.3946629213483146 0.2714285714285714 0.3609550561797753 0.2154761904761905 0.39325842696629215
0 0.3595238095238095 0.4157303370786517 0.4011904761904762 0.4143258426966292 0.4023809523809524 0.21348314606741572 0.35833333333333334 0.2148876404494382
1 0.40714285714285714 0.20365168539325842 0.4369047619047619 0.20365168539325842 0.4392857142857143 0.2949438202247191 0.40714285714285714 0.29634831460674155
1 0.4869047619047619 0.21769662921348315 0.5166666666666667 0.21769662921348315 0.5166666666666667 0.14747191011235955 0.4857142857142857 0.1446629213483146
1 0.4857142857142857 0.33146067415730335 0.5142857142857142 0.33146067415730335 0.5142857142857142 0.25 0.48333333333333334 0.25
1 0.4119047619047619 0.41853932584269665 0.4357142857142857 0.41853932584269665 0.4380952380952381 0.3398876404494382 0.41309523809523807 0.3398876404494382
1 0.44761904761904764 0.41853932584269665 0.4785714285714286 0.42134831460674155 0.475 0.33146067415730335 0.45 0.3342696629213483
1 0.4845238095238095 0.41292134831460675 0.5142857142857142 0.41292134831460675 0.5142857142857142 0.3553370786516854 0.4845238095238095 0.35252808988764045
1 0.4797619047619048 0.526685393258427 0.5107142857142857 0.5308988764044944 0.5119047619047619 0.4452247191011236 0.48333333333333334 0.4452247191011236
3 0.6392857142857142 0.23876404494382023 0.669047619047619 0.23735955056179775 0.6666666666666666 0.14606741573033707 0.638095238095238 0.14747191011235955
3 0.8333333333333334 0.4157303370786517 0.8607142857142858 0.4143258426966292 0.8547619047619047 0.3160112359550562 0.8273809523809523 0.3160112359550562
1 0.8416666666666667 0.7823033707865169 0.9047619047619048 0.7893258426966292 0.905952380952381 0.75 0.8416666666666667 0.7443820224719101
1 0.638095238095238 0.8441011235955056 0.7095238095238096 0.8398876404494382 0.7119047619047619 0.8735955056179775 0.6392857142857142 0.8778089887640449