0 0.31666666666666665 0.2640449438202247 0.3607142857142857 0.2640449438202247 0.36428571428571427 0.10393258426966293 0.319047619047619 0.10393258426966293
1 0.46785714285714286 0.2851123595505618 0.5035714285714286 0.28370786516853935 0.5035714285714286 0.19382022471910113 0.46785714285714286 0.1952247191011236
1 0.5297619047619048 0.23174157303370788 0.5607142857142857 0.23314606741573032 0.5607142857142857 0.14747191011235955 0.5321428571428571 0.14606741573033707
1 0.525 0.35814606741573035 0.5571428571428572 0.35814606741573035 0.5595238095238095 0.26685393258426965 0.5273809523809524 0.26685393258426965
1 0.4226190476190476 0.38764044943820225 0.45357142857142857 0.3890449438202247 0.45476190476190476 0.3188202247191011 0.4238095238095238 0.3188202247191011
0 0.4583333333333333 0.523876404494382 0.5011904761904762 0.5252808988764045 0.5107142857142857 0.324438202247191 0.4654761904761905 0.324438202247191
1 0.5178571428571429 0.49859550561797755 0.5511904761904762 0.49859550561797755 0.5523809523809524 0.4101123595505618 0.5202380952380953 0.40730337078651685
1 0.5119047619047619 0.6179775280898876 0.544047619047619 0.6207865168539326 0.5476190476190477 0.5393258426966292 0.5166666666666667 0.5365168539325843
1 0.4654761904761905 0.6348314606741573 0.49523809523809526 0.6320224719101124 0.4928571428571429 0.547752808988764 0.4654761904761905 0.5491573033707865
1 0.4107142857142857 0.6910112359550562 0.44166666666666665 0.6910112359550562 0.44166666666666665 0.5955056179775281 0.41309523809523807 0.5955056179775281
1 0.36547619047619045 0.6320224719101124 0.3976190476190476 0.6320224719101124 0.39880952380952384 0.5435393258426966 0.36547619047619045 0.5449438202247191
1 0.2869047619047619 0.6769662921348315 0.31666666666666665 0.6853932584269663 0.3357142857142857 0.5969101123595506 0.305952380952381 0.5884831460674157
1 0.20357142857142857 0.848314606741573 0.2571428571428571 0.7935393258426966 0.2357142857142857 0.7626404494382022 0.18095238095238095 0.8160112359550562
1 0.48214285714285715 0.8089887640449438 0.5083333333333333 0.797752808988764 0.5273809523809524 0.8679775280898876 0.4988095238095238 0.8778089887640449
1 0.555952380952381 0.7752808988764045 0.5869047619047619 0.7598314606741573 0.6047619047619047 0.8160112359550562 0.5738095238095238 0.8314606741573034
1 0.7904761904761904 0.7640449438202247 0.825 0.7640449438202247 0.825 0.8693820224719101 0.7916666666666666 0.8693820224719101
1 0.6928571428571428 0.6910112359550562 0.7261904761904762 0.6924157303370787 0.7309523809523809 0.6067415730337079 0.694047619047619 0.6039325842696629
1 0.5190476190476191 0.6573033707865169 0.55 0.6446629213483146 0.5761904761904761 0.7275280898876404 0.5428571428571428 0.7401685393258427
1 0.4726190476190476 0.7584269662921348 0.5059523809523809 0.7528089887640449 0.4976190476190476 0.6629213483146067 0.4630952380952381 0.6685393258426966
3 0.7238095238095238 0.398876404494382 0.7583333333333333 0.4002808988764045 0.7642857142857142 0.5098314606741573 0.7273809523809524 0.5112359550561798
3 0.6714285714285714 0.35814606741573035 0.7107142857142857 0.35674157303370785 0.7047619047619048 0.24859550561797752 0.6714285714285714 0.25
1 0.7178571428571429 0.21348314606741572 0.7476190476190476 0.21348314606741572 0.7452380952380953 0.12921348314606743 0.7178571428571429 0.12921348314606743
0 0.7642857142857142 0.23174157303370788 0.8130952380952381 0.22612359550561797 0.819047619047619 0.45224719101123595 0.7726190476190476 0.45365168539325845