1 0.4142857142857143 0.20224719101123595 0.44642857142857145 0.199438202247191 0.44285714285714284 0.1151685393258427 0.41309523809523807 0.11797752808988764
1 0.319047619047619 0.351123595505618 0.35119047619047616 0.351123595505618 0.3547619047619048 0.25280898876404495 0.32142857142857145 0.25280898876404495
1 0.5202380952380953 0.24859550561797752 0.5511904761904762 0.24719101123595505 0.5547619047619048 0.14606741573033707 0.5202380952380953 0.15168539325842698
1 0.47619047619047616 0.28651685393258425 0.5059523809523809 0.28370786516853935 0.5071428571428571 0.2050561797752809 0.475 0.2050561797752809
1 0.5214285714285715 0.36657303370786515 0.5547619047619048 0.36657303370786515 0.55 0.2752808988764045 0.5190476190476191 0.27808988764044945
1 0.4738095238095238 0.4297752808988764 0.5071428571428571 0.425561797752809 0.5023809523809524 0.3342696629213483 0.47619047619047616 0.32865168539325845
1 0.5190476190476191 0.49297752808988765 0.5523809523809524 0.49157303370786515 0.5523809523809524 0.4002808988764045 0.5166666666666667 0.40308988764044945
1 0.46785714285714286 0.5547752808988764 0.5035714285714286 0.5561797752808989 0.5047619047619047 0.46629213483146065 0.47023809523809523 0.46348314606741575
1 0.5261904761904762 0.6109550561797753 0.5595238095238095 0.6081460674157303 0.5583333333333333 0.5196629213483146 0.5261904761904762 0.5210674157303371
1 0.4738095238095238 0.6741573033707865 0.5071428571428571 0.675561797752809 0.5095238095238095 0.574438202247191 0.475 0.5716292134831461
1 0.36428571428571427 0.7120786516853933 0.39404761904761904 0.7134831460674157 0.3976190476190476 0.6221910112359551 0.36666666666666664 0.6193820224719101
1 0.5202380952380953 0.7359550561797753 0.5583333333333333 0.7359550561797753 0.5547619047619048 0.6376404494382022 0.5190476190476191 0.6404494382022472
1 0.4714285714285714 0.8047752808988764 0.5047619047619047 0.8033707865168539 0.5035714285714286 0.7134831460674157 0.47023809523809523 0.7148876404494382
1 0.5238095238095238 0.7935393258426966 0.5547619047619048 0.7907303370786517 0.5547619047619048 0.8778089887640449 0.5238095238095238 0.8778089887640449
1 0.7154761904761905 0.3061797752808989 0.7488095238095238 0.3061797752808989 0.75 0.3890449438202247 0.7130952380952381 0.3890449438202247