1 0.14761904761904762 0.5674157303370787 0.19523809523809524 0.4747191011235955 0.22023809523809523 0.4957865168539326 0.1761904761904762 0.5884831460674157
1 0.14166666666666666 0.6980337078651685 0.16785714285714284 0.7205056179775281 0.2119047619047619 0.6376404494382022 0.18571428571428572 0.6151685393258427
1 0.29285714285714287 0.8132022471910112 0.34285714285714286 0.7205056179775281 0.3047619047619048 0.699438202247191 0.2654761904761905 0.7935393258426966
1 0.33095238095238094 0.6685393258426966 0.3607142857142857 0.6867977528089888 0.40714285714285714 0.601123595505618 0.3726190476190476 0.574438202247191
1 0.3952380952380952 0.6713483146067416 0.4226190476190476 0.6924157303370787 0.46190476190476193 0.6151685393258427 0.42857142857142855 0.5926966292134831
1 0.4857142857142857 0.7485955056179775 0.5142857142857142 0.7668539325842697 0.5523809523809524 0.6811797752808989 0.5214285714285715 0.6615168539325843
1 0.39285714285714285 0.5519662921348315 0.41785714285714287 0.5702247191011236 0.4595238095238095 0.4859550561797753 0.43333333333333335 0.46769662921348315
1 0.46904761904761905 0.523876404494382 0.49523809523809526 0.5393258426966292 0.5333333333333333 0.4592696629213483 0.5059523809523809 0.43820224719101125
1 0.44642857142857145 0.45224719101123595 0.47619047619047616 0.46769662921348315 0.5119047619047619 0.3904494382022472 0.4869047619047619 0.36797752808988765
1 0.3047619047619048 0.3089887640449438 0.3357142857142857 0.32303370786516855 0.3726190476190476 0.2345505617977528 0.3416666666666667 0.2148876404494382
1 0.5476190476190477 0.25 0.5773809523809523 0.2696629213483146 0.6166666666666667 0.19241573033707865 0.5845238095238096 0.17134831460674158
1 0.6130952380952381 0.23595505617977527 0.6428571428571429 0.2556179775280899 0.675 0.175561797752809 0.6452380952380953 0.1601123595505618
1 0.49166666666666664 0.33848314606741575 0.5202380952380953 0.35814606741573035 0.5630952380952381 0.2794943820224719 0.5345238095238095 0.2542134831460674
1 0.5583333333333333 0.34269662921348315 0.5892857142857143 0.3651685393258427 0.6273809523809524 0.28370786516853935 0.594047619047619 0.26825842696629215
1 0.8083333333333333 0.19382022471910113 0.8404761904761905 0.21207865168539325 0.8714285714285714 0.12921348314606743 0.8392857142857143 0.11376404494382023