1 0.3 0.2598314606741573 0.33095238095238094 0.2794943820224719 0.3761904761904762 0.19803370786516855 0.34404761904761905 0.175561797752809
1 0.3535714285714286 0.30758426966292135 0.38333333333333336 0.324438202247191 0.4166666666666667 0.24859550561797752 0.39166666666666666 0.2345505617977528
1 0.5845238095238096 0.19101123595505617 0.6095238095238096 0.20786516853932585 0.6428571428571429 0.13623595505617977 0.6166666666666667 0.12219101123595505
1 0.6916666666666667 0.20084269662921347 0.7214285714285714 0.2148876404494382 0.7523809523809524 0.14606741573033707 0.7226190476190476 0.1306179775280899
1 0.5583333333333333 0.3146067415730337 0.5964285714285714 0.23595505617977527 0.5678571428571428 0.21769662921348315 0.525 0.29353932584269665
1 0.46785714285714286 0.41151685393258425 0.4988095238095238 0.4297752808988764 0.5369047619047619 0.34269662921348315 0.5095238095238095 0.3258426966292135
1 0.5392857142857143 0.5084269662921348 0.5678571428571428 0.5308988764044944 0.6071428571428571 0.45224719101123595 0.5821428571428572 0.4311797752808989
1 0.1261904761904762 0.6207865168539326 0.15714285714285714 0.6376404494382022 0.20238095238095238 0.5449438202247191 0.16904761904761906 0.5224719101123596
1 0.35595238095238096 0.6432584269662921 0.3821428571428571 0.6601123595505618 0.42142857142857143 0.5800561797752809 0.39285714285714285 0.5589887640449438
1 0.4154761904761905 0.5210674157303371 0.44642857142857145 0.5379213483146067 0.4857142857142857 0.45365168539325845 0.45476190476190476 0.43258426966292135
2 0.49166666666666664 0.75 0.5238095238095238 0.7724719101123596 0.5726190476190476 0.6629213483146067 0.5416666666666666 0.6446629213483146
1 0.40476190476190477 0.8019662921348315 0.43452380952380953 0.8216292134831461 0.4773809523809524 0.7289325842696629 0.444047619047619 0.7092696629213483
1 0.2988095238095238 0.7668539325842697 0.32857142857142857 0.7837078651685393 0.3595238095238095 0.7106741573033708 0.33214285714285713 0.6924157303370787
1 0.3119047619047619 0.8174157303370787 0.2785714285714286 0.8890449438202247 0.24642857142857144 0.8679775280898876 0.28214285714285714 0.7949438202247191