1 0.09761904761904762 0.19101123595505617 0.12261904761904761 0.21067415730337077 0.16428571428571428 0.14185393258426968 0.14047619047619048 0.125
1 0.5321428571428571 0.199438202247191 0.5619047619047619 0.21910112359550563 0.5964285714285714 0.14325842696629212 0.5666666666666667 0.125
1 0.5797619047619048 0.22191011235955055 0.6059523809523809 0.2443820224719101 0.6416666666666667 0.1601123595505618 0.611904761904762 0.14325842696629212
1 0.4666666666666667 0.33146067415730335 0.49523809523809526 0.35252808988764045 0.5392857142857143 0.27668539325842695 0.5095238095238095 0.2556179775280899
1 0.5345238095238095 0.3258426966292135 0.5607142857142857 0.3441011235955056 0.6023809523809524 0.25702247191011235 0.5726190476190476 0.24157303370786518
2 0.26666666666666666 0.4410112359550562 0.325 0.3342696629213483 0.28214285714285714 0.3047752808988764 0.22857142857142856 0.41292134831460675
1 0.4095238095238095 0.42275280898876405 0.4369047619047619 0.4410112359550562 0.4773809523809524 0.3651685393258427 0.44761904761904764 0.34269662921348315
1 0.4738095238095238 0.4297752808988764 0.5083333333333333 0.45224719101123595 0.544047619047619 0.37640449438202245 0.513095238095238 0.35252808988764045
1 0.4797619047619048 0.5323033707865169 0.5047619047619047 0.5547752808988764 0.5523809523809524 0.47331460674157305 0.5214285714285715 0.449438202247191
1 0.35595238095238096 0.5379213483146067 0.3821428571428571 0.5575842696629213 0.4261904761904762 0.4803370786516854 0.3976190476190476 0.4592696629213483
1 0.3738095238095238 0.6039325842696629 0.4035714285714286 0.6278089887640449 0.444047619047619 0.5491573033707865 0.4154761904761905 0.5252808988764045
1 0.29642857142857143 0.6306179775280899 0.325 0.651685393258427 0.36547619047619045 0.577247191011236 0.3392857142857143 0.5575842696629213
1 0.325 0.7064606741573034 0.35119047619047616 0.7275280898876404 0.39404761904761904 0.651685393258427 0.3607142857142857 0.6278089887640449
1 0.3416666666666667 0.8033707865168539 0.3678571428571429 0.8230337078651685 0.4095238095238095 0.7443820224719101 0.3821428571428571 0.723314606741573
1 0.3821428571428571 0.8328651685393258 0.41309523809523807 0.8539325842696629 0.45595238095238094 0.7710674157303371 0.4226190476190476 0.7485955056179775
1 0.23452380952380952 0.7471910112359551 0.2630952380952381 0.7696629213483146 0.30714285714285716 0.6867977528089888 0.2785714285714286 0.6657303370786517
1 0.21071428571428572 0.7794943820224719 0.16547619047619047 0.8651685393258427 0.18928571428571428 0.8918539325842697 0.23809523809523808 0.8033707865168539