1 0.7511904761904762 0.8160112359550562 0.7857142857142857 0.8160112359550562 0.7833333333333333 0.8946629213483146 0.75 0.8904494382022472
1 0.8035714285714286 0.7289325842696629 0.8452380952380952 0.6558988764044944 0.8202380952380952 0.6362359550561798 0.7785714285714286 0.7092696629213483
1 0.16428571428571428 0.7696629213483146 0.19285714285714287 0.7514044943820225 0.22380952380952382 0.8328651685393258 0.19523809523809524 0.8497191011235955
1 0.25833333333333336 0.40308988764044945 0.30357142857142855 0.3342696629213483 0.27976190476190477 0.31179775280898875 0.23452380952380952 0.38342696629213485
1 0.3547619047619048 0.3651685393258427 0.3976190476190476 0.29213483146067415 0.3726190476190476 0.2710674157303371 0.32976190476190476 0.3398876404494382
1 0.4023809523809524 0.38202247191011235 0.4452380952380952 0.3103932584269663 0.4238095238095238 0.28792134831460675 0.3761904761904762 0.36657303370786515
1 0.4357142857142857 0.43258426966292135 0.4857142857142857 0.3497191011235955 0.45714285714285713 0.32724719101123595 0.4083333333333333 0.4101123595505618
1 0.5904761904761905 0.3862359550561798 0.6345238095238095 0.3103932584269663 0.6083333333333333 0.2907303370786517 0.5630952380952381 0.3637640449438202
2 0.4976190476190476 0.33286516853932585 0.5583333333333333 0.23735955056179775 0.5261904761904762 0.21067415730337077 0.46904761904761905 0.3103932584269663
1 0.41785714285714287 0.26825842696629215 0.4654761904761905 0.1896067415730337 0.4392857142857143 0.16573033707865167 0.3892857142857143 0.24297752808988765
1 0.4654761904761905 0.2808988764044944 0.5035714285714286 0.21629213483146068 0.4797619047619048 0.19662921348314608 0.44047619047619047 0.2598314606741573
1 0.4928571428571429 0.17696629213483145 0.5202380952380953 0.1952247191011236 0.5607142857142857 0.125 0.5333333333333333 0.10533707865168539
1 0.5642857142857143 0.17134831460674158 0.5916666666666667 0.1952247191011236 0.638095238095238 0.1151685393258427 0.6095238095238096 0.08848314606741572