1 0.14166666666666666 0.38202247191011235 0.20357142857142857 0.38202247191011235 0.20476190476190476 0.4157303370786517 0.14047619047619048 0.4143258426966292
1 0.23333333333333334 0.41151685393258425 0.29404761904761906 0.37780898876404495 0.30833333333333335 0.40870786516853935 0.24761904761904763 0.44803370786516855
1 0.35714285714285715 0.3792134831460674 0.42023809523809524 0.3497191011235955 0.43452380952380953 0.38342696629213485 0.37023809523809526 0.4157303370786517
1 0.14642857142857144 0.7485955056179775 0.2154761904761905 0.7514044943820225 0.2154761904761905 0.7879213483146067 0.14404761904761904 0.7851123595505618
1 0.15 0.8061797752808989 0.21785714285714286 0.8033707865168539 0.21428571428571427 0.8455056179775281 0.15 0.8426966292134831
1 0.3357142857142857 0.6179775280898876 0.3964285714285714 0.6137640449438202 0.39285714285714285 0.6502808988764045 0.3380952380952381 0.648876404494382
1 0.55 0.5589887640449438 0.6202380952380953 0.5603932584269663 0.6226190476190476 0.5912921348314607 0.5523809523809524 0.5955056179775281
1 0.3547619047619048 0.797752808988764 0.4166666666666667 0.7963483146067416 0.41785714285714287 0.8286516853932584 0.3547619047619048 0.8314606741573034
1 0.4523809523809524 0.7443820224719101 0.5166666666666667 0.7429775280898876 0.5178571428571429 0.7823033707865169 0.4523809523809524 0.7823033707865169
1 0.5797619047619048 0.797752808988764 0.6416666666666667 0.7963483146067416 0.6416666666666667 0.8300561797752809 0.5797619047619048 0.8314606741573034
1 0.7404761904761905 0.6629213483146067 0.8130952380952381 0.6573033707865169 0.8142857142857143 0.6980337078651685 0.7428571428571429 0.6980337078651685
1 0.8238095238095238 0.7823033707865169 0.8642857142857143 0.7808988764044944 0.8666666666666667 0.8146067415730337 0.8226190476190476 0.8188202247191011