1 0.48095238095238096 0.3806179775280899 0.5119047619047619 0.3806179775280899 0.5119047619047619 0.4648876404494382 0.4797619047619048 0.46629213483146065
1 0.39285714285714285 0.3300561797752809 0.42142857142857143 0.3300561797752809 0.42142857142857143 0.40870786516853935 0.39285714285714285 0.4143258426966292
1 0.35714285714285715 0.3455056179775281 0.3821428571428571 0.34269662921348315 0.3880952380952381 0.4199438202247191 0.3619047619047619 0.4199438202247191
1 0.2726190476190476 0.3455056179775281 0.29523809523809524 0.33146067415730335 0.32261904761904764 0.39747191011235955 0.29642857142857143 0.40870786516853935
1 0.23809523809523808 0.3539325842696629 0.26666666666666666 0.33707865168539325 0.28809523809523807 0.4044943820224719 0.2619047619047619 0.41151685393258425
1 0.2488095238095238 0.47331460674157305 0.2785714285714286 0.47752808988764045 0.2642857142857143 0.5589887640449438 0.2357142857142857 0.550561797752809
1 0.21428571428571427 0.46207865168539325 0.24047619047619048 0.4705056179775281 0.22380952380952382 0.547752808988764 0.19285714285714287 0.5365168539325843
1 0.17142857142857143 0.46207865168539325 0.1976190476190476 0.46769662921348315 0.18928571428571428 0.5533707865168539 0.15833333333333333 0.5533707865168539
1 0.13452380952380952 0.4705056179775281 0.16071428571428573 0.476123595505618 0.15 0.5632022471910112 0.11785714285714285 0.5547752808988764
1 0.14047619047619048 0.7134831460674157 0.2154761904761905 0.7176966292134831 0.2154761904761905 0.7542134831460674 0.13690476190476192 0.7528089887640449
1 0.2904761904761905 0.6530898876404494 0.3619047619047619 0.6544943820224719 0.3619047619047619 0.6952247191011236 0.2904761904761905 0.6952247191011236
1 0.2904761904761905 0.726123595505618 0.3619047619047619 0.726123595505618 0.36428571428571427 0.7612359550561798 0.2904761904761905 0.7612359550561798
1 0.3 0.7724719101123596 0.3726190476190476 0.773876404494382 0.3726190476190476 0.8103932584269663 0.2988095238095238 0.8117977528089888
1 0.4726190476190476 0.7401685393258427 0.5416666666666666 0.7415730337078652 0.5416666666666666 0.776685393258427 0.475 0.7780898876404494
0 0.555952380952381 0.6474719101123596 0.7154761904761905 0.648876404494382 0.7178571428571429 0.702247191011236 0.555952380952381 0.7036516853932584
1 0.6892857142857143 0.7176966292134831 0.7583333333333333 0.7148876404494382 0.7607142857142857 0.75 0.6904761904761905 0.7556179775280899