1 0.780952380952381 0.4396067415730337 0.8357142857142857 0.45786516853932585 0.8202380952380952 0.49297752808988765 0.7738095238095238 0.47331460674157305
1 0.7 0.4353932584269663 0.7678571428571429 0.4438202247191011 0.7678571428571429 0.48174157303370785 0.7011904761904761 0.4789325842696629
1 0.736904761904762 0.7851123595505618 0.7619047619047619 0.7963483146067416 0.7428571428571429 0.8693820224719101 0.7095238095238096 0.8637640449438202
1 0.425 0.7963483146067416 0.49642857142857144 0.7949438202247191 0.49642857142857144 0.8342696629213483 0.425 0.8314606741573034
1 0.40476190476190477 0.7443820224719101 0.4738095238095238 0.7443820224719101 0.475 0.7794943820224719 0.4035714285714286 0.7780898876404494
1 0.38452380952380955 0.6896067415730337 0.45476190476190476 0.6924157303370787 0.45357142857142857 0.7289325842696629 0.38571428571428573 0.7303370786516854
1 0.275 0.6867977528089888 0.3464285714285714 0.6882022471910112 0.34523809523809523 0.726123595505618 0.2761904761904762 0.7247191011235955
1 0.28095238095238095 0.7429775280898876 0.34404761904761905 0.7429775280898876 0.3464285714285714 0.7780898876404494 0.27976190476190477 0.776685393258427
1 0.16785714285714284 0.6839887640449438 0.24285714285714285 0.6867977528089888 0.24047619047619048 0.726123595505618 0.16547619047619047 0.723314606741573
1 0.18095238095238095 0.7359550561797753 0.2571428571428571 0.7345505617977528 0.25595238095238093 0.7752808988764045 0.18333333333333332 0.773876404494382
1 0.0988095238095238 0.7331460674157303 0.15476190476190477 0.7373595505617978 0.15 0.7724719101123596 0.09642857142857143 0.7682584269662921