1 0.7845238095238095 0.23876404494382023 0.8273809523809523 0.2612359550561798 0.8214285714285714 0.28792134831460675 0.775 0.27247191011235955
1 0.775 0.5154494382022472 0.8369047619047619 0.5182584269662921 0.8369047619047619 0.5547752808988764 0.775 0.5533707865168539
1 0.7226190476190476 0.46629213483146065 0.7928571428571428 0.4705056179775281 0.7916666666666666 0.5070224719101124 0.7226190476190476 0.5042134831460674
1 0.6797619047619048 0.5140449438202247 0.7464285714285714 0.5168539325842697 0.7476190476190476 0.550561797752809 0.680952380952381 0.547752808988764
1 0.7273809523809524 0.6179775280898876 0.7916666666666666 0.6193820224719101 0.794047619047619 0.6558988764044944 0.7285714285714285 0.6558988764044944
1 0.7 0.7317415730337079 0.7714285714285715 0.7303370786516854 0.7702380952380953 0.7668539325842697 0.7023809523809523 0.7682584269662921
1 0.6297619047619047 0.6109550561797753 0.7 0.6123595505617978 0.7 0.6502808988764045 0.6297619047619047 0.648876404494382
1 0.6083333333333333 0.5603932584269663 0.6797619047619048 0.5603932584269663 0.6833333333333333 0.598314606741573 0.6083333333333333 0.5969101123595506
1 0.5880952380952381 0.46348314606741575 0.6583333333333333 0.46769662921348315 0.6595238095238095 0.5042134831460674 0.5892857142857143 0.5014044943820225
1 0.5571428571428572 0.5126404494382022 0.6345238095238095 0.5140449438202247 0.6357142857142857 0.5533707865168539 0.5583333333333333 0.5547752808988764
1 0.4714285714285714 0.4648876404494382 0.5392857142857143 0.46629213483146065 0.5380952380952381 0.5014044943820225 0.4726190476190476 0.5014044943820225
1 0.43214285714285716 0.5028089887640449 0.4976190476190476 0.5056179775280899 0.4976190476190476 0.5393258426966292 0.430952380952381 0.5393258426966292
1 0.39166666666666666 0.4606741573033708 0.45714285714285713 0.46207865168539325 0.45714285714285713 0.49719101123595505 0.39285714285714285 0.4957865168539326
1 0.48095238095238096 0.5589887640449438 0.5523809523809524 0.5603932584269663 0.5511904761904762 0.5997191011235955 0.48095238095238096 0.5969101123595506
1 0.4666666666666667 0.6053370786516854 0.5392857142857143 0.6067415730337079 0.5392857142857143 0.6502808988764045 0.4654761904761905 0.6474719101123596
1 0.4511904761904762 0.7373595505617978 0.5261904761904762 0.7373595505617978 0.5261904761904762 0.7752808988764045 0.4523809523809524 0.7752808988764045
1 0.37857142857142856 0.5561797752808989 0.4452380952380952 0.5589887640449438 0.444047619047619 0.5912921348314607 0.3773809523809524 0.5912921348314607
1 0.34523809523809523 0.5098314606741573 0.40714285714285714 0.5112359550561798 0.40714285714285714 0.547752808988764 0.34523809523809523 0.5463483146067416
1 0.29285714285714287 0.4592696629213483 0.35595238095238096 0.46207865168539325 0.35595238095238096 0.4943820224719101 0.2916666666666667 0.49297752808988765
1 0.25952380952380955 0.5056179775280899 0.33690476190476193 0.5070224719101124 0.3345238095238095 0.5463483146067416 0.25952380952380955 0.5421348314606742
1 0.2654761904761905 0.5575842696629213 0.33690476190476193 0.5603932584269663 0.33214285714285713 0.5955056179775281 0.26904761904761904 0.5941011235955056
1 0.25833333333333336 0.6081460674157303 0.33214285714285713 0.6081460674157303 0.33095238095238094 0.6460674157303371 0.26071428571428573 0.648876404494382
1 0.13095238095238096 0.6474719101123596 0.19166666666666668 0.6165730337078652 0.20833333333333334 0.6460674157303371 0.14285714285714285 0.6783707865168539
1 0.2714285714285714 0.7219101123595506 0.3416666666666667 0.699438202247191 0.35 0.7415730337078652 0.2785714285714286 0.7584269662921348