1 0.7738095238095238 0.7134831460674157 0.8404761904761905 0.7134831460674157 0.8392857142857143 0.75 0.775 0.75
1 0.7976190476190477 0.7640449438202247 0.8642857142857143 0.7640449438202247 0.8654761904761905 0.7963483146067416 0.8 0.7991573033707865
1 0.8166666666666667 0.8146067415730337 0.8857142857142857 0.8146067415730337 0.8857142857142857 0.851123595505618 0.8178571428571428 0.8469101123595506
1 0.6642857142857143 0.7092696629213483 0.7345238095238096 0.7092696629213483 0.7345238095238096 0.75 0.6666666666666666 0.7457865168539326
1 0.6738095238095239 0.7626404494382022 0.7392857142857143 0.7626404494382022 0.7380952380952381 0.800561797752809 0.675 0.800561797752809
1 0.555952380952381 0.7106741573033708 0.6321428571428571 0.7106741573033708 0.6333333333333333 0.75 0.5571428571428572 0.75
1 0.5738095238095238 0.7584269662921348 0.6488095238095238 0.7598314606741573 0.6488095238095238 0.797752808988764 0.5761904761904761 0.797752808988764
1 0.4297619047619048 0.7064606741573034 0.5035714285714286 0.7106741573033708 0.5047619047619047 0.7429775280898876 0.4297619047619048 0.7429775280898876
1 0.47023809523809523 0.7598314606741573 0.5416666666666666 0.7612359550561798 0.5392857142857143 0.797752808988764 0.4726190476190476 0.7963483146067416
1 0.3952380952380952 0.7598314606741573 0.45357142857142857 0.7584269662921348 0.45357142857142857 0.7949438202247191 0.39404761904761904 0.7935393258426966
1 0.2904761904761905 0.7429775280898876 0.3630952380952381 0.7485955056179775 0.3607142857142857 0.7893258426966292 0.2904761904761905 0.7837078651685393
1 0.17857142857142858 0.5758426966292135 0.24404761904761904 0.577247191011236 0.24166666666666667 0.6137640449438202 0.1761904761904762 0.6095505617977528