1 0.8369047619047619 0.5463483146067416 0.9095238095238095 0.5463483146067416 0.9107142857142857 0.5898876404494382 0.8380952380952381 0.5912921348314607
3 0.8345238095238096 0.6825842696629213 0.9095238095238095 0.6825842696629213 0.9071428571428571 0.7359550561797753 0.8345238095238096 0.7359550561797753
1 0.725 0.4859550561797753 0.8047619047619048 0.4859550561797753 0.8095238095238095 0.5308988764044944 0.7273809523809524 0.5337078651685393
1 0.6511904761904762 0.7640449438202247 0.7404761904761905 0.7626404494382022 0.7392857142857143 0.8089887640449438 0.6523809523809524 0.8047752808988764
1 0.49166666666666664 0.6980337078651685 0.5785714285714286 0.6980337078651685 0.5797619047619048 0.7457865168539326 0.4928571428571429 0.7429775280898876
1 0.44761904761904764 0.41853932584269665 0.5285714285714286 0.41713483146067415 0.5273809523809524 0.4592696629213483 0.45 0.46207865168539325
1 0.30714285714285716 0.47331460674157305 0.39166666666666666 0.47752808988764045 0.3904761904761905 0.5210674157303371 0.30714285714285716 0.5224719101123596
1 0.2523809523809524 0.5337078651685393 0.3333333333333333 0.5351123595505618 0.3333333333333333 0.574438202247191 0.25357142857142856 0.574438202247191
1 0.09404761904761905 0.6193820224719101 0.18214285714285713 0.6235955056179775 0.1773809523809524 0.6657303370786517 0.09523809523809523 0.6643258426966292
1 0.1392857142857143 0.6867977528089888 0.22857142857142856 0.6882022471910112 0.22738095238095238 0.7359550561797753 0.14047619047619048 0.7331460674157303
1 0.2011904761904762 0.7528089887640449 0.2904761904761905 0.75 0.29285714285714287 0.8019662921348315 0.2 0.7963483146067416
1 0.2154761904761905 0.8216292134831461 0.2976190476190476 0.8216292134831461 0.29523809523809524 0.8623595505617978 0.21428571428571427 0.8637640449438202