0 0.6142857142857143 0.5337078651685393 0.8142857142857143 0.5547752808988764 0.805952380952381 0.6264044943820225 0.611904761904762 0.601123595505618
1 0.6892857142857143 0.6432584269662921 0.7678571428571429 0.6446629213483146 0.7690476190476191 0.6853932584269663 0.6904761904761905 0.6839887640449438
1 0.41904761904761906 0.5814606741573034 0.5071428571428571 0.5870786516853933 0.5083333333333333 0.6292134831460674 0.42023809523809524 0.6278089887640449
1 0.46190476190476193 0.6404494382022472 0.5488095238095239 0.6432584269662921 0.5476190476190477 0.6882022471910112 0.46190476190476193 0.6853932584269663
1 0.16071428571428573 0.5646067415730337 0.24523809523809523 0.5674157303370787 0.24166666666666667 0.6095505617977528 0.1595238095238095 0.6081460674157303
1 0.09404761904761905 0.6348314606741573 0.17023809523809524 0.6376404494382022 0.16547619047619047 0.6811797752808989 0.09523809523809523 0.6797752808988764
1 0.6178571428571429 0.2443820224719101 0.65 0.2612359550561798 0.6214285714285714 0.34691011235955055 0.5880952380952381 0.33286516853932585
1 0.5726190476190476 0.2443820224719101 0.5988095238095238 0.26264044943820225 0.569047619047619 0.33146067415730335 0.5416666666666666 0.31320224719101125
1 0.5285714285714286 0.2443820224719101 0.5547619047619048 0.2640449438202247 0.5119047619047619 0.33286516853932585 0.4880952380952381 0.31179775280898875
1 0.47619047619047616 0.23735955056179775 0.5059523809523809 0.2556179775280899 0.47023809523809523 0.3300561797752809 0.444047619047619 0.30758426966292135
1 0.42738095238095236 0.23876404494382023 0.4523809523809524 0.25842696629213485 0.4095238095238095 0.33848314606741575 0.3761904761904762 0.32162921348314605
1 0.3773809523809524 0.23314606741573032 0.40595238095238095 0.25 0.36428571428571427 0.3342696629213483 0.3333333333333333 0.31179775280898875
1 0.32976190476190476 0.23174157303370788 0.35714285714285715 0.24578651685393257 0.3202380952380952 0.3258426966292135 0.2904761904761905 0.3061797752808989
1 0.2226190476190476 0.21769662921348315 0.24642857142857144 0.2443820224719101 0.19285714285714287 0.300561797752809 0.16785714285714284 0.2752808988764045