1 0.6273809523809524 0.1446629213483146 0.6952380952380952 0.1151685393258427 0.7071428571428572 0.1502808988764045 0.6357142857142857 0.17837078651685392
1 0.6535714285714286 0.21207865168539325 0.7261904761904762 0.17134831460674158 0.7416666666666667 0.20365168539325842 0.6654761904761904 0.2443820224719101
1 0.5845238095238096 0.19382022471910113 0.6238095238095238 0.28370786516853935 0.5928571428571429 0.30196629213483145 0.55 0.21910112359550563
1 0.7464285714285714 0.21207865168539325 0.7619047619047619 0.24157303370786518 0.6976190476190476 0.28370786516853935 0.6761904761904762 0.2542134831460674
1 0.7797619047619048 0.25140449438202245 0.7988095238095239 0.28230337078651685 0.725 0.32724719101123595 0.705952380952381 0.2907303370786517
1 0.780952380952381 0.3103932584269663 0.794047619047619 0.3441011235955056 0.7416666666666667 0.375 0.7261904761904762 0.3441011235955056
1 0.7988095238095239 0.35252808988764045 0.8166666666666667 0.3904494382022472 0.75 0.4297752808988764 0.7345238095238096 0.3946629213483146
1 0.8666666666666667 0.5042134831460674 0.8833333333333333 0.5365168539325843 0.8214285714285714 0.577247191011236 0.8047619047619048 0.5463483146067416
1 0.8238095238095238 0.5997191011235955 0.8523809523809524 0.672752808988764 0.8226190476190476 0.6896067415730337 0.7928571428571428 0.6179775280898876
1 0.6416666666666667 0.7837078651685393 0.6797619047619048 0.8665730337078652 0.65 0.8862359550561798 0.6107142857142858 0.8047752808988764
1 0.34404761904761905 0.6811797752808989 0.38333333333333336 0.7710674157303371 0.3476190476190476 0.7935393258426966 0.30952380952380953 0.7008426966292135
1 0.5785714285714286 0.6446629213483146 0.6238095238095238 0.7345505617977528 0.5845238095238096 0.7570224719101124 0.5464285714285714 0.6615168539325843
1 0.5190476190476191 0.49157303370786515 0.5654761904761905 0.5955056179775281 0.5333333333333333 0.6109550561797753 0.4857142857142857 0.5112359550561798
1 0.4666666666666667 0.37640449438202245 0.5023809523809524 0.47191011235955055 0.46904761904761905 0.4887640449438202 0.42738095238095236 0.4002808988764045
1 0.4154761904761905 0.25842696629213485 0.4511904761904762 0.351123595505618 0.4142857142857143 0.36657303370786515 0.37857142857142856 0.2752808988764045
1 0.33690476190476193 0.10955056179775281 0.37142857142857144 0.1896067415730337 0.3404761904761905 0.21207865168539325 0.3047619047619048 0.13342696629213482