1 0.6464285714285715 0.6713483146067416 0.6833333333333333 0.7668539325842697 0.65 0.7837078651685393 0.6095238095238096 0.6910112359550562
1 0.805952380952381 0.46348314606741575 0.8369047619047619 0.5393258426966292 0.8047619047619048 0.5533707865168539 0.7773809523809524 0.48174157303370785
1 0.8523809523809524 0.375 0.8654761904761905 0.4044943820224719 0.805952380952381 0.4452247191011236 0.7892857142857143 0.40730337078651685
1 0.7845238095238095 0.22612359550561797 0.8011904761904762 0.2612359550561798 0.7357142857142858 0.29634831460674155 0.719047619047619 0.2598314606741573
1 0.7678571428571429 0.1151685393258427 0.7845238095238095 0.14887640449438203 0.7154761904761905 0.18820224719101122 0.6976190476190476 0.15589887640449437
1 0.3119047619047619 0.7148876404494382 0.3547619047619048 0.8132022471910112 0.3202380952380952 0.8314606741573034 0.28214285714285714 0.7359550561797753
1 0.5738095238095238 0.5126404494382022 0.6107142857142858 0.6067415730337079 0.5773809523809523 0.6235955056179775 0.5392857142857143 0.5365168539325843
1 0.319047619047619 0.5660112359550562 0.3619047619047619 0.6713483146067416 0.33095238095238094 0.6896067415730337 0.28809523809523807 0.5884831460674157
1 0.2702380952380952 0.31179775280898875 0.3119047619047619 0.4058988764044944 0.27380952380952384 0.4241573033707865 0.23452380952380952 0.32865168539325845
1 0.5178571428571429 0.3792134831460674 0.5678571428571428 0.4803370786516854 0.530952380952381 0.49719101123595505 0.4857142857142857 0.40308988764044945
1 0.4595238095238095 0.24578651685393257 0.4988095238095238 0.33848314606741575 0.4642857142857143 0.3553370786516854 0.42142857142857143 0.26825842696629215
1 0.40714285714285714 0.12219101123595505 0.44285714285714284 0.21067415730337077 0.40714285714285714 0.2247191011235955 0.37023809523809526 0.1404494382022472
1 0.7678571428571429 0.17837078651685392 0.7833333333333333 0.20926966292134833 0.7345238095238096 0.23735955056179775 0.7178571428571429 0.2050561797752809