1 0.20833333333333334 0.7120786516853933 0.2488095238095238 0.824438202247191 0.2119047619047619 0.8455056179775281 0.17142857142857143 0.7359550561797753
1 0.29404761904761906 0.6685393258426966 0.3380952380952381 0.7808988764044944 0.2988095238095238 0.7991573033707865 0.25595238095238093 0.6938202247191011
1 0.5035714285714286 0.5926966292134831 0.5392857142857143 0.6783707865168539 0.5059523809523809 0.7008426966292135 0.4666666666666667 0.6067415730337079
1 0.5452380952380952 0.5224719101123596 0.5833333333333334 0.6193820224719101 0.5476190476190477 0.6418539325842697 0.5023809523809524 0.5421348314606742
1 0.5738095238095238 0.18679775280898878 0.6107142857142858 0.18679775280898878 0.6095238095238096 0.28230337078651685 0.575 0.2794943820224719
1 0.7 0.2794943820224719 0.7119047619047619 0.31320224719101125 0.6345238095238095 0.3497191011235955 0.6202380952380953 0.3103932584269663
1 0.7166666666666667 0.32303370786516855 0.7357142857142858 0.3539325842696629 0.6654761904761904 0.3960674157303371 0.6476190476190476 0.3595505617977528
1 0.7404761904761905 0.3609550561797753 0.7559523809523809 0.3946629213483146 0.6869047619047619 0.43258426966292135 0.6738095238095239 0.398876404494382
1 0.7488095238095238 0.34831460674157305 0.8297619047619048 0.31179775280898875 0.8464285714285714 0.35674157303370785 0.763095238095238 0.3946629213483146
1 0.830952380952381 0.31179775280898875 0.8952380952380953 0.28230337078651685 0.9107142857142857 0.3202247191011236 0.8452380952380952 0.3553370786516854
1 0.8083333333333333 0.425561797752809 0.8761904761904762 0.39325842696629215 0.8940476190476191 0.43679775280898875 0.819047619047619 0.4691011235955056
1 0.7273809523809524 0.49719101123595505 0.7583333333333333 0.48735955056179775 0.7904761904761904 0.577247191011236 0.7595238095238095 0.5898876404494382
1 0.7142857142857143 0.5112359550561798 0.7547619047619047 0.6025280898876404 0.7154761904761905 0.6193820224719101 0.6857142857142857 0.5280898876404494
1 0.8607142857142858 0.6095505617977528 0.8833333333333333 0.6432584269662921 0.825 0.702247191011236 0.7964285714285714 0.675561797752809
1 0.8940476190476191 0.7205056179775281 0.9130952380952381 0.7570224719101124 0.8488095238095238 0.7991573033707865 0.8321428571428572 0.7696629213483146
1 0.7571428571428571 0.723314606741573 0.7964285714285714 0.8202247191011236 0.7619047619047619 0.8398876404494382 0.7238095238095238 0.7485955056179775