1 0.5964285714285714 0.27668539325842695 0.6321428571428571 0.2794943820224719 0.6309523809523809 0.375 0.5976190476190476 0.37640449438202245
1 0.6416666666666667 0.4044943820224719 0.725 0.3693820224719101 0.7357142857142858 0.40308988764044945 0.6535714285714286 0.4438202247191011
1 0.7440476190476191 0.41713483146067415 0.7595238095238095 0.45365168539325845 0.6880952380952381 0.4887640449438202 0.6714285714285714 0.4550561797752809
1 0.7607142857142857 0.45786516853932585 0.7785714285714286 0.49157303370786515 0.7107142857142857 0.526685393258427 0.6964285714285714 0.49297752808988765
1 0.7726190476190476 0.4452247191011236 0.8547619047619047 0.40870786516853935 0.8738095238095238 0.44662921348314605 0.7857142857142857 0.48735955056179775
1 0.825 0.526685393258427 0.8869047619047619 0.49157303370786515 0.9035714285714286 0.5252808988764045 0.8428571428571429 0.5632022471910112
1 0.7797619047619048 0.5842696629213483 0.8154761904761905 0.672752808988764 0.7845238095238095 0.6882022471910112 0.7464285714285714 0.598314606741573
1 0.7392857142857143 0.6095505617977528 0.7714285714285715 0.7008426966292135 0.7404761904761905 0.7162921348314607 0.705952380952381 0.6278089887640449
1 0.8845238095238095 0.7036516853932584 0.9071428571428571 0.7345505617977528 0.85 0.7991573033707865 0.825 0.7654494382022472
1 0.4869047619047619 0.6306179775280899 0.5238095238095238 0.723314606741573 0.48928571428571427 0.7415730337078652 0.45357142857142857 0.6474719101123596
1 0.28809523809523807 0.37219101123595505 0.32261904761904764 0.45786516853932585 0.28809523809523807 0.47331460674157305 0.25357142857142856 0.39325842696629215
1 0.14047619047619048 0.28651685393258425 0.17023809523809524 0.37640449438202245 0.1392857142857143 0.39325842696629215 0.10952380952380952 0.30337078651685395