1 0.8571428571428571 0.1348314606741573 0.8916666666666667 0.1348314606741573 0.888095238095238 0.2247191011235955 0.8547619047619047 0.2205056179775281
1 0.8023809523809524 0.16432584269662923 0.8369047619047619 0.16573033707865167 0.8369047619047619 0.25702247191011235 0.8035714285714286 0.25280898876404495
1 0.8607142857142858 0.25 0.8797619047619047 0.2851123595505618 0.8154761904761905 0.32303370786516855 0.7976190476190477 0.29213483146067415
1 0.775 0.18679775280898878 0.8047619047619048 0.20646067415730338 0.7773809523809524 0.2710674157303371 0.75 0.2542134831460674
1 0.7547619047619047 0.13764044943820225 0.7857142857142857 0.15308988764044945 0.7547619047619047 0.2148876404494382 0.725 0.19803370786516855
1 0.7178571428571429 0.09831460674157304 0.7523809523809524 0.11095505617977527 0.7273809523809524 0.18679775280898878 0.7 0.175561797752809
1 0.6595238095238095 0.21207865168539325 0.6916666666666667 0.3047752808988764 0.6583333333333333 0.31741573033707865 0.6261904761904762 0.2303370786516854
1 0.6214285714285714 0.12219101123595505 0.6571428571428571 0.199438202247191 0.6285714285714286 0.21769662921348315 0.5880952380952381 0.14185393258426968
1 0.7392857142857143 0.45786516853932585 0.7833333333333333 0.5351123595505618 0.7476190476190476 0.5603932584269663 0.7071428571428572 0.47191011235955055
1 0.7654761904761904 0.5463483146067416 0.8 0.6460674157303371 0.7654761904761904 0.6587078651685393 0.7297619047619047 0.5716292134831461
1 0.8392857142857143 0.800561797752809 0.8761904761904762 0.797752808988764 0.8809523809523809 0.8792134831460674 0.8452380952380952 0.8820224719101124
1 0.6226190476190476 0.8033707865168539 0.6511904761904762 0.8848314606741573 0.6107142857142858 0.9030898876404494 0.5845238095238096 0.8216292134831461
1 0.5571428571428572 0.6235955056179775 0.5928571428571429 0.7275280898876404 0.555952380952381 0.7387640449438202 0.5202380952380953 0.6446629213483146
1 0.5154761904761904 0.6601123595505618 0.5547619047619048 0.7514044943820225 0.5190476190476191 0.773876404494382 0.48095238095238096 0.6853932584269663
1 0.544047619047619 0.48314606741573035 0.594047619047619 0.577247191011236 0.5595238095238095 0.601123595505618 0.5095238095238095 0.5112359550561798
1 0.12976190476190477 0.273876404494382 0.16904761904761906 0.3637640449438202 0.1357142857142857 0.38202247191011235 0.1 0.29353932584269665
1 0.46190476190476193 0.5210674157303371 0.5035714285714286 0.6151685393258427 0.4654761904761905 0.6362359550561798 0.4226190476190476 0.5463483146067416
1 0.4630952380952381 0.28370786516853935 0.5 0.37219101123595505 0.4630952380952381 0.3890449438202247 0.4261904761904762 0.300561797752809
1 0.4011904761904762 0.3609550561797753 0.44166666666666665 0.45646067415730335 0.4083333333333333 0.47752808988764045 0.36666666666666664 0.3806179775280899
1 0.3238095238095238 0.1952247191011236 0.3595238095238095 0.28370786516853935 0.3273809523809524 0.30196629213483145 0.2904761904761905 0.21629213483146068
1 0.3464285714285714 0.10533707865168539 0.37857142857142856 0.16853932584269662 0.3416666666666667 0.18398876404494383 0.31666666666666665 0.12359550561797752