1 0.19047619047619047 0.1601123595505618 0.21785714285714286 0.15870786516853932 0.21785714285714286 0.2303370786516854 0.19047619047619047 0.22893258426966293
1 0.1988095238095238 0.25702247191011235 0.225 0.25702247191011235 0.225 0.3356741573033708 0.1988095238095238 0.33707865168539325
1 0.3476190476190476 0.375 0.3773809523809524 0.375 0.3773809523809524 0.43820224719101125 0.3488095238095238 0.4396067415730337
1 0.39404761904761904 0.4241573033707865 0.42142857142857143 0.42134831460674155 0.4226190476190476 0.5028089887640449 0.39404761904761904 0.5042134831460674
1 0.18928571428571428 0.36235955056179775 0.22142857142857142 0.36235955056179775 0.22023809523809523 0.4438202247191011 0.19166666666666668 0.4438202247191011
0 0.1357142857142857 0.33707865168539325 0.17976190476190476 0.33707865168539325 0.1773809523809524 0.5294943820224719 0.13214285714285715 0.5308988764044944
1 0.18452380952380953 0.4957865168539326 0.21666666666666667 0.4943820224719101 0.2154761904761905 0.577247191011236 0.1869047619047619 0.5800561797752809
1 0.13214285714285715 0.6081460674157303 0.1595238095238095 0.5997191011235955 0.17261904761904762 0.6853932584269663 0.14523809523809525 0.6924157303370787
1 0.19047619047619047 0.6320224719101124 0.22142857142857142 0.6306179775280899 0.22142857142857142 0.7134831460674157 0.19285714285714287 0.7162921348314607
1 0.3488095238095238 0.7247191011235955 0.38333333333333336 0.7247191011235955 0.38095238095238093 0.8019662921348315 0.35119047619047616 0.8019662921348315
1 0.19285714285714287 0.7485955056179775 0.225 0.7485955056179775 0.22738095238095238 0.8286516853932584 0.19523809523809524 0.8314606741573034