1 0.22857142857142856 0.175561797752809 0.2619047619047619 0.17837078651685392 0.25952380952380955 0.25702247191011235 0.22738095238095238 0.25842696629213485
1 0.26785714285714285 0.22612359550561797 0.3 0.22331460674157302 0.29642857142857143 0.3061797752808989 0.26904761904761904 0.3061797752808989
1 0.475 0.11657303370786516 0.5023809523809524 0.11657303370786516 0.5023809523809524 0.1797752808988764 0.4714285714285714 0.18258426966292135
1 0.4261904761904762 0.20084269662921347 0.4595238095238095 0.20224719101123595 0.45595238095238094 0.27808988764044945 0.425 0.27668539325842695
1 0.4630952380952381 0.3146067415730337 0.49404761904761907 0.31179775280898875 0.4976190476190476 0.3960674157303371 0.46785714285714286 0.398876404494382
1 0.2642857142857143 0.39185393258426965 0.29285714285714287 0.39185393258426965 0.29285714285714287 0.4691011235955056 0.26785714285714285 0.47191011235955055
1 0.4738095238095238 0.5028089887640449 0.5023809523809524 0.5028089887640449 0.5 0.5828651685393258 0.4738095238095238 0.5800561797752809
1 0.26785714285714285 0.6348314606741573 0.2976190476190476 0.6362359550561798 0.2988095238095238 0.7162921348314607 0.26666666666666666 0.7191011235955056
1 0.425 0.6432584269662921 0.45595238095238094 0.6418539325842697 0.4583333333333333 0.7345505617977528 0.42738095238095236 0.7345505617977528
1 0.4726190476190476 0.6924157303370787 0.5011904761904762 0.6910112359550562 0.5023809523809524 0.7808988764044944 0.475 0.7823033707865169
1 0.305952380952381 0.7991573033707865 0.3392857142857143 0.7963483146067416 0.33690476190476193 0.8721910112359551 0.30714285714285716 0.875