1 0.24285714285714285 0.11797752808988764 0.2714285714285714 0.12780898876404495 0.25476190476190474 0.17275280898876405 0.23095238095238096 0.16292134831460675
1 0.2369047619047619 0.17837078651685392 0.2630952380952381 0.18258426966292135 0.2488095238095238 0.2612359550561798 0.225 0.25
1 0.28214285714285714 0.16713483146067415 0.3119047619047619 0.16713483146067415 0.30952380952380953 0.25 0.2785714285714286 0.25280898876404495
1 0.36547619047619045 0.20646067415730338 0.3952380952380952 0.20646067415730338 0.3964285714285714 0.28230337078651685 0.36428571428571427 0.28370786516853935
1 0.47023809523809523 0.14185393258426968 0.5 0.14325842696629212 0.49642857142857144 0.22331460674157302 0.46904761904761905 0.22331460674157302
1 0.7869047619047619 0.18117977528089887 0.8571428571428571 0.18820224719101122 0.8571428571428571 0.21769662921348315 0.7869047619047619 0.21207865168539325
1 0.5011904761904762 0.27247191011235955 0.5321428571428571 0.27247191011235955 0.5285714285714286 0.3553370786516854 0.5011904761904762 0.3553370786516854
1 0.3142857142857143 0.32724719101123595 0.3476190476190476 0.32724719101123595 0.34285714285714286 0.41151685393258425 0.3142857142857143 0.41151685393258425
1 0.4488095238095238 0.3595505617977528 0.48214285714285715 0.3595505617977528 0.4797619047619048 0.4452247191011236 0.44761904761904764 0.4452247191011236
1 0.49404761904761907 0.49157303370786515 0.5238095238095238 0.49297752808988765 0.5202380952380953 0.5632022471910112 0.4928571428571429 0.5646067415730337
1 0.5333333333333333 0.5028089887640449 0.569047619047619 0.5042134831460674 0.5642857142857143 0.5884831460674157 0.5333333333333333 0.5884831460674157
0 0.2511904761904762 0.4339887640449438 0.2976190476190476 0.4353932584269663 0.28809523809523807 0.648876404494382 0.24285714285714285 0.6460674157303371
1 0.33214285714285713 0.6179775280898876 0.3630952380952381 0.6207865168539326 0.3619047619047619 0.6966292134831461 0.33214285714285713 0.6938202247191011
1 0.44047619047619047 0.6713483146067416 0.475 0.672752808988764 0.4738095238095238 0.7626404494382022 0.4380952380952381 0.7626404494382022
1 0.2916666666666667 0.7935393258426966 0.3238095238095238 0.7991573033707865 0.3202380952380952 0.8721910112359551 0.28809523809523807 0.8764044943820225