1 0.694047619047619 0.5941011235955056 0.7678571428571429 0.601123595505618 0.7666666666666667 0.6334269662921348 0.6964285714285714 0.6292134831460674
1 0.7916666666666666 0.6067415730337079 0.8630952380952381 0.6123595505617978 0.861904761904762 0.6446629213483146 0.7928571428571428 0.6348314606741573
1 0.7952380952380952 0.7106741573033708 0.8630952380952381 0.7134831460674157 0.8666666666666667 0.7542134831460674 0.7916666666666666 0.7528089887640449
1 0.35833333333333334 0.12219101123595505 0.3904761904761905 0.125 0.3880952380952381 0.1952247191011236 0.35714285714285715 0.19662921348314608
1 0.39880952380952384 0.16853932584269662 0.43333333333333335 0.16853932584269662 0.4297619047619048 0.25280898876404495 0.39880952380952384 0.25280898876404495
1 0.4595238095238095 0.175561797752809 0.49404761904761907 0.17415730337078653 0.49642857142857144 0.25280898876404495 0.4642857142857143 0.2556179775280899
1 0.5285714285714286 0.21769662921348315 0.5642857142857143 0.21769662921348315 0.5630952380952381 0.30337078651685395 0.5297619047619048 0.2991573033707865
1 0.2619047619047619 0.23876404494382023 0.29404761904761906 0.23876404494382023 0.2904761904761905 0.3188202247191011 0.26071428571428573 0.32162921348314605
1 0.30833333333333335 0.23876404494382023 0.3380952380952381 0.23876404494382023 0.3345238095238095 0.3146067415730337 0.30714285714285716 0.3160112359550562
1 0.39404761904761904 0.2893258426966292 0.4261904761904762 0.2907303370786517 0.425 0.37359550561797755 0.39285714285714285 0.37219101123595505
1 0.4583333333333333 0.3707865168539326 0.4845238095238095 0.3707865168539326 0.4845238095238095 0.4452247191011236 0.45476190476190476 0.4452247191011236
1 0.49523809523809526 0.39747191011235955 0.530952380952381 0.39747191011235955 0.5285714285714286 0.4845505617977528 0.49642857142857144 0.4845505617977528
1 0.525 0.5224719101123596 0.5607142857142857 0.5224719101123596 0.5583333333333333 0.6095505617977528 0.5273809523809524 0.6109550561797753
1 0.5142857142857142 0.7837078651685393 0.5464285714285714 0.7865168539325843 0.544047619047619 0.8665730337078652 0.5142857142857142 0.8665730337078652
1 0.47023809523809523 0.7963483146067416 0.5 0.797752808988764 0.5 0.8707865168539326 0.4714285714285714 0.8707865168539326
1 0.4511904761904762 0.6264044943820225 0.48095238095238096 0.6278089887640449 0.4738095238095238 0.7162921348314607 0.4452380952380952 0.7148876404494382
1 0.32857142857142857 0.6839887640449438 0.3595238095238095 0.6853932584269663 0.3619047619047619 0.7640449438202247 0.3273809523809524 0.7640449438202247
1 0.26904761904761904 0.7471910112359551 0.3011904761904762 0.7485955056179775 0.3011904761904762 0.8258426966292135 0.26666666666666666 0.827247191011236
1 0.29285714285714287 0.5941011235955056 0.3238095238095238 0.5926966292134831 0.32142857142857145 0.6811797752808989 0.2916666666666667 0.6825842696629213
1 0.20952380952380953 0.5941011235955056 0.23809523809523808 0.6067415730337079 0.2226190476190476 0.6867977528089888 0.19166666666666668 0.675561797752809
1 0.2226190476190476 0.5196629213483146 0.24761904761904763 0.5252808988764045 0.22857142857142856 0.5969101123595506 0.2 0.5828651685393258
1 0.25595238095238093 0.4887640449438202 0.28214285714285714 0.4887640449438202 0.28095238095238095 0.5660112359550562 0.25476190476190474 0.5688202247191011
1 0.3392857142857143 0.46207865168539325 0.3738095238095238 0.46207865168539325 0.37142857142857144 0.5463483146067416 0.3404761904761905 0.5463483146067416