1 0.5226190476190476 0.23174157303370788 0.5547619047619048 0.23314606741573032 0.5511904761904762 0.3146067415730337 0.5238095238095238 0.31741573033707865
0 0.5642857142857143 0.3300561797752809 0.6047619047619047 0.33286516853932585 0.5988095238095238 0.47331460674157305 0.5583333333333333 0.47191011235955055
1 0.36547619047619045 0.3061797752808989 0.3964285714285714 0.3089887640449438 0.39285714285714285 0.3904494382022472 0.36547619047619045 0.3890449438202247
1 0.47619047619047616 0.4508426966292135 0.5047619047619047 0.4508426966292135 0.5023809523809524 0.5182584269662921 0.4726190476190476 0.5154494382022472
1 0.5095238095238095 0.6348314606741573 0.5404761904761904 0.6334269662921348 0.5404761904761904 0.7219101123595506 0.5083333333333333 0.7205056179775281
1 0.4630952380952381 0.6896067415730337 0.49523809523809526 0.6896067415730337 0.49047619047619045 0.7710674157303371 0.4630952380952381 0.7710674157303371
1 0.4035714285714286 0.5351123595505618 0.43333333333333335 0.5337078651685393 0.43214285714285716 0.6264044943820225 0.4011904761904762 0.6264044943820225
1 0.34285714285714286 0.6882022471910112 0.3761904761904762 0.6882022471910112 0.3726190476190476 0.7724719101123596 0.34285714285714286 0.7696629213483146
1 0.14047619047619048 0.7008426966292135 0.20595238095238094 0.7176966292134831 0.20238095238095238 0.7528089887640449 0.13690476190476192 0.7331460674157303
1 0.12023809523809524 0.797752808988764 0.19523809523809524 0.8103932584269663 0.18928571428571428 0.8497191011235955 0.11547619047619048 0.8314606741573034
1 0.13214285714285715 0.7415730337078652 0.19642857142857142 0.7626404494382022 0.1869047619047619 0.797752808988764 0.12380952380952381 0.776685393258427