1 0.18095238095238095 0.13202247191011235 0.2392857142857143 0.1544943820224719 0.23095238095238096 0.18679775280898878 0.17142857142857143 0.16292134831460675
1 0.16666666666666666 0.2148876404494382 0.23095238095238096 0.23595505617977527 0.2226190476190476 0.26825842696629215 0.15595238095238095 0.2443820224719101
1 0.1619047619047619 0.2612359550561798 0.2357142857142857 0.2808988764044944 0.225 0.31320224719101125 0.15595238095238095 0.2949438202247191
1 0.38095238095238093 0.2794943820224719 0.4083333333333333 0.27808988764044945 0.4095238095238095 0.3539325842696629 0.37976190476190474 0.3539325842696629
2 0.30714285714285716 0.3160112359550562 0.3416666666666667 0.3188202247191011 0.32976190476190476 0.4101123595505618 0.2988095238095238 0.4044943820224719
1 0.3404761904761905 0.4887640449438202 0.36904761904761907 0.49297752808988765 0.3619047619047619 0.5688202247191011 0.32976190476190476 0.5646067415730337
1 0.12857142857142856 0.5210674157303371 0.19404761904761905 0.547752808988764 0.18571428571428572 0.577247191011236 0.11785714285714285 0.5519662921348315
1 0.14404761904761904 0.574438202247191 0.1976190476190476 0.5955056179775281 0.19047619047619047 0.625 0.13452380952380952 0.601123595505618
1 0.13095238095238096 0.6179775280898876 0.20476190476190476 0.6502808988764045 0.19523809523809524 0.6811797752808989 0.11904761904761904 0.651685393258427
1 0.12976190476190477 0.7120786516853933 0.19642857142857142 0.7471910112359551 0.18214285714285713 0.7808988764044944 0.11666666666666667 0.7429775280898876
1 0.11190476190476191 0.7921348314606742 0.17976190476190476 0.8356741573033708 0.16666666666666666 0.8637640449438202 0.10357142857142858 0.8314606741573034
1 0.2619047619047619 0.7780898876404494 0.2892857142857143 0.7808988764044944 0.2845238095238095 0.8609550561797753 0.25357142857142856 0.8581460674157303
1 0.3107142857142857 0.7780898876404494 0.34404761904761905 0.7851123595505618 0.33214285714285713 0.8764044943820225 0.3011904761904762 0.8707865168539326
1 0.3821428571428571 0.5828651685393258 0.4107142857142857 0.5870786516853933 0.4 0.6671348314606742 0.37023809523809526 0.6643258426966292