1 0.7642857142857142 0.4747191011235955 0.775 0.5028089887640449 0.8297619047619048 0.476123595505618 0.8214285714285714 0.44803370786516855
1 0.8476190476190476 0.49157303370786515 0.8452380952380952 0.5280898876404494 0.7892857142857143 0.5294943820224719 0.7869047619047619 0.4957865168539326
1 0.805952380952381 0.5463483146067416 0.8071428571428572 0.5758426966292135 0.8666666666666667 0.5828651685393258 0.8702380952380953 0.5491573033707865
1 0.7571428571428571 0.5842696629213483 0.7869047619047619 0.5842696629213483 0.780952380952381 0.5056179775280899 0.7511904761904762 0.5070224719101124
1 0.6630952380952381 0.5028089887640449 0.6607142857142857 0.5365168539325843 0.5952380952380952 0.5308988764044944 0.5976190476190476 0.4943820224719101
1 0.6488095238095238 0.5421348314606742 0.6476190476190476 0.577247191011236 0.5821428571428572 0.5716292134831461 0.5857142857142857 0.5365168539325843
1 0.5166666666666667 0.5337078651685393 0.5154761904761904 0.5660112359550562 0.44285714285714284 0.5547752808988764 0.44761904761904764 0.5168539325842697
1 0.5095238095238095 0.5730337078651685 0.5095238095238095 0.6039325842696629 0.44047619047619047 0.6067415730337079 0.44166666666666665 0.5716292134831461
1 0.49166666666666664 0.5168539325842697 0.5154761904761904 0.5210674157303371 0.5238095238095238 0.4438202247191011 0.4988095238095238 0.43820224719101125
1 0.46904761904761905 0.42696629213483145 0.4654761904761905 0.49719101123595505 0.4392857142857143 0.4943820224719101 0.444047619047619 0.42837078651685395
1 0.39880952380952384 0.4747191011235955 0.4261904761904762 0.4747191011235955 0.42857142857142855 0.40870786516853935 0.4 0.40870786516853935
1 0.39880952380952384 0.49297752808988765 0.42857142857142855 0.49297752808988765 0.425 0.5674157303370787 0.3976190476190476 0.5660112359550562
1 0.3345238095238095 0.5337078651685393 0.3357142857142857 0.5730337078651685 0.26071428571428573 0.5688202247191011 0.2619047619047619 0.5351123595505618
1 0.2714285714285714 0.4859550561797753 0.2714285714285714 0.5140449438202247 0.21904761904761905 0.5140449438202247 0.21904761904761905 0.4859550561797753
1 0.18571428571428572 0.4845505617977528 0.1869047619047619 0.5182584269662921 0.12142857142857143 0.5154494382022472 0.12142857142857143 0.48314606741573035
1 0.39404761904761904 0.3848314606741573 0.42142857142857143 0.3848314606741573 0.4154761904761905 0.3089887640449438 0.39166666666666666 0.3103932584269663
1 0.34404761904761905 0.32303370786516855 0.3678571428571429 0.32303370786516855 0.37023809523809526 0.25702247191011235 0.34523809523809523 0.25842696629213485
1 0.1988095238095238 0.375 0.22380952380952382 0.37780898876404495 0.22142857142857142 0.449438202247191 0.19642857142857142 0.44662921348314605
1 0.23333333333333334 0.38202247191011235 0.2571428571428571 0.3848314606741573 0.25357142857142856 0.45224719101123595 0.22857142857142856 0.45365168539325845
1 0.3273809523809524 0.40730337078651685 0.35119047619047616 0.40730337078651685 0.3523809523809524 0.47191011235955055 0.3273809523809524 0.47191011235955055
1 0.1630952380952381 0.37780898876404495 0.1869047619047619 0.37780898876404495 0.18571428571428572 0.44803370786516855 0.1619047619047619 0.44803370786516855
1 0.13095238095238096 0.37640449438202245 0.15476190476190477 0.37640449438202245 0.1488095238095238 0.4410112359550562 0.12261904761904761 0.4396067415730337
1 0.8178571428571428 0.7837078651685393 0.819047619047619 0.8146067415730337 0.7535714285714286 0.8202247191011236 0.7511904761904762 0.7865168539325843
1 0.8226190476190476 0.824438202247191 0.8297619047619048 0.8637640449438202 0.7678571428571429 0.8707865168539326 0.7642857142857142 0.8356741573033708
1 0.7547619047619047 0.8314606741573034 0.7547619047619047 0.8637640449438202 0.6845238095238095 0.8609550561797753 0.6833333333333333 0.8314606741573034
1 0.7416666666666667 0.7907303370786517 0.7428571428571429 0.8216292134831461 0.675 0.8230337078651685 0.675 0.7921348314606742
1 0.6452380952380953 0.7865168539325843 0.6476190476190476 0.8230337078651685 0.5726190476190476 0.8216292134831461 0.569047619047619 0.7851123595505618
1 0.6678571428571428 0.827247191011236 0.669047619047619 0.8637640449438202 0.5964285714285714 0.8637640449438202 0.5976190476190476 0.8314606741573034
1 0.4928571428571429 0.8328651685393258 0.49047619047619045 0.8679775280898876 0.4142857142857143 0.8665730337078652 0.41785714285714287 0.8328651685393258
1 0.38333333333333336 0.7879213483146067 0.3880952380952381 0.8174157303370787 0.31547619047619047 0.8160112359550562 0.31547619047619047 0.7837078651685393
1 0.2988095238095238 0.7865168539325843 0.2988095238095238 0.8202247191011236 0.225 0.8216292134831461 0.2226190476190476 0.7907303370786517
1 0.2785714285714286 0.8216292134831461 0.27976190476190477 0.8637640449438202 0.2130952380952381 0.8595505617977528 0.2130952380952381 0.824438202247191
1 0.18928571428571428 0.8328651685393258 0.1880952380952381 0.875 0.12023809523809524 0.8707865168539326 0.11904761904761904 0.8328651685393258
1 0.8035714285714286 0.38202247191011235 0.8166666666666667 0.4101123595505618 0.8607142857142858 0.3862359550561798 0.85 0.3637640449438202
1 0.3952380952380952 0.7865168539325843 0.4666666666666667 0.7851123595505618 0.4666666666666667 0.8202247191011236 0.3952380952380952 0.8174157303370787
1 0.13333333333333333 0.776685393258427 0.1988095238095238 0.776685393258427 0.1988095238095238 0.8089887640449438 0.13333333333333333 0.8089887640449438
1 0.47023809523809523 0.7851123595505618 0.5428571428571428 0.776685393258427 0.5464285714285714 0.8146067415730337 0.4726190476190476 0.8230337078651685
3 0.29642857142857143 0.8188202247191011 0.38571428571428573 0.8188202247191011 0.3869047619047619 0.8567415730337079 0.2988095238095238 0.8567415730337079
1 0.4107142857142857 0.2148876404494382 0.3880952380952381 0.2654494382022472 0.41309523809523807 0.27668539325842695 0.43452380952380953 0.22752808988764045
1 0.8345238095238096 0.776685393258427 0.8345238095238096 0.8089887640449438 0.8928571428571429 0.8117977528089888 0.8916666666666667 0.776685393258427