1 0.7928571428571428 0.47191011235955055 0.7928571428571428 0.5014044943820225 0.8595238095238096 0.5 0.8559523809523809 0.4648876404494382
1 0.5273809523809524 0.4691011235955056 0.530952380952381 0.49859550561797755 0.4666666666666667 0.5070224719101124 0.4654761904761905 0.47331460674157305
1 0.19285714285714287 0.46629213483146065 0.1880952380952381 0.5028089887640449 0.12857142857142856 0.5028089887640449 0.13095238095238096 0.4705056179775281
1 0.16785714285714284 0.6460674157303371 0.16785714285714284 0.6839887640449438 0.09047619047619047 0.6783707865168539 0.09404761904761905 0.6474719101123596
1 0.7107142857142857 0.45786516853932585 0.7726190476190476 0.45786516853932585 0.7726190476190476 0.4887640449438202 0.7107142857142857 0.4887640449438202
1 0.6333333333333333 0.46207865168539325 0.6880952380952381 0.4606741573033708 0.6928571428571428 0.4887640449438202 0.6345238095238095 0.49297752808988765
1 0.5488095238095239 0.4691011235955056 0.6071428571428571 0.4606741573033708 0.6107142857142858 0.48735955056179775 0.5523809523809524 0.4943820224719101
1 0.38452380952380955 0.46769662921348315 0.45 0.47191011235955055 0.45 0.5 0.38571428571428573 0.5
1 0.21666666666666667 0.46769662921348315 0.2845238095238095 0.4648876404494382 0.2845238095238095 0.5014044943820225 0.21666666666666667 0.5
1 0.18571428571428572 0.6530898876404494 0.2511904761904762 0.6530898876404494 0.2511904761904762 0.6825842696629213 0.18571428571428572 0.6825842696629213
1 0.4107142857142857 0.651685393258427 0.4738095238095238 0.651685393258427 0.4738095238095238 0.6882022471910112 0.4107142857142857 0.6882022471910112
1 0.3119047619047619 0.6530898876404494 0.37976190476190474 0.6558988764044944 0.38095238095238093 0.6896067415730337 0.30952380952380953 0.6896067415730337
1 0.4976190476190476 0.648876404494382 0.5714285714285714 0.6460674157303371 0.575 0.6825842696629213 0.4988095238095238 0.6867977528089888
1 0.5892857142857143 0.648876404494382 0.655952380952381 0.648876404494382 0.655952380952381 0.6825842696629213 0.5892857142857143 0.6825842696629213
1 0.6785714285714286 0.6460674157303371 0.7428571428571429 0.6460674157303371 0.7428571428571429 0.6811797752808989 0.6785714285714286 0.6811797752808989
1 0.7607142857142857 0.6446629213483146 0.8202380952380952 0.6446629213483146 0.8202380952380952 0.6811797752808989 0.7607142857142857 0.6811797752808989
1 0.305952380952381 0.4705056179775281 0.3630952380952381 0.46207865168539325 0.36666666666666664 0.49297752808988765 0.30714285714285716 0.5014044943820225