1 0.7773809523809524 0.25 0.8357142857142857 0.21910112359550563 0.8476190476190476 0.25 0.7833333333333333 0.2794943820224719
1 0.5226190476190476 0.4311797752808989 0.5821428571428572 0.42275280898876405 0.5880952380952381 0.4508426966292135 0.5273809523809524 0.4648876404494382
1 0.08333333333333333 0.3848314606741573 0.1488095238095238 0.3848314606741573 0.1488095238095238 0.41292134831460675 0.08333333333333333 0.41292134831460675
1 0.3119047619047619 0.6544943820224719 0.3773809523809524 0.6544943820224719 0.3773809523809524 0.6867977528089888 0.3119047619047619 0.6867977528089888
1 0.39166666666666666 0.6558988764044944 0.4523809523809524 0.6530898876404494 0.45 0.6853932584269663 0.3892857142857143 0.6867977528089888
1 0.47023809523809523 0.6390449438202247 0.5321428571428571 0.6390449438202247 0.5321428571428571 0.6657303370786517 0.4714285714285714 0.6713483146067416
1 0.5666666666666667 0.6264044943820225 0.6321428571428571 0.6264044943820225 0.6321428571428571 0.6587078651685393 0.5666666666666667 0.6587078651685393
1 0.6630952380952381 0.6207865168539326 0.7273809523809524 0.6165730337078652 0.7273809523809524 0.6502808988764045 0.6642857142857143 0.6530898876404494
1 0.7654761904761904 0.6221910112359551 0.8273809523809523 0.6165730337078652 0.8285714285714286 0.6474719101123596 0.7678571428571429 0.6558988764044944
1 0.7666666666666667 0.6783707865168539 0.8345238095238096 0.6685393258426966 0.8357142857142857 0.699438202247191 0.7714285714285715 0.7050561797752809
1 0.5857142857142857 0.6938202247191011 0.6523809523809524 0.6882022471910112 0.6535714285714286 0.726123595505618 0.5869047619047619 0.726123595505618
1 0.4583333333333333 0.7078651685393258 0.5285714285714286 0.702247191011236 0.5273809523809524 0.7373595505617978 0.4583333333333333 0.7429775280898876
1 0.36547619047619045 0.7134831460674157 0.4297619047619048 0.7106741573033708 0.42857142857142855 0.7471910112359551 0.36547619047619045 0.7457865168539326
1 0.5273809523809524 0.7556179775280899 0.5738095238095238 0.7514044943820225 0.5726190476190476 0.7823033707865169 0.5273809523809524 0.7808988764044944
1 0.6011904761904762 0.7485955056179775 0.6607142857142857 0.7401685393258427 0.6619047619047619 0.776685393258427 0.6035714285714285 0.7837078651685393
1 0.675 0.6811797752808989 0.7345238095238096 0.6811797752808989 0.7392857142857143 0.7134831460674157 0.6738095238095239 0.7148876404494382
0 0.6869047619047619 0.7415730337078652 0.830952380952381 0.7275280898876404 0.8321428571428572 0.7710674157303371 0.6892857142857143 0.7823033707865169
4 0.3202380952380952 0.7752808988764045 0.4845238095238095 0.7584269662921348 0.4869047619047619 0.8019662921348315 0.32142857142857145 0.8188202247191011