1 0.5214285714285715 0.5688202247191011 0.594047619047619 0.5688202247191011 0.594047619047619 0.5969101123595506 0.5214285714285715 0.5969101123595506
1 0.7142857142857143 0.5407303370786517 0.7797619047619048 0.5407303370786517 0.7797619047619048 0.5716292134831461 0.7142857142857143 0.5716292134831461
1 0.8023809523809524 0.5337078651685393 0.8714285714285714 0.5337078651685393 0.8714285714285714 0.5632022471910112 0.8023809523809524 0.5632022471910112
1 0.513095238095238 0.47331460674157305 0.5892857142857143 0.47331460674157305 0.5892857142857143 0.5056179775280899 0.513095238095238 0.5056179775280899
1 0.33095238095238094 0.5365168539325843 0.3595238095238095 0.5379213483146067 0.3607142857142857 0.6053370786516854 0.33214285714285713 0.6067415730337079
1 0.25357142857142856 0.547752808988764 0.32142857142857145 0.547752808988764 0.32142857142857145 0.5814606741573034 0.25357142857142856 0.5814606741573034
1 0.30357142857142855 0.4859550561797753 0.37023809523809526 0.4887640449438202 0.3678571428571429 0.526685393258427 0.30238095238095236 0.5224719101123596
1 0.21666666666666667 0.3356741573033708 0.2785714285714286 0.3356741573033708 0.2785714285714286 0.37359550561797755 0.2154761904761905 0.3707865168539326
1 0.2892857142857143 0.33848314606741575 0.3523809523809524 0.33848314606741575 0.3523809523809524 0.3693820224719101 0.2892857142857143 0.3693820224719101
1 0.11785714285714285 0.34691011235955055 0.17142857142857143 0.34691011235955055 0.17261904761904762 0.37780898876404495 0.11785714285714285 0.37780898876404495
1 0.20238095238095238 0.43258426966292135 0.23333333333333334 0.43258426966292135 0.23333333333333334 0.5098314606741573 0.20238095238095238 0.5098314606741573
1 0.18214285714285713 0.5351123595505618 0.20357142857142857 0.5168539325842697 0.24761904761904763 0.5786516853932584 0.2226190476190476 0.601123595505618
1 0.2 0.5730337078651685 0.18095238095238095 0.5941011235955056 0.14166666666666666 0.5393258426966292 0.16547619047619047 0.5154494382022472
1 0.12738095238095237 0.5252808988764045 0.10476190476190476 0.5379213483146067 0.13333333333333333 0.601123595505618 0.15714285714285714 0.5856741573033708
1 0.525 0.3890449438202247 0.5464285714285714 0.41292134831460675 0.5916666666666667 0.36657303370786515 0.5714285714285714 0.34129213483146065
1 0.6166666666666667 0.34129213483146065 0.6404761904761904 0.35814606741573035 0.6059523809523809 0.41292134831460675 0.5833333333333334 0.39185393258426965
1 0.6738095238095239 0.40168539325842695 0.6916666666666667 0.41713483146067415 0.7309523809523809 0.36235955056179775 0.7107142857142857 0.3497191011235955
1 0.775 0.36235955056179775 0.7559523809523809 0.34691011235955055 0.7166666666666667 0.40168539325842695 0.736904761904762 0.41713483146067415
1 0.7690476190476191 0.4044943820224719 0.7892857142857143 0.4241573033707865 0.8273809523809523 0.36657303370786515 0.8047619047619048 0.34691011235955055
1 0.8690476190476191 0.3651685393258427 0.8488095238095238 0.34691011235955055 0.8154761904761905 0.40168539325842695 0.8357142857142857 0.42134831460674155
1 0.555952380952381 0.2401685393258427 0.6107142857142858 0.22893258426966293 0.6154761904761905 0.25280898876404495 0.5583333333333333 0.2654494382022472
1 0.7559523809523809 0.24157303370786518 0.8142857142857143 0.24157303370786518 0.8142857142857143 0.2696629213483146 0.7559523809523809 0.2696629213483146
1 0.6797619047619048 0.21769662921348315 0.6857142857142857 0.24719101123595505 0.6309523809523809 0.2598314606741573 0.625 0.2345505617977528
1 0.5785714285714286 0.2710674157303371 0.6047619047619047 0.2696629213483146 0.6023809523809524 0.3356741573033708 0.5797619047619048 0.33286516853932585
1 0.6166666666666667 0.2794943820224719 0.638095238095238 0.2794943820224719 0.638095238095238 0.33146067415730335 0.6166666666666667 0.33146067415730335
1 0.6476190476190476 0.2612359550561798 0.6666666666666666 0.2612359550561798 0.6666666666666666 0.3258426966292135 0.6476190476190476 0.3258426966292135
1 0.6761904761904762 0.25140449438202245 0.7 0.25140449438202245 0.7011904761904761 0.32162921348314605 0.675 0.3188202247191011
1 0.7071428571428572 0.2851123595505618 0.7297619047619047 0.2851123595505618 0.7297619047619047 0.33707865168539325 0.7071428571428572 0.33707865168539325
1 0.7476190476190476 0.273876404494382 0.775 0.273876404494382 0.775 0.3342696629213483 0.7488095238095238 0.3342696629213483
1 0.780952380952381 0.2893258426966292 0.8047619047619048 0.2893258426966292 0.8047619047619048 0.3455056179775281 0.780952380952381 0.3455056179775281
1 0.830952380952381 0.28370786516853935 0.8119047619047619 0.29213483146067415 0.8214285714285714 0.3441011235955056 0.8464285714285714 0.33146067415730335
1 0.8511904761904762 0.28370786516853935 0.8785714285714286 0.28370786516853935 0.8785714285714286 0.3441011235955056 0.8488095238095238 0.34129213483146065
1 0.37857142857142856 0.14747191011235955 0.4011904761904762 0.14747191011235955 0.4011904761904762 0.20786516853932585 0.37857142857142856 0.20786516853932585
1 0.4119047619047619 0.14325842696629212 0.4369047619047619 0.14325842696629212 0.4369047619047619 0.2050561797752809 0.4119047619047619 0.2050561797752809
1 0.44761904761904764 0.14747191011235955 0.4714285714285714 0.14325842696629212 0.4785714285714286 0.21207865168539325 0.4511904761904762 0.21207865168539325
1 0.475 0.13904494382022473 0.4988095238095238 0.13904494382022473 0.5059523809523809 0.20926966292134833 0.48095238095238096 0.20926966292134833
1 0.5095238095238095 0.1151685393258427 0.5333333333333333 0.1151685393258427 0.5357142857142857 0.19101123595505617 0.5095238095238095 0.19241573033707865
1 0.5607142857142857 0.11095505617977527 0.5821428571428572 0.11095505617977527 0.5821428571428572 0.18398876404494383 0.5607142857142857 0.18398876404494383
1 0.6321428571428571 0.11657303370786516 0.655952380952381 0.11657303370786516 0.655952380952381 0.18820224719101122 0.6321428571428571 0.18820224719101122
1 0.6607142857142857 0.0997191011235955 0.6892857142857143 0.0997191011235955 0.6892857142857143 0.175561797752809 0.6607142857142857 0.175561797752809
1 0.7011904761904761 0.11657303370786516 0.7285714285714285 0.11657303370786516 0.7285714285714285 0.18679775280898878 0.7011904761904761 0.18679775280898878
1 0.6059523809523809 0.4550561797752809 0.5892857142857143 0.4747191011235955 0.6285714285714286 0.5210674157303371 0.6464285714285715 0.5014044943820225
1 0.6607142857142857 0.46348314606741575 0.6452380952380953 0.48735955056179775 0.6928571428571428 0.5280898876404494 0.7095238095238096 0.5
1 0.7130952380952381 0.45646067415730335 0.6976190476190476 0.48735955056179775 0.7452380952380953 0.5280898876404494 0.763095238095238 0.5028089887640449
1 0.8214285714285714 0.45786516853932585 0.8023809523809524 0.48314606741573035 0.8547619047619047 0.5280898876404494 0.8678571428571429 0.5056179775280899
1 0.12142857142857143 0.43679775280898875 0.11666666666666667 0.5070224719101124 0.14642857142857144 0.5098314606741573 0.15357142857142858 0.4410112359550562