1 0.4166666666666667 0.4396067415730337 0.4714285714285714 0.425561797752809 0.4654761904761905 0.39747191011235955 0.4119047619047619 0.40870786516853935
1 0.4226190476190476 0.3160112359550562 0.44642857142857145 0.3146067415730337 0.45 0.375 0.42738095238095236 0.37780898876404495
1 0.48928571428571427 0.3089887640449438 0.5047619047619047 0.37359550561797755 0.5261904761904762 0.3637640449438202 0.5142857142857142 0.300561797752809
1 0.55 0.30337078651685395 0.5547619047619048 0.35814606741573035 0.5333333333333333 0.36235955056179775 0.5273809523809524 0.30196629213483145
1 0.5833333333333334 0.29213483146067415 0.5988095238095238 0.35252808988764045 0.569047619047619 0.35674157303370785 0.5571428571428572 0.30196629213483145
1 0.6142857142857143 0.2851123595505618 0.6273809523809524 0.3455056179775281 0.6047619047619047 0.35252808988764045 0.5904761904761905 0.29213483146067415
1 0.6583333333333333 0.27668539325842695 0.6678571428571428 0.34691011235955055 0.6404761904761904 0.35252808988764045 0.6297619047619047 0.28792134831460675
1 0.6988095238095238 0.27247191011235955 0.7047619047619048 0.34129213483146065 0.6761904761904762 0.3455056179775281 0.6678571428571428 0.2752808988764045
1 0.7857142857142857 0.2612359550561798 0.8071428571428572 0.32162921348314605 0.7773809523809524 0.33286516853932585 0.763095238095238 0.2696629213483146
1 0.825 0.25702247191011235 0.844047619047619 0.3160112359550562 0.819047619047619 0.3258426966292135 0.8023809523809524 0.26264044943820225
1 0.8142857142857143 0.5955056179775281 0.8261904761904761 0.6643258426966292 0.8523809523809524 0.6587078651685393 0.8392857142857143 0.5912921348314607
1 0.2642857142857143 0.7682584269662921 0.32976190476190476 0.7556179775280899 0.3333333333333333 0.7935393258426966 0.26785714285714285 0.8047752808988764
1 0.5523809523809524 0.4058988764044944 0.5464285714285714 0.37359550561797755 0.4857142857142857 0.38764044943820225 0.49047619047619045 0.4199438202247191
1 0.8178571428571428 0.17837078651685392 0.8107142857142857 0.1502808988764045 0.7547619047619047 0.16292134831460675 0.7619047619047619 0.19241573033707865
1 0.46190476190476193 0.6573033707865169 0.475 0.726123595505618 0.5 0.7205056179775281 0.49047619047619045 0.6474719101123596
1 0.5 0.648876404494382 0.5142857142857142 0.7275280898876404 0.5416666666666666 0.7191011235955056 0.5273809523809524 0.6432584269662921
1 0.5416666666666666 0.6404494382022472 0.5535714285714286 0.7106741573033708 0.5773809523809523 0.7078651685393258 0.5678571428571428 0.6348314606741573
1 0.5702380952380952 0.6376404494382022 0.5821428571428572 0.7092696629213483 0.6130952380952381 0.7036516853932584 0.6035714285714285 0.6306179775280899
1 0.6166666666666667 0.6264044943820225 0.6285714285714286 0.6980337078651685 0.6511904761904762 0.6924157303370787 0.6416666666666667 0.6221910112359551
1 0.6630952380952381 0.6193820224719101 0.6761904761904762 0.6938202247191011 0.6976190476190476 0.6867977528089888 0.6880952380952381 0.6137640449438202
1 0.7083333333333334 0.6137640449438202 0.7202380952380952 0.6853932584269663 0.7511904761904762 0.6797752808988764 0.7416666666666667 0.6067415730337079
1 0.7523809523809524 0.6067415730337079 0.7654761904761904 0.675561797752809 0.7892857142857143 0.6699438202247191 0.7773809523809524 0.5997191011235955
1 0.7845238095238095 0.601123595505618 0.7952380952380952 0.6713483146067416 0.8214285714285714 0.6629213483146067 0.8095238095238095 0.5955056179775281
1 0.8452380952380952 0.5926966292134831 0.8571428571428571 0.6573033707865169 0.8821428571428571 0.651685393258427 0.8726190476190476 0.5856741573033708
1 0.6880952380952381 0.8047752808988764 0.7523809523809524 0.7907303370786517 0.7583333333333333 0.8300561797752809 0.6952380952380952 0.8412921348314607
1 0.5047619047619047 0.8342696629213483 0.5642857142857143 0.8230337078651685 0.5678571428571428 0.8581460674157303 0.5095238095238095 0.8623595505617978
1 0.2833333333333333 0.49297752808988765 0.2892857142857143 0.5603932584269663 0.3142857142857143 0.5547752808988764 0.30952380952380953 0.4887640449438202
1 0.3238095238095238 0.4845505617977528 0.32976190476190476 0.5519662921348315 0.3547619047619048 0.5463483146067416 0.35 0.4803370786516854
1 0.3595238095238095 0.4803370786516854 0.36547619047619045 0.547752808988764 0.3904761904761905 0.5421348314606742 0.38571428571428573 0.476123595505618
1 0.43214285714285716 0.48314606741573035 0.4369047619047619 0.5449438202247191 0.46190476190476193 0.5407303370786517 0.4583333333333333 0.4789325842696629
1 0.47023809523809523 0.47752808988764045 0.47619047619047616 0.5393258426966292 0.5011904761904762 0.5337078651685393 0.4928571428571429 0.4705056179775281
1 0.5011904761904762 0.4606741573033708 0.5107142857142857 0.526685393258427 0.5357142857142857 0.5210674157303371 0.530952380952381 0.4550561797752809
1 0.5404761904761904 0.4592696629213483 0.5464285714285714 0.526685393258427 0.5714285714285714 0.5210674157303371 0.5666666666666667 0.4550561797752809
1 0.575 0.4508426966292135 0.580952380952381 0.5182584269662921 0.6059523809523809 0.5126404494382022 0.6011904761904762 0.44662921348314605
1 0.611904761904762 0.44241573033707865 0.6178571428571429 0.5098314606741573 0.6428571428571429 0.5042134831460674 0.638095238095238 0.43820224719101125
1 0.2369047619047619 0.43258426966292135 0.2904761904761905 0.42275280898876405 0.29404761904761906 0.45365168539325845 0.24166666666666667 0.46207865168539325
1 0.23452380952380952 0.3539325842696629 0.2916666666666667 0.34269662921348315 0.2976190476190476 0.37359550561797755 0.2369047619047619 0.3862359550561798
1 0.3904761904761905 0.324438202247191 0.3964285714285714 0.39325842696629215 0.42142857142857143 0.38764044943820225 0.4142857142857143 0.3188202247191011
1 0.705952380952381 0.26264044943820225 0.7166666666666667 0.33286516853932585 0.7595238095238095 0.32303370786516855 0.7523809523809524 0.25140449438202245
1 0.2869047619047619 0.30758426966292135 0.23095238095238096 0.3160112359550562 0.23333333333333334 0.3398876404494382 0.2904761904761905 0.32865168539325845
1 0.3273809523809524 0.8314606741573034 0.26904761904761904 0.8412921348314607 0.2714285714285714 0.8735955056179775 0.33095238095238094 0.8637640449438202
1 0.49404761904761907 0.8398876404494382 0.4392857142857143 0.8469101123595506 0.44166666666666665 0.8778089887640449 0.4976190476190476 0.8679775280898876
1 0.7583333333333333 0.8356741573033708 0.6988095238095238 0.8455056179775281 0.7011904761904761 0.8806179775280899 0.763095238095238 0.8665730337078652
1 0.6511904761904762 0.43679775280898875 0.6547619047619048 0.4859550561797753 0.6785714285714286 0.48314606741573035 0.6726190476190477 0.43258426966292135