0 0.7761904761904762 0.6123595505617978 0.6892857142857143 0.4747191011235955 0.7202380952380952 0.4410112359550562 0.8083333333333333 0.5842696629213483
1 0.5428571428571428 0.7415730337078652 0.5011904761904762 0.6797752808988764 0.525 0.6573033707865169 0.569047619047619 0.7191011235955056
1 0.6059523809523809 0.5589887640449438 0.5702380952380952 0.49719101123595505 0.5916666666666667 0.4803370786516854 0.6285714285714286 0.5393258426966292
1 0.48095238095238096 0.5758426966292135 0.44047619047619047 0.5154494382022472 0.4595238095238095 0.49859550561797755 0.5011904761904762 0.5561797752808989
1 0.4166666666666667 0.5646067415730337 0.38095238095238093 0.5028089887640449 0.4 0.4859550561797753 0.4392857142857143 0.5435393258426966
1 0.3238095238095238 0.6783707865168539 0.32857142857142857 0.6025280898876404 0.3547619047619048 0.6025280898876404 0.3547619047619048 0.6797752808988764
1 0.3880952380952381 0.22752808988764045 0.35 0.16713483146067415 0.3738095238095238 0.14747191011235955 0.4107142857142857 0.20786516853932585
1 0.3416666666666667 0.26264044943820225 0.30714285714285716 0.20646067415730338 0.32857142857142857 0.19382022471910113 0.36547619047619045 0.24719101123595505
1 0.2714285714285714 0.3258426966292135 0.2369047619047619 0.2612359550561798 0.2571428571428571 0.24578651685393257 0.29285714285714287 0.3103932584269663
1 0.2702380952380952 0.22612359550561797 0.225 0.17134831460674158 0.25 0.15308988764044945 0.2892857142857143 0.2148876404494382
1 0.30238095238095236 0.1952247191011236 0.26071428571428573 0.13342696629213482 0.28095238095238095 0.1151685393258427 0.32261904761904764 0.18117977528089887
1 0.17142857142857143 0.25702247191011235 0.13095238095238096 0.18679775280898878 0.15119047619047618 0.17415730337078653 0.19523809523809524 0.23595505617977527
0 0.21904761904761905 0.3342696629213483 0.28809523809523807 0.44241573033707865 0.3142857142857143 0.41713483146067415 0.24642857142857144 0.31179775280898875
1 0.9011904761904762 0.32865168539325845 0.8511904761904762 0.375 0.8690476190476191 0.40168539325842695 0.9214285714285714 0.3539325842696629