1 0.23333333333333334 0.20224719101123595 0.2154761904761905 0.26825842696629215 0.24166666666666667 0.2794943820224719 0.25952380952380955 0.21067415730337077
3 0.2523809523809524 0.12640449438202248 0.2357142857142857 0.199438202247191 0.25833333333333336 0.20646067415730338 0.2785714285714286 0.13764044943820225
1 0.35714285714285715 0.5997191011235955 0.37142857142857144 0.6671348314606742 0.3964285714285714 0.6587078651685393 0.38095238095238093 0.5898876404494382
1 0.32857142857142857 0.5997191011235955 0.3404761904761905 0.6629213483146067 0.3607142857142857 0.6587078651685393 0.35119047619047616 0.5941011235955056
1 0.8202380952380952 0.5379213483146067 0.844047619047619 0.6081460674157303 0.8690476190476191 0.5969101123595506 0.8464285714285714 0.5252808988764045
1 0.7880952380952381 0.547752808988764 0.805952380952381 0.6221910112359551 0.8357142857142857 0.6123595505617978 0.8107142857142857 0.5379213483146067
1 0.8107142857142857 0.6235955056179775 0.8297619047619048 0.7050561797752809 0.8571428571428571 0.6924157303370787 0.8345238095238096 0.6193820224719101
1 0.830952380952381 0.7134831460674157 0.8511904761904762 0.7794943820224719 0.8821428571428571 0.7626404494382022 0.8595238095238096 0.7008426966292135
1 0.7928571428571428 0.7176966292134831 0.8214285714285714 0.7907303370786517 0.844047619047619 0.7808988764044944 0.8238095238095238 0.7078651685393258
1 0.7702380952380953 0.7528089887640449 0.7904761904761904 0.8216292134831461 0.8178571428571428 0.8103932584269663 0.7952380952380952 0.7415730337078652
1 0.7273809523809524 0.7514044943820225 0.7547619047619047 0.8216292134831461 0.7797619047619048 0.8132022471910112 0.7535714285714286 0.7401685393258427
1 0.7142857142857143 0.7949438202247191 0.7297619047619047 0.8609550561797753 0.7523809523809524 0.8539325842696629 0.7380952380952381 0.7879213483146067
1 0.6416666666666667 0.7162921348314607 0.6595238095238095 0.7935393258426966 0.6833333333333333 0.7893258426966292 0.6630952380952381 0.7120786516853933
1 0.7202380952380952 0.5617977528089888 0.7428571428571429 0.6362359550561798 0.7654761904761904 0.6292134831460674 0.7428571428571429 0.550561797752809
1 0.6833333333333333 0.5828651685393258 0.7095238095238096 0.6530898876404494 0.7357142857142858 0.6418539325842697 0.7130952380952381 0.5688202247191011
1 0.6535714285714286 0.5941011235955056 0.6726190476190477 0.6685393258426966 0.7 0.6601123595505618 0.680952380952381 0.5884831460674157
1 0.6226190476190476 0.6095505617977528 0.6404761904761904 0.6839887640449438 0.6666666666666666 0.6741573033707865 0.6452380952380953 0.5997191011235955
1 0.594047619047619 0.6558988764044944 0.6083333333333333 0.7219101123595506 0.6333333333333333 0.7162921348314607 0.6190476190476191 0.648876404494382
1 0.6071428571428571 0.7345505617977528 0.6202380952380953 0.8061797752808989 0.6488095238095238 0.797752808988764 0.6321428571428571 0.7275280898876404
1 0.569047619047619 0.7415730337078652 0.5976190476190476 0.8103932584269663 0.6178571428571429 0.797752808988764 0.5892857142857143 0.7303370786516854
1 0.5345238095238095 0.7654494382022472 0.55 0.8314606741573034 0.5702380952380952 0.8202247191011236 0.555952380952381 0.7570224719101124
1 0.5035714285714286 0.773876404494382 0.5166666666666667 0.8342696629213483 0.5380952380952381 0.8286516853932584 0.525 0.7668539325842697
1 0.4773809523809524 0.7865168539325843 0.49404761904761907 0.851123595505618 0.5142857142857142 0.8426966292134831 0.5011904761904762 0.776685393258427
1 0.5166666666666667 0.6980337078651685 0.530952380952381 0.7640449438202247 0.5523809523809524 0.7570224719101124 0.5392857142857143 0.6910112359550562
1 0.49047619047619045 0.699438202247191 0.5035714285714286 0.7668539325842697 0.5226190476190476 0.7612359550561798 0.5095238095238095 0.6952247191011236
1 0.4642857142857143 0.7162921348314607 0.47619047619047616 0.7851123595505618 0.5 0.7752808988764045 0.48214285714285715 0.7092696629213483
1 0.4357142857142857 0.7303370786516854 0.4488095238095238 0.797752808988764 0.4726190476190476 0.7893258426966292 0.45595238095238094 0.7219101123595506
1 0.4023809523809524 0.7345505617977528 0.41904761904761906 0.7991573033707865 0.4452380952380952 0.7935393258426966 0.4261904761904762 0.7247191011235955
1 0.5476190476190477 0.6207865168539326 0.5642857142857143 0.6980337078651685 0.5833333333333334 0.6896067415730337 0.5678571428571428 0.6165730337078652
1 0.5 0.6264044943820225 0.5154761904761904 0.6966292134831461 0.5380952380952381 0.6867977528089888 0.5202380952380953 0.6207865168539326
0 0.4583333333333333 0.2050561797752809 0.5071428571428571 0.39747191011235955 0.5404761904761904 0.38342696629213485 0.48928571428571427 0.19241573033707865
0 0.5119047619047619 0.17134831460674158 0.5476190476190477 0.34691011235955055 0.5857142857142857 0.33707865168539325 0.5428571428571428 0.1601123595505618
0 0.5571428571428572 0.12921348314606743 0.5988095238095238 0.3160112359550562 0.6333333333333333 0.3047752808988764 0.5892857142857143 0.11938202247191011
0 0.3821428571428571 0.10814606741573034 0.425 0.28792134831460675 0.45595238095238094 0.27808988764044945 0.4119047619047619 0.0997191011235955
0 0.6095238095238096 0.13904494382022473 0.6607142857142857 0.3300561797752809 0.6952380952380952 0.3146067415730337 0.638095238095238 0.12780898876404495
0 0.6642857142857143 0.1306179775280899 0.7142857142857143 0.31179775280898875 0.7547619047619047 0.29775280898876405 0.6976190476190476 0.11376404494382023
0 0.7357142857142858 0.11095505617977527 0.7773809523809524 0.2794943820224719 0.8166666666666667 0.2654494382022472 0.7785714285714286 0.10252808988764045
0 0.8130952380952381 0.09550561797752809 0.8452380952380952 0.2598314606741573 0.888095238095238 0.24297752808988765 0.8535714285714285 0.08286516853932584
3 0.8119047619047619 0.4648876404494382 0.8869047619047619 0.43258426966292135 0.8952380952380953 0.46207865168539325 0.8202380952380952 0.49297752808988765
3 0.8476190476190476 0.5014044943820225 0.8714285714285714 0.5870786516853933 0.8928571428571429 0.574438202247191 0.8714285714285714 0.4901685393258427
1 0.8416666666666667 0.6123595505617978 0.861904761904762 0.6839887640449438 0.8857142857142857 0.672752808988764 0.8678571428571429 0.6039325842696629
1 0.41904761904761906 0.8103932584269663 0.43333333333333335 0.8735955056179775 0.45714285714285713 0.8665730337078652 0.4392857142857143 0.8019662921348315
1 0.45357142857142857 0.7963483146067416 0.4607142857142857 0.8581460674157303 0.4845238095238095 0.8553370786516854 0.4726190476190476 0.7907303370786517
1 0.6226190476190476 0.8174157303370787 0.638095238095238 0.8792134831460674 0.6630952380952381 0.8707865168539326 0.6440476190476191 0.8089887640449438
1 0.680952380952381 0.7963483146067416 0.705952380952381 0.875 0.7285714285714285 0.8665730337078652 0.7047619047619048 0.7879213483146067
1 0.5904761904761905 0.8328651685393258 0.6083333333333333 0.8918539325842697 0.6297619047619047 0.8876404494382022 0.6130952380952381 0.824438202247191