1 0.10476190476190476 0.16151685393258428 0.1357142857142857 0.22191011235955055 0.15595238095238095 0.2050561797752809 0.12261904761904761 0.14747191011235955
1 0.23214285714285715 0.16713483146067415 0.2761904761904762 0.23314606741573032 0.29404761904761906 0.21629213483146068 0.2523809523809524 0.1502808988764045
1 0.2916666666666667 0.27808988764044945 0.3261904761904762 0.33848314606741575 0.35 0.3202247191011236 0.3130952380952381 0.2612359550561798
1 0.34404761904761905 0.37219101123595505 0.3821428571428571 0.43679775280898875 0.4035714285714286 0.42275280898876405 0.3630952380952381 0.3553370786516854
1 0.14404761904761904 0.35674157303370785 0.18095238095238095 0.41853932584269665 0.20357142857142857 0.398876404494382 0.16428571428571428 0.3356741573033708
1 0.2130952380952381 0.4705056179775281 0.2511904761904762 0.5294943820224719 0.2702380952380952 0.5126404494382022 0.23214285714285715 0.45646067415730335
1 0.2714285714285714 0.46629213483146065 0.30833333333333335 0.5280898876404494 0.32857142857142857 0.5098314606741573 0.29285714285714287 0.4508426966292135
1 0.2976190476190476 0.5941011235955056 0.33690476190476193 0.6558988764044944 0.35595238095238096 0.6348314606741573 0.31666666666666665 0.5758426966292135
1 0.38333333333333336 0.6418539325842697 0.4226190476190476 0.699438202247191 0.44166666666666665 0.6783707865168539 0.4035714285714286 0.6235955056179775
4 0.17023809523809524 0.300561797752809 0.2261904761904762 0.3862359550561798 0.25357142857142856 0.3651685393258427 0.2011904761904762 0.27668539325842695
0 0.22976190476190475 0.29775280898876405 0.31666666666666665 0.44662921348314605 0.3523809523809524 0.42275280898876405 0.2619047619047619 0.2752808988764045
1 0.4488095238095238 0.6362359550561798 0.48333333333333334 0.6910112359550562 0.5035714285714286 0.6741573033707865 0.4714285714285714 0.6151685393258427
1 0.37857142857142856 0.726123595505618 0.4095238095238095 0.776685393258427 0.42857142857142855 0.7584269662921348 0.3976190476190476 0.7092696629213483
1 0.5571428571428572 0.8075842696629213 0.6 0.8623595505617978 0.6202380952380953 0.8426966292134831 0.5821428571428572 0.7837078651685393
1 0.5904761904761905 0.7373595505617978 0.6059523809523809 0.7626404494382022 0.6547619047619048 0.7289325842696629 0.6404761904761904 0.702247191011236
1 0.5226190476190476 0.5589887640449438 0.5238095238095238 0.5870786516853933 0.5785714285714286 0.5870786516853933 0.5785714285714286 0.5589887640449438
1 0.594047619047619 0.4550561797752809 0.6345238095238095 0.5140449438202247 0.6547619047619048 0.4957865168539326 0.6142857142857143 0.4339887640449438
1 0.7107142857142857 0.5154494382022472 0.7464285714285714 0.5660112359550562 0.7619047619047619 0.5491573033707865 0.7285714285714285 0.49719101123595505
1 0.775 0.4943820224719101 0.8166666666666667 0.5575842696629213 0.8404761904761905 0.5323033707865169 0.7976190476190477 0.476123595505618
1 0.6440476190476191 0.6376404494382022 0.6797619047619048 0.6910112359550562 0.7023809523809523 0.675561797752809 0.6619047619047619 0.6193820224719101
1 0.4642857142857143 0.827247191011236 0.49523809523809526 0.8764044943820225 0.5166666666666667 0.8581460674157303 0.48333333333333334 0.8103932584269663
1 0.6892857142857143 0.7991573033707865 0.7202380952380952 0.8539325842696629 0.7488095238095238 0.8342696629213483 0.7178571428571429 0.7808988764044944
3 0.7416666666666667 0.7794943820224719 0.7880952380952381 0.8651685393258427 0.8178571428571428 0.8469101123595506 0.7726190476190476 0.7598314606741573
4 0.5547619047619048 0.30196629213483145 0.6071428571428571 0.38342696629213485 0.6333333333333333 0.3595505617977528 0.5785714285714286 0.2794943820224719
1 0.5369047619047619 0.6095505617977528 0.5416666666666666 0.6376404494382022 0.6023809523809524 0.6264044943820225 0.5952380952380952 0.598314606741573
3 0.45595238095238094 0.7457865168539326 0.4988095238095238 0.8160112359550562 0.5238095238095238 0.797752808988764 0.4797619047619048 0.723314606741573
0 0.5595238095238095 0.6530898876404494 0.5619047619047619 0.6980337078651685 0.6416666666666667 0.6938202247191011 0.6392857142857142 0.651685393258427
3 0.3738095238095238 0.12359550561797752 0.4226190476190476 0.20084269662921347 0.44642857142857145 0.18117977528089887 0.4 0.09550561797752809