0 0.3011904761904762 0.2710674157303371 0.30238095238095236 0.3202247191011236 0.4297619047619048 0.31320224719101125 0.4238095238095238 0.26825842696629215
4 0.20714285714285716 0.5646067415730337 0.20952380952380953 0.6053370786516854 0.3202380952380952 0.5997191011235955 0.32142857142857145 0.5603932584269663
0 0.4095238095238095 0.5547752808988764 0.4119047619047619 0.5926966292134831 0.49642857142857144 0.5842696629213483 0.49166666666666664 0.5491573033707865
1 0.3607142857142857 0.6193820224719101 0.3595238095238095 0.6460674157303371 0.4238095238095238 0.6446629213483146 0.4238095238095238 0.6151685393258427
1 0.47023809523809523 0.24859550561797752 0.47023809523809523 0.28230337078651685 0.5321428571428571 0.27668539325842695 0.5297619047619048 0.2443820224719101
1 0.7440476190476191 0.21910112359550563 0.7440476190476191 0.24859550561797752 0.8130952380952381 0.24297752808988765 0.8083333333333333 0.21348314606741572
3 0.5428571428571428 0.28792134831460675 0.5428571428571428 0.32303370786516855 0.6178571428571429 0.31741573033707865 0.6178571428571429 0.28370786516853935
1 0.15595238095238095 0.351123595505618 0.15357142857142858 0.3792134831460674 0.22023809523809523 0.3806179775280899 0.21904761904761905 0.3497191011235955
1 0.5119047619047619 0.3455056179775281 0.513095238095238 0.37359550561797755 0.5857142857142857 0.37780898876404495 0.5857142857142857 0.34269662921348315
1 0.5785714285714286 0.39325842696629215 0.5797619047619048 0.4199438202247191 0.655952380952381 0.41292134831460675 0.6523809523809524 0.38202247191011235
1 0.475 0.49157303370786515 0.475 0.523876404494382 0.5428571428571428 0.5168539325842697 0.5380952380952381 0.49157303370786515
1 0.2726190476190476 0.5014044943820225 0.275 0.5337078651685393 0.33690476190476193 0.5323033707865169 0.3333333333333333 0.5
1 0.175 0.6221910112359551 0.175 0.6530898876404494 0.24523809523809523 0.6530898876404494 0.24523809523809523 0.6193820224719101
1 0.5083333333333333 0.6109550561797753 0.5071428571428571 0.6418539325842697 0.575 0.6404494382022472 0.5761904761904761 0.6095505617977528
1 0.680952380952381 0.5421348314606742 0.6821428571428572 0.5702247191011236 0.7476190476190476 0.5646067415730337 0.7452380952380953 0.5351123595505618
1 0.7452380952380953 0.5955056179775281 0.75 0.6278089887640449 0.8166666666666667 0.6221910112359551 0.8107142857142857 0.5884831460674157
3 0.8083333333333333 0.25280898876404495 0.9261904761904762 0.24157303370786518 0.9285714285714286 0.2851123595505618 0.8130952380952381 0.2991573033707865
1 0.8345238095238096 0.5308988764044944 0.8988095238095238 0.5308988764044944 0.8988095238095238 0.5617977528089888 0.8345238095238096 0.5617977528089888