4 0.19642857142857142 0.5842696629213483 0.21904761904761905 0.6123595505617978 0.2988095238095238 0.526685393258427 0.27976190476190477 0.49719101123595505
4 0.26785714285714285 0.6839887640449438 0.2904761904761905 0.7191011235955056 0.3761904761904762 0.6264044943820225 0.3523809523809524 0.5955056179775281
4 0.30952380952380953 0.7359550561797753 0.3333333333333333 0.7626404494382022 0.4154761904761905 0.6783707865168539 0.38452380952380955 0.6474719101123596
1 0.6154761904761905 0.773876404494382 0.6714285714285714 0.8061797752808989 0.6833333333333333 0.7780898876404494 0.6273809523809524 0.7471910112359551
1 0.6404761904761904 0.7078651685393258 0.7 0.7359550561797753 0.7083333333333334 0.7064606741573034 0.6523809523809524 0.6769662921348315
1 0.6833333333333333 0.5884831460674157 0.7440476190476191 0.6067415730337079 0.7511904761904762 0.5758426966292135 0.6892857142857143 0.5589887640449438
1 0.6976190476190476 0.547752808988764 0.7583333333333333 0.5646067415730337 0.7654761904761904 0.5365168539325843 0.705952380952381 0.5154494382022472
1 0.7107142857142857 0.5070224719101124 0.763095238095238 0.5294943820224719 0.7738095238095238 0.5 0.7202380952380952 0.47752808988764045
1 0.7202380952380952 0.46769662921348315 0.7738095238095238 0.49157303370786515 0.7845238095238095 0.46629213483146065 0.7285714285714285 0.44241573033707865
1 0.8011904761904762 0.6039325842696629 0.8238095238095238 0.6151685393258427 0.8083333333333333 0.6811797752808989 0.7833333333333333 0.6741573033707865
1 0.736904761904762 0.4297752808988764 0.7916666666666666 0.45365168539325845 0.8023809523809524 0.4241573033707865 0.7476190476190476 0.40308988764044945
1 0.7440476190476191 0.39185393258426965 0.8047619047619048 0.41713483146067415 0.8154761904761905 0.39185393258426965 0.75 0.36657303370786515
1 0.75 0.3539325842696629 0.8023809523809524 0.37780898876404495 0.8130952380952381 0.34691011235955055 0.7571428571428571 0.3300561797752809
1 0.7666666666666667 0.32303370786516855 0.8261904761904761 0.34269662921348315 0.8333333333333334 0.3160112359550562 0.775 0.2949438202247191
1 0.7857142857142857 0.25702247191011235 0.8428571428571429 0.28230337078651685 0.8535714285714285 0.24719101123595505 0.7952380952380952 0.22612359550561797
1 0.7988095238095239 0.21629213483146068 0.8559523809523809 0.24157303370786518 0.8642857142857143 0.21067415730337077 0.8071428571428572 0.19101123595505617
1 0.7988095238095239 0.17837078651685392 0.8571428571428571 0.19803370786516855 0.8642857142857143 0.175561797752809 0.8035714285714286 0.1544943820224719
1 0.8238095238095238 0.15168539325842698 0.8797619047619047 0.18117977528089887 0.8892857142857142 0.15589887640449437 0.8333333333333334 0.12780898876404495
4 0.10119047619047619 0.5519662921348315 0.17857142857142858 0.6601123595505618 0.1488095238095238 0.6896067415730337 0.06904761904761905 0.5842696629213483
1 0.8809523809523809 0.48314606741573035 0.8595238095238096 0.5575842696629213 0.8809523809523809 0.5688202247191011 0.9035714285714286 0.4943820224719101