4 0.22857142857142856 0.41151685393258425 0.4642857142857143 0.4157303370786517 0.4654761904761905 0.4606741573033708 0.22857142857142856 0.4606741573033708
4 0.3119047619047619 0.49719101123595505 0.5452380952380952 0.49719101123595505 0.5452380952380952 0.5449438202247191 0.3119047619047619 0.5449438202247191
1 0.5476190476190477 0.42134831460674155 0.5904761904761905 0.42134831460674155 0.5904761904761905 0.44662921348314605 0.5476190476190477 0.44662921348314605
1 0.7011904761904761 0.574438202247191 0.7654761904761904 0.574438202247191 0.7654761904761904 0.6109550561797753 0.7011904761904761 0.6109550561797753
1 0.7261904761904762 0.6348314606741573 0.7976190476190477 0.6348314606741573 0.7976190476190477 0.6657303370786517 0.7261904761904762 0.6657303370786517
1 0.5630952380952381 0.6418539325842697 0.6297619047619047 0.6418539325842697 0.6297619047619047 0.6783707865168539 0.5630952380952381 0.6783707865168539
1 0.35119047619047616 0.577247191011236 0.4107142857142857 0.577247191011236 0.4107142857142857 0.6095505617977528 0.35119047619047616 0.6095505617977528
1 0.2119047619047619 0.5646067415730337 0.28095238095238095 0.5674157303370787 0.28095238095238095 0.5997191011235955 0.2119047619047619 0.5997191011235955
4 0.07142857142857142 0.776685393258427 0.275 0.776685393258427 0.275 0.824438202247191 0.07142857142857142 0.824438202247191
1 0.31666666666666665 0.7893258426966292 0.37976190476190474 0.7893258426966292 0.38095238095238093 0.824438202247191 0.31666666666666665 0.824438202247191
4 0.4095238095238095 0.7935393258426966 0.6392857142857142 0.7935393258426966 0.638095238095238 0.8455056179775281 0.4083333333333333 0.8398876404494382
1 0.6547619047619048 0.7289325842696629 0.725 0.7289325842696629 0.725 0.7668539325842697 0.6547619047619048 0.7668539325842697
1 0.6476190476190476 0.7851123595505618 0.7166666666666667 0.7851123595505618 0.7166666666666667 0.8202247191011236 0.6476190476190476 0.8202247191011236
1 0.7297619047619047 0.8132022471910112 0.7928571428571428 0.8132022471910112 0.7928571428571428 0.848314606741573 0.7297619047619047 0.848314606741573