1 0.16904761904761906 0.6853932584269663 0.19285714285714287 0.6867977528089888 0.19047619047619047 0.7612359550561798 0.16071428571428573 0.7584269662921348
1 0.21071428571428572 0.6825842696629213 0.26904761904761904 0.6825842696629213 0.26904761904761904 0.7134831460674157 0.21071428571428572 0.7134831460674157
1 0.20476190476190476 0.723314606741573 0.2619047619047619 0.723314606741573 0.2619047619047619 0.7528089887640449 0.20476190476190476 0.7528089887640449
1 0.20476190476190476 0.7668539325842697 0.26785714285714285 0.7668539325842697 0.26785714285714285 0.7963483146067416 0.20476190476190476 0.7963483146067416
1 0.15833333333333333 0.776685393258427 0.18452380952380953 0.776685393258427 0.18095238095238095 0.8553370786516854 0.15357142857142858 0.8539325842696629
1 0.19285714285714287 0.8089887640449438 0.2619047619047619 0.8089887640449438 0.2619047619047619 0.8412921348314607 0.19285714285714287 0.8412921348314607
1 0.2976190476190476 0.6896067415730337 0.34285714285714286 0.7387640449438202 0.3595238095238095 0.7191011235955056 0.31785714285714284 0.6657303370786517
1 0.3738095238095238 0.7401685393258427 0.39880952380952384 0.7570224719101124 0.43333333333333335 0.6966292134831461 0.4095238095238095 0.6769662921348315
1 0.3738095238095238 0.8075842696629213 0.3964285714285714 0.8258426966292135 0.43333333333333335 0.7626404494382022 0.4107142857142857 0.7443820224719101
1 0.4392857142857143 0.7247191011235955 0.4654761904761905 0.723314606741573 0.4666666666666667 0.8019662921348315 0.4392857142857143 0.8033707865168539
1 0.4392857142857143 0.6404494382022472 0.46785714285714286 0.6404494382022472 0.4654761904761905 0.7120786516853933 0.44047619047619047 0.7120786516853933
1 0.4380952380952381 0.5421348314606742 0.4666666666666667 0.5407303370786517 0.46785714285714286 0.6179775280898876 0.44285714285714284 0.6207865168539326
1 0.44047619047619047 0.45786516853932585 0.46785714285714286 0.45786516853932585 0.46785714285714286 0.5308988764044944 0.44047619047619047 0.5308988764044944
1 0.44285714285714284 0.36235955056179775 0.4714285714285714 0.36235955056179775 0.4714285714285714 0.4353932584269663 0.4452380952380952 0.43679775280898875
1 0.44285714285714284 0.28651685393258425 0.46904761904761905 0.28370786516853935 0.4714285714285714 0.3539325842696629 0.44642857142857145 0.35252808988764045
1 0.444047619047619 0.2050561797752809 0.47023809523809523 0.20224719101123595 0.4714285714285714 0.27247191011235955 0.444047619047619 0.2710674157303371
1 0.44285714285714284 0.13764044943820225 0.46904761904761905 0.13904494382022473 0.47023809523809523 0.1952247191011236 0.444047619047619 0.19662921348314608
1 0.7095238095238096 0.13623595505617977 0.736904761904762 0.13623595505617977 0.736904761904762 0.20224719101123595 0.7095238095238096 0.20224719101123595
1 0.7130952380952381 0.21910112359550563 0.7404761904761905 0.21910112359550563 0.7416666666666667 0.2893258426966292 0.7130952380952381 0.2907303370786517
1 0.7214285714285714 0.3047752808988764 0.7452380952380953 0.3061797752808989 0.7452380952380953 0.3637640449438202 0.725 0.3651685393258427
1 0.7214285714285714 0.3693820224719101 0.7464285714285714 0.3693820224719101 0.75 0.4396067415730337 0.7238095238095238 0.4396067415730337
1 0.7214285714285714 0.4452247191011236 0.7440476190476191 0.44662921348314605 0.7464285714285714 0.5070224719101124 0.7226190476190476 0.5056179775280899
1 0.7285714285714285 0.5407303370786517 0.7535714285714286 0.5379213483146067 0.7547619047619047 0.6137640449438202 0.7285714285714285 0.6151685393258427
1 0.7309523809523809 0.6601123595505618 0.7583333333333333 0.6601123595505618 0.7619047619047619 0.7317415730337079 0.7309523809523809 0.7331460674157303
1 0.7380952380952381 0.7457865168539326 0.763095238095238 0.7485955056179775 0.763095238095238 0.824438202247191 0.7357142857142858 0.8230337078651685
1 0.2833333333333333 0.8188202247191011 0.3345238095238095 0.8637640449438202 0.3130952380952381 0.8918539325842697 0.2642857142857143 0.8497191011235955