1 0.5702380952380952 0.45365168539325845 0.5428571428571428 0.5070224719101124 0.5619047619047619 0.5210674157303371 0.5904761904761905 0.47191011235955055
1 0.6738095238095239 0.6207865168539326 0.7 0.6348314606741573 0.7273809523809524 0.5688202247191011 0.7023809523809523 0.5533707865168539
1 0.5321428571428571 0.20365168539325842 0.5535714285714286 0.2205056179775281 0.5226190476190476 0.28230337078651685 0.49642857142857144 0.26264044943820225
1 0.5726190476190476 0.21769662921348315 0.5964285714285714 0.23314606741573032 0.5630952380952381 0.2907303370786517 0.5428571428571428 0.27808988764044945
3 0.5416666666666666 0.6797752808988764 0.569047619047619 0.6952247191011236 0.5333333333333333 0.7851123595505618 0.5047619047619047 0.7682584269662921
3 0.48214285714285715 0.6769662921348315 0.5095238095238095 0.6980337078651685 0.4607142857142857 0.773876404494382 0.4369047619047619 0.7542134831460674
3 0.39880952380952384 0.550561797752809 0.43214285714285716 0.5702247191011236 0.37857142857142856 0.6952247191011236 0.3380952380952381 0.675561797752809
3 0.7833333333333333 0.5716292134831461 0.8071428571428572 0.5941011235955056 0.7654761904761904 0.672752808988764 0.7380952380952381 0.651685393258427
3 0.8595238095238096 0.6587078651685393 0.8833333333333333 0.6769662921348315 0.8476190476190476 0.7654494382022472 0.8202380952380952 0.7485955056179775
4 0.805952380952381 0.6165730337078652 0.8297619047619048 0.6376404494382022 0.7845238095238095 0.7134831460674157 0.7583333333333333 0.6952247191011236
3 0.611904761904762 0.25140449438202245 0.5714285714285714 0.32724719101123595 0.5976190476190476 0.34831460674157305 0.6404761904761904 0.2696629213483146
3 0.430952380952381 0.2598314606741573 0.4654761904761905 0.28792134831460675 0.5345238095238095 0.16713483146067415 0.5023809523809524 0.14606741573033707
4 0.40595238095238095 0.20084269662921347 0.43452380952380953 0.2247191011235955 0.4857142857142857 0.13764044943820225 0.45595238095238094 0.11797752808988764
3 0.36547619047619045 0.17134831460674158 0.3904761904761905 0.1853932584269663 0.3464285714285714 0.2612359550561798 0.32261904761904764 0.24297752808988765
3 0.3238095238095238 0.4747191011235955 0.29523809523809524 0.5280898876404494 0.09761904761904762 0.37359550561797755 0.125 0.3188202247191011
4 0.6107142857142858 0.4606741573033708 0.6428571428571429 0.48174157303370785 0.6011904761904762 0.5617977528089888 0.5714285714285714 0.5379213483146067
3 0.655952380952381 0.5126404494382022 0.6821428571428572 0.5308988764044944 0.6464285714285715 0.6123595505617978 0.6154761904761905 0.5955056179775281
3 0.1976190476190476 0.10955056179775281 0.1 0.23314606741573032 0.13214285714285715 0.26685393258426965 0.23095238095238096 0.14185393258426968