1 0.3333333333333333 0.375 0.35714285714285715 0.3707865168539326 0.35119047619047616 0.300561797752809 0.32976190476190476 0.300561797752809
4 0.6416666666666667 0.4705056179775281 0.6511904761904762 0.4396067415730337 0.5738095238095238 0.40308988764044945 0.5642857142857143 0.43820224719101125
1 0.41904761904761906 0.22752808988764045 0.44285714285714284 0.22752808988764045 0.4452380952380952 0.15589887640449437 0.42023809523809524 0.1544943820224719
1 0.2261904761904762 0.3089887640449438 0.22857142857142856 0.3455056179775281 0.16785714285714284 0.3497191011235955 0.1630952380952381 0.31320224719101125
1 0.36428571428571427 0.1404494382022472 0.37023809523809526 0.21207865168539325 0.3976190476190476 0.20926966292134833 0.39404761904761904 0.13764044943820225
1 0.36547619047619045 0.2710674157303371 0.36904761904761907 0.3497191011235955 0.3976190476190476 0.34691011235955055 0.3976190476190476 0.26825842696629215
1 0.42023809523809524 0.2598314606741573 0.4154761904761905 0.32865168539325845 0.44166666666666665 0.32724719101123595 0.44166666666666665 0.2612359550561798
1 0.5226190476190476 0.18258426966292135 0.5214285714285715 0.24719101123595505 0.5428571428571428 0.25 0.544047619047619 0.1797752808988764
1 0.5154761904761904 0.3146067415730337 0.5226190476190476 0.37780898876404495 0.55 0.37640449438202245 0.544047619047619 0.3103932584269663
4 0.6976190476190476 0.22893258426966293 0.6892857142857143 0.3047752808988764 0.7142857142857143 0.3103932584269663 0.7238095238095238 0.23735955056179775
1 0.6988095238095238 0.3539325842696629 0.675 0.4199438202247191 0.6976190476190476 0.4353932584269663 0.7214285714285714 0.3637640449438202
1 0.5488095238095239 0.7865168539325843 0.5916666666666667 0.8398876404494382 0.611904761904762 0.8188202247191011 0.5678571428571428 0.7654494382022472
1 0.7488095238095238 0.15308988764044945 0.7488095238095238 0.21769662921348315 0.7726190476190476 0.21769662921348315 0.7761904761904762 0.1502808988764045