0 0.7583333333333333 0.10674157303370786 0.794047619047619 0.10393258426966293 0.8035714285714286 0.25140449438202245 0.7666666666666667 0.25
3 0.7678571428571429 0.3160112359550562 0.8011904761904762 0.3160112359550562 0.8 0.5 0.7654761904761904 0.5
4 0.7714285714285715 0.5337078651685393 0.8119047619047619 0.5323033707865169 0.8178571428571428 0.797752808988764 0.7714285714285715 0.797752808988764
1 0.6059523809523809 0.5393258426966292 0.638095238095238 0.5407303370786517 0.6392857142857142 0.6264044943820225 0.6059523809523809 0.6264044943820225
1 0.48928571428571427 0.6783707865168539 0.5178571428571429 0.6783707865168539 0.5202380952380953 0.7668539325842697 0.4869047619047619 0.7654494382022472
1 0.48928571428571427 0.7808988764044944 0.5142857142857142 0.7823033707865169 0.513095238095238 0.8567415730337079 0.4857142857142857 0.8567415730337079
1 0.48928571428571427 0.550561797752809 0.5178571428571429 0.5491573033707865 0.5166666666666667 0.6376404494382022 0.49047619047619045 0.6390449438202247
1 0.4976190476190476 0.44803370786516855 0.5202380952380953 0.449438202247191 0.5190476190476191 0.523876404494382 0.4928571428571429 0.5252808988764045
0 0.4797619047619048 0.2401685393258427 0.49523809523809526 0.35252808988764045 0.5261904761904762 0.3441011235955056 0.5083333333333333 0.2345505617977528
3 0.42142857142857143 0.18117977528089887 0.4880952380952381 0.2247191011235955 0.5059523809523809 0.19382022471910113 0.4369047619047619 0.14887640449438203
1 0.20238095238095238 0.13904494382022473 0.19166666666666668 0.1952247191011236 0.21071428571428572 0.20084269662921347 0.22023809523809523 0.14325842696629212
1 0.13095238095238096 0.3146067415730337 0.11547619047619048 0.29775280898876405 0.1523809523809524 0.24859550561797752 0.16785714285714284 0.2640449438202247
1 0.1523809523809524 0.3342696629213483 0.13690476190476192 0.31179775280898875 0.18333333333333332 0.27247191011235955 0.20357142857142857 0.2907303370786517
1 0.16666666666666666 0.3693820224719101 0.15833333333333333 0.34269662921348315 0.21071428571428572 0.31320224719101125 0.22023809523809523 0.3356741573033708
1 0.1976190476190476 0.4887640449438202 0.25595238095238093 0.4789325842696629 0.25595238095238093 0.5042134831460674 0.1976190476190476 0.5140449438202247
1 0.19523809523809524 0.4508426966292135 0.1988095238095238 0.476123595505618 0.25595238095238093 0.4606741573033708 0.2511904761904762 0.43258426966292135
1 0.2 0.425561797752809 0.19404761904761905 0.4044943820224719 0.24166666666666667 0.3904494382022472 0.24642857142857144 0.4143258426966292
1 0.19642857142857142 0.3890449438202247 0.1869047619047619 0.3707865168539326 0.22380952380952382 0.34831460674157305 0.23452380952380952 0.36657303370786515
1 0.11785714285714285 0.45786516853932585 0.14166666666666666 0.45786516853932585 0.14166666666666666 0.526685393258427 0.11785714285714285 0.526685393258427
1 0.10833333333333334 0.7275280898876404 0.13690476190476192 0.726123595505618 0.13690476190476192 0.7935393258426966 0.10952380952380952 0.7893258426966292
1 0.5 0.3595505617977528 0.4976190476190476 0.43258426966292135 0.5226190476190476 0.4339887640449438 0.5238095238095238 0.3609550561797753
1 0.11071428571428571 0.6432584269662921 0.1392857142857143 0.6418539325842697 0.1380952380952381 0.7162921348314607 0.10952380952380952 0.7148876404494382