4 0.1261904761904762 0.5014044943820225 0.1976190476190476 0.6221910112359551 0.22142857142857142 0.6025280898876404 0.15119047619047618 0.4789325842696629
4 0.16666666666666666 0.4592696629213483 0.2369047619047619 0.5800561797752809 0.2619047619047619 0.5575842696629213 0.19047619047619047 0.43820224719101125
4 0.20238095238095238 0.4241573033707865 0.275 0.5449438202247191 0.3047619047619048 0.5196629213483146 0.23095238095238096 0.40308988764044945
4 0.24761904761904763 0.3960674157303371 0.31547619047619047 0.5112359550561798 0.34523809523809523 0.4845505617977528 0.27380952380952384 0.375
4 0.2857142857142857 0.3651685393258427 0.3607142857142857 0.4789325842696629 0.38571428571428573 0.45224719101123595 0.3142857142857143 0.34129213483146065
4 0.33214285714285713 0.32865168539325845 0.40595238095238095 0.43820224719101125 0.43214285714285716 0.41292134831460675 0.35833333333333334 0.3047752808988764
4 0.37976190476190474 0.29213483146067415 0.44642857142857145 0.398876404494382 0.4738095238095238 0.375 0.4023809523809524 0.26825842696629215
4 0.4226190476190476 0.25842696629213485 0.49642857142857144 0.3637640449438202 0.525 0.3356741573033708 0.4488095238095238 0.2345505617977528
4 0.45714285714285713 0.22191011235955055 0.5321428571428571 0.3258426966292135 0.5595238095238095 0.300561797752809 0.48095238095238096 0.1952247191011236
4 0.49404761904761907 0.18398876404494383 0.5702380952380952 0.2851123595505618 0.5952380952380952 0.2654494382022472 0.5178571428571429 0.1601123595505618
4 0.5238095238095238 0.15168539325842698 0.6071428571428571 0.25842696629213485 0.6309523809523809 0.2303370786516854 0.5476190476190477 0.12921348314606743
4 0.7535714285714286 0.2303370786516854 0.7714285714285715 0.26264044943820225 0.8571428571428571 0.18679775280898878 0.8357142857142857 0.16151685393258428
4 0.7928571428571428 0.2794943820224719 0.8154761904761905 0.3103932584269663 0.8869047619047619 0.23735955056179775 0.8654761904761905 0.20926966292134833
4 0.5785714285714286 0.7275280898876404 0.611904761904762 0.7724719101123596 0.6297619047619047 0.7528089887640449 0.5988095238095238 0.7078651685393258
3 0.6059523809523809 0.7036516853932584 0.65 0.7612359550561798 0.6678571428571428 0.7429775280898876 0.625 0.6797752808988764
3 0.6297619047619047 0.6671348314606742 0.6785714285714286 0.7331460674157303 0.6988095238095238 0.7148876404494382 0.655952380952381 0.6460674157303371
3 0.675 0.6418539325842697 0.7464285714285714 0.7626404494382022 0.7773809523809524 0.7345505617977528 0.7 0.6207865168539326
4 0.6952380952380952 0.601123595505618 0.7595238095238095 0.6882022471910112 0.7880952380952381 0.6643258426966292 0.725 0.5730337078651685
4 0.7416666666666667 0.5646067415730337 0.7928571428571428 0.6362359550561798 0.8166666666666667 0.6151685393258427 0.763095238095238 0.5393258426966292
3 0.7726190476190476 0.5294943820224719 0.8428571428571429 0.5997191011235955 0.8654761904761905 0.5660112359550562 0.794047619047619 0.49719101123595505
4 0.8202380952380952 0.6882022471910112 0.8535714285714285 0.7134831460674157 0.8154761904761905 0.8061797752808989 0.7761904761904762 0.7837078651685393
4 0.5642857142857143 0.12921348314606743 0.6428571428571429 0.2303370786516854 0.6702380952380952 0.2050561797752809 0.5928571428571429 0.10533707865168539