1 0.40595238095238095 0.15168539325842698 0.4357142857142857 0.21207865168539325 0.4607142857142857 0.20084269662921347 0.42857142857142855 0.13764044943820225
1 0.3738095238095238 0.2443820224719101 0.3976190476190476 0.2907303370786517 0.42023809523809524 0.2752808988764045 0.39404761904761904 0.2303370786516854
1 0.4523809523809524 0.29634831460674155 0.4845238095238095 0.3539325842696629 0.5071428571428571 0.34129213483146065 0.4714285714285714 0.2794943820224719
1 0.37976190476190474 0.3792134831460674 0.4142857142857143 0.4438202247191011 0.4380952380952381 0.4241573033707865 0.40476190476190477 0.36235955056179775
1 0.22380952380952382 0.41853932584269665 0.2523809523809524 0.4887640449438202 0.2726190476190476 0.47331460674157305 0.24642857142857144 0.4101123595505618
1 0.4738095238095238 0.5351123595505618 0.5035714285714286 0.5941011235955056 0.5261904761904762 0.5800561797752809 0.4976190476190476 0.5182584269662921
1 0.49523809523809526 0.4845505617977528 0.5285714285714286 0.550561797752809 0.5535714285714286 0.5294943820224719 0.5178571428571429 0.4648876404494382
1 0.5595238095238095 0.46348314606741575 0.5952380952380952 0.5365168539325843 0.6190476190476191 0.5126404494382022 0.5821428571428572 0.45224719101123595
1 0.5642857142857143 0.7134831460674157 0.6023809523809524 0.7837078651685393 0.625 0.7626404494382022 0.5857142857142857 0.699438202247191
1 0.65 0.6418539325842697 0.6845238095238095 0.7092696629213483 0.7083333333333334 0.6924157303370787 0.6714285714285714 0.6292134831460674
1 0.7607142857142857 0.6699438202247191 0.7952380952380952 0.7471910112359551 0.8214285714285714 0.7289325842696629 0.7821428571428571 0.6558988764044944