4 0.14166666666666666 0.42837078651685395 0.3678571428571429 0.42837078651685395 0.3678571428571429 0.4789325842696629 0.14166666666666666 0.4789325842696629
4 0.4166666666666667 0.4297752808988764 0.6392857142857142 0.4297752808988764 0.6416666666666667 0.47752808988764045 0.4166666666666667 0.47752808988764045
0 0.25833333333333336 0.5730337078651685 0.4095238095238095 0.5730337078651685 0.4095238095238095 0.6207865168539326 0.25833333333333336 0.6207865168539326
4 0.763095238095238 0.5856741573033708 0.9369047619047619 0.5856741573033708 0.9345238095238095 0.6348314606741573 0.7654761904761904 0.6348314606741573
1 0.8 0.5210674157303371 0.875 0.5210674157303371 0.875 0.5603932584269663 0.8 0.5603932584269663
1 0.5797619047619048 0.5842696629213483 0.6476190476190476 0.5842696629213483 0.6476190476190476 0.6165730337078652 0.5797619047619048 0.6165730337078652
1 0.5666666666666667 0.6460674157303371 0.6357142857142857 0.6460674157303371 0.6357142857142857 0.6839887640449438 0.5666666666666667 0.6839887640449438
1 0.29523809523809524 0.6460674157303371 0.35714285714285715 0.6460674157303371 0.35714285714285715 0.6825842696629213 0.29523809523809524 0.6825842696629213
1 0.17261904761904762 0.797752808988764 0.23809523809523808 0.797752808988764 0.23809523809523808 0.8384831460674157 0.17261904761904762 0.8384831460674157
1 0.3630952380952381 0.8230337078651685 0.43214285714285716 0.8342696629213483 0.42738095238095236 0.8735955056179775 0.35833333333333334 0.8623595505617978
1 0.8488095238095238 0.6460674157303371 0.9226190476190477 0.6460674157303371 0.9226190476190477 0.6853932584269663 0.8488095238095238 0.6853932584269663
3 0.5964285714285714 0.8033707865168539 0.8321428571428572 0.8019662921348315 0.8321428571428572 0.8553370786516854 0.6 0.8553370786516854
3 0.35833333333333334 0.7289325842696629 0.5142857142857142 0.7303370786516854 0.5142857142857142 0.7794943820224719 0.35833333333333334 0.7794943820224719