1 0.6083333333333333 0.1601123595505618 0.6392857142857142 0.1601123595505618 0.6392857142857142 0.25280898876404495 0.6083333333333333 0.25280898876404495
1 0.555952380952381 0.23314606741573032 0.5916666666666667 0.23314606741573032 0.5928571428571429 0.3258426966292135 0.5571428571428572 0.3258426966292135
1 0.6761904761904762 0.2991573033707865 0.7095238095238096 0.2991573033707865 0.7095238095238096 0.39185393258426965 0.6761904761904762 0.39185393258426965
1 0.6202380952380953 0.3160112359550562 0.6523809523809524 0.3160112359550562 0.6523809523809524 0.41292134831460675 0.6202380952380953 0.41292134831460675
1 0.6190476190476191 0.449438202247191 0.6523809523809524 0.449438202247191 0.6523809523809524 0.5365168539325843 0.6190476190476191 0.5365168539325843
1 0.5666666666666667 0.6432584269662921 0.6 0.6432584269662921 0.6011904761904762 0.7345505617977528 0.569047619047619 0.7359550561797753
1 0.7047619047619048 0.7696629213483146 0.7333333333333333 0.7696629213483146 0.7321428571428571 0.8595505617977528 0.7071428571428572 0.8595505617977528
4 0.6761904761904762 0.16292134831460675 0.7071428571428572 0.16292134831460675 0.7142857142857143 0.2612359550561798 0.6773809523809524 0.26264044943820225
1 0.680952380952381 0.45224719101123595 0.7130952380952381 0.45224719101123595 0.7130952380952381 0.5449438202247191 0.680952380952381 0.5449438202247191
1 0.6916666666666667 0.5870786516853933 0.7214285714285714 0.5870786516853933 0.7238095238095238 0.672752808988764 0.6952380952380952 0.6699438202247191
1 0.6273809523809524 0.5814606741573034 0.6630952380952381 0.5800561797752809 0.6642857142857143 0.6587078651685393 0.6309523809523809 0.6587078651685393
1 0.5630952380952381 0.5098314606741573 0.5904761904761905 0.5098314606741573 0.5904761904761905 0.6067415730337079 0.5630952380952381 0.6067415730337079
1 0.55 0.38202247191011235 0.5857142857142857 0.3792134831460674 0.5904761904761905 0.47331460674157305 0.555952380952381 0.47331460674157305
4 0.5666666666666667 0.800561797752809 0.5988095238095238 0.7991573033707865 0.6023809523809524 0.8806179775280899 0.5654761904761905 0.8806179775280899
3 0.6202380952380953 0.7191011235955056 0.6678571428571428 0.7176966292134831 0.680952380952381 0.9185393258426966 0.625 0.9171348314606742