1 0.1761904761904762 0.800561797752809 0.225 0.8497191011235955 0.24047619047619048 0.8258426966292135 0.19047619047619047 0.7794943820224719
1 0.20357142857142857 0.7528089887640449 0.24523809523809523 0.8033707865168539 0.2630952380952381 0.7808988764044944 0.22023809523809523 0.7331460674157303
3 0.21666666666666667 0.6966292134831461 0.28095238095238095 0.7668539325842697 0.305952380952381 0.7331460674157303 0.2357142857142857 0.6699438202247191
1 0.1630952380952381 0.6601123595505618 0.2119047619047619 0.6882022471910112 0.22023809523809523 0.6629213483146067 0.17261904761904762 0.6320224719101124
1 0.1869047619047619 0.598314606741573 0.22738095238095238 0.6404494382022472 0.24166666666666667 0.6221910112359551 0.2 0.5800561797752809
1 0.23452380952380952 0.6502808988764045 0.275 0.6867977528089888 0.2892857142857143 0.6657303370786517 0.25 0.6306179775280899
1 0.1261904761904762 0.550561797752809 0.175 0.5941011235955056 0.18928571428571428 0.5716292134831461 0.14285714285714285 0.526685393258427
1 0.14523809523809525 0.5056179775280899 0.1869047619047619 0.5519662921348315 0.20238095238095238 0.5308988764044944 0.1595238095238095 0.48735955056179775
1 0.19523809523809524 0.5646067415730337 0.2511904761904762 0.6137640449438202 0.2654761904761905 0.5926966292134831 0.2130952380952381 0.5407303370786517
1 0.21666666666666667 0.5280898876404494 0.25952380952380955 0.5716292134831461 0.2773809523809524 0.547752808988764 0.23095238095238096 0.5084269662921348
1 0.1630952380952381 0.47752808988764045 0.20952380952380953 0.5224719101123596 0.22023809523809523 0.5028089887640449 0.1773809523809524 0.4592696629213483
1 0.18571428571428572 0.4396067415730337 0.22738095238095238 0.4859550561797753 0.24642857142857144 0.4648876404494382 0.20238095238095238 0.41853932584269665
1 0.21904761904761905 0.3960674157303371 0.2523809523809524 0.4410112359550562 0.275 0.425561797752809 0.2392857142857143 0.37640449438202245
1 0.22976190476190475 0.49859550561797755 0.28214285714285714 0.547752808988764 0.2988095238095238 0.5224719101123596 0.24761904761904763 0.4747191011235955
1 0.29404761904761906 0.5463483146067416 0.33214285714285713 0.5800561797752809 0.34523809523809523 0.5589887640449438 0.30952380952380953 0.523876404494382
1 0.2619047619047619 0.33146067415730335 0.3011904761904762 0.375 0.319047619047619 0.35674157303370785 0.27976190476190477 0.31179775280898875
1 0.2857142857142857 0.30758426966292135 0.3261904761904762 0.35252808988764045 0.34285714285714286 0.33286516853932585 0.30357142857142855 0.28651685393258425
1 0.3523809523809524 0.3693820224719101 0.4154761904761905 0.39325842696629215 0.4226190476190476 0.36235955056179775 0.3595238095238095 0.33707865168539325
1 0.25357142857142856 0.46629213483146065 0.29642857142857143 0.5224719101123596 0.31547619047619047 0.5028089887640449 0.27380952380952384 0.449438202247191
1 0.5023809523809524 0.35252808988764045 0.5166666666666667 0.37359550561797755 0.5619047619047619 0.3202247191011236 0.5452380952380952 0.30196629213483145
1 0.5654761904761905 0.3693820224719101 0.5845238095238096 0.3904494382022472 0.6321428571428571 0.33707865168539325 0.6130952380952381 0.3160112359550562
1 0.6333333333333333 0.300561797752809 0.6535714285714286 0.3188202247191011 0.6964285714285714 0.26264044943820225 0.6726190476190477 0.2443820224719101
1 0.7071428571428572 0.20365168539325842 0.7309523809523809 0.21910112359550563 0.7690476190476191 0.15308988764044945 0.7464285714285714 0.13904494382022473
1 0.7928571428571428 0.32865168539325845 0.8392857142857143 0.375 0.8583333333333333 0.351123595505618 0.8083333333333333 0.3061797752808989
1 0.7714285714285715 0.37219101123595505 0.8178571428571428 0.40730337078651685 0.8297619047619048 0.38342696629213485 0.7845238095238095 0.3455056179775281
1 0.7488095238095238 0.4101123595505618 0.7976190476190477 0.4550561797752809 0.8142857142857143 0.43679775280898875 0.7666666666666667 0.38764044943820225
1 0.7297619047619047 0.44662921348314605 0.7797619047619048 0.4957865168539326 0.7976190476190477 0.47191011235955055 0.7476190476190476 0.42134831460674155
0 0.6666666666666666 0.45646067415730335 0.7773809523809524 0.5660112359550562 0.8011904761904762 0.5252808988764045 0.6845238095238095 0.42696629213483145
0 0.6238095238095238 0.49297752808988765 0.7273809523809524 0.5898876404494382 0.7488095238095238 0.5632022471910112 0.6440476190476191 0.4606741573033708
1 0.6309523809523809 0.5674157303370787 0.6738095238095239 0.6193820224719101 0.694047619047619 0.5997191011235955 0.6476190476190476 0.5463483146067416
1 0.6142857142857143 0.6376404494382022 0.6630952380952381 0.6938202247191011 0.6833333333333333 0.6685393258426966 0.6297619047619047 0.6179775280898876
1 0.5297619047619048 0.6699438202247191 0.5845238095238096 0.726123595505618 0.5988095238095238 0.702247191011236 0.5464285714285714 0.6474719101123596
1 0.5166666666666667 0.7120786516853933 0.5595238095238095 0.7528089887640449 0.5726190476190476 0.7345505617977528 0.530952380952381 0.6924157303370787
1 0.48928571428571427 0.7373595505617978 0.5285714285714286 0.7865168539325843 0.5476190476190477 0.7668539325842697 0.5059523809523809 0.7176966292134831
3 0.45 0.7457865168539326 0.4976190476190476 0.8019662921348315 0.5142857142857142 0.7823033707865169 0.4642857142857143 0.7289325842696629
1 0.4297619047619048 0.8047752808988764 0.48095238095238096 0.8595505617977528 0.4976190476190476 0.8398876404494382 0.44761904761904764 0.7823033707865169
1 0.28214285714285714 0.20786516853932585 0.3238095238095238 0.24859550561797752 0.3416666666666667 0.22893258426966293 0.30238095238095236 0.18679775280898878
1 0.2976190476190476 0.17837078651685392 0.34285714285714286 0.21629213483146068 0.35833333333333334 0.19382022471910113 0.3119047619047619 0.15589887640449437
1 0.3238095238095238 0.1446629213483146 0.35833333333333334 0.18117977528089887 0.3738095238095238 0.16432584269662923 0.3392857142857143 0.12921348314606743
0 0.7892857142857143 0.2654494382022472 0.9119047619047619 0.36797752808988765 0.9369047619047619 0.3188202247191011 0.819047619047619 0.2205056179775281
1 0.14642857142857144 0.8384831460674157 0.19642857142857142 0.8848314606741573 0.20952380952380953 0.8595505617977528 0.16428571428571428 0.8146067415730337
1 0.5261904761904762 0.8230337078651685 0.5785714285714286 0.8764044943820225 0.5952380952380952 0.8525280898876404 0.5452380952380952 0.797752808988764
1 0.4630952380952381 0.18398876404494383 0.4238095238095238 0.2345505617977528 0.4392857142857143 0.25140449438202245 0.48095238095238096 0.20224719101123595