0 0.35119047619047616 0.3497191011235955 0.4035714285714286 0.45224719101123595 0.430952380952381 0.4339887640449438 0.3726190476190476 0.33146067415730335
1 0.4142857142857143 0.23314606741573032 0.444047619047619 0.30337078651685395 0.46904761904761905 0.2907303370786517 0.4380952380952381 0.21629213483146068
1 0.13333333333333333 0.24297752808988765 0.16071428571428573 0.30337078651685395 0.18214285714285713 0.2907303370786517 0.15476190476190477 0.22893258426966293
1 0.12976190476190477 0.36797752808988765 0.1595238095238095 0.43679775280898875 0.18452380952380953 0.42134831460674155 0.1523809523809524 0.3553370786516854
1 0.11190476190476191 0.4789325842696629 0.14166666666666666 0.5337078651685393 0.1619047619047619 0.5224719101123596 0.13214285714285715 0.46348314606741575
1 0.22738095238095238 0.45365168539325845 0.25476190476190474 0.523876404494382 0.27976190476190477 0.5098314606741573 0.2523809523809524 0.4452247191011236
1 0.17857142857142858 0.5 0.2130952380952381 0.5674157303370787 0.23214285714285715 0.5519662921348315 0.20238095238095238 0.48314606741573035
1 0.16666666666666666 0.5702247191011236 0.19642857142857142 0.6390449438202247 0.22023809523809523 0.6193820224719101 0.1880952380952381 0.5603932584269663
1 0.2833333333333333 0.5786516853932584 0.3119047619047619 0.6348314606741573 0.33214285714285713 0.6221910112359551 0.30357142857142855 0.5632022471910112
1 0.17023809523809524 0.7008426966292135 0.1976190476190476 0.7696629213483146 0.2226190476190476 0.7542134831460674 0.19285714285714287 0.6853932584269663
1 0.28214285714285714 0.6713483146067416 0.30833333333333335 0.726123595505618 0.33095238095238094 0.7106741573033708 0.2988095238095238 0.6573033707865169
1 0.3345238095238095 0.6446629213483146 0.3678571428571429 0.7120786516853933 0.3880952380952381 0.6966292134831461 0.3547619047619048 0.6334269662921348
1 0.37023809523809526 0.7387640449438202 0.4035714285714286 0.8047752808988764 0.42857142857142855 0.7893258426966292 0.3976190476190476 0.7247191011235955
1 0.55 0.7134831460674157 0.5845238095238096 0.7879213483146067 0.611904761904762 0.7710674157303371 0.5702380952380952 0.699438202247191
3 0.8607142857142858 0.26825842696629215 0.8321428571428572 0.33707865168539325 0.8571428571428571 0.351123595505618 0.8821428571428571 0.28230337078651685