1 0.15595238095238095 0.398876404494382 0.15714285714285714 0.4297752808988764 0.2154761904761905 0.42134831460674155 0.2130952380952381 0.3946629213483146
1 0.2357142857142857 0.3890449438202247 0.2357142857142857 0.4199438202247191 0.29523809523809524 0.41713483146067415 0.29523809523809524 0.38342696629213485
1 0.16428571428571428 0.4705056179775281 0.16547619047619047 0.5014044943820225 0.21785714285714286 0.49719101123595505 0.21904761904761905 0.46629213483146065
1 0.2916666666666667 0.5884831460674157 0.2916666666666667 0.6137640449438202 0.3464285714285714 0.6109550561797753 0.3464285714285714 0.5842696629213483
1 0.1380952380952381 0.6952247191011236 0.1392857142857143 0.726123595505618 0.20595238095238094 0.7148876404494382 0.20476190476190476 0.6882022471910112
1 0.2523809523809524 0.6797752808988764 0.2523809523809524 0.7134831460674157 0.32261904761904764 0.7036516853932584 0.3238095238095238 0.6699438202247191
1 0.19047619047619047 0.7401685393258427 0.19285714285714287 0.773876404494382 0.2619047619047619 0.7640449438202247 0.2619047619047619 0.7317415730337079
1 0.18452380952380953 0.7935393258426966 0.1869047619047619 0.827247191011236 0.24761904761904763 0.8230337078651685 0.24404761904761904 0.7865168539325843
1 0.26904761904761904 0.7949438202247191 0.26904761904761904 0.8286516853932584 0.3333333333333333 0.8202247191011236 0.3345238095238095 0.7879213483146067
1 0.4738095238095238 0.6474719101123596 0.4773809523809524 0.6853932584269663 0.5416666666666666 0.6811797752808989 0.5380952380952381 0.6404494382022472
1 0.5535714285714286 0.6797752808988764 0.6154761904761905 0.672752808988764 0.6166666666666667 0.6404494382022472 0.5523809523809524 0.6474719101123596
1 0.5714285714285714 0.7359550561797753 0.638095238095238 0.7275280898876404 0.6369047619047619 0.6952247191011236 0.5714285714285714 0.7036516853932584
4 0.5726190476190476 0.8033707865168539 0.7345238095238096 0.7794943820224719 0.7309523809523809 0.7387640449438202 0.5702380952380952 0.7570224719101124
1 0.7202380952380952 0.7134831460674157 0.7797619047619048 0.7092696629213483 0.7785714285714286 0.6797752808988764 0.719047619047619 0.6811797752808989
1 0.7357142857142858 0.6446629213483146 0.7988095238095239 0.6390449438202247 0.7964285714285714 0.6081460674157303 0.7357142857142858 0.6137640449438202
1 0.8273809523809523 0.6376404494382022 0.8857142857142857 0.6292134831460674 0.8821428571428571 0.5969101123595506 0.8261904761904761 0.601123595505618
1 0.75 0.5070224719101124 0.8083333333333333 0.5042134831460674 0.8083333333333333 0.47331460674157305 0.7488095238095238 0.4803370786516854
1 0.7202380952380952 0.41151685393258425 0.775 0.40308988764044945 0.775 0.37640449438202245 0.7178571428571429 0.38342696629213485
1 0.525 0.4887640449438202 0.5857142857142857 0.48174157303370785 0.5833333333333334 0.45365168539325845 0.525 0.45786516853932585
4 0.4142857142857143 0.7514044943820225 0.5095238095238095 0.7359550561797753 0.5083333333333333 0.7008426966292135 0.4083333333333333 0.7106741573033708
1 0.6309523809523809 0.6320224719101124 0.6916666666666667 0.6264044943820225 0.694047619047619 0.6544943820224719 0.6321428571428571 0.6587078651685393