1 0.30357142857142855 0.4199438202247191 0.3047619047619048 0.4508426966292135 0.36547619047619045 0.44662921348314605 0.36428571428571427 0.41853932584269665
1 0.3880952380952381 0.4157303370786517 0.3904761904761905 0.4452247191011236 0.4511904761904762 0.43258426966292135 0.44761904761904764 0.40730337078651685
1 0.1357142857142857 0.7289325842696629 0.1392857142857143 0.7640449438202247 0.20595238095238094 0.7556179775280899 0.20357142857142857 0.723314606741573
1 0.29642857142857143 0.7457865168539326 0.3523809523809524 0.7443820224719101 0.35119047619047616 0.7148876404494382 0.29404761904761906 0.7162921348314607
1 0.25833333333333336 0.8061797752808989 0.32261904761904764 0.8019662921348315 0.32142857142857145 0.7682584269662921 0.25833333333333336 0.7752808988764045
1 0.3011904761904762 0.827247191011236 0.30357142857142855 0.8609550561797753 0.3678571428571429 0.8539325842696629 0.36547619047619045 0.8202247191011236
1 0.3880952380952381 0.7359550561797753 0.45476190476190476 0.7345505617977528 0.45476190476190476 0.6980337078651685 0.38571428571428573 0.7078651685393258
1 0.41904761904761906 0.851123595505618 0.4797619047619048 0.8469101123595506 0.4785714285714286 0.8160112359550562 0.41785714285714287 0.8230337078651685
1 0.6238095238095238 0.7710674157303371 0.6880952380952381 0.7640449438202247 0.6845238095238095 0.7331460674157303 0.6214285714285714 0.7401685393258427
1 0.6297619047619047 0.6769662921348315 0.6321428571428571 0.7064606741573034 0.6952380952380952 0.7008426966292135 0.6928571428571428 0.672752808988764
1 0.7083333333333334 0.6741573033707865 0.7107142857142857 0.7036516853932584 0.7738095238095238 0.6980337078651685 0.7726190476190476 0.6685393258426966
1 0.7857142857142857 0.6587078651685393 0.7880952380952381 0.6882022471910112 0.8559523809523809 0.6839887640449438 0.8547619047619047 0.6530898876404494
1 0.725 0.7598314606741573 0.7916666666666666 0.7556179775280899 0.7880952380952381 0.7247191011235955 0.7226190476190476 0.7289325842696629
4 0.6547619047619048 0.8412921348314607 0.8178571428571428 0.8188202247191011 0.8130952380952381 0.776685393258427 0.6511904761904762 0.7921348314606742