1 0.8238095238095238 0.5730337078651685 0.8107142857142857 0.5449438202247191 0.8690476190476191 0.5168539325842697 0.8797619047619047 0.5435393258426966
1 0.16785714285714284 0.48314606741573035 0.13690476190476192 0.4157303370786517 0.15595238095238095 0.4044943820224719 0.18928571428571428 0.4691011235955056
1 0.3011904761904762 0.6460674157303371 0.29404761904761906 0.5730337078651685 0.319047619047619 0.5688202247191011 0.325 0.6460674157303371
1 0.4226190476190476 0.6460674157303371 0.3630952380952381 0.6025280898876404 0.3761904761904762 0.5786516853932584 0.4369047619047619 0.6165730337078652
1 0.44166666666666665 0.625 0.3892857142857143 0.5758426966292135 0.4095238095238095 0.5533707865168539 0.4607142857142857 0.598314606741573
1 0.4666666666666667 0.5856741573033708 0.41904761904761906 0.547752808988764 0.4297619047619048 0.5252808988764045 0.4797619047619048 0.5589887640449438
1 0.4785714285714286 0.550561797752809 0.4630952380952381 0.5224719101123596 0.5214285714285715 0.4901685393258427 0.5333333333333333 0.5168539325842697
1 0.5976190476190476 0.4648876404494382 0.580952380952381 0.4438202247191011 0.6285714285714286 0.40168539325842695 0.6440476190476191 0.4199438202247191
3 0.6607142857142857 0.4101123595505618 0.6535714285714286 0.38202247191011235 0.725 0.3553370786516854 0.7321428571428571 0.38764044943820225
1 0.7702380952380953 0.4241573033707865 0.7583333333333333 0.4044943820224719 0.8023809523809524 0.3707865168539326 0.8178571428571428 0.39185393258426965
1 0.7392857142857143 0.3651685393258427 0.7309523809523809 0.33848314606741575 0.7773809523809524 0.3146067415730337 0.7916666666666666 0.33707865168539325
1 0.8071428571428572 0.36235955056179775 0.7726190476190476 0.30337078651685395 0.794047619047619 0.2893258426966292 0.8261904761904761 0.3455056179775281
1 0.8345238095238096 0.3455056179775281 0.794047619047619 0.28792134831460675 0.8178571428571428 0.26825842696629215 0.8571428571428571 0.32303370786516855
1 0.8571428571428571 0.3258426966292135 0.8214285714285714 0.26685393258426965 0.844047619047619 0.24859550561797752 0.8809523809523809 0.3103932584269663
1 0.35833333333333334 0.6306179775280899 0.36904761904761907 0.6151685393258427 0.4083333333333333 0.6446629213483146 0.3904761904761905 0.6615168539325843