1 0.3345238095238095 0.5435393258426966 0.35595238095238096 0.5435393258426966 0.35595238095238096 0.6193820224719101 0.3345238095238095 0.6193820224719101
1 0.36904761904761907 0.6587078651685393 0.39404761904761904 0.6587078651685393 0.39404761904761904 0.7289325842696629 0.36904761904761907 0.7289325842696629
4 0.4654761904761905 0.47191011235955055 0.48928571428571427 0.47191011235955055 0.48928571428571427 0.526685393258427 0.4654761904761905 0.526685393258427
1 0.5226190476190476 0.6980337078651685 0.5488095238095239 0.6980337078651685 0.5488095238095239 0.7682584269662921 0.5238095238095238 0.7668539325842697
1 0.6142857142857143 0.17134831460674158 0.6404761904761904 0.17134831460674158 0.6428571428571429 0.24157303370786518 0.6154761904761905 0.2443820224719101
1 0.6202380952380953 0.2542134831460674 0.6404761904761904 0.24578651685393257 0.6488095238095238 0.30758426966292135 0.6261904761904762 0.31179775280898875
1 0.6238095238095238 0.34691011235955055 0.6488095238095238 0.34691011235955055 0.6488095238095238 0.4101123595505618 0.6238095238095238 0.4101123595505618
1 0.6333333333333333 0.42275280898876405 0.655952380952381 0.42275280898876405 0.6607142857142857 0.4789325842696629 0.6357142857142857 0.4789325842696629
1 0.6333333333333333 0.5028089887640449 0.655952380952381 0.5042134831460674 0.6607142857142857 0.5632022471910112 0.6345238095238095 0.5646067415730337
1 0.6416666666666667 0.6025280898876404 0.6666666666666666 0.6025280898876404 0.6666666666666666 0.675561797752809 0.6416666666666667 0.675561797752809
1 0.6464285714285715 0.6910112359550562 0.6678571428571428 0.6910112359550562 0.6678571428571428 0.7654494382022472 0.6464285714285715 0.7654494382022472
1 0.6464285714285715 0.7851123595505618 0.675 0.7823033707865169 0.6773809523809524 0.8567415730337079 0.6523809523809524 0.8567415730337079