3 0.19285714285714287 0.7148876404494382 0.18333333333333332 0.6839887640449438 0.2523809523809524 0.6530898876404494 0.2654761904761905 0.6910112359550562
1 0.275 0.6629213483146067 0.2630952380952381 0.6320224719101124 0.31785714285714284 0.6067415730337079 0.325 0.6320224719101124
1 0.30952380952380953 0.726123595505618 0.29523809523809524 0.7050561797752809 0.34404761904761905 0.6685393258426966 0.3547619047619048 0.6896067415730337
1 0.34523809523809523 0.6629213483146067 0.30952380952380953 0.601123595505618 0.32976190476190476 0.5842696629213483 0.3630952380952381 0.6460674157303371
1 0.3726190476190476 0.6404494382022472 0.3333333333333333 0.5842696629213483 0.3547619047619048 0.5632022471910112 0.3952380952380952 0.6179775280898876
1 0.39880952380952384 0.6235955056179775 0.3607142857142857 0.5589887640449438 0.38452380952380955 0.5365168539325843 0.4226190476190476 0.6039325842696629
1 0.43214285714285716 0.5955056179775281 0.39404761904761904 0.5421348314606742 0.41309523809523807 0.5252808988764045 0.4511904761904762 0.5758426966292135
1 0.4607142857142857 0.5814606741573034 0.42142857142857143 0.523876404494382 0.444047619047619 0.49859550561797755 0.4845238095238095 0.5632022471910112
1 0.49166666666666664 0.5617977528089888 0.4523809523809524 0.5084269662921348 0.47023809523809523 0.4887640449438202 0.5119047619047619 0.5393258426966292
1 0.5297619047619048 0.5351123595505618 0.4845238095238095 0.48314606741573035 0.5011904761904762 0.46348314606741575 0.5476190476190477 0.5140449438202247
1 0.5797619047619048 0.5 0.5261904761904762 0.46629213483146065 0.5392857142857143 0.4353932584269663 0.5928571428571429 0.4705056179775281
1 0.29523809523809524 0.5603932584269663 0.28214285714285714 0.5323033707865169 0.3261904761904762 0.5014044943820225 0.3416666666666667 0.5280898876404494
1 0.4023809523809524 0.476123595505618 0.3869047619047619 0.4452247191011236 0.43452380952380953 0.4101123595505618 0.45 0.43820224719101125
1 0.6535714285714286 0.48174157303370785 0.6392857142857142 0.45786516853932585 0.6964285714285714 0.41292134831460675 0.7107142857142857 0.4396067415730337
1 0.6095238095238096 0.47191011235955055 0.5607142857142857 0.4353932584269663 0.569047619047619 0.4157303370786517 0.625 0.449438202247191
1 0.6416666666666667 0.4550561797752809 0.5773809523809523 0.41292134831460675 0.5904761904761905 0.3890449438202247 0.6535714285714286 0.4241573033707865
1 0.6595238095238095 0.4339887640449438 0.6154761904761905 0.3862359550561798 0.6345238095238095 0.36797752808988765 0.675 0.41292134831460675
1 0.6869047619047619 0.4143258426966292 0.6392857142857142 0.3651685393258427 0.6535714285714286 0.34269662921348315 0.7035714285714286 0.3904494382022472
1 0.719047619047619 0.3960674157303371 0.669047619047619 0.3539325842696629 0.6833333333333333 0.32865168539325845 0.7345238095238096 0.36657303370786515
1 0.6440476190476191 0.31179775280898875 0.6309523809523809 0.28651685393258425 0.6833333333333333 0.25842696629213485 0.694047619047619 0.28370786516853935
1 0.780952380952381 0.2907303370786517 0.763095238095238 0.23595505617977527 0.7845238095238095 0.22752808988764045 0.8047619047619048 0.2808988764044944
1 0.1488095238095238 0.702247191011236 0.1130952380952381 0.7457865168539326 0.12857142857142856 0.7668539325842697 0.16547619047619047 0.723314606741573
1 0.36428571428571427 0.7991573033707865 0.30833333333333335 0.8441011235955056 0.32976190476190476 0.8735955056179775 0.3821428571428571 0.8286516853932584