1 0.4595238095238095 0.33848314606741575 0.48214285714285715 0.3188202247191011 0.5214285714285715 0.36657303370786515 0.5059523809523809 0.38764044943820225
1 0.5523809523809524 0.29634831460674155 0.5785714285714286 0.30337078651685395 0.5666666666666667 0.36797752808988765 0.5392857142857143 0.3553370786516854
1 0.5964285714285714 0.3061797752808989 0.5892857142857143 0.34129213483146065 0.6428571428571429 0.3497191011235955 0.6476190476190476 0.3188202247191011
1 0.5833333333333334 0.37640449438202245 0.5869047619047619 0.3497191011235955 0.6488095238095238 0.3609550561797753 0.6440476190476191 0.3890449438202247
1 0.430952380952381 0.45365168539325845 0.4261904761904762 0.48174157303370785 0.4785714285714286 0.49859550561797755 0.48333333333333334 0.4606741573033708
1 0.425 0.5084269662921348 0.41785714285714287 0.5365168539325843 0.4797619047619048 0.5519662921348315 0.48214285714285715 0.5224719101123596
1 0.55 0.4199438202247191 0.5452380952380952 0.4508426966292135 0.6071428571428571 0.46348314606741575 0.6095238095238096 0.42696629213483145
1 0.5571428571428572 0.46207865168539325 0.5535714285714286 0.48735955056179775 0.6130952380952381 0.5014044943820225 0.6142857142857143 0.47331460674157305
1 0.5357142857142857 0.5603932584269663 0.6011904761904762 0.5730337078651685 0.5928571428571429 0.601123595505618 0.5321428571428571 0.5884831460674157
1 0.530952380952381 0.5997191011235955 0.5916666666666667 0.6053370786516854 0.5928571428571429 0.6376404494382022 0.530952380952381 0.6320224719101124
1 0.5214285714285715 0.648876404494382 0.5880952380952381 0.6601123595505618 0.5857142857142857 0.6938202247191011 0.5190476190476191 0.6797752808988764
1 0.7154761904761905 0.5323033707865169 0.7380952380952381 0.5351123595505618 0.7297619047619047 0.6109550561797753 0.7071428571428572 0.6095505617977528
1 0.6369047619047619 0.5660112359550562 0.6654761904761904 0.5702247191011236 0.6535714285714286 0.6573033707865169 0.625 0.6502808988764045
1 0.6988095238095238 0.6278089887640449 0.7238095238095238 0.6320224719101124 0.7142857142857143 0.7092696629213483 0.6892857142857143 0.7050561797752809
1 0.6857142857142857 0.7359550561797753 0.7107142857142857 0.7387640449438202 0.7 0.8146067415730337 0.6726190476190477 0.8089887640449438
1 0.6714285714285714 0.8230337078651685 0.6654761904761904 0.8792134831460674 0.6928571428571428 0.8820224719101124 0.6988095238095238 0.8286516853932584
1 0.3880952380952381 0.601123595505618 0.37976190476190474 0.6334269662921348 0.44761904761904764 0.6432584269662921 0.45595238095238094 0.6179775280898876
1 0.39404761904761904 0.5617977528089888 0.4630952380952381 0.5758426966292135 0.4583333333333333 0.6025280898876404 0.39166666666666666 0.5926966292134831
1 0.5154761904761904 0.7303370786516854 0.5797619047619048 0.7429775280898876 0.5726190476190476 0.7780898876404494 0.5095238095238095 0.7598314606741573
1 0.36666666666666664 0.6896067415730337 0.3416666666666667 0.6896067415730337 0.3380952380952381 0.7556179775280899 0.3630952380952381 0.7570224719101124
1 0.20952380952380953 0.6966292134831461 0.19404761904761905 0.6629213483146067 0.1392857142857143 0.7008426966292135 0.15476190476190477 0.7317415730337079
1 0.3738095238095238 0.672752808988764 0.4369047619047619 0.6896067415730337 0.44642857142857145 0.6573033707865169 0.38095238095238093 0.6404494382022472
1 0.4976190476190476 0.7991573033707865 0.5630952380952381 0.8146067415730337 0.5702380952380952 0.7851123595505618 0.5047619047619047 0.7668539325842697