1 0.1738095238095238 0.12921348314606743 0.1988095238095238 0.13202247191011235 0.19285714285714287 0.19241573033707865 0.17023809523809524 0.19101123595505617
1 0.16666666666666666 0.21348314606741572 0.19047619047619047 0.21207865168539325 0.19166666666666668 0.27668539325842695 0.16904761904761906 0.27808988764044945
1 0.16428571428571428 0.300561797752809 0.1880952380952381 0.30196629213483145 0.18095238095238095 0.3651685393258427 0.15714285714285714 0.3609550561797753
1 0.11428571428571428 0.37219101123595505 0.1595238095238095 0.4002808988764045 0.17023809523809524 0.37359550561797755 0.12380952380952381 0.34831460674157305
1 0.225 0.398876404494382 0.2488095238095238 0.4002808988764045 0.24642857142857144 0.4550561797752809 0.22380952380952382 0.45224719101123595
1 0.15595238095238095 0.42275280898876405 0.1761904761904762 0.42696629213483145 0.17142857142857143 0.4943820224719101 0.1488095238095238 0.4901685393258427
1 0.21071428571428572 0.4648876404494382 0.23809523809523808 0.46348314606741575 0.24047619047619048 0.5294943820224719 0.2154761904761905 0.5308988764044944
1 0.21428571428571427 0.5337078651685393 0.23452380952380952 0.5351123595505618 0.23452380952380952 0.6067415730337079 0.21071428571428572 0.6067415730337079
1 0.14404761904761904 0.5224719101123596 0.16904761904761906 0.523876404494382 0.16666666666666666 0.5926966292134831 0.14047619047619048 0.5926966292134831
1 0.13214285714285715 0.6067415730337079 0.1619047619047619 0.6081460674157303 0.1595238095238095 0.6783707865168539 0.13095238095238096 0.6797752808988764
1 0.11666666666666667 0.6924157303370787 0.14166666666666666 0.6938202247191011 0.1357142857142857 0.7682584269662921 0.1130952380952381 0.7654494382022472
1 0.20833333333333334 0.6292134831460674 0.23214285714285715 0.6278089887640449 0.23452380952380952 0.6952247191011236 0.20833333333333334 0.6952247191011236
1 0.20357142857142857 0.7050561797752809 0.2261904761904762 0.702247191011236 0.2261904761904762 0.776685393258427 0.20357142857142857 0.776685393258427
1 0.5095238095238095 0.17696629213483145 0.5333333333333333 0.17696629213483145 0.5321428571428571 0.24859550561797752 0.5095238095238095 0.24859550561797752
1 0.5011904761904762 0.2542134831460674 0.5285714285714286 0.2542134831460674 0.5285714285714286 0.3258426966292135 0.5035714285714286 0.32724719101123595
1 0.5059523809523809 0.34269662921348315 0.5261904761904762 0.3441011235955056 0.5238095238095238 0.41713483146067415 0.5 0.4157303370786517
1 0.5023809523809524 0.4311797752808989 0.5297619047619048 0.4311797752808989 0.5297619047619048 0.5112359550561798 0.5 0.5140449438202247
1 0.49642857142857144 0.5674157303370787 0.5202380952380953 0.5660112359550562 0.5202380952380953 0.6446629213483146 0.4928571428571429 0.6432584269662921
1 0.49047619047619045 0.6573033707865169 0.5166666666666667 0.6587078651685393 0.513095238095238 0.7317415730337079 0.4880952380952381 0.7331460674157303
0 0.4857142857142857 0.7457865168539326 0.5261904761904762 0.7457865168539326 0.5214285714285715 0.9058988764044944 0.48214285714285715 0.9044943820224719
1 0.7678571428571429 0.22752808988764045 0.7952380952380952 0.22612359550561797 0.7952380952380952 0.29353932584269665 0.7690476190476191 0.29634831460674155
1 0.7738095238095238 0.3188202247191011 0.805952380952381 0.3188202247191011 0.8047619047619048 0.4101123595505618 0.775 0.40870786516853935
1 0.7845238095238095 0.43679775280898875 0.805952380952381 0.43679775280898875 0.8071428571428572 0.5014044943820225 0.7869047619047619 0.5014044943820225
1 0.7488095238095238 0.4887640449438202 0.775 0.4845505617977528 0.7773809523809524 0.5603932584269663 0.7511904761904762 0.5617977528089888
1 0.7833333333333333 0.5379213483146067 0.8095238095238095 0.5379213483146067 0.8142857142857143 0.6165730337078652 0.7857142857142857 0.6179775280898876
1 0.7880952380952381 0.6460674157303371 0.8107142857142857 0.6460674157303371 0.8107142857142857 0.7191011235955056 0.7880952380952381 0.7191011235955056
1 0.7845238095238095 0.726123595505618 0.8095238095238095 0.7247191011235955 0.8142857142857143 0.8061797752808989 0.7869047619047619 0.8061797752808989