1 0.3880952380952381 0.29775280898876405 0.3738095238095238 0.2205056179775281 0.3476190476190476 0.22612359550561797 0.36428571428571427 0.3047752808988764
1 0.42142857142857143 0.2303370786516854 0.4880952380952381 0.22191011235955055 0.48333333333333334 0.1896067415730337 0.42142857142857143 0.199438202247191
1 0.5047619047619047 0.18117977528089887 0.5535714285714286 0.17837078651685392 0.5511904761904762 0.1502808988764045 0.5047619047619047 0.1502808988764045
1 0.49642857142857144 0.21769662921348315 0.5535714285714286 0.2205056179775281 0.555952380952381 0.18820224719101122 0.49523809523809526 0.1853932584269663
1 0.49642857142857144 0.28792134831460675 0.5595238095238095 0.29213483146067415 0.5595238095238095 0.2612359550561798 0.5011904761904762 0.2542134831460674
1 0.49642857142857144 0.32162921348314605 0.5488095238095239 0.33146067415730335 0.5488095238095239 0.3047752808988764 0.4976190476190476 0.2991573033707865
1 0.4880952380952381 0.36797752808988765 0.5523809523809524 0.37359550561797755 0.5523809523809524 0.3398876404494382 0.48928571428571427 0.3398876404494382
1 0.4880952380952381 0.41713483146067415 0.5571428571428572 0.41713483146067415 0.5583333333333333 0.3848314606741573 0.4857142857142857 0.38342696629213485
1 0.48214285714285715 0.45365168539325845 0.5452380952380952 0.45646067415730335 0.5428571428571428 0.42275280898876405 0.48214285714285715 0.4241573033707865
1 0.49047619047619045 0.4943820224719101 0.5452380952380952 0.5 0.544047619047619 0.4705056179775281 0.48928571428571427 0.4705056179775281
1 0.4988095238095238 0.5463483146067416 0.5630952380952381 0.547752808988764 0.5630952380952381 0.5182584269662921 0.4988095238095238 0.5154494382022472
1 0.5119047619047619 0.5884831460674157 0.5702380952380952 0.5856741573033708 0.5702380952380952 0.5575842696629213 0.5107142857142857 0.5617977528089888
1 0.7392857142857143 0.8398876404494382 0.8083333333333333 0.8426966292134831 0.805952380952381 0.8792134831460674 0.7392857142857143 0.8764044943820225
1 0.5642857142857143 0.8651685393258427 0.6273809523809524 0.8721910112359551 0.6345238095238095 0.8426966292134831 0.569047619047619 0.8286516853932584
1 0.3869047619047619 0.7134831460674157 0.35833333333333334 0.6418539325842697 0.3821428571428571 0.6292134831460674 0.4107142857142857 0.6966292134831461
1 0.4392857142857143 0.5028089887640449 0.4261904761904762 0.43258426966292135 0.45357142857142857 0.42696629213483145 0.4642857142857143 0.49297752808988765
1 0.3 0.5617977528089888 0.28095238095238095 0.49297752808988765 0.30714285714285716 0.4845505617977528 0.3261904761904762 0.5547752808988764
3 0.44642857142857145 0.3553370786516854 0.4452380952380952 0.26825842696629215 0.47619047619047616 0.26825842696629215 0.47619047619047616 0.35814606741573035
1 0.1 0.47752808988764045 0.1595238095238095 0.45786516853932585 0.15 0.4241573033707865 0.09285714285714286 0.4452247191011236
1 0.17261904761904762 0.6235955056179775 0.21666666666666667 0.6067415730337079 0.21071428571428572 0.5814606741573034 0.16666666666666666 0.601123595505618
1 0.1261904761904762 0.6558988764044944 0.09523809523809523 0.6025280898876404 0.11547619047619048 0.5814606741573034 0.14761904761904762 0.6362359550561798
1 0.1869047619047619 0.672752808988764 0.24642857142857144 0.6474719101123596 0.2369047619047619 0.6193820224719101 0.17976190476190476 0.6432584269662921
1 0.19642857142857142 0.7092696629213483 0.2523809523809524 0.6896067415730337 0.24404761904761904 0.6657303370786517 0.19166666666666668 0.6839887640449438
1 0.2226190476190476 0.7556179775280899 0.28214285714285714 0.7219101123595506 0.2702380952380952 0.6924157303370787 0.2119047619047619 0.7275280898876404
1 0.24642857142857144 0.7865168539325843 0.29285714285714287 0.7640449438202247 0.2857142857142857 0.7359550561797753 0.24047619047619048 0.7556179775280899
1 0.08571428571428572 0.2556179775280899 0.1392857142857143 0.23876404494382023 0.14761904761904762 0.2710674157303371 0.09166666666666666 0.2907303370786517
1 0.1380952380952381 0.2949438202247191 0.08571428571428572 0.31741573033707865 0.09404761904761905 0.34129213483146065 0.14642857142857144 0.3202247191011236
1 0.14404761904761904 0.34269662921348315 0.1 0.3553370786516854 0.10357142857142858 0.3806179775280899 0.15119047619047618 0.36657303370786515
1 0.3047619047619048 0.22331460674157302 0.319047619047619 0.29353932584269665 0.3404761904761905 0.28651685393258425 0.325 0.21910112359550563