1 0.1761904761904762 0.27247191011235955 0.20833333333333334 0.324438202247191 0.18452380952380953 0.3455056179775281 0.1523809523809524 0.2893258426966292
1 0.1380952380952381 0.41151685393258425 0.1630952380952381 0.4789325842696629 0.14166666666666666 0.49157303370786515 0.11547619047619048 0.4241573033707865
1 0.18571428571428572 0.5196629213483146 0.21904761904761905 0.5702247191011236 0.1988095238095238 0.5912921348314607 0.16547619047619047 0.5407303370786517
1 0.39404761904761904 0.8160112359550562 0.4261904761904762 0.8651685393258427 0.4095238095238095 0.8806179775280899 0.3773809523809524 0.8328651685393258
1 0.4166666666666667 0.29353932584269665 0.3630952380952381 0.33286516853932585 0.375 0.3595505617977528 0.430952380952381 0.3202247191011236
1 0.5 0.23735955056179775 0.45 0.29353932584269665 0.4666666666666667 0.3160112359550562 0.5154761904761904 0.2598314606741573
1 0.5654761904761905 0.24859550561797752 0.5238095238095238 0.28651685393258425 0.5380952380952381 0.3061797752808989 0.5773809523809523 0.26685393258426965
1 0.625 0.32303370786516855 0.5892857142857143 0.3792134831460674 0.6130952380952381 0.398876404494382 0.6476190476190476 0.3398876404494382
1 0.8214285714285714 0.5042134831460674 0.775 0.550561797752809 0.7916666666666666 0.5730337078651685 0.8369047619047619 0.526685393258427
1 0.7107142857142857 0.6137640449438202 0.6630952380952381 0.6657303370786517 0.6857142857142857 0.6896067415730337 0.7309523809523809 0.6376404494382022
1 0.6416666666666667 0.7485955056179775 0.6238095238095238 0.8216292134831461 0.5976190476190476 0.8089887640449438 0.6154761904761905 0.7401685393258427