1 0.4988095238095238 0.3792134831460674 0.5238095238095238 0.3792134831460674 0.525 0.45786516853932585 0.4976190476190476 0.4606741573033708
1 0.44761904761904764 0.4438202247191011 0.4785714285714286 0.4438202247191011 0.4797619047619048 0.5252808988764045 0.45 0.526685393258427
1 0.5035714285714286 0.5168539325842697 0.5297619047619048 0.5168539325842697 0.5333333333333333 0.6025280898876404 0.5047619047619047 0.6025280898876404
1 0.5535714285714286 0.5070224719101124 0.5821428571428572 0.5070224719101124 0.5821428571428572 0.5842696629213483 0.5535714285714286 0.5842696629213483
1 0.444047619047619 0.574438202247191 0.4738095238095238 0.574438202247191 0.4738095238095238 0.6544943820224719 0.444047619047619 0.6558988764044944
1 0.5023809523809524 0.6306179775280899 0.5273809523809524 0.6348314606741573 0.5285714285714286 0.7092696629213483 0.5023809523809524 0.7106741573033708
1 0.5535714285714286 0.6334269662921348 0.580952380952381 0.6334269662921348 0.580952380952381 0.7120786516853933 0.5535714285714286 0.7120786516853933
1 0.5630952380952381 0.7528089887640449 0.5880952380952381 0.7542134831460674 0.5880952380952381 0.8258426966292135 0.5630952380952381 0.8258426966292135
1 0.5059523809523809 0.7471910112359551 0.5333333333333333 0.7457865168539326 0.5345238095238095 0.8174157303370787 0.5083333333333333 0.8174157303370787
1 0.4488095238095238 0.6825842696629213 0.475 0.6811797752808989 0.475 0.7584269662921348 0.4523809523809524 0.7584269662921348
1 0.4488095238095238 0.800561797752809 0.4797619047619048 0.7991573033707865 0.4797619047619048 0.8792134831460674 0.44761904761904764 0.8792134831460674
4 0.5571428571428572 0.3890449438202247 0.5869047619047619 0.3890449438202247 0.5892857142857143 0.476123595505618 0.5571428571428572 0.476123595505618