0 0.21071428571428572 0.5014044943820225 0.33214285714285713 0.4452247191011236 0.31785714285714284 0.40870786516853935 0.2 0.46348314606741575
0 0.4666666666666667 0.3553370786516854 0.5261904761904762 0.5070224719101124 0.5642857142857143 0.49297752808988765 0.4988095238095238 0.34129213483146065
0 0.5071428571428571 0.34269662921348315 0.575 0.4943820224719101 0.6059523809523809 0.476123595505618 0.5416666666666666 0.32724719101123595
0 0.5821428571428572 0.3792134831460674 0.638095238095238 0.5224719101123596 0.6726190476190477 0.5084269662921348 0.6095238095238096 0.36235955056179775
0 0.6285714285714286 0.36235955056179775 0.6892857142857143 0.5056179775280899 0.7238095238095238 0.4887640449438202 0.6571428571428571 0.34831460674157305
0 0.7559523809523809 0.32303370786516855 0.7916666666666666 0.33286516853932585 0.8142857142857143 0.16151685393258428 0.7821428571428571 0.15308988764044945
0 0.8142857142857143 0.24297752808988765 0.7845238095238095 0.39747191011235955 0.8273809523809523 0.41713483146067415 0.8571428571428571 0.25702247191011235
0 0.8583333333333333 0.2949438202247191 0.8345238095238096 0.4606741573033708 0.8690476190476191 0.4705056179775281 0.8904761904761904 0.3061797752808989
0 0.6273809523809524 0.6657303370786517 0.6595238095238095 0.6432584269662921 0.7226190476190476 0.7893258426966292 0.6916666666666667 0.8117977528089888
0 0.5226190476190476 0.7050561797752809 0.5547619047619048 0.6896067415730337 0.6083333333333333 0.8412921348314607 0.5797619047619048 0.8567415730337079
1 0.7797619047619048 0.8553370786516854 0.7928571428571428 0.8806179775280899 0.844047619047619 0.8426966292134831 0.830952380952381 0.8174157303370787
0 0.7547619047619047 0.07724719101123595 0.7083333333333334 0.25702247191011235 0.7476190476190476 0.27247191011235955 0.7928571428571428 0.08707865168539326
0 0.4738095238095238 0.7275280898876404 0.5285714285714286 0.8778089887640449 0.5666666666666667 0.8637640449438202 0.5047619047619047 0.7092696629213483
0 0.3 0.35252808988764045 0.1773809523809524 0.4143258426966292 0.19285714285714287 0.4550561797752809 0.31666666666666665 0.39185393258426965
0 0.28095238095238095 0.300561797752809 0.15714285714285714 0.36657303370786515 0.175 0.4101123595505618 0.2976190476190476 0.34269662921348315
0 0.2714285714285714 0.25 0.1392857142857143 0.32162921348314605 0.15595238095238095 0.36235955056179775 0.2869047619047619 0.2907303370786517