1 0.20952380952380953 0.6348314606741573 0.26666666666666666 0.6221910112359551 0.25833333333333336 0.5870786516853933 0.2 0.601123595505618
1 0.3392857142857143 0.6404494382022472 0.40595238095238095 0.6278089887640449 0.4023809523809524 0.5926966292134831 0.3333333333333333 0.6053370786516854
1 0.4023809523809524 0.5716292134831461 0.4642857142857143 0.5589887640449438 0.4607142857142857 0.5323033707865169 0.4 0.5407303370786517
1 0.5797619047619048 0.6081460674157303 0.6392857142857142 0.5969101123595506 0.6357142857142857 0.5702247191011236 0.5785714285714286 0.5786516853932584
1 0.6511904761904762 0.5323033707865169 0.7107142857142857 0.5210674157303371 0.7071428571428572 0.4887640449438202 0.6464285714285715 0.49859550561797755
1 0.175 0.5814606741573034 0.24047619047619048 0.5688202247191011 0.23452380952380952 0.5379213483146067 0.1738095238095238 0.550561797752809
1 0.15714285714285714 0.44241573033707865 0.21785714285714286 0.42696629213483145 0.21071428571428572 0.39747191011235955 0.1488095238095238 0.4157303370786517
1 0.3238095238095238 0.26264044943820225 0.38333333333333336 0.2808988764044944 0.39404761904761904 0.2542134831460674 0.3345238095238095 0.23735955056179775
1 0.4583333333333333 0.30337078651685395 0.525 0.28792134831460675 0.5190476190476191 0.25842696629213485 0.45357142857142857 0.27247191011235955
1 0.46190476190476193 0.41853932584269665 0.5178571428571429 0.4101123595505618 0.513095238095238 0.3792134831460674 0.4583333333333333 0.3890449438202247
1 0.5321428571428571 0.40870786516853935 0.5928571428571429 0.39747191011235955 0.5892857142857143 0.3651685393258427 0.5297619047619048 0.37640449438202245
1 0.7916666666666666 0.2991573033707865 0.8642857142857143 0.28230337078651685 0.8559523809523809 0.24578651685393257 0.7857142857142857 0.2710674157303371
0 0.5047619047619047 0.7036516853932584 0.6238095238095238 0.6853932584269663 0.6178571428571429 0.6390449438202247 0.5 0.6615168539325843
0 0.6345238095238095 0.2808988764044944 0.7928571428571428 0.25 0.7892857142857143 0.19803370786516855 0.6238095238095238 0.22893258426966293
1 0.8345238095238096 0.45786516853932585 0.8952380952380953 0.44803370786516855 0.8928571428571429 0.4143258426966292 0.830952380952381 0.425561797752809
1 0.85 0.5533707865168539 0.8988095238095238 0.5449438202247191 0.8976190476190476 0.5168539325842697 0.8488095238095238 0.5252808988764045
4 0.594047619047619 0.29775280898876405 0.675 0.2851123595505618 0.6785714285714286 0.32865168539325845 0.6 0.34269662921348315
1 0.13452380952380952 0.6390449438202247 0.07142857142857142 0.6587078651685393 0.08095238095238096 0.6896067415730337 0.14285714285714285 0.6713483146067416