1 0.5464285714285714 0.3047752808988764 0.5678571428571428 0.29634831460674155 0.5928571428571429 0.36235955056179775 0.5702380952380952 0.37219101123595505
1 0.48333333333333334 0.32724719101123595 0.544047619047619 0.32724719101123595 0.544047619047619 0.3539325842696629 0.48333333333333334 0.3539325842696629
1 0.41309523809523807 0.3160112359550562 0.46785714285714286 0.3160112359550562 0.46785714285714286 0.34129213483146065 0.41309523809523807 0.34129213483146065
1 0.3738095238095238 0.375 0.44047619047619047 0.375 0.44047619047619047 0.41151685393258425 0.375 0.40730337078651685
1 0.3880952380952381 0.4353932584269663 0.45476190476190476 0.4353932584269663 0.45476190476190476 0.46769662921348315 0.3880952380952381 0.46769662921348315
1 0.5166666666666667 0.42275280898876405 0.5261904761904762 0.44803370786516855 0.4714285714285714 0.46769662921348315 0.46190476190476193 0.43820224719101125
1 0.6392857142857142 0.1544943820224719 0.6678571428571428 0.1544943820224719 0.6678571428571428 0.22191011235955055 0.6392857142857142 0.22191011235955055
4 0.6321428571428571 0.20786516853932585 0.6666666666666666 0.2303370786516854 0.6130952380952381 0.32162921348314605 0.5833333333333334 0.300561797752809
1 0.24404761904761904 0.43258426966292135 0.30833333333333335 0.4311797752808989 0.30833333333333335 0.46769662921348315 0.24404761904761904 0.46629213483146065
1 0.3202380952380952 0.4410112359550562 0.375 0.44241573033707865 0.3738095238095238 0.47752808988764045 0.31785714285714284 0.47752808988764045
1 0.15833333333333333 0.42837078651685395 0.22023809523809523 0.425561797752809 0.22380952380952382 0.46207865168539325 0.15833333333333333 0.46207865168539325
0 0.1988095238095238 0.6685393258426966 0.3273809523809524 0.6685393258426966 0.32976190476190476 0.7247191011235955 0.19642857142857142 0.7219101123595506
4 0.2261904761904762 0.7626404494382022 0.3107142857142857 0.7626404494382022 0.3107142857142857 0.800561797752809 0.2261904761904762 0.800561797752809
4 0.7321428571428571 0.7851123595505618 0.8166666666666667 0.7851123595505618 0.8166666666666667 0.8216292134831461 0.7321428571428571 0.8216292134831461
1 0.32976190476190476 0.7794943820224719 0.4035714285714286 0.7794943820224719 0.4035714285714286 0.8160112359550562 0.32976190476190476 0.8160112359550562
1 0.40595238095238095 0.7794943820224719 0.4773809523809524 0.7752808988764045 0.48095238095238096 0.8117977528089888 0.4095238095238095 0.8132022471910112
1 0.49404761904761907 0.7823033707865169 0.5654761904761905 0.7823033707865169 0.5654761904761905 0.8230337078651685 0.49404761904761907 0.8230337078651685
1 0.5666666666666667 0.7682584269662921 0.5833333333333334 0.7457865168539326 0.6404761904761904 0.8075842696629213 0.6261904761904762 0.8314606741573034
1 0.6404761904761904 0.7808988764044944 0.7011904761904761 0.7823033707865169 0.6988095238095238 0.8132022471910112 0.6428571428571429 0.8132022471910112
1 0.14166666666666666 0.7640449438202247 0.21071428571428572 0.7696629213483146 0.2119047619047619 0.8061797752808989 0.14047619047619048 0.800561797752809
1 0.4642857142857143 0.38202247191011235 0.5297619047619048 0.37359550561797755 0.5333333333333333 0.40870786516853935 0.4714285714285714 0.41713483146067415
1 0.7464285714285714 0.13623595505617977 0.7464285714285714 0.21067415730337077 0.7702380952380953 0.21348314606741572 0.7690476190476191 0.13623595505617977
1 0.8011904761904762 0.16292134831460675 0.775 0.22191011235955055 0.8011904761904762 0.2401685393258427 0.8238095238095238 0.1797752808988764
1 0.8202380952380952 0.21769662921348315 0.7916666666666666 0.2794943820224719 0.8166666666666667 0.29213483146067415 0.8404761904761905 0.23314606741573032
1 0.8345238095238096 0.26264044943820225 0.8202380952380952 0.32724719101123595 0.844047619047619 0.33848314606741575 0.8607142857142858 0.2710674157303371
1 0.09285714285714286 0.4943820224719101 0.16904761904761906 0.49719101123595505 0.17142857142857143 0.45224719101123595 0.09523809523809523 0.45365168539325845