0 0.6773809523809524 0.4311797752808989 0.8226190476190476 0.4058988764044944 0.8178571428571428 0.3609550561797753 0.6726190476190477 0.38342696629213485
4 0.36428571428571427 0.7373595505617978 0.44761904761904764 0.7191011235955056 0.44166666666666665 0.6867977528089888 0.3595238095238095 0.702247191011236
1 0.7321428571428571 0.2542134831460674 0.7892857142857143 0.21769662921348315 0.7761904761904762 0.19241573033707865 0.7178571428571429 0.22612359550561797
1 0.830952380952381 0.2710674157303371 0.8523809523809524 0.19382022471910113 0.8297619047619048 0.18398876404494383 0.8071428571428572 0.2556179775280899
1 0.5535714285714286 0.40730337078651685 0.6166666666666667 0.3946629213483146 0.6130952380952381 0.36235955056179775 0.5464285714285714 0.37780898876404495
1 0.41904761904761906 0.46348314606741575 0.4845238095238095 0.45224719101123595 0.4797619047619048 0.42275280898876405 0.41785714285714287 0.4353932584269663
1 0.4011904761904762 0.5308988764044944 0.4642857142857143 0.523876404494382 0.4630952380952381 0.49157303370786515 0.39880952380952384 0.5
1 0.55 0.5323033707865169 0.611904761904762 0.5210674157303371 0.6071428571428571 0.4943820224719101 0.5464285714285714 0.5028089887640449
1 0.6333333333333333 0.6390449438202247 0.7035714285714286 0.6264044943820225 0.6964285714285714 0.5870786516853933 0.6238095238095238 0.598314606741573
1 0.7357142857142858 0.6278089887640449 0.7964285714285714 0.6165730337078652 0.7928571428571428 0.5856741573033708 0.7321428571428571 0.5941011235955056
1 0.7202380952380952 0.6811797752808989 0.7845238095238095 0.6685393258426966 0.780952380952381 0.6334269662921348 0.7142857142857143 0.6474719101123596
1 0.655952380952381 0.7556179775280899 0.7178571428571429 0.7457865168539326 0.7119047619047619 0.7162921348314607 0.6523809523809524 0.7289325842696629
1 0.5035714285714286 0.7837078651685393 0.569047619047619 0.7724719101123596 0.5642857142857143 0.7345505617977528 0.4976190476190476 0.7471910112359551
1 0.4392857142857143 0.6643258426966292 0.5011904761904762 0.6587078651685393 0.4976190476190476 0.6278089887640449 0.4369047619047619 0.6362359550561798
1 0.2857142857142857 0.6924157303370787 0.3464285714285714 0.6839887640449438 0.3476190476190476 0.6530898876404494 0.2833333333333333 0.6615168539325843
1 0.3630952380952381 0.6853932584269663 0.425 0.6783707865168539 0.4226190476190476 0.6460674157303371 0.3595238095238095 0.6530898876404494
1 0.3773809523809524 0.7879213483146067 0.4452380952380952 0.7808988764044944 0.44285714285714284 0.7514044943820225 0.3773809523809524 0.7570224719101124
1 0.20595238095238094 0.5800561797752809 0.26666666666666666 0.5702247191011236 0.2642857142857143 0.5351123595505618 0.20357142857142857 0.5449438202247191
1 0.5369047619047619 0.6137640449438202 0.6011904761904762 0.6025280898876404 0.6047619047619047 0.6390449438202247 0.5428571428571428 0.6474719101123596
1 0.09166666666666666 0.699438202247191 0.14761904761904762 0.6853932584269663 0.15357142857142858 0.7191011235955056 0.09761904761904762 0.7275280898876404