1 0.19166666666666668 0.26825842696629215 0.2261904761904762 0.30337078651685395 0.24047619047619048 0.28230337078651685 0.20476190476190476 0.24859550561797752
1 0.16666666666666666 0.300561797752809 0.2130952380952381 0.34269662921348315 0.2261904761904762 0.3188202247191011 0.18095238095238095 0.2808988764044944
1 0.14642857142857144 0.3342696629213483 0.19642857142857142 0.37359550561797755 0.20952380952380953 0.35252808988764045 0.1595238095238095 0.31179775280898875
1 0.15476190476190477 0.43679775280898875 0.19642857142857142 0.4845505617977528 0.21428571428571427 0.46207865168539325 0.17023809523809524 0.41713483146067415
1 0.1357142857142857 0.46207865168539325 0.1738095238095238 0.5028089887640449 0.1880952380952381 0.4845505617977528 0.15119047619047618 0.4438202247191011
1 0.22142857142857142 0.49719101123595505 0.2845238095238095 0.5182584269662921 0.29285714285714287 0.48735955056179775 0.22857142857142856 0.46629213483146065
1 0.2904761904761905 0.3553370786516854 0.30714285714285716 0.37219101123595505 0.3488095238095238 0.32162921348314605 0.3333333333333333 0.3047752808988764
1 0.12261904761904761 0.6081460674157303 0.17142857142857143 0.6573033707865169 0.15714285714285714 0.6797752808988764 0.10952380952380952 0.6320224719101124
1 0.16785714285714284 0.675561797752809 0.20595238095238094 0.7148876404494382 0.21785714285714286 0.6938202247191011 0.17976190476190476 0.6544943820224719
1 0.37142857142857144 0.4747191011235955 0.3904761904761905 0.49297752808988765 0.43452380952380953 0.4353932584269663 0.4154761904761905 0.41853932584269665
1 0.4380952380952381 0.48735955056179775 0.45476190476190476 0.5084269662921348 0.5035714285714286 0.45224719101123595 0.4845238095238095 0.4339887640449438
1 0.5047619047619047 0.41151685393258425 0.5273809523809524 0.4339887640449438 0.569047619047619 0.3707865168539326 0.5488095238095239 0.3553370786516854
1 0.5821428571428572 0.3160112359550562 0.6059523809523809 0.32724719101123595 0.638095238095238 0.26264044943820225 0.6154761904761905 0.24859550561797752
1 0.6392857142857142 0.21067415730337077 0.655952380952381 0.22893258426966293 0.694047619047619 0.18820224719101122 0.6761904761904762 0.16573033707865167
1 0.40595238095238095 0.8033707865168539 0.45714285714285713 0.8497191011235955 0.4738095238095238 0.8300561797752809 0.42023809523809524 0.7808988764044944
1 0.4857142857142857 0.7640449438202247 0.5369047619047619 0.8160112359550562 0.5547619047619048 0.7893258426966292 0.5035714285714286 0.7415730337078652
1 0.5047619047619047 0.6910112359550562 0.5535714285714286 0.7429775280898876 0.5702380952380952 0.7205056179775281 0.5214285714285715 0.6671348314606742
0 0.49166666666666664 0.6165730337078652 0.6059523809523809 0.7219101123595506 0.6309523809523809 0.6867977528089888 0.5095238095238095 0.5856741573033708
0 0.5345238095238095 0.5814606741573034 0.6535714285714286 0.6853932584269663 0.6785714285714286 0.6474719101123596 0.5571428571428572 0.5491573033707865
0 0.6571428571428571 0.36657303370786515 0.7714285714285715 0.4691011235955056 0.8011904761904762 0.425561797752809 0.6833333333333333 0.33146067415730335
0 0.6904761904761905 0.32303370786516855 0.8119047619047619 0.4044943820224719 0.8333333333333334 0.3637640449438202 0.7095238095238096 0.28651685393258425
0 0.7202380952380952 0.25842696629213485 0.8357142857142857 0.34831460674157305 0.8547619047619047 0.31179775280898875 0.7452380952380953 0.22331460674157302
1 0.6071428571428571 0.5632022471910112 0.655952380952381 0.6067415730337079 0.6714285714285714 0.5828651685393258 0.6214285714285714 0.5393258426966292
1 0.6261904761904762 0.5252808988764045 0.6761904761904762 0.5688202247191011 0.6904761904761905 0.5449438202247191 0.6428571428571429 0.5014044943820225
1 0.6488095238095238 0.48174157303370785 0.6928571428571428 0.5196629213483146 0.7083333333333334 0.4943820224719101 0.6630952380952381 0.4592696629213483
1 0.675 0.4410112359550562 0.719047619047619 0.48174157303370785 0.7333333333333333 0.46207865168539325 0.6880952380952381 0.41853932584269665
1 0.8238095238095238 0.23174157303370788 0.8726190476190476 0.27247191011235955 0.8869047619047619 0.25 0.8404761904761905 0.21067415730337077
1 0.12261904761904761 0.776685393258427 0.1595238095238095 0.8117977528089888 0.14642857142857144 0.8300561797752809 0.10952380952380952 0.7963483146067416
1 0.12261904761904761 0.6053370786516854 0.17261904761904762 0.6558988764044944 0.1880952380952381 0.6334269662921348 0.13690476190476192 0.5814606741573034
1 0.11190476190476191 0.5168539325842697 0.14761904761904762 0.550561797752809 0.13333333333333333 0.5702247191011236 0.0988095238095238 0.5365168539325843
1 0.09285714285714286 0.6657303370786517 0.1380952380952381 0.7078651685393258 0.15119047619047618 0.6867977528089888 0.10595238095238095 0.6432584269662921
1 0.39166666666666666 0.8426966292134831 0.4369047619047619 0.8820224719101124 0.44761904761904764 0.8595505617977528 0.4035714285714286 0.8230337078651685
0 0.7821428571428571 0.15870786516853932 0.9083333333333333 0.24578651685393257 0.9333333333333333 0.19803370786516855 0.8130952380952381 0.10955056179775281
0 0.8130952380952381 0.7064606741573034 0.930952380952381 0.8117977528089888 0.9511904761904761 0.7696629213483146 0.8369047619047619 0.6643258426966292