1 0.10238095238095238 0.6544943820224719 0.15476190476190477 0.6558988764044944 0.15476190476190477 0.6839887640449438 0.10119047619047619 0.6839887640449438
1 0.13333333333333333 0.49859550561797755 0.1595238095238095 0.5575842696629213 0.18452380952380953 0.5393258426966292 0.15357142857142858 0.48314606741573035
1 0.18214285714285713 0.5168539325842697 0.23333333333333334 0.5575842696629213 0.2488095238095238 0.5337078651685393 0.1976190476190476 0.4943820224719101
1 0.23214285714285715 0.4943820224719101 0.275 0.5407303370786517 0.29523809523809524 0.5196629213483146 0.25476190476190474 0.4705056179775281
1 0.319047619047619 0.526685393258427 0.34404761904761905 0.5084269662921348 0.30714285714285716 0.4550561797752809 0.2833333333333333 0.47191011235955055
1 0.375 0.46769662921348315 0.3869047619047619 0.44662921348314605 0.34404761904761905 0.4143258426966292 0.32976190476190476 0.43679775280898875
1 0.3773809523809524 0.37359550561797755 0.4095238095238095 0.4241573033707865 0.42738095238095236 0.4157303370786517 0.4011904761904762 0.35674157303370785
1 0.4595238095238095 0.21348314606741572 0.4845238095238095 0.2148876404494382 0.48333333333333334 0.28230337078651685 0.4595238095238095 0.28230337078651685
1 0.5273809523809524 0.3258426966292135 0.5511904761904762 0.3258426966292135 0.5511904761904762 0.38342696629213485 0.5273809523809524 0.38342696629213485
1 0.5095238095238095 0.351123595505618 0.4869047619047619 0.3356741573033708 0.5107142857142857 0.27247191011235955 0.5321428571428571 0.28370786516853935
1 0.44047619047619047 0.42837078651685395 0.46785714285714286 0.4311797752808989 0.4726190476190476 0.3651685393258427 0.44761904761904764 0.3609550561797753
4 0.7226190476190476 0.17415730337078653 0.7559523809523809 0.17415730337078653 0.7559523809523809 0.2612359550561798 0.7226190476190476 0.2612359550561798
1 0.7261904761904762 0.29353932584269665 0.7511904761904762 0.29353932584269665 0.7511904761904762 0.3637640449438202 0.7261904761904762 0.3637640449438202
1 0.7285714285714285 0.37640449438202245 0.7559523809523809 0.37640449438202245 0.7559523809523809 0.4410112359550562 0.7297619047619047 0.4396067415730337
4 0.7226190476190476 0.4803370786516854 0.7678571428571429 0.4803370786516854 0.7678571428571429 0.7345505617977528 0.7226190476190476 0.7345505617977528
1 0.4583333333333333 0.1348314606741573 0.48333333333333334 0.1348314606741573 0.48333333333333334 0.19241573033707865 0.4583333333333333 0.19241573033707865