1 0.45714285714285713 0.14185393258426968 0.4797619047619048 0.14185393258426968 0.475 0.20084269662921347 0.45 0.19803370786516855
1 0.4511904761904762 0.2148876404494382 0.475 0.21207865168539325 0.475 0.273876404494382 0.45 0.27247191011235955
1 0.44642857142857145 0.3061797752808989 0.47023809523809523 0.3061797752808989 0.4714285714285714 0.3693820224719101 0.44642857142857145 0.3707865168539326
1 0.49642857142857144 0.31320224719101125 0.5190476190476191 0.31320224719101125 0.5202380952380953 0.38342696629213485 0.49642857142857144 0.38342696629213485
1 0.5452380952380952 0.3202247191011236 0.575 0.3188202247191011 0.5761904761904761 0.3862359550561798 0.5476190476190477 0.3862359550561798
1 0.5630952380952381 0.46769662921348315 0.5916666666666667 0.46207865168539325 0.5785714285714286 0.3890449438202247 0.5523809523809524 0.3960674157303371
1 0.7011904761904761 0.21067415730337077 0.7261904761904762 0.20646067415730338 0.7321428571428571 0.2752808988764045 0.7071428571428572 0.27668539325842695
1 0.705952380952381 0.29775280898876405 0.7333333333333333 0.29634831460674155 0.7357142857142858 0.3651685393258427 0.7071428571428572 0.3651685393258427
1 0.5178571428571429 0.1544943820224719 0.5773809523809523 0.1446629213483146 0.580952380952381 0.17275280898876405 0.5190476190476191 0.18117977528089887
1 0.7464285714285714 0.18679775280898878 0.7297619047619047 0.16713483146067415 0.7666666666666667 0.13202247191011235 0.780952380952381 0.15168539325842698
1 0.5607142857142857 0.20926966292134833 0.5821428571428572 0.20646067415730338 0.5833333333333334 0.2654494382022472 0.5607142857142857 0.26685393258426965
1 0.7083333333333334 0.39325842696629215 0.7345238095238096 0.39185393258426965 0.736904761904762 0.45786516853932585 0.7083333333333334 0.4592696629213483
1 0.5059523809523809 0.4311797752808989 0.5333333333333333 0.4311797752808989 0.5297619047619048 0.5070224719101124 0.5035714285714286 0.5070224719101124
1 0.44285714285714284 0.5252808988764045 0.46785714285714286 0.5252808988764045 0.4642857142857143 0.5955056179775281 0.44047619047619047 0.5941011235955056
1 0.4392857142857143 0.6053370786516854 0.4630952380952381 0.6053370786516854 0.4583333333333333 0.675561797752809 0.4357142857142857 0.6741573033707865
1 0.43214285714285716 0.6910112359550562 0.4642857142857143 0.6896067415730337 0.4666666666666667 0.7612359550561798 0.43452380952380953 0.7640449438202247
1 0.40595238095238095 0.8412921348314607 0.37976190476190474 0.8328651685393258 0.4035714285714286 0.7626404494382022 0.42857142857142855 0.7752808988764045
1 0.5142857142857142 0.547752808988764 0.5380952380952381 0.5449438202247191 0.5392857142857143 0.6235955056179775 0.5142857142857142 0.6235955056179775
1 0.5 0.6558988764044944 0.5261904761904762 0.6558988764044944 0.525 0.7345505617977528 0.4988095238095238 0.7345505617977528
1 0.7416666666666667 0.5168539325842697 0.7642857142857142 0.5308988764044944 0.7892857142857143 0.4845505617977528 0.7666666666666667 0.4705056179775281
1 0.7476190476190476 0.5870786516853933 0.7654761904761904 0.6025280898876404 0.7976190476190477 0.5435393258426966 0.7773809523809524 0.5280898876404494
1 0.7440476190476191 0.648876404494382 0.7678571428571429 0.6657303370786517 0.8047619047619048 0.6025280898876404 0.780952380952381 0.5870786516853933
1 0.7535714285714286 0.7176966292134831 0.7773809523809524 0.7289325842696629 0.8047619047619048 0.6685393258426966 0.7797619047619048 0.6558988764044944
1 0.7583333333333333 0.7865168539325843 0.7785714285714286 0.8047752808988764 0.8119047619047619 0.7542134831460674 0.794047619047619 0.7359550561797753
1 0.8369047619047619 0.8047752808988764 0.8238095238095238 0.7837078651685393 0.8642857142857143 0.7528089887640449 0.8761904761904762 0.773876404494382
1 0.8404761904761905 0.8525280898876404 0.8261904761904761 0.827247191011236 0.8726190476190476 0.7879213483146067 0.8869047619047619 0.8089887640449438
1 0.4119047619047619 0.8539325842696629 0.4380952380952381 0.875 0.4785714285714286 0.8019662921348315 0.4511904761904762 0.7823033707865169
1 0.4857142857142857 0.8216292134831461 0.45476190476190476 0.8764044943820225 0.475 0.8932584269662921 0.5059523809523809 0.8384831460674157