1 0.5178571428571429 0.7991573033707865 0.5023809523809524 0.7780898876404494 0.5571428571428572 0.723314606741573 0.569047619047619 0.7485955056179775
1 0.7142857142857143 0.5617977528089888 0.6988095238095238 0.5407303370786517 0.7464285714285714 0.49719101123595505 0.7559523809523809 0.5140449438202247
1 0.6880952380952381 0.398876404494382 0.6833333333333333 0.3693820224719101 0.7404761904761905 0.3539325842696629 0.7440476190476191 0.38202247191011235
1 0.7773809523809524 0.3707865168539326 0.7583333333333333 0.351123595505618 0.8011904761904762 0.3089887640449438 0.8178571428571428 0.32724719101123595
1 0.42142857142857143 0.20926966292134833 0.38095238095238093 0.1601123595505618 0.3976190476190476 0.1404494382022472 0.4357142857142857 0.18820224719101122
1 0.22976190476190475 0.3202247191011236 0.1880952380952381 0.26264044943820225 0.20714285714285716 0.24578651685393257 0.2488095238095238 0.2991573033707865
1 0.20714285714285716 0.45365168539325845 0.17023809523809524 0.40308988764044945 0.19047619047619047 0.3848314606741573 0.22380952380952382 0.4339887640449438
1 0.2857142857142857 0.32303370786516855 0.2488095238095238 0.2696629213483146 0.2654761904761905 0.2556179775280899 0.30238095238095236 0.3047752808988764
1 0.2369047619047619 0.2612359550561798 0.1988095238095238 0.2050561797752809 0.2154761904761905 0.1896067415730337 0.2571428571428571 0.24157303370786518
1 0.1630952380952381 0.23595505617977527 0.11666666666666667 0.17837078651685392 0.1380952380952381 0.15870786516853932 0.18452380952380953 0.21910112359550563
1 0.14285714285714285 0.28230337078651685 0.1 0.23174157303370788 0.11785714285714285 0.21067415730337077 0.16428571428571428 0.26264044943820225
1 0.19285714285714287 0.20224719101123595 0.1392857142857143 0.13202247191011235 0.1595238095238095 0.11376404494382023 0.2130952380952381 0.18258426966292135
1 0.21666666666666667 0.375 0.25 0.425561797752809 0.26785714285714285 0.40730337078651685 0.23214285714285715 0.35814606741573035
1 0.24285714285714285 0.34269662921348315 0.27976190476190477 0.39747191011235955 0.2988095238095238 0.37640449438202245 0.25952380952380955 0.3258426966292135
1 0.15119047619047618 0.29634831460674155 0.19166666666666668 0.34831460674157305 0.2119047619047619 0.32865168539325845 0.17142857142857143 0.27808988764044945