1 0.09166666666666666 0.2205056179775281 0.11785714285714285 0.300561797752809 0.14523809523809525 0.28792134831460675 0.11904761904761904 0.20786516853932585
3 0.1738095238095238 0.6264044943820225 0.20357142857142857 0.6123595505617978 0.16904761904761906 0.5196629213483146 0.13690476190476192 0.5337078651685393
3 0.3821428571428571 0.5140449438202247 0.4154761904761905 0.49859550561797755 0.37023809523809526 0.3806179775280899 0.3416666666666667 0.3946629213483146
1 0.4357142857142857 0.49859550561797755 0.45714285714285713 0.49157303370786515 0.4357142857142857 0.4297752808988764 0.41309523809523807 0.4410112359550562
1 0.5071428571428571 0.6924157303370787 0.5285714285714286 0.6797752808988764 0.5059523809523809 0.6193820224719101 0.4857142857142857 0.6320224719101124
1 0.4773809523809524 0.7879213483146067 0.5011904761904762 0.773876404494382 0.4714285714285714 0.7036516853932584 0.4488095238095238 0.7148876404494382
1 0.33214285714285713 0.34269662921348315 0.35119047619047616 0.33146067415730335 0.33095238095238094 0.27808988764044945 0.30952380952380953 0.2893258426966292
1 0.36904761904761907 0.29213483146067415 0.39166666666666666 0.2808988764044944 0.37142857142857144 0.2205056179775281 0.3476190476190476 0.23314606741573032
1 0.39285714285714285 0.2303370786516854 0.4142857142857143 0.22191011235955055 0.39404761904761904 0.15589887640449437 0.37142857142857144 0.16432584269662923
1 0.8833333333333333 0.16853932584269662 0.830952380952381 0.1952247191011236 0.85 0.22752808988764045 0.9 0.19803370786516855
1 0.8761904761904762 0.13623595505617977 0.8178571428571428 0.16573033707865167 0.8345238095238096 0.19382022471910113 0.8845238095238095 0.16432584269662923