1 0.24761904761904763 0.13202247191011235 0.25952380952380955 0.21067415730337077 0.23214285714285715 0.21629213483146068 0.22023809523809523 0.13764044943820225
1 0.34404761904761905 0.300561797752809 0.3476190476190476 0.39185393258426965 0.3202380952380952 0.39185393258426965 0.3142857142857143 0.300561797752809
1 0.25476190476190474 0.45786516853932585 0.25476190476190474 0.5379213483146067 0.225 0.5393258426966292 0.22738095238095238 0.45786516853932585
1 0.1761904761904762 0.5435393258426966 0.17857142857142858 0.6151685393258427 0.15119047619047618 0.6151685393258427 0.1488095238095238 0.5449438202247191
1 0.2642857142857143 0.7162921348314607 0.2654761904761905 0.7935393258426966 0.23809523809523808 0.7921348314606742 0.2369047619047619 0.7134831460674157
1 0.5476190476190477 0.13904494382022473 0.5452380952380952 0.2050561797752809 0.5178571428571429 0.199438202247191 0.5190476190476191 0.13764044943820225
4 0.6630952380952381 0.20926966292134833 0.6642857142857143 0.2893258426966292 0.6369047619047619 0.2893258426966292 0.6357142857142857 0.20786516853932585
3 0.7452380952380953 0.28230337078651685 0.7547619047619047 0.4789325842696629 0.7892857142857143 0.4747191011235955 0.780952380952381 0.27808988764044945
1 0.7273809523809524 0.476123595505618 0.7309523809523809 0.547752808988764 0.7023809523809523 0.550561797752809 0.7 0.476123595505618
1 0.6761904761904762 0.42275280898876405 0.680952380952381 0.4957865168539326 0.655952380952381 0.49719101123595505 0.6523809523809524 0.425561797752809
1 0.6678571428571428 0.5646067415730337 0.6678571428571428 0.6376404494382022 0.6428571428571429 0.6362359550561798 0.6404761904761904 0.5674157303370787