1 0.4583333333333333 0.1404494382022472 0.46190476190476193 0.20224719101123595 0.4869047619047619 0.19803370786516855 0.4845238095238095 0.14325842696629212
1 0.4595238095238095 0.21629213483146068 0.46190476190476193 0.27668539325842695 0.4845238095238095 0.2808988764044944 0.48095238095238096 0.21629213483146068
1 0.41309523809523807 0.29213483146067415 0.4095238095238095 0.3707865168539326 0.4392857142857143 0.37359550561797755 0.44285714285714284 0.29213483146067415
1 0.4607142857142857 0.3160112359550562 0.4595238095238095 0.3806179775280899 0.48333333333333334 0.38342696629213485 0.4845238095238095 0.3146067415730337
1 0.4583333333333333 0.42837078651685395 0.4523809523809524 0.5014044943820225 0.4773809523809524 0.5042134831460674 0.48333333333333334 0.4311797752808989
1 0.3678571428571429 0.5955056179775281 0.3678571428571429 0.6769662921348315 0.39404761904761904 0.6783707865168539 0.4 0.598314606741573
1 0.45 0.5280898876404494 0.4488095238095238 0.598314606741573 0.475 0.5997191011235955 0.4773809523809524 0.5294943820224719
1 0.4488095238095238 0.6362359550561798 0.4488095238095238 0.7134831460674157 0.475 0.7134831460674157 0.4773809523809524 0.6362359550561798
1 0.4511904761904762 0.7373595505617978 0.44761904761904764 0.8230337078651685 0.475 0.8216292134831461 0.47619047619047616 0.7387640449438202
1 0.5392857142857143 0.6348314606741573 0.5392857142857143 0.7050561797752809 0.569047619047619 0.7050561797752809 0.5714285714285714 0.6348314606741573
1 0.6345238095238095 0.6418539325842697 0.6345238095238095 0.7162921348314607 0.6619047619047619 0.7205056179775281 0.6619047619047619 0.6390449438202247