1 0.25595238095238093 0.10955056179775281 0.26785714285714285 0.18679775280898878 0.2916666666666667 0.18398876404494383 0.28214285714285714 0.10533707865168539
3 0.34285714285714286 0.07865168539325842 0.3416666666666667 0.24157303370786518 0.38452380952380955 0.23876404494382023 0.38333333333333336 0.07724719101123595
1 0.4488095238095238 0.17696629213483145 0.45 0.25280898876404495 0.4714285714285714 0.25280898876404495 0.47023809523809523 0.17837078651685392
1 0.45357142857142857 0.28230337078651685 0.4511904761904762 0.34129213483146065 0.475 0.34129213483146065 0.4773809523809524 0.28230337078651685
1 0.45595238095238094 0.3693820224719101 0.45714285714285713 0.4410112359550562 0.4797619047619048 0.4396067415730337 0.48095238095238096 0.36797752808988765
1 0.4511904761904762 0.4592696629213483 0.45 0.523876404494382 0.475 0.523876404494382 0.475 0.4592696629213483
1 0.6285714285714286 0.6671348314606742 0.6273809523809524 0.75 0.6547619047619048 0.75 0.6547619047619048 0.6657303370786517
1 0.6226190476190476 0.824438202247191 0.6261904761904762 0.898876404494382 0.6523809523809524 0.8960674157303371 0.6452380952380953 0.8216292134831461
3 0.44642857142857145 0.5716292134831461 0.44642857142857145 0.7331460674157303 0.48333333333333334 0.7331460674157303 0.4857142857142857 0.5702247191011236
1 0.38452380952380955 0.526685393258427 0.38571428571428573 0.6081460674157303 0.4095238095238095 0.6081460674157303 0.4083333333333333 0.5252808988764045
1 0.45595238095238094 0.7808988764044944 0.45714285714285713 0.8553370786516854 0.48095238095238096 0.8539325842696629 0.4797619047619048 0.7823033707865169
1 0.2916666666666667 0.7373595505617978 0.29642857142857143 0.8160112359550562 0.3202380952380952 0.8160112359550562 0.31785714285714284 0.7359550561797753
0 0.3130952380952381 0.40168539325842695 0.32261904761904764 0.574438202247191 0.3619047619047619 0.574438202247191 0.3547619047619048 0.39747191011235955