1 0.4928571428571429 0.6446629213483146 0.5642857142857143 0.6446629213483146 0.5642857142857143 0.6769662921348315 0.4928571428571429 0.6769662921348315
1 0.5702380952380952 0.5098314606741573 0.6345238095238095 0.5084269662921348 0.6357142857142857 0.5393258426966292 0.5702380952380952 0.5393258426966292
1 0.41904761904761906 0.49157303370786515 0.4166666666666667 0.5182584269662921 0.4845238095238095 0.526685393258427 0.4845238095238095 0.49297752808988765
1 0.7595238095238095 0.5589887640449438 0.8214285714285714 0.5617977528089888 0.8202380952380952 0.5926966292134831 0.7571428571428571 0.5912921348314607
1 0.47619047619047616 0.41713483146067415 0.49166666666666664 0.4438202247191011 0.43333333333333335 0.47752808988764045 0.42142857142857143 0.44803370786516855
1 0.40595238095238095 0.37219101123595505 0.42738095238095236 0.3862359550561798 0.3976190476190476 0.42837078651685395 0.38095238095238093 0.41151685393258425
1 0.37857142857142856 0.3146067415730337 0.39404761904761904 0.3398876404494382 0.3464285714285714 0.38202247191011235 0.32976190476190476 0.35674157303370785
1 0.31666666666666665 0.3061797752808989 0.3357142857142857 0.32724719101123595 0.37857142857142856 0.2794943820224719 0.3607142857142857 0.25702247191011235
1 0.3333333333333333 0.21769662921348315 0.35119047619047616 0.23174157303370788 0.32261904761904764 0.2808988764044944 0.3011904761904762 0.26264044943820225
1 0.3523809523809524 0.1502808988764045 0.36547619047619045 0.16853932584269662 0.32142857142857145 0.20646067415730338 0.3047619047619048 0.18117977528089887
1 0.2011904761904762 0.13623595505617977 0.22023809523809523 0.13623595505617977 0.22023809523809523 0.19101123595505617 0.2011904761904762 0.19101123595505617
1 0.7345238095238096 0.2598314606741573 0.7595238095238095 0.2598314606741573 0.7595238095238095 0.32865168539325845 0.7345238095238096 0.32865168539325845
1 0.8011904761904762 0.2598314606741573 0.8226190476190476 0.2598314606741573 0.8226190476190476 0.3342696629213483 0.8011904761904762 0.3342696629213483
1 0.8285714285714286 0.2598314606741573 0.8547619047619047 0.2598314606741573 0.8547619047619047 0.33146067415730335 0.8285714285714286 0.33146067415730335
1 0.8583333333333333 0.2752808988764045 0.8785714285714286 0.2710674157303371 0.8821428571428571 0.3356741573033708 0.861904761904762 0.3356741573033708
1 0.1 0.35252808988764045 0.14642857142857144 0.324438202247191 0.16071428571428573 0.35814606741573035 0.10714285714285714 0.37780898876404495
3 0.12738095238095237 0.8174157303370787 0.125 0.8834269662921348 0.3678571428571429 0.8932584269662921 0.3678571428571429 0.8314606741573034
1 0.6607142857142857 0.5042134831460674 0.6607142857142857 0.5365168539325843 0.7309523809523809 0.5379213483146067 0.7261904761904762 0.5014044943820225