3 0.11071428571428571 0.19662921348314608 0.15357142857142858 0.26685393258426965 0.1761904761904762 0.25 0.13095238095238096 0.17837078651685392
1 0.21904761904761905 0.15168539325842698 0.25595238095238093 0.21348314606741572 0.275 0.1952247191011236 0.2392857142857143 0.13904494382022473
4 0.1773809523809524 0.31320224719101125 0.22976190476190475 0.39325842696629215 0.25952380952380955 0.3693820224719101 0.20952380952380953 0.28651685393258425
4 0.24642857142857144 0.300561797752809 0.2916666666666667 0.3651685393258427 0.3142857142857143 0.34831460674157305 0.26785714285714285 0.2808988764044944
1 0.26904761904761904 0.24157303370786518 0.3107142857142857 0.3061797752808989 0.3345238095238095 0.2907303370786517 0.29285714285714287 0.22752808988764045
1 0.2 0.4241573033707865 0.24285714285714285 0.48174157303370785 0.2630952380952381 0.46207865168539325 0.22023809523809523 0.4058988764044944
1 0.24404761904761904 0.526685393258427 0.28809523809523807 0.5926966292134831 0.3107142857142857 0.574438202247191 0.26904761904761904 0.5070224719101124
1 0.36547619047619045 0.5393258426966292 0.4023809523809524 0.5941011235955056 0.42023809523809524 0.577247191011236 0.38452380952380955 0.5210674157303371
0 0.34523809523809523 0.6067415730337079 0.4 0.7710674157303371 0.4369047619047619 0.7542134831460674 0.3773809523809524 0.5941011235955056
1 0.5 0.46769662921348315 0.5 0.49719101123595505 0.5595238095238095 0.4957865168539326 0.5571428571428572 0.46629213483146065
1 0.5785714285714286 0.35814606741573035 0.6166666666666667 0.425561797752809 0.638095238095238 0.4101123595505618 0.5976190476190476 0.3455056179775281
1 0.6107142857142858 0.3146067415730337 0.6440476190476191 0.37359550561797755 0.669047619047619 0.3553370786516854 0.6309523809523809 0.29775280898876405
1 0.7083333333333334 0.351123595505618 0.75 0.41151685393258425 0.7714285714285715 0.39325842696629215 0.7285714285714285 0.3342696629213483
1 0.5833333333333334 0.4747191011235955 0.6202380952380953 0.5308988764044944 0.6440476190476191 0.5112359550561798 0.6059523809523809 0.45224719101123595
1 0.7392857142857143 0.4705056179775281 0.7797619047619048 0.5280898876404494 0.8023809523809524 0.5112359550561798 0.7607142857142857 0.45224719101123595
3 0.7357142857142858 0.5351123595505618 0.7845238095238095 0.6095505617977528 0.805952380952381 0.5842696629213483 0.7595238095238095 0.5154494382022472
1 0.6880952380952381 0.5463483146067416 0.7285714285714285 0.6123595505617978 0.7523809523809524 0.5912921348314607 0.7119047619047619 0.5280898876404494
1 0.7083333333333334 0.6853932584269663 0.7404761904761905 0.7359550561797753 0.7619047619047619 0.7191011235955056 0.7273809523809524 0.6643258426966292
1 0.5297619047619048 0.6095505617977528 0.5416666666666666 0.6306179775280899 0.594047619047619 0.5941011235955056 0.5797619047619048 0.5702247191011236
0 0.49642857142857144 0.5294943820224719 0.4988095238095238 0.5660112359550562 0.5785714285714286 0.5533707865168539 0.5773809523809523 0.5168539325842697
1 0.544047619047619 0.7823033707865169 0.5761904761904761 0.8455056179775281 0.6011904761904762 0.8328651685393258 0.5642857142857143 0.7654494382022472
1 0.6369047619047619 0.6699438202247191 0.6702380952380952 0.7191011235955056 0.6880952380952381 0.7036516853932584 0.6547619047619048 0.648876404494382
1 0.4511904761904762 0.175561797752809 0.4714285714285714 0.1601123595505618 0.4392857142857143 0.1151685393258427 0.4226190476190476 0.13623595505617977
3 0.6761904761904762 0.7387640449438202 0.7845238095238095 0.9044943820224719 0.8214285714285714 0.8764044943820225 0.7095238095238096 0.7050561797752809
1 0.8488095238095238 0.5028089887640449 0.905952380952381 0.526685393258427 0.9154761904761904 0.49719101123595505 0.8559523809523809 0.4747191011235955