1 0.6369047619047619 0.1446629213483146 0.6607142857142857 0.1446629213483146 0.6607142857142857 0.21629213483146068 0.6369047619047619 0.21629213483146068
1 0.7011904761904761 0.1348314606741573 0.7273809523809524 0.1348314606741573 0.7273809523809524 0.20786516853932585 0.7011904761904761 0.20786516853932585
1 0.7476190476190476 0.13764044943820225 0.7773809523809524 0.13764044943820225 0.7773809523809524 0.20926966292134833 0.7476190476190476 0.20926966292134833
1 0.8 0.1446629213483146 0.8226190476190476 0.1446629213483146 0.8226190476190476 0.20365168539325842 0.8 0.20365168539325842
1 0.6988095238095238 0.25280898876404495 0.7238095238095238 0.25280898876404495 0.7238095238095238 0.3202247191011236 0.6988095238095238 0.3202247191011236
1 0.7452380952380953 0.24578651685393257 0.7726190476190476 0.24578651685393257 0.7726190476190476 0.32303370786516855 0.7452380952380953 0.32303370786516855
1 0.6440476190476191 0.29775280898876405 0.669047619047619 0.29775280898876405 0.669047619047619 0.36797752808988765 0.6440476190476191 0.36797752808988765
1 0.7440476190476191 0.3637640449438202 0.7702380952380953 0.3637640449438202 0.7702380952380953 0.44241573033707865 0.7440476190476191 0.44241573033707865
1 0.7452380952380953 0.48735955056179775 0.7702380952380953 0.48735955056179775 0.7702380952380953 0.5575842696629213 0.7452380952380953 0.5575842696629213
1 0.6428571428571429 0.45365168539325845 0.6702380952380952 0.45365168539325845 0.6702380952380952 0.5280898876404494 0.6428571428571429 0.5280898876404494
3 0.6857142857142857 0.38342696629213485 0.7214285714285714 0.38342696629213485 0.7214285714285714 0.48314606741573035 0.6857142857142857 0.48314606741573035
3 0.7976190476190477 0.6558988764044944 0.830952380952381 0.6558988764044944 0.830952380952381 0.7949438202247191 0.794047619047619 0.7935393258426966
4 0.7440476190476191 0.6278089887640449 0.7869047619047619 0.6278089887640449 0.7869047619047619 0.9157303370786517 0.7440476190476191 0.9157303370786517
1 0.6369047619047619 0.574438202247191 0.6619047619047619 0.577247191011236 0.6619047619047619 0.6460674157303371 0.638095238095238 0.6460674157303371
1 0.6357142857142857 0.6629213483146067 0.6642857142857143 0.6657303370786517 0.6642857142857143 0.7528089887640449 0.6404761904761904 0.7528089887640449
4 0.6916666666666667 0.6867977528089888 0.7166666666666667 0.6867977528089888 0.7166666666666667 0.7696629213483146 0.6880952380952381 0.7696629213483146
1 0.6392857142857142 0.7935393258426966 0.6619047619047619 0.7935393258426966 0.6619047619047619 0.8595505617977528 0.6392857142857142 0.8595505617977528
1 0.38452380952380955 0.7626404494382022 0.40714285714285714 0.7626404494382022 0.40714285714285714 0.8370786516853933 0.38452380952380955 0.8370786516853933