1 0.7714285714285715 0.12640449438202248 0.7988095238095239 0.12640449438202248 0.7964285714285714 0.1952247191011236 0.7714285714285715 0.1952247191011236
4 0.7654761904761904 0.21910112359550563 0.8107142857142857 0.21910112359550563 0.8107142857142857 0.4606741573033708 0.7654761904761904 0.4606741573033708
4 0.7666666666666667 0.4887640449438202 0.8119047619047619 0.4887640449438202 0.8119047619047619 0.7696629213483146 0.7666666666666667 0.7696629213483146
1 0.7654761904761904 0.8019662921348315 0.7964285714285714 0.8019662921348315 0.8 0.875 0.7690476190476191 0.8721910112359551
0 0.4988095238095238 0.1404494382022472 0.5297619047619048 0.1404494382022472 0.5297619047619048 0.3146067415730337 0.4988095238095238 0.3146067415730337
1 0.48928571428571427 0.34691011235955055 0.5214285714285715 0.3497191011235955 0.5226190476190476 0.42134831460674155 0.49047619047619045 0.4241573033707865
1 0.49047619047619045 0.44241573033707865 0.513095238095238 0.44241573033707865 0.513095238095238 0.5168539325842697 0.49047619047619045 0.5168539325842697
1 0.4880952380952381 0.5308988764044944 0.513095238095238 0.598314606741573 0.5345238095238095 0.5842696629213483 0.5095238095238095 0.5168539325842697
1 0.49047619047619045 0.5997191011235955 0.5190476190476191 0.601123595505618 0.5154761904761904 0.675561797752809 0.4857142857142857 0.672752808988764
1 0.5154761904761904 0.672752808988764 0.5464285714285714 0.6699438202247191 0.544047619047619 0.7598314606741573 0.5154761904761904 0.7584269662921348
1 0.4785714285714286 0.6896067415730337 0.5047619047619047 0.6853932584269663 0.5095238095238095 0.7710674157303371 0.4738095238095238 0.7668539325842697
1 0.5154761904761904 0.7794943820224719 0.55 0.7794943820224719 0.5416666666666666 0.8665730337078652 0.5119047619047619 0.8609550561797753
1 0.15476190476190477 0.1896067415730337 0.1773809523809524 0.1896067415730337 0.1773809523809524 0.24297752808988765 0.15476190476190477 0.24297752808988765
1 0.20952380952380953 0.26685393258426965 0.2369047619047619 0.3146067415730337 0.2511904761904762 0.30337078651685395 0.22976190476190475 0.25140449438202245
1 0.21428571428571427 0.324438202247191 0.24642857142857144 0.32724719101123595 0.24642857142857144 0.3890449438202247 0.2154761904761905 0.38764044943820225
1 0.12976190476190477 0.4452247191011236 0.15357142857142858 0.4452247191011236 0.15357142857142858 0.5084269662921348 0.12976190476190477 0.5084269662921348
1 0.12380952380952381 0.5814606741573034 0.15 0.5800561797752809 0.14642857142857144 0.6544943820224719 0.11904761904761904 0.6573033707865169
1 0.13452380952380952 0.2949438202247191 0.16547619047619047 0.2949438202247191 0.16547619047619047 0.3707865168539326 0.13452380952380952 0.3707865168539326