1 0.12976190476190477 0.6137640449438202 0.12142857142857143 0.6404494382022472 0.17857142857142858 0.6657303370786517 0.18928571428571428 0.6320224719101124
1 0.23095238095238096 0.523876404494382 0.22976190476190475 0.5547752808988764 0.2916666666666667 0.5589887640449438 0.29523809523809524 0.5280898876404494
1 0.225 0.7106741573033708 0.19642857142857142 0.7289325842696629 0.2226190476190476 0.7963483146067416 0.25357142857142856 0.7752808988764045
1 0.28095238095238095 0.7584269662921348 0.28214285714285714 0.8412921348314607 0.30952380952380953 0.8342696629213483 0.30833333333333335 0.7584269662921348
1 0.1261904761904762 0.1896067415730337 0.15476190476190477 0.21067415730337077 0.20476190476190476 0.16432584269662923 0.18571428571428572 0.13764044943820225
1 0.3380952380952381 0.2654494382022472 0.3345238095238095 0.2991573033707865 0.40476190476190477 0.29634831460674155 0.4035714285714286 0.26264044943820225
1 0.3392857142857143 0.3342696629213483 0.3416666666666667 0.36235955056179775 0.40714285714285714 0.3595505617977528 0.40714285714285714 0.32865168539325845
1 0.5035714285714286 0.26685393258426965 0.5011904761904762 0.2949438202247191 0.5630952380952381 0.29775280898876405 0.5654761904761905 0.26685393258426965
1 0.6464285714285715 0.27247191011235955 0.6464285714285715 0.300561797752809 0.719047619047619 0.29775280898876405 0.719047619047619 0.26685393258426965
1 0.6952380952380952 0.3258426966292135 0.694047619047619 0.3539325842696629 0.7559523809523809 0.351123595505618 0.7547619047619047 0.324438202247191
1 0.7583333333333333 0.3848314606741573 0.7583333333333333 0.4157303370786517 0.8297619047619048 0.41853932584269665 0.8297619047619048 0.3848314606741573
1 0.680952380952381 0.39185393258426965 0.6845238095238095 0.41713483146067415 0.7392857142857143 0.4157303370786517 0.7392857142857143 0.38764044943820225
1 0.5773809523809523 0.4002808988764045 0.5797619047619048 0.425561797752809 0.6476190476190476 0.4241573033707865 0.6476190476190476 0.398876404494382
1 0.7380952380952381 0.523876404494382 0.7392857142857143 0.5533707865168539 0.8035714285714286 0.5547752808988764 0.8023809523809524 0.5224719101123596
1 0.46785714285714286 0.5407303370786517 0.46904761904761905 0.5702247191011236 0.5333333333333333 0.5716292134831461 0.5333333333333333 0.5407303370786517
1 0.42023809523809524 0.5856741573033708 0.41904761904761906 0.6137640449438202 0.48333333333333334 0.6165730337078652 0.4857142857142857 0.5912921348314607
1 0.638095238095238 0.7134831460674157 0.6345238095238095 0.7401685393258427 0.7011904761904761 0.7514044943820225 0.7047619047619048 0.723314606741573
1 0.7047619047619048 0.7640449438202247 0.7071428571428572 0.7921348314606742 0.7702380952380953 0.7865168539325843 0.7654761904761904 0.7542134831460674
1 0.4297619047619048 0.7401685393258427 0.43333333333333335 0.7668539325842697 0.4976190476190476 0.7696629213483146 0.4988095238095238 0.7415730337078652
1 0.5892857142857143 0.7514044943820225 0.5821428571428572 0.7794943820224719 0.65 0.7893258426966292 0.6523809523809524 0.7598314606741573
1 0.09047619047619047 0.3356741573033708 0.15119047619047618 0.3356741573033708 0.1523809523809524 0.3637640449438202 0.09047619047619047 0.36657303370786515