1 0.21904761904761905 0.2050561797752809 0.2 0.2205056179775281 0.24404761904761904 0.27247191011235955 0.26071428571428573 0.2542134831460674
1 0.21785714285714286 0.3398876404494382 0.2 0.3609550561797753 0.25 0.41713483146067415 0.26666666666666666 0.3946629213483146
1 0.34404761904761905 0.6896067415730337 0.33214285714285713 0.7106741573033708 0.37976190476190474 0.7640449438202247 0.3952380952380952 0.7471910112359551
1 0.6107142857142858 0.6404494382022472 0.5916666666666667 0.6629213483146067 0.6440476190476191 0.7205056179775281 0.6595238095238095 0.6966292134831461
1 0.5059523809523809 0.21910112359550563 0.525 0.23735955056179775 0.4845238095238095 0.28651685393258425 0.4607142857142857 0.2654494382022472
1 0.45595238095238094 0.15870786516853932 0.4773809523809524 0.18117977528089887 0.4369047619047619 0.2148876404494382 0.4226190476190476 0.1952247191011236
1 0.5619047619047619 0.1896067415730337 0.5761904761904761 0.17415730337078653 0.6202380952380953 0.21769662921348315 0.6011904761904762 0.23876404494382023
1 0.5976190476190476 0.14325842696629212 0.5821428571428572 0.16151685393258428 0.6226190476190476 0.21207865168539325 0.6392857142857142 0.19382022471910113
1 0.6785714285714286 0.31320224719101125 0.7023809523809523 0.3342696629213483 0.6607142857142857 0.38764044943820225 0.6392857142857142 0.3693820224719101
1 0.7321428571428571 0.25280898876404495 0.75 0.273876404494382 0.7095238095238096 0.31741573033707865 0.6892857142857143 0.300561797752809
1 0.7976190476190477 0.17696629213483145 0.8142857142857143 0.19241573033707865 0.7702380952380953 0.25280898876404495 0.7547619047619047 0.22893258426966293
1 0.8404761904761905 0.12078651685393259 0.805952380952381 0.16292134831460675 0.8226190476190476 0.18258426966292135 0.8607142857142858 0.14325842696629212