1 0.7821428571428571 0.7668539325842697 0.8369047619047619 0.7668539325842697 0.8369047619047619 0.7921348314606742 0.7821428571428571 0.7921348314606742
1 0.6928571428571428 0.7556179775280899 0.7595238095238095 0.7598314606741573 0.7642857142857142 0.7907303370786517 0.6928571428571428 0.7907303370786517
1 0.5226190476190476 0.7514044943820225 0.5964285714285714 0.7514044943820225 0.5964285714285714 0.7865168539325843 0.5226190476190476 0.7865168539325843
1 0.3547619047619048 0.7443820224719101 0.43452380952380953 0.7443820224719101 0.43452380952380953 0.7794943820224719 0.3547619047619048 0.7794943820224719
1 0.27380952380952384 0.6713483146067416 0.34523809523809523 0.6713483146067416 0.34523809523809523 0.702247191011236 0.27380952380952384 0.702247191011236
1 0.14285714285714285 0.7345505617977528 0.2119047619047619 0.7345505617977528 0.2119047619047619 0.7640449438202247 0.14285714285714285 0.7640449438202247
1 0.15476190476190477 0.7780898876404494 0.22142857142857142 0.7780898876404494 0.22142857142857142 0.8075842696629213 0.15476190476190477 0.8075842696629213
1 0.23214285714285715 0.4747191011235955 0.20833333333333334 0.49297752808988765 0.25476190476190474 0.5421348314606742 0.27380952380952384 0.5224719101123596
1 0.19642857142857142 0.2808988764044944 0.22380952380952382 0.2808988764044944 0.22380952380952382 0.35252808988764045 0.19642857142857142 0.35252808988764045
1 0.2357142857142857 0.4508426966292135 0.2630952380952381 0.4339887640449438 0.305952380952381 0.5042134831460674 0.2845238095238095 0.5196629213483146
1 0.2857142857142857 0.4550561797752809 0.30357142857142855 0.43679775280898875 0.35119047619047616 0.48735955056179775 0.32976190476190476 0.5098314606741573
1 0.3404761904761905 0.4550561797752809 0.36547619047619045 0.44241573033707865 0.4011904761904762 0.5056179775280899 0.3773809523809524 0.5182584269662921
1 0.3880952380952381 0.4508426966292135 0.4154761904761905 0.4396067415730337 0.444047619047619 0.5070224719101124 0.42023809523809524 0.5168539325842697
1 0.3238095238095238 0.7837078651685393 0.3892857142857143 0.7851123595505618 0.3892857142857143 0.8160112359550562 0.3238095238095238 0.8160112359550562
4 0.4226190476190476 0.7837078651685393 0.6702380952380952 0.7935393258426966 0.6702380952380952 0.8370786516853933 0.41904761904761906 0.8342696629213483
1 0.4369047619047619 0.75 0.5011904761904762 0.7514044943820225 0.5035714285714286 0.7851123595505618 0.43452380952380953 0.7837078651685393
1 0.19047619047619047 0.4058988764044944 0.1869047619047619 0.47191011235955055 0.21428571428571427 0.47191011235955055 0.21785714285714286 0.40308988764044945
1 0.24285714285714285 0.7724719101123596 0.3119047619047619 0.7808988764044944 0.3047619047619048 0.8202247191011236 0.2392857142857143 0.8103932584269663
1 0.6416666666666667 0.4606741573033708 0.7071428571428572 0.46769662921348315 0.7047619047619048 0.49859550561797755 0.6428571428571429 0.49297752808988765
1 0.7440476190476191 0.4606741573033708 0.8095238095238095 0.4691011235955056 0.8107142857142857 0.5028089887640449 0.7416666666666667 0.4943820224719101
1 0.12380952380952381 0.4747191011235955 0.18452380952380953 0.48174157303370785 0.18095238095238095 0.5140449438202247 0.11785714285714285 0.5056179775280899
1 0.11904761904761904 0.42696629213483145 0.17976190476190476 0.4311797752808989 0.1761904761904762 0.4648876404494382 0.11666666666666667 0.46207865168539325
1 0.23095238095238096 0.32724719101123595 0.23095238095238096 0.39325842696629215 0.25833333333333336 0.3960674157303371 0.2619047619047619 0.3300561797752809
3 0.6761904761904762 0.7879213483146067 0.675 0.8384831460674157 0.8630952380952381 0.8455056179775281 0.8607142857142858 0.7935393258426966