4 0.6083333333333333 0.7640449438202247 0.8416666666666667 0.7640449438202247 0.8416666666666667 0.8047752808988764 0.6083333333333333 0.8047752808988764
0 0.13690476190476192 0.7514044943820225 0.2357142857142857 0.7514044943820225 0.2357142857142857 0.7935393258426966 0.13690476190476192 0.7935393258426966
4 0.29285714285714287 0.2893258426966292 0.31547619047619047 0.30758426966292135 0.2702380952380952 0.3862359550561798 0.24047619047619048 0.3651685393258427
1 0.55 0.43258426966292135 0.6190476190476191 0.43679775280898875 0.6190476190476191 0.46629213483146065 0.5464285714285714 0.46629213483146065
1 0.6238095238095238 0.4339887640449438 0.6916666666666667 0.4339887640449438 0.6916666666666667 0.46207865168539325 0.6238095238095238 0.46207865168539325
1 0.7107142857142857 0.43820224719101125 0.7714285714285715 0.43820224719101125 0.7714285714285715 0.4691011235955056 0.7107142857142857 0.4691011235955056
1 0.7892857142857143 0.4396067415730337 0.8511904761904762 0.44241573033707865 0.8488095238095238 0.47191011235955055 0.7892857142857143 0.47191011235955055
1 0.5178571428571429 0.7640449438202247 0.5880952380952381 0.7640449438202247 0.5880952380952381 0.800561797752809 0.5178571428571429 0.800561797752809
1 0.444047619047619 0.7668539325842697 0.5095238095238095 0.7668539325842697 0.5095238095238095 0.7991573033707865 0.444047619047619 0.7991573033707865
1 0.3607142857142857 0.7668539325842697 0.430952380952381 0.7654494382022472 0.4369047619047619 0.800561797752809 0.3595238095238095 0.8033707865168539
1 0.2619047619047619 0.7640449438202247 0.3416666666666667 0.7640449438202247 0.3416666666666667 0.7949438202247191 0.2619047619047619 0.7949438202247191
1 0.3738095238095238 0.31741573033707865 0.3547619047619048 0.29213483146067415 0.30714285714285716 0.34129213483146065 0.32142857142857145 0.3651685393258427
1 0.23452380952380952 0.2696629213483146 0.25833333333333336 0.28370786516853935 0.22023809523809523 0.33848314606741575 0.2011904761904762 0.31741573033707865
1 0.18095238095238095 0.2148876404494382 0.20833333333333334 0.2303370786516854 0.18214285714285713 0.29213483146067415 0.15119047619047618 0.27247191011235955
1 0.18214285714285713 0.18398876404494383 0.15833333333333333 0.17134831460674158 0.1357142857142857 0.22752808988764045 0.15833333333333333 0.24578651685393257
1 0.25833333333333336 0.2991573033707865 0.22142857142857142 0.34269662921348315 0.24047619047619048 0.3637640449438202 0.2761904761904762 0.31179775280898875
1 0.14047619047619048 0.10955056179775281 0.11666666666666667 0.16853932584269662 0.13690476190476192 0.17837078651685392 0.1630952380952381 0.12078651685393259