1 0.4452380952380952 0.16573033707865167 0.4738095238095238 0.16713483146067415 0.47023809523809523 0.23735955056179775 0.444047619047619 0.23735955056179775
1 0.30357142857142855 0.4241573033707865 0.3380952380952381 0.4803370786516854 0.3595238095238095 0.46348314606741575 0.3261904761904762 0.41151685393258425
1 0.6035714285714285 0.30196629213483145 0.6285714285714286 0.30196629213483145 0.6285714285714286 0.3693820224719101 0.6035714285714285 0.3693820224719101
1 0.7119047619047619 0.2303370786516854 0.7416666666666667 0.23595505617977527 0.7333333333333333 0.30337078651685395 0.7047619047619048 0.300561797752809
1 0.705952380952381 0.3089887640449438 0.7357142857142858 0.3103932584269663 0.7309523809523809 0.375 0.7011904761904761 0.37219101123595505
1 0.7011904761904761 0.3848314606741573 0.7273809523809524 0.38764044943820225 0.7226190476190476 0.46629213483146065 0.6952380952380952 0.46348314606741575
1 0.6952380952380952 0.47752808988764045 0.7238095238095238 0.4803370786516854 0.7214285714285714 0.5688202247191011 0.694047619047619 0.5674157303370787
0 0.6857142857142857 0.5856741573033708 0.7142857142857143 0.5884831460674157 0.7119047619047619 0.7120786516853933 0.6773809523809524 0.7120786516853933
4 0.6785714285714286 0.7331460674157303 0.7107142857142857 0.7387640449438202 0.705952380952381 0.8398876404494382 0.6702380952380952 0.8370786516853933
1 0.5976190476190476 0.6769662921348315 0.6297619047619047 0.6811797752808989 0.6238095238095238 0.7682584269662921 0.5916666666666667 0.7654494382022472
4 0.29523809523809524 0.4887640449438202 0.3619047619047619 0.5561797752808989 0.3821428571428571 0.5224719101123596 0.31666666666666665 0.4592696629213483
1 0.2988095238095238 0.5308988764044944 0.3404761904761905 0.5758426966292135 0.3547619047619048 0.5575842696629213 0.3130952380952381 0.5140449438202247
1 0.2654761904761905 0.5561797752808989 0.3107142857142857 0.5969101123595506 0.325 0.5702247191011236 0.28214285714285714 0.5365168539325843
1 0.22023809523809523 0.6165730337078652 0.2726190476190476 0.6418539325842697 0.28095238095238095 0.6137640449438202 0.22976190476190475 0.5898876404494382
1 0.17142857142857143 0.6390449438202247 0.22380952380952382 0.672752808988764 0.2369047619047619 0.6460674157303371 0.18571428571428572 0.6165730337078652
1 0.11666666666666667 0.6530898876404494 0.17142857142857143 0.6839887640449438 0.18452380952380953 0.6587078651685393 0.1357142857142857 0.6221910112359551
1 0.13452380952380952 0.7752808988764045 0.19523809523809524 0.7921348314606742 0.20714285714285716 0.7570224719101124 0.1392857142857143 0.7401685393258427
1 0.09404761904761905 0.8356741573033708 0.1488095238095238 0.851123595505618 0.1595238095238095 0.8216292134831461 0.10357142857142858 0.8089887640449438