1 0.19285714285714287 0.48174157303370785 0.18928571428571428 0.5168539325842697 0.25476190476190474 0.5196629213483146 0.25595238095238093 0.4887640449438202
1 0.17857142857142858 0.5224719101123596 0.175 0.5547752808988764 0.23452380952380952 0.5603932584269663 0.23809523809523808 0.5294943820224719
1 0.3488095238095238 0.4957865168539326 0.37976190476190474 0.49297752808988765 0.38095238095238093 0.5702247191011236 0.34523809523809523 0.5688202247191011
1 0.4035714285714286 0.5323033707865169 0.4035714285714286 0.5632022471910112 0.4654761904761905 0.5674157303370787 0.4654761904761905 0.5351123595505618
1 0.35714285714285715 0.4592696629213483 0.37023809523809526 0.48735955056179775 0.430952380952381 0.4592696629213483 0.4226190476190476 0.4353932584269663
1 0.38452380952380955 0.4803370786516854 0.38333333333333336 0.5112359550561798 0.44761904761904764 0.5140449438202247 0.4488095238095238 0.476123595505618
1 0.4523809523809524 0.4789325842696629 0.4523809523809524 0.5098314606741573 0.5059523809523809 0.5112359550561798 0.5035714285714286 0.4789325842696629
1 0.4976190476190476 0.5196629213483146 0.49642857142857144 0.550561797752809 0.5583333333333333 0.550561797752809 0.5607142857142857 0.5224719101123596
1 0.5273809523809524 0.47752808988764045 0.525 0.5098314606741573 0.6 0.5112359550561798 0.6011904761904762 0.4747191011235955
1 0.7142857142857143 0.4887640449438202 0.7154761904761905 0.5210674157303371 0.7785714285714286 0.5154494382022472 0.775 0.4859550561797753
1 0.794047619047619 0.48174157303370785 0.7952380952380952 0.5098314606741573 0.8547619047619047 0.5140449438202247 0.8547619047619047 0.48174157303370785
1 0.7166666666666667 0.526685393258427 0.7178571428571429 0.5589887640449438 0.7821428571428571 0.5603932584269663 0.780952380952381 0.5280898876404494
1 0.8130952380952381 0.5308988764044944 0.8130952380952381 0.5617977528089888 0.8797619047619047 0.5646067415730337 0.8785714285714286 0.5323033707865169
1 0.6190476190476191 0.5224719101123596 0.6202380952380953 0.5533707865168539 0.6833333333333333 0.5519662921348315 0.6845238095238095 0.5210674157303371
1 0.5476190476190477 0.375 0.5488095238095239 0.4058988764044944 0.6142857142857143 0.4044943820224719 0.6166666666666667 0.37780898876404495
1 0.4107142857142857 0.36657303370786515 0.4166666666666667 0.3890449438202247 0.4595238095238095 0.3693820224719101 0.4523809523809524 0.3497191011235955
1 0.47619047619047616 0.40870786516853935 0.4726190476190476 0.4339887640449438 0.42142857142857143 0.4311797752808989 0.425 0.4044943820224719
1 0.15476190476190477 0.7710674157303371 0.15357142857142858 0.8019662921348315 0.2226190476190476 0.8061797752808989 0.225 0.7752808988764045
1 0.25357142857142856 0.776685393258427 0.25357142857142856 0.8075842696629213 0.3238095238095238 0.8132022471910112 0.3202380952380952 0.7808988764044944
1 0.33214285714285713 0.7780898876404494 0.3333333333333333 0.8047752808988764 0.3976190476190476 0.8019662921348315 0.3976190476190476 0.773876404494382
1 0.4226190476190476 0.7682584269662921 0.42142857142857143 0.8019662921348315 0.49047619047619045 0.7991573033707865 0.49166666666666664 0.7696629213483146
1 0.5464285714285714 0.7794943820224719 0.5511904761904762 0.8103932584269663 0.6238095238095238 0.8103932584269663 0.6226190476190476 0.7752808988764045
1 0.6583333333333333 0.7837078651685393 0.6583333333333333 0.8132022471910112 0.7226190476190476 0.8146067415730337 0.7214285714285714 0.7808988764044944
1 0.7416666666666667 0.7780898876404494 0.7416666666666667 0.8117977528089888 0.8095238095238095 0.8160112359550562 0.8083333333333333 0.776685393258427
1 0.8273809523809523 0.7640449438202247 0.8285714285714286 0.7963483146067416 0.8940476190476191 0.7963483146067416 0.8916666666666667 0.7640449438202247
1 0.7678571428571429 0.8174157303370787 0.7738095238095238 0.8567415730337079 0.7 0.8539325842696629 0.7035714285714286 0.8202247191011236
1 0.6785714285714286 0.8188202247191011 0.6821428571428572 0.8553370786516854 0.6190476190476191 0.8539325842696629 0.6154761904761905 0.8216292134831461
1 0.5964285714285714 0.8160112359550562 0.5988095238095238 0.8539325842696629 0.5238095238095238 0.8525280898876404 0.5226190476190476 0.8188202247191011
1 0.4083333333333333 0.8146067415730337 0.4095238095238095 0.8497191011235955 0.3416666666666667 0.8567415730337079 0.33690476190476193 0.8258426966292135
1 0.33690476190476193 0.8216292134831461 0.33690476190476193 0.851123595505618 0.2619047619047619 0.8539325842696629 0.2642857142857143 0.8174157303370787
1 0.24285714285714285 0.8146067415730337 0.24166666666666667 0.851123595505618 0.18214285714285713 0.8469101123595506 0.18214285714285713 0.8117977528089888
3 0.41904761904761906 0.8089887640449438 0.4142857142857143 0.8539325842696629 0.5071428571428571 0.8525280898876404 0.5071428571428571 0.8033707865168539
3 0.6178571428571429 0.47331460674157305 0.7011904761904761 0.47191011235955055 0.7035714285714286 0.5098314606741573 0.6202380952380953 0.5098314606741573