1 0.48928571428571427 0.15308988764044945 0.5083333333333333 0.15308988764044945 0.5083333333333333 0.20646067415730338 0.48928571428571427 0.20646067415730338
1 0.48928571428571427 0.3553370786516854 0.5166666666666667 0.35814606741573035 0.5142857142857142 0.425561797752809 0.48928571428571427 0.425561797752809
1 0.4857142857142857 0.44241573033707865 0.5107142857142857 0.44241573033707865 0.5107142857142857 0.5154494382022472 0.4857142857142857 0.5154494382022472
1 0.4869047619047619 0.5997191011235955 0.5119047619047619 0.598314606741573 0.5107142857142857 0.6685393258426966 0.4869047619047619 0.6699438202247191
1 0.5892857142857143 0.6896067415730337 0.6166666666666667 0.6924157303370787 0.6154761904761905 0.7598314606741573 0.5916666666666667 0.7612359550561798
1 0.5857142857142857 0.15168539325842698 0.6154761904761905 0.1502808988764045 0.6166666666666667 0.22331460674157302 0.5892857142857143 0.22331460674157302
1 0.5892857142857143 0.24719101123595505 0.6166666666666667 0.25 0.6190476190476191 0.3258426966292135 0.5880952380952381 0.3258426966292135
1 0.5869047619047619 0.3904494382022472 0.6154761904761905 0.39185393258426965 0.6154761904761905 0.46629213483146065 0.5869047619047619 0.4648876404494382
1 0.6666666666666666 0.23174157303370788 0.6928571428571428 0.23174157303370788 0.6928571428571428 0.3047752808988764 0.6666666666666666 0.3047752808988764
1 0.7666666666666667 0.42696629213483145 0.794047619047619 0.42696629213483145 0.794047619047619 0.4901685393258427 0.7666666666666667 0.4901685393258427
1 0.6619047619047619 0.3258426966292135 0.6845238095238095 0.3904494382022472 0.7130952380952381 0.375 0.6857142857142857 0.31179775280898875
1 0.7892857142857143 0.26825842696629215 0.8464285714285714 0.26825842696629215 0.8464285714285714 0.29353932584269665 0.7892857142857143 0.29353932584269665
1 0.6773809523809524 0.4297752808988764 0.6988095238095238 0.4297752808988764 0.6988095238095238 0.4943820224719101 0.6773809523809524 0.4943820224719101
1 0.7261904761904762 0.4901685393258427 0.7511904761904762 0.4887640449438202 0.7523809523809524 0.5589887640449438 0.7261904761904762 0.5603932584269663
1 0.6702380952380952 0.5884831460674157 0.6988095238095238 0.5884831460674157 0.7 0.6558988764044944 0.6702380952380952 0.6544943820224719
1 0.669047619047619 0.6699438202247191 0.6976190476190476 0.6657303370786517 0.7071428571428572 0.7275280898876404 0.6821428571428572 0.7359550561797753
1 0.7166666666666667 0.7219101123595506 0.7452380952380953 0.7219101123595506 0.7452380952380953 0.7963483146067416 0.7202380952380952 0.7963483146067416
1 0.7464285714285714 0.6811797752808989 0.7773809523809524 0.6910112359550562 0.7976190476190477 0.625 0.7714285714285715 0.6137640449438202
1 0.7642857142857142 0.75 0.7904761904761904 0.7654494382022472 0.8071428571428572 0.6966292134831461 0.7821428571428571 0.6825842696629213
1 0.6642857142857143 0.1446629213483146 0.675 0.2050561797752809 0.7023809523809523 0.19803370786516855 0.6892857142857143 0.13202247191011235
1 0.7571428571428571 0.34129213483146065 0.7690476190476191 0.40870786516853935 0.7988095238095239 0.4058988764044944 0.7869047619047619 0.3342696629213483
1 0.4845238095238095 0.7162921348314607 0.47619047619047616 0.7991573033707865 0.5047619047619047 0.797752808988764 0.5095238095238095 0.7205056179775281