1 0.7607142857142857 0.12219101123595505 0.7845238095238095 0.12219101123595505 0.7833333333333333 0.18258426966292135 0.7619047619047619 0.18258426966292135
1 0.7607142857142857 0.1952247191011236 0.7857142857142857 0.1952247191011236 0.7869047619047619 0.2542134831460674 0.7595238095238095 0.25140449438202245
3 0.7559523809523809 0.324438202247191 0.7952380952380952 0.3258426966292135 0.7952380952380952 0.47331460674157305 0.7547619047619047 0.47191011235955055
1 0.7666666666666667 0.5098314606741573 0.7916666666666666 0.5070224719101124 0.794047619047619 0.5800561797752809 0.7666666666666667 0.5800561797752809
1 0.7702380952380953 0.5912921348314607 0.7964285714285714 0.5912921348314607 0.7964285714285714 0.6671348314606742 0.7702380952380953 0.6671348314606742
1 0.7714285714285715 0.6924157303370787 0.7952380952380952 0.6924157303370787 0.7976190476190477 0.773876404494382 0.7702380952380953 0.7724719101123596
1 0.7726190476190476 0.7837078651685393 0.7976190476190477 0.7837078651685393 0.7976190476190477 0.8637640449438202 0.7726190476190476 0.8637640449438202
1 0.5059523809523809 0.7570224719101124 0.5333333333333333 0.7570224719101124 0.5321428571428571 0.8356741573033708 0.5035714285714286 0.8370786516853933
1 0.513095238095238 0.6629213483146067 0.5345238095238095 0.6657303370786517 0.5333333333333333 0.7359550561797753 0.5059523809523809 0.7359550561797753
1 0.4726190476190476 0.7598314606741573 0.4988095238095238 0.7612359550561798 0.4976190476190476 0.8342696629213483 0.47023809523809523 0.8328651685393258
1 0.4726190476190476 0.6685393258426966 0.4976190476190476 0.6671348314606742 0.5011904761904762 0.7345505617977528 0.47619047619047616 0.7373595505617978
1 0.4869047619047619 0.5660112359550562 0.513095238095238 0.5646067415730337 0.5142857142857142 0.651685393258427 0.4880952380952381 0.6502808988764045
1 0.48928571428571427 0.48174157303370785 0.5119047619047619 0.48174157303370785 0.5107142857142857 0.5547752808988764 0.4880952380952381 0.5491573033707865
1 0.4869047619047619 0.398876404494382 0.5119047619047619 0.4002808988764045 0.5154761904761904 0.4705056179775281 0.49047619047619045 0.4691011235955056
1 0.49523809523809526 0.3146067415730337 0.5226190476190476 0.3146067415730337 0.5226190476190476 0.3862359550561798 0.49642857142857144 0.38202247191011235
1 0.5 0.22612359550561797 0.5261904761904762 0.22752808988764045 0.5238095238095238 0.2991573033707865 0.5 0.2991573033707865
1 0.5047619047619047 0.15730337078651685 0.5273809523809524 0.1601123595505618 0.5238095238095238 0.21769662921348315 0.5023809523809524 0.2148876404494382
1 0.4023809523809524 0.26825842696629215 0.4119047619047619 0.20646067415730338 0.3869047619047619 0.19803370786516855 0.3773809523809524 0.2612359550561798
1 0.4488095238095238 0.12359550561797752 0.47619047619047616 0.12219101123595505 0.4738095238095238 0.18679775280898878 0.45 0.18679775280898878
1 0.4083333333333333 0.449438202247191 0.43333333333333335 0.45365168539325845 0.42738095238095236 0.5168539325842697 0.4035714285714286 0.5168539325842697
1 0.2726190476190476 0.6193820224719101 0.2976190476190476 0.6193820224719101 0.2976190476190476 0.6797752808988764 0.2726190476190476 0.6797752808988764
1 0.1630952380952381 0.4002808988764045 0.18928571428571428 0.40168539325842695 0.18571428571428572 0.46769662921348315 0.16071428571428573 0.46769662921348315
1 0.36428571428571427 0.3637640449438202 0.34523809523809523 0.34269662921348315 0.3869047619047619 0.2893258426966292 0.40595238095238095 0.30758426966292135
3 0.25 0.5786516853932584 0.30952380952380953 0.5786516853932584 0.30952380952380953 0.6095505617977528 0.25 0.6095505617977528
1 0.7642857142857142 0.2556179775280899 0.7619047619047619 0.3202247191011236 0.7857142857142857 0.32303370786516855 0.7880952380952381 0.25842696629213485