1 0.8107142857142857 0.5365168539325843 0.8142857142857143 0.5660112359550562 0.8857142857142857 0.5646067415730337 0.8845238095238095 0.5323033707865169
1 0.7476190476190476 0.39185393258426965 0.75 0.4199438202247191 0.8071428571428572 0.4157303370786517 0.805952380952381 0.3904494382022472
1 0.725 0.4901685393258427 0.7261904761904762 0.5196629213483146 0.7964285714285714 0.523876404494382 0.7952380952380952 0.49157303370786515
1 0.694047619047619 0.5337078651685393 0.694047619047619 0.5646067415730337 0.7571428571428571 0.5632022471910112 0.7559523809523809 0.5351123595505618
1 0.6011904761904762 0.5407303370786517 0.5988095238095238 0.577247191011236 0.6666666666666666 0.5828651685393258 0.6678571428571428 0.5463483146067416
1 0.6511904761904762 0.49297752808988765 0.6511904761904762 0.5196629213483146 0.7083333333333334 0.5182584269662921 0.7083333333333334 0.49157303370786515
1 0.5845238095238096 0.4943820224719101 0.5857142857142857 0.5224719101123596 0.6488095238095238 0.523876404494382 0.6452380952380953 0.49297752808988765
1 0.5595238095238095 0.47331460674157305 0.569047619047619 0.49859550561797755 0.6285714285714286 0.476123595505618 0.6154761904761905 0.4452247191011236
1 0.5535714285714286 0.5814606741573034 0.5797619047619048 0.5800561797752809 0.5726190476190476 0.5042134831460674 0.5476190476190477 0.5070224719101124
1 0.45595238095238094 0.5 0.4523809523809524 0.5351123595505618 0.3869047619047619 0.5252808988764045 0.3904761904761905 0.49157303370786515
1 0.4369047619047619 0.5435393258426966 0.43452380952380953 0.574438202247191 0.3738095238095238 0.5660112359550562 0.3761904761904762 0.5351123595505618
1 0.24404761904761904 0.5140449438202247 0.2369047619047619 0.547752808988764 0.3011904761904762 0.5603932584269663 0.305952380952381 0.5280898876404494
1 0.2845238095238095 0.5168539325842697 0.3107142857142857 0.5196629213483146 0.3142857142857143 0.4410112359550562 0.28809523809523807 0.4396067415730337
1 0.2369047619047619 0.49297752808988765 0.25952380952380955 0.49297752808988765 0.2619047619047619 0.4199438202247191 0.23809523809523808 0.4199438202247191
1 0.1976190476190476 0.4747191011235955 0.22023809523809523 0.4747191011235955 0.22142857142857142 0.40308988764044945 0.1976190476190476 0.4044943820224719
1 0.19047619047619047 0.5617977528089888 0.22023809523809523 0.5603932584269663 0.21666666666666667 0.49297752808988765 0.18928571428571428 0.49157303370786515
1 0.25833333333333336 0.776685393258427 0.25476190476190474 0.8174157303370787 0.32976190476190476 0.8132022471910112 0.3273809523809524 0.7780898876404494
1 0.35595238095238096 0.7879213483146067 0.3535714285714286 0.8146067415730337 0.4261904761904762 0.8146067415730337 0.42857142857142855 0.7879213483146067
1 0.45714285714285713 0.7893258426966292 0.4583333333333333 0.8258426966292135 0.5285714285714286 0.827247191011236 0.5285714285714286 0.7893258426966292
1 0.5380952380952381 0.7851123595505618 0.5380952380952381 0.8160112359550562 0.6023809523809524 0.8132022471910112 0.6035714285714285 0.7865168539325843
1 0.8047619047619048 0.827247191011236 0.8023809523809524 0.8651685393258427 0.7309523809523809 0.8609550561797753 0.7297619047619047 0.824438202247191
1 0.6142857142857143 0.8258426966292135 0.6154761904761905 0.8595505617977528 0.5523809523809524 0.8637640449438202 0.55 0.8356741573033708
1 0.444047619047619 0.8286516853932584 0.444047619047619 0.8609550561797753 0.38452380952380955 0.8609550561797753 0.38452380952380955 0.8314606741573034
1 0.2702380952380952 0.8300561797752809 0.2726190476190476 0.8623595505617978 0.19523809523809524 0.8637640449438202 0.19642857142857142 0.827247191011236
3 0.16904761904761906 0.8216292134831461 0.17023809523809524 0.8567415730337079 0.10952380952380952 0.8553370786516854 0.10714285714285714 0.8216292134831461
1 0.1619047619047619 0.7837078651685393 0.1619047619047619 0.8202247191011236 0.10714285714285714 0.8132022471910112 0.10833333333333334 0.776685393258427
1 0.175 0.7808988764044944 0.1773809523809524 0.8188202247191011 0.25 0.824438202247191 0.2523809523809524 0.7837078651685393
3 0.7095238095238096 0.8216292134831461 0.7107142857142857 0.8553370786516854 0.6238095238095238 0.8581460674157303 0.6190476190476191 0.8146067415730337
1 0.6011904761904762 0.37640449438202245 0.611904761904762 0.40308988764044945 0.6595238095238095 0.38342696629213485 0.6523809523809524 0.3609550561797753
1 0.14642857142857144 0.3202247191011236 0.17261904761904762 0.3202247191011236 0.175 0.2598314606741573 0.14761904761904762 0.2598314606741573
1 0.19166666666666668 0.30758426966292135 0.21904761904761905 0.3061797752808989 0.21904761904761905 0.3848314606741573 0.19166666666666668 0.3848314606741573
1 0.6285714285714286 0.7808988764044944 0.6952380952380952 0.7808988764044944 0.6952380952380952 0.8117977528089888 0.6285714285714286 0.8117977528089888
1 0.7535714285714286 0.7851123595505618 0.8202380952380952 0.7851123595505618 0.8202380952380952 0.8174157303370787 0.7535714285714286 0.8174157303370787
1 0.23452380952380952 0.5674157303370787 0.2988095238095238 0.5702247191011236 0.2976190476190476 0.5997191011235955 0.23333333333333334 0.601123595505618
1 0.4714285714285714 0.8258426966292135 0.5416666666666666 0.827247191011236 0.5416666666666666 0.8665730337078652 0.47619047619047616 0.8665730337078652
1 0.8154761904761905 0.8230337078651685 0.8178571428571428 0.8651685393258427 0.8797619047619047 0.8637640449438202 0.8821428571428571 0.8230337078651685