3 0.6285714285714286 0.3258426966292135 0.825 0.3693820224719101 0.819047619047619 0.41292134831460675 0.6226190476190476 0.36657303370786515
4 0.5833333333333334 0.37780898876404495 0.5761904761904761 0.4199438202247191 0.8202380952380952 0.47331460674157305 0.825 0.4339887640449438
3 0.39404761904761904 0.3455056179775281 0.4773809523809524 0.36797752808988765 0.47023809523809523 0.4002808988764045 0.3892857142857143 0.3806179775280899
1 0.8023809523809524 0.5575842696629213 0.7916666666666666 0.6334269662921348 0.819047619047619 0.6404494382022472 0.8285714285714286 0.5617977528089888
1 0.7833333333333333 0.16573033707865167 0.7773809523809524 0.19803370786516855 0.8380952380952381 0.2205056179775281 0.8476190476190476 0.18398876404494383
1 0.7547619047619047 0.3047752808988764 0.7476190476190476 0.3356741573033708 0.8142857142857143 0.3553370786516854 0.8202380952380952 0.32162921348314605
1 0.5892857142857143 0.25842696629213485 0.5845238095238096 0.29213483146067415 0.6511904761904762 0.3103932584269663 0.6595238095238095 0.27668539325842695
1 0.3964285714285714 0.21067415730337077 0.39285714285714285 0.24297752808988765 0.45476190476190476 0.25842696629213485 0.46190476190476193 0.22752808988764045
1 0.44166666666666665 0.28792134831460675 0.4357142857142857 0.32303370786516855 0.4976190476190476 0.34129213483146065 0.5035714285714286 0.3089887640449438
1 0.22738095238095238 0.1853932584269663 0.22142857142857142 0.21769662921348315 0.2857142857142857 0.23314606741573032 0.2916666666666667 0.19662921348314608
1 0.09642857142857143 0.14185393258426968 0.1488095238095238 0.15730337078651685 0.14047619047619048 0.18679775280898878 0.08928571428571429 0.17415730337078653
1 0.19523809523809524 0.2303370786516854 0.19047619047619047 0.25842696629213485 0.12738095238095237 0.2443820224719101 0.13095238095238096 0.21207865168539325
0 0.23452380952380952 0.29775280898876405 0.23095238095238096 0.33707865168539325 0.13452380952380952 0.31179775280898875 0.14166666666666666 0.273876404494382