1 0.6392857142857142 0.28370786516853935 0.6654761904761904 0.27668539325842695 0.680952380952381 0.34831460674157305 0.6535714285714286 0.351123595505618
1 0.7202380952380952 0.3258426966292135 0.7523809523809524 0.3160112359550562 0.7773809523809524 0.3806179775280899 0.7476190476190476 0.39325842696629215
1 0.7773809523809524 0.34691011235955055 0.8 0.3398876404494382 0.8130952380952381 0.39325842696629215 0.794047619047619 0.39747191011235955
1 0.8666666666666667 0.33146067415730335 0.9095238095238095 0.40168539325842695 0.8821428571428571 0.42275280898876405 0.8404761904761905 0.35674157303370785
1 0.594047619047619 0.17696629213483145 0.6214285714285714 0.17696629213483145 0.6214285714285714 0.2443820224719101 0.594047619047619 0.2443820224719101
1 0.8035714285714286 0.4887640449438202 0.7797619047619048 0.476123595505618 0.75 0.5323033707865169 0.7773809523809524 0.5491573033707865
1 0.638095238095238 0.4410112359550562 0.6964285714285714 0.4410112359550562 0.6964285714285714 0.47191011235955055 0.638095238095238 0.47191011235955055
0 0.5845238095238096 0.2991573033707865 0.625 0.29775280898876405 0.6261904761904762 0.4789325842696629 0.5880952380952381 0.47752808988764045
0 0.5297619047619048 0.28792134831460675 0.569047619047619 0.28792134831460675 0.5654761904761905 0.4592696629213483 0.5261904761904762 0.4592696629213483
4 0.6845238095238095 0.5294943820224719 0.6726190476190477 0.5660112359550562 0.7583333333333333 0.5955056179775281 0.7654761904761904 0.5533707865168539
0 0.7964285714285714 0.5688202247191011 0.8797619047619047 0.5688202247191011 0.8797619047619047 0.6025280898876404 0.7964285714285714 0.6025280898876404
3 0.4166666666666667 0.42134831460674155 0.4380952380952381 0.4438202247191011 0.38571428571428573 0.5168539325842697 0.3595238095238095 0.4887640449438202
0 0.2357142857142857 0.49297752808988765 0.2392857142857143 0.5308988764044944 0.3357142857142857 0.5168539325842697 0.33214285714285713 0.4803370786516854
1 0.1488095238095238 0.4943820224719101 0.225 0.4943820224719101 0.225 0.526685393258427 0.1488095238095238 0.526685393258427
1 0.11785714285714285 0.1544943820224719 0.1392857142857143 0.1544943820224719 0.1392857142857143 0.21910112359550563 0.11785714285714285 0.21910112359550563
1 0.41309523809523807 0.1446629213483146 0.4095238095238095 0.1699438202247191 0.46785714285714286 0.1853932584269663 0.4738095238095238 0.15730337078651685
1 0.75 0.46207865168539325 0.7178571428571429 0.5210674157303371 0.7404761904761905 0.5379213483146067 0.7726190476190476 0.4803370786516854
1 0.8333333333333334 0.4803370786516854 0.794047619047619 0.5337078651685393 0.8154761904761905 0.5575842696629213 0.8547619047619047 0.5
1 0.825 0.8160112359550562 0.8797619047619047 0.8160112359550562 0.8797619047619047 0.8525280898876404 0.825 0.8525280898876404