1 0.175 0.16151685393258428 0.20238095238095238 0.14325842696629212 0.24404761904761904 0.20926966292134833 0.21785714285714286 0.2303370786516854
1 0.2654761904761905 0.23735955056179775 0.2976190476190476 0.3146067415730337 0.26666666666666666 0.33286516853932585 0.23452380952380952 0.2542134831460674
1 0.3392857142857143 0.41151685393258425 0.3773809523809524 0.48735955056179775 0.3523809523809524 0.5070224719101124 0.3142857142857143 0.4297752808988764
1 0.38452380952380955 0.5014044943820225 0.42738095238095236 0.5716292134831461 0.4011904761904762 0.5926966292134831 0.35714285714285715 0.5252808988764045
1 0.5166666666666667 0.4747191011235955 0.5273809523809524 0.5646067415730337 0.49523809523809526 0.5688202247191011 0.4857142857142857 0.4803370786516854
1 0.44285714285714284 0.4002808988764045 0.44761904761904764 0.4901685393258427 0.48214285714285715 0.4887640449438202 0.4726190476190476 0.3946629213483146
1 0.3976190476190476 0.3258426966292135 0.40714285714285714 0.41853932584269665 0.4392857142857143 0.4143258426966292 0.4261904761904762 0.32303370786516855
1 0.6845238095238095 0.7415730337078652 0.7297619047619047 0.8230337078651685 0.7547619047619047 0.8061797752808989 0.7095238095238096 0.7191011235955056
1 0.7511904761904762 0.7050561797752809 0.7892857142857143 0.7794943820224719 0.7607142857142857 0.7991573033707865 0.725 0.7247191011235955
1 0.125 0.7036516853932584 0.16071428571428573 0.7710674157303371 0.1380952380952381 0.7879213483146067 0.1 0.7176966292134831
1 0.26666666666666666 0.10814606741573034 0.30238095238095236 0.17696629213483145 0.32857142857142857 0.16151685393258428 0.29404761904761906 0.09129213483146068