1 0.1869047619047619 0.1952247191011236 0.23095238095238096 0.25842696629213485 0.2523809523809524 0.24297752808988765 0.2130952380952381 0.17415730337078653
1 0.1357142857142857 0.33146067415730335 0.17261904761904762 0.39325842696629215 0.19285714285714287 0.3806179775280899 0.1595238095238095 0.3146067415730337
1 0.19285714285714287 0.31320224719101125 0.22738095238095238 0.3806179775280899 0.2523809523809524 0.3651685393258427 0.21666666666666667 0.29634831460674155
1 0.25 0.300561797752809 0.2833333333333333 0.3595505617977528 0.30357142857142855 0.3455056179775281 0.26904761904761904 0.2851123595505618
1 0.3011904761904762 0.3946629213483146 0.34285714285714286 0.45646067415730335 0.3619047619047619 0.43820224719101125 0.325 0.37359550561797755
1 0.11904761904761904 0.40870786516853935 0.15714285714285714 0.47331460674157305 0.1738095238095238 0.45224719101123595 0.1357142857142857 0.3946629213483146
1 0.19047619047619047 0.5323033707865169 0.23452380952380952 0.5926966292134831 0.25595238095238093 0.574438202247191 0.2154761904761905 0.5126404494382022
1 0.2357142857142857 0.49719101123595505 0.27380952380952384 0.5603932584269663 0.2976190476190476 0.5449438202247191 0.25476190476190474 0.48174157303370785
1 0.29642857142857143 0.4789325842696629 0.3345238095238095 0.5407303370786517 0.35595238095238096 0.523876404494382 0.31666666666666665 0.4606741573033708
1 0.26071428571428573 0.625 0.2988095238095238 0.6853932584269663 0.31547619047619047 0.672752808988764 0.27976190476190477 0.6109550561797753
1 0.3261904761904762 0.7148876404494382 0.36904761904761907 0.7696629213483146 0.3892857142857143 0.7556179775280899 0.3488095238095238 0.6910112359550562
1 0.39285714285714285 0.6376404494382022 0.43452380952380953 0.7078651685393258 0.45595238095238094 0.6882022471910112 0.4142857142857143 0.6207865168539326
1 0.4642857142857143 0.26685393258426965 0.5059523809523809 0.3258426966292135 0.5261904761904762 0.30758426966292135 0.48333333333333334 0.24859550561797752
1 0.5880952380952381 0.4157303370786517 0.6309523809523809 0.4803370786516854 0.6511904761904762 0.46207865168539325 0.6071428571428571 0.39747191011235955
1 0.7333333333333333 0.5168539325842697 0.7738095238095238 0.5758426966292135 0.7952380952380952 0.5575842696629213 0.7523809523809524 0.49719101123595505
1 0.4988095238095238 0.6558988764044944 0.5583333333333333 0.6558988764044944 0.5547619047619048 0.6264044943820225 0.5 0.6306179775280899
1 0.5619047619047619 0.6081460674157303 0.6011904761904762 0.6573033707865169 0.6178571428571429 0.6334269662921348 0.5785714285714286 0.5856741573033708
1 0.4630952380952381 0.7668539325842697 0.49404761904761907 0.8075842696629213 0.5119047619047619 0.7935393258426966 0.4785714285714286 0.7485955056179775
1 0.37976190476190474 0.8202247191011236 0.4261904761904762 0.8721910112359551 0.44285714285714284 0.8539325842696629 0.4011904761904762 0.800561797752809
1 0.5488095238095239 0.7668539325842697 0.5642857142857143 0.7893258426966292 0.6166666666666667 0.75 0.5976190476190476 0.726123595505618
1 0.6678571428571428 0.7457865168539326 0.7071428571428572 0.8019662921348315 0.7238095238095238 0.7865168539325843 0.6857142857142857 0.7247191011235955
1 0.7595238095238095 0.7921348314606742 0.794047619047619 0.8539325842696629 0.8178571428571428 0.8384831460674157 0.7785714285714286 0.7752808988764045
1 0.6476190476190476 0.8216292134831461 0.680952380952381 0.8778089887640449 0.7035714285714286 0.8623595505617978 0.6726190476190477 0.8033707865168539
0 0.5202380952380953 0.7191011235955056 0.5190476190476191 0.6769662921348315 0.5964285714285714 0.675561797752809 0.6023809523809524 0.7092696629213483
4 0.7404761904761905 0.6671348314606742 0.7952380952380952 0.7570224719101124 0.8202380952380952 0.7331460674157303 0.7654761904761904 0.6446629213483146
3 0.29285714285714287 0.5884831460674157 0.33214285714285713 0.6558988764044944 0.35833333333333334 0.6376404494382022 0.31547619047619047 0.5688202247191011
3 0.5488095238095239 0.46207865168539325 0.594047619047619 0.5308988764044944 0.6130952380952381 0.5098314606741573 0.5702380952380952 0.4438202247191011
1 0.3392857142857143 0.12780898876404495 0.37976190476190474 0.1896067415730337 0.39880952380952384 0.17134831460674158 0.3619047619047619 0.10674157303370786
3 0.40714285714285714 0.1151685393258427 0.4523809523809524 0.1853932584269663 0.475 0.16573033707865167 0.430952380952381 0.09691011235955056