1 0.29285714285714287 0.3946629213483146 0.3333333333333333 0.3946629213483146 0.33095238095238094 0.42134831460674155 0.2904761904761905 0.41853932584269665
1 0.6928571428571428 0.5828651685393258 0.7535714285714286 0.5842696629213483 0.7535714285714286 0.6165730337078652 0.694047619047619 0.6137640449438202
1 0.5357142857142857 0.5758426966292135 0.6023809523809524 0.5800561797752809 0.6011904761904762 0.6123595505617978 0.5333333333333333 0.6067415730337079
1 0.6404761904761904 0.6362359550561798 0.7214285714285714 0.6418539325842697 0.7214285714285714 0.6783707865168539 0.638095238095238 0.672752808988764
1 0.36904761904761907 0.5575842696629213 0.43452380952380953 0.5603932584269663 0.430952380952381 0.5955056179775281 0.36666666666666664 0.5912921348314607
1 0.21904761904761905 0.5955056179775281 0.2857142857142857 0.5969101123595506 0.2869047619047619 0.6320224719101124 0.21785714285714286 0.6278089887640449
1 0.2261904761904762 0.7036516853932584 0.29523809523809524 0.7036516853932584 0.29523809523809524 0.7387640449438202 0.2261904761904762 0.7387640449438202
1 0.37023809523809526 0.7008426966292135 0.44047619047619047 0.7078651685393258 0.4392857142857143 0.7443820224719101 0.36904761904761907 0.7387640449438202
1 0.36547619047619045 0.7682584269662921 0.43452380952380953 0.7682584269662921 0.43452380952380953 0.8061797752808989 0.36547619047619045 0.8061797752808989
1 0.4607142857142857 0.8019662921348315 0.5285714285714286 0.8019662921348315 0.5285714285714286 0.8384831460674157 0.4607142857142857 0.8384831460674157
1 0.5857142857142857 0.7963483146067416 0.6440476190476191 0.7963483146067416 0.6440476190476191 0.8300561797752809 0.5857142857142857 0.8300561797752809
1 0.6821428571428572 0.7963483146067416 0.7464285714285714 0.797752808988764 0.7440476190476191 0.8300561797752809 0.680952380952381 0.824438202247191
4 0.7821428571428571 0.8033707865168539 0.9011904761904762 0.8117977528089888 0.9047619047619048 0.8553370786516854 0.7821428571428571 0.8469101123595506
1 0.19523809523809524 0.8300561797752809 0.26071428571428573 0.8328651685393258 0.26071428571428573 0.8637640449438202 0.19523809523809524 0.8637640449438202
1 0.305952380952381 0.8384831460674157 0.3738095238095238 0.8412921348314607 0.3773809523809524 0.875 0.305952380952381 0.875
4 0.6988095238095238 0.42837078651685395 0.9297619047619048 0.44803370786516855 0.9238095238095239 0.49719101123595505 0.6952380952380952 0.47191011235955055
4 0.4119047619047619 0.4845505617977528 0.6440476190476191 0.49719101123595505 0.6404761904761904 0.5491573033707865 0.4083333333333333 0.5365168539325843
4 0.09642857142857143 0.7626404494382022 0.3404761904761905 0.7724719101123596 0.3392857142857143 0.8216292134831461 0.09285714285714286 0.8089887640449438