1 0.6738095238095239 0.6558988764044944 0.6261904761904762 0.5884831460674157 0.6523809523809524 0.5688202247191011 0.6928571428571428 0.6376404494382022
1 0.580952380952381 0.723314606741573 0.5428571428571428 0.6643258426966292 0.5607142857142857 0.6460674157303371 0.6 0.702247191011236
1 0.5071428571428571 0.6938202247191011 0.46904761904761905 0.6278089887640449 0.48928571428571427 0.6095505617977528 0.530952380952381 0.6741573033707865
1 0.44285714285714284 0.5098314606741573 0.4035714285714286 0.44803370786516855 0.4226190476190476 0.4311797752808989 0.4630952380952381 0.49297752808988765
1 0.23214285714285715 0.3398876404494382 0.1988095238095238 0.2851123595505618 0.22142857142857142 0.26825842696629215 0.25476190476190474 0.324438202247191
1 0.2726190476190476 0.324438202247191 0.2392857142857143 0.26264044943820225 0.25833333333333336 0.24859550561797752 0.29523809523809524 0.30758426966292135
1 0.28095238095238095 0.25280898876404495 0.2392857142857143 0.1896067415730337 0.2619047619047619 0.17275280898876405 0.30238095238095236 0.2345505617977528
1 0.2 0.19662921348314608 0.1595238095238095 0.13342696629213482 0.17976190476190476 0.11657303370786516 0.22142857142857142 0.17696629213483145
1 0.34404761904761905 0.2598314606741573 0.30833333333333335 0.20224719101123595 0.3261904761904762 0.18820224719101122 0.3619047619047619 0.2443820224719101
1 0.30357142857142855 0.19382022471910113 0.2654761904761905 0.13342696629213482 0.2857142857142857 0.11797752808988764 0.32261904761904764 0.17837078651685392
1 0.8988095238095238 0.324438202247191 0.8488095238095238 0.37640449438202245 0.8702380952380953 0.40168539325842695 0.9166666666666666 0.3497191011235955