1 0.2523809523809524 0.1699438202247191 0.24523809523809523 0.20224719101123595 0.30952380952380953 0.21769662921348315 0.31666666666666665 0.18398876404494383
1 0.12023809523809524 0.15308988764044945 0.11428571428571428 0.18258426966292135 0.175 0.19803370786516855 0.18214285714285713 0.16853932584269662
1 0.4154761904761905 0.20926966292134833 0.4107142857142857 0.2401685393258427 0.48333333333333334 0.2556179775280899 0.4869047619047619 0.2247191011235955
1 0.5535714285714286 0.24578651685393257 0.55 0.27808988764044945 0.6130952380952381 0.29353932584269665 0.6202380952380953 0.2556179775280899
1 0.7416666666666667 0.15870786516853932 0.736904761904762 0.1952247191011236 0.8083333333333333 0.20646067415730338 0.8119047619047619 0.17275280898876405
1 0.7023809523809523 0.2808988764044944 0.6952380952380952 0.3146067415730337 0.763095238095238 0.33286516853932585 0.7666666666666667 0.2991573033707865
1 0.8464285714285714 0.37219101123595505 0.8892857142857142 0.38764044943820225 0.8869047619047619 0.41853932584269665 0.8380952380952381 0.4044943820224719
1 0.8428571428571429 0.5519662921348315 0.8702380952380953 0.5561797752808989 0.8583333333333333 0.6362359550561798 0.8333333333333334 0.6278089887640449
1 0.3142857142857143 0.25 0.3107142857142857 0.28230337078651685 0.36666666666666664 0.2949438202247191 0.3726190476190476 0.26264044943820225
1 0.11904761904761904 0.20646067415730338 0.17976190476190476 0.21910112359550563 0.17142857142857143 0.2542134831460674 0.1130952380952381 0.23876404494382023
3 0.3130952380952381 0.3146067415730337 0.39285714285714285 0.3356741573033708 0.3880952380952381 0.37359550561797755 0.305952380952381 0.3595505617977528
3 0.46904761904761905 0.273876404494382 0.6547619047619048 0.32303370786516855 0.6511904761904762 0.36657303370786515 0.4595238095238095 0.3202247191011236
4 0.7214285714285714 0.39747191011235955 0.7142857142857143 0.4396067415730337 0.4738095238095238 0.3890449438202247 0.48214285714285715 0.34691011235955055
0 0.1880952380952381 0.2794943820224719 0.1773809523809524 0.3188202247191011 0.05 0.28230337078651685 0.06190476190476191 0.24297752808988765