1 0.2654761904761905 0.24859550561797752 0.29404761904761906 0.24297752808988765 0.29523809523809524 0.32865168539325845 0.26666666666666666 0.3300561797752809
1 0.4452380952380952 0.25140449438202245 0.4738095238095238 0.23314606741573032 0.5071428571428571 0.30758426966292135 0.4785714285714286 0.32162921348314605
1 0.5047619047619047 0.22893258426966293 0.530952380952381 0.22612359550561797 0.5333333333333333 0.30337078651685395 0.5059523809523809 0.3061797752808989
1 0.3357142857142857 0.25280898876404495 0.36547619047619045 0.25140449438202245 0.36547619047619045 0.32303370786516855 0.3357142857142857 0.32303370786516855
1 0.15 0.2598314606741573 0.1761904761904762 0.25842696629213485 0.1761904761904762 0.33848314606741575 0.15 0.33848314606741575
1 0.4107142857142857 0.33848314606741575 0.47619047619047616 0.33848314606741575 0.4773809523809524 0.3707865168539326 0.4119047619047619 0.37359550561797755
1 0.3202380952380952 0.3455056179775281 0.3904761904761905 0.3356741573033708 0.3952380952380952 0.3707865168539326 0.3261904761904762 0.38202247191011235
1 0.5523809523809524 0.3398876404494382 0.6273809523809524 0.33848314606741575 0.6273809523809524 0.37780898876404495 0.5523809523809524 0.37780898876404495
1 0.6321428571428571 0.33707865168539325 0.7 0.33848314606741575 0.6988095238095238 0.375 0.6321428571428571 0.375
1 0.7011904761904761 0.3356741573033708 0.7678571428571429 0.3342696629213483 0.7690476190476191 0.36657303370786515 0.7011904761904761 0.37219101123595505
1 0.7702380952380953 0.3356741573033708 0.8392857142857143 0.3342696629213483 0.8380952380952381 0.3693820224719101 0.7714285714285715 0.37359550561797755
1 0.8404761904761905 0.33286516853932585 0.9130952380952381 0.32865168539325845 0.9130952380952381 0.36657303370786515 0.8428571428571429 0.3693820224719101
1 0.43214285714285716 0.48735955056179775 0.5095238095238095 0.48735955056179775 0.5095238095238095 0.5252808988764045 0.43214285714285716 0.5252808988764045
1 0.594047619047619 0.476123595505618 0.669047619047619 0.476123595505618 0.6666666666666666 0.5112359550561798 0.594047619047619 0.5126404494382022
1 0.6952380952380952 0.47752808988764045 0.7678571428571429 0.4789325842696629 0.7678571428571429 0.5140449438202247 0.6952380952380952 0.5154494382022472
1 0.7904761904761904 0.48174157303370785 0.8630952380952381 0.48174157303370785 0.8630952380952381 0.5182584269662921 0.7904761904761904 0.5182584269662921
1 0.594047619047619 0.5421348314606742 0.6726190476190477 0.5393258426966292 0.6714285714285714 0.574438202247191 0.5964285714285714 0.574438202247191
1 0.6857142857142857 0.5660112359550562 0.7559523809523809 0.5646067415730337 0.7559523809523809 0.601123595505618 0.6880952380952381 0.5997191011235955
1 0.7559523809523809 0.5716292134831461 0.8238095238095238 0.5688202247191011 0.8238095238095238 0.6067415730337079 0.7559523809523809 0.6025280898876404
1 0.8345238095238096 0.5660112359550562 0.9107142857142857 0.5660112359550562 0.9107142857142857 0.601123595505618 0.8345238095238096 0.5997191011235955
1 0.12261904761904761 0.5828651685393258 0.18928571428571428 0.5828651685393258 0.18928571428571428 0.6137640449438202 0.12261904761904761 0.6137640449438202
1 0.2 0.5814606741573034 0.2654761904761905 0.5814606741573034 0.2654761904761905 0.6137640449438202 0.2 0.6137640449438202
1 0.2785714285714286 0.5800561797752809 0.35 0.5786516853932584 0.3476190476190476 0.6123595505617978 0.2785714285714286 0.6151685393258427
1 0.525 0.574438202247191 0.5952380952380952 0.574438202247191 0.5928571428571429 0.6095505617977528 0.5238095238095238 0.6067415730337079
1 0.6297619047619047 0.6109550561797753 0.6630952380952381 0.6109550561797753 0.6607142857142857 0.6952247191011236 0.6297619047619047 0.6938202247191011
1 0.42023809523809524 0.574438202247191 0.49404761904761907 0.5716292134831461 0.49404761904761907 0.6137640449438202 0.41904761904761906 0.6123595505617978