4 0.2761904761904762 0.5210674157303371 0.48928571428571427 0.425561797752809 0.5035714285714286 0.4691011235955056 0.30238095238095236 0.5730337078651685
1 0.3047619047619048 0.6825842696629213 0.35833333333333334 0.6502808988764045 0.36904761904761907 0.6783707865168539 0.3142857142857143 0.7120786516853933
1 0.555952380952381 0.6095505617977528 0.6226190476190476 0.5688202247191011 0.6357142857142857 0.5997191011235955 0.5678571428571428 0.6390449438202247
1 0.6357142857142857 0.6629213483146067 0.7 0.6235955056179775 0.7142857142857143 0.6587078651685393 0.6523809523809524 0.6938202247191011
3 0.5476190476190477 0.7949438202247191 0.6214285714285714 0.7443820224719101 0.6357142857142857 0.7794943820224719 0.5595238095238095 0.8286516853932584
1 0.7309523809523809 0.6882022471910112 0.7452380952380953 0.7191011235955056 0.6916666666666667 0.7528089887640449 0.6761904761904762 0.723314606741573
1 0.7928571428571428 0.6348314606741573 0.8535714285714285 0.5997191011235955 0.8630952380952381 0.6264044943820225 0.8035714285714286 0.6657303370786517
4 0.7345238095238096 0.27668539325842695 0.9083333333333333 0.16853932584269662 0.9273809523809524 0.20786516853932585 0.7535714285714286 0.3146067415730337
4 0.6583333333333333 0.8019662921348315 0.7238095238095238 0.7598314606741573 0.7357142857142858 0.7935393258426966 0.6714285714285714 0.8300561797752809
1 0.8285714285714286 0.7626404494382022 0.888095238095238 0.7219101123595506 0.9035714285714286 0.7514044943820225 0.8404761904761905 0.7921348314606742
4 0.24761904761904763 0.601123595505618 0.22976190476190475 0.5603932584269663 0.058333333333333334 0.6573033707865169 0.07261904761904762 0.7064606741573034
1 0.49166666666666664 0.23314606741573032 0.4666666666666667 0.1797752808988764 0.44761904761904764 0.19101123595505617 0.4738095238095238 0.24859550561797752