1 0.5785714285714286 0.1404494382022472 0.6047619047619047 0.13904494382022473 0.6059523809523809 0.20786516853932585 0.5773809523809523 0.20926966292134833
1 0.725 0.20084269662921347 0.75 0.20084269662921347 0.75 0.2612359550561798 0.725 0.2612359550561798
1 0.7238095238095238 0.28370786516853935 0.7523809523809524 0.28370786516853935 0.7523809523809524 0.34129213483146065 0.7238095238095238 0.34129213483146065
1 0.5714285714285714 0.21769662921348315 0.5916666666666667 0.21769662921348315 0.5952380952380952 0.29213483146067415 0.569047619047619 0.2907303370786517
1 0.5726190476190476 0.30337078651685395 0.5952380952380952 0.30337078651685395 0.5976190476190476 0.37219101123595505 0.5714285714285714 0.37359550561797755
1 0.725 0.36657303370786515 0.7523809523809524 0.3651685393258427 0.7523809523809524 0.4353932584269663 0.7261904761904762 0.43258426966292135
1 0.5702380952380952 0.38764044943820225 0.594047619047619 0.3890449438202247 0.5976190476190476 0.46207865168539325 0.5726190476190476 0.46348314606741575
1 0.725 0.44803370786516855 0.7547619047619047 0.4438202247191011 0.7571428571428571 0.5252808988764045 0.7285714285714285 0.5252808988764045
1 0.5714285714285714 0.48735955056179775 0.5988095238095238 0.4859550561797753 0.6023809523809524 0.5519662921348315 0.5714285714285714 0.5561797752808989
1 0.7297619047619047 0.5533707865168539 0.7583333333333333 0.5519662921348315 0.7607142857142857 0.625 0.7309523809523809 0.625
1 0.7309523809523809 0.6573033707865169 0.7595238095238095 0.6573033707865169 0.7595238095238095 0.7317415730337079 0.7321428571428571 0.7317415730337079
1 0.5666666666666667 0.5702247191011236 0.5988095238095238 0.5660112359550562 0.5976190476190476 0.648876404494382 0.5666666666666667 0.648876404494382
1 0.5619047619047619 0.6699438202247191 0.5916666666666667 0.6671348314606742 0.5964285714285714 0.7387640449438202 0.5666666666666667 0.7415730337078652
1 0.5654761904761905 0.7696629213483146 0.5916666666666667 0.7696629213483146 0.5916666666666667 0.8441011235955056 0.5654761904761905 0.8441011235955056
1 0.7309523809523809 0.7949438202247191 0.7607142857142857 0.7949438202247191 0.7607142857142857 0.8707865168539326 0.7309523809523809 0.8707865168539326