1 0.1869047619047619 0.3693820224719101 0.1380952380952381 0.31320224719101125 0.1619047619047619 0.28651685393258425 0.20714285714285716 0.34269662921348315
1 0.2523809523809524 0.8679775280898876 0.2357142857142857 0.8426966292134831 0.2869047619047619 0.7837078651685393 0.3047619047619048 0.8089887640449438
1 0.3630952380952381 0.7443820224719101 0.34285714285714286 0.7205056179775281 0.4011904761904762 0.6615168539325843 0.41785714285714287 0.6811797752808989
1 0.4928571428571429 0.7485955056179775 0.46904761904761905 0.7289325842696629 0.5202380952380953 0.6671348314606742 0.5404761904761904 0.6910112359550562
1 0.513095238095238 0.6474719101123596 0.49166666666666664 0.6264044943820225 0.5380952380952381 0.5702247191011236 0.5619047619047619 0.5955056179775281
1 0.6476190476190476 0.5730337078651685 0.6285714285714286 0.547752808988764 0.6761904761904762 0.4943820224719101 0.7 0.5168539325842697
1 0.5214285714285715 0.47752808988764045 0.5095238095238095 0.4508426966292135 0.5654761904761905 0.41151685393258425 0.5797619047619048 0.43258426966292135
1 0.6702380952380952 0.47752808988764045 0.6488095238095238 0.4550561797752809 0.6988095238095238 0.3946629213483146 0.7214285714285714 0.41853932584269665
1 0.6297619047619047 0.38764044943820225 0.6071428571428571 0.3651685393258427 0.6535714285714286 0.3146067415730337 0.6702380952380952 0.3342696629213483
1 0.8 0.4058988764044944 0.7761904761904762 0.38202247191011235 0.8261904761904761 0.3258426966292135 0.844047619047619 0.35252808988764045
1 0.9071428571428571 0.17415730337078653 0.8523809523809524 0.22893258426966293 0.8726190476190476 0.2542134831460674 0.9285714285714286 0.199438202247191