1 0.2904761904761905 0.44803370786516855 0.33214285714285713 0.44803370786516855 0.33214285714285713 0.476123595505618 0.2904761904761905 0.476123595505618
4 0.430952380952381 0.4410112359550562 0.6630952380952381 0.4410112359550562 0.6630952380952381 0.49297752808988765 0.430952380952381 0.49297752808988765
4 0.6916666666666667 0.4438202247191011 0.8952380952380953 0.4438202247191011 0.8952380952380953 0.4887640449438202 0.6928571428571428 0.4901685393258427
1 0.8321428571428572 0.5463483146067416 0.8976190476190476 0.5463483146067416 0.8976190476190476 0.5828651685393258 0.8321428571428572 0.5828651685393258
1 0.35714285714285715 0.6404494382022472 0.42023809523809524 0.6404494382022472 0.42023809523809524 0.672752808988764 0.35595238095238096 0.675561797752809
1 0.3607142857142857 0.8103932584269663 0.42857142857142855 0.8103932584269663 0.42857142857142855 0.8497191011235955 0.3607142857142857 0.8497191011235955
1 0.4726190476190476 0.8117977528089888 0.5357142857142857 0.8103932584269663 0.5357142857142857 0.8469101123595506 0.475 0.8441011235955056
1 0.7214285714285714 0.7415730337078652 0.7916666666666666 0.7415730337078652 0.7916666666666666 0.7808988764044944 0.7214285714285714 0.7808988764044944
3 0.6 0.8117977528089888 0.7285714285714285 0.8117977528089888 0.7333333333333333 0.8665730337078652 0.6 0.8665730337078652
1 0.8178571428571428 0.8103932584269663 0.8928571428571429 0.8103932584269663 0.8928571428571429 0.848314606741573 0.8178571428571428 0.848314606741573
4 0.08571428571428572 0.44803370786516855 0.20952380952380953 0.44803370786516855 0.20952380952380953 0.4943820224719101 0.08571428571428572 0.4943820224719101