1 0.6357142857142857 0.3595505617977528 0.6416666666666667 0.4311797752808989 0.6678571428571428 0.4297752808988764 0.6607142857142857 0.35674157303370785
1 0.8 0.3342696629213483 0.8535714285714285 0.3398876404494382 0.8535714285714285 0.3651685393258427 0.7988095238095239 0.3651685393258427
1 0.8083333333333333 0.3693820224719101 0.8797619047619047 0.37780898876404495 0.8785714285714286 0.4101123595505618 0.8083333333333333 0.4002808988764045
1 0.8047619047619048 0.4691011235955056 0.8011904761904762 0.43820224719101125 0.8607142857142858 0.4241573033707865 0.8714285714285714 0.4592696629213483
1 0.8178571428571428 0.47191011235955055 0.8726190476190476 0.46769662921348315 0.8726190476190476 0.4957865168539326 0.8214285714285714 0.4957865168539326
1 0.8226190476190476 0.5028089887640449 0.8738095238095238 0.5028089887640449 0.8738095238095238 0.5308988764044944 0.8226190476190476 0.5308988764044944
3 0.8 0.5435393258426966 0.8797619047619047 0.5435393258426966 0.8797619047619047 0.5856741573033708 0.8 0.5856741573033708
1 0.8130952380952381 0.5856741573033708 0.8702380952380953 0.5856741573033708 0.8702380952380953 0.6165730337078652 0.8130952380952381 0.6165730337078652
1 0.775 0.6811797752808989 0.8 0.6811797752808989 0.8011904761904762 0.7556179775280899 0.775 0.7542134831460674
1 0.7738095238095238 0.7668539325842697 0.7988095238095239 0.7668539325842697 0.8011904761904762 0.8455056179775281 0.7738095238095238 0.8469101123595506
0 0.4607142857142857 0.27247191011235955 0.5011904761904762 0.4438202247191011 0.5404761904761904 0.42837078651685395 0.49642857142857144 0.2598314606741573
1 0.4226190476190476 0.3455056179775281 0.45476190476190476 0.39185393258426965 0.47619047619047616 0.37359550561797755 0.4452380952380952 0.3258426966292135
1 0.4392857142857143 0.39325842696629215 0.4630952380952381 0.3904494382022472 0.4607142857142857 0.45786516853932585 0.4380952380952381 0.45786516853932585
1 0.5 0.45646067415730335 0.5238095238095238 0.45646067415730335 0.5238095238095238 0.5210674157303371 0.5 0.5210674157303371
1 0.49047619047619045 0.5435393258426966 0.5190476190476191 0.5435393258426966 0.5178571428571429 0.6221910112359551 0.4928571428571429 0.625
1 0.4869047619047619 0.6446629213483146 0.513095238095238 0.6460674157303371 0.5083333333333333 0.7205056179775281 0.48333333333333334 0.7205056179775281
1 0.4857142857142857 0.7471910112359551 0.5095238095238095 0.7471910112359551 0.5059523809523809 0.8146067415730337 0.4845238095238095 0.8117977528089888
1 0.4369047619047619 0.4803370786516854 0.46190476190476193 0.4803370786516854 0.46190476190476193 0.5561797752808989 0.4369047619047619 0.5561797752808989
1 0.3523809523809524 0.7949438202247191 0.37976190476190474 0.797752808988764 0.37142857142857144 0.8735955056179775 0.3464285714285714 0.8721910112359551
1 0.33690476190476193 0.6418539325842697 0.32142857142857145 0.6179775280898876 0.36904761904761907 0.5800561797752809 0.38333333333333336 0.6025280898876404
1 0.3392857142857143 0.550561797752809 0.38333333333333336 0.5140449438202247 0.39880952380952384 0.5379213483146067 0.3547619047619048 0.5758426966292135
1 0.35714285714285715 0.5112359550561798 0.3416666666666667 0.4943820224719101 0.3821428571428571 0.45224719101123595 0.3976190476190476 0.4705056179775281
1 0.31666666666666665 0.42696629213483145 0.36666666666666664 0.4101123595505618 0.37142857142857144 0.4353932584269663 0.32261904761904764 0.449438202247191
1 0.28214285714285714 0.17134831460674158 0.3380952380952381 0.17275280898876405 0.3380952380952381 0.199438202247191 0.27976190476190477 0.199438202247191
1 0.20833333333333334 0.17837078651685392 0.23333333333333334 0.21769662921348315 0.2523809523809524 0.20365168539325842 0.22380952380952382 0.16713483146067415
1 0.1761904761904762 0.21769662921348315 0.15357142857142858 0.18117977528089887 0.16904761904761906 0.16573033707865167 0.19523809523809524 0.20224719101123595
1 0.3 0.20926966292134833 0.3523809523809524 0.2148876404494382 0.3523809523809524 0.23735955056179775 0.2988095238095238 0.2345505617977528
1 0.33690476190476193 0.29634831460674155 0.3261904761904762 0.273876404494382 0.375 0.24157303370786518 0.3904761904761905 0.2654494382022472
1 0.3404761904761905 0.2991573033707865 0.38333333333333336 0.2794943820224719 0.39285714285714285 0.3103932584269663 0.3464285714285714 0.32724719101123595
1 0.3488095238095238 0.37640449438202245 0.3333333333333333 0.3539325842696629 0.37976190476190474 0.31741573033707865 0.39166666666666666 0.33848314606741575
1 0.3357142857142857 0.39747191011235955 0.38452380952380955 0.3595505617977528 0.3976190476190476 0.3862359550561798 0.35119047619047616 0.4199438202247191
1 0.4261904761904762 0.6867977528089888 0.4511904761904762 0.6867977528089888 0.4511904761904762 0.7528089887640449 0.4261904761904762 0.7528089887640449
1 0.4392857142857143 0.574438202247191 0.46190476190476193 0.574438202247191 0.46190476190476193 0.6292134831460674 0.4392857142857143 0.6292134831460674
1 0.8011904761904762 0.15730337078651685 0.8535714285714285 0.13904494382022473 0.8607142857142858 0.16853932584269662 0.8071428571428572 0.18820224719101122
1 0.8535714285714285 0.18679775280898878 0.7988095238095239 0.20646067415730338 0.8071428571428572 0.23314606741573032 0.861904761904762 0.21207865168539325
3 0.861904761904762 0.2401685393258427 0.7976190476190477 0.25280898876404495 0.8047619047619048 0.2794943820224719 0.8654761904761905 0.26685393258426965
1 0.8071428571428572 0.28651685393258425 0.8702380952380953 0.2991573033707865 0.8654761904761905 0.33286516853932585 0.8035714285714286 0.3188202247191011