1 0.7285714285714285 0.8075842696629213 0.7095238095238096 0.776685393258427 0.7845238095238095 0.7275280898876404 0.8 0.7584269662921348
1 0.7428571428571429 0.40308988764044945 0.7226190476190476 0.37640449438202245 0.7833333333333333 0.32865168539325845 0.8 0.35814606741573035
1 0.5404761904761904 0.8778089887640449 0.5226190476190476 0.851123595505618 0.5892857142857143 0.8075842696629213 0.6035714285714285 0.8356741573033708
1 0.1523809523809524 0.7668539325842697 0.1380952380952381 0.7373595505617978 0.2011904761904762 0.6966292134831461 0.21904761904761905 0.726123595505618
1 0.4238095238095238 0.3792134831460674 0.4011904761904762 0.3258426966292135 0.4238095238095238 0.31179775280898875 0.44761904761904764 0.36797752808988765
1 0.27380952380952384 0.398876404494382 0.2619047619047619 0.3707865168539326 0.31666666666666665 0.3441011235955056 0.3273809523809524 0.37359550561797755
1 0.34523809523809523 0.4803370786516854 0.3047619047619048 0.4410112359550562 0.319047619047619 0.4241573033707865 0.3619047619047619 0.4606741573033708
1 0.2785714285714286 0.5716292134831461 0.2654761904761905 0.550561797752809 0.32857142857142857 0.5070224719101124 0.3416666666666667 0.5323033707865169
1 0.319047619047619 0.5028089887640449 0.2726190476190476 0.45224719101123595 0.28809523809523807 0.42837078651685395 0.3380952380952381 0.4803370786516854
1 0.2857142857142857 0.5252808988764045 0.2488095238095238 0.4747191011235955 0.2702380952380952 0.4508426966292135 0.30714285714285716 0.5028089887640449
1 0.26904761904761904 0.5407303370786517 0.20952380952380953 0.5 0.22380952380952382 0.47752808988764045 0.28095238095238095 0.5168539325842697
1 0.23809523809523808 0.5603932584269663 0.18571428571428572 0.523876404494382 0.1976190476190476 0.49859550561797755 0.25357142857142856 0.5337078651685393
1 0.20952380952380953 0.5842696629213483 0.1488095238095238 0.550561797752809 0.16428571428571428 0.5224719101123596 0.22380952380952382 0.5589887640449438
1 0.1523809523809524 0.6179775280898876 0.10476190476190476 0.5716292134831461 0.12142857142857143 0.5533707865168539 0.16666666666666666 0.5997191011235955
1 0.1988095238095238 0.15589887640449437 0.24642857142857144 0.17134831460674158 0.25357142857142856 0.1446629213483146 0.20595238095238094 0.12921348314606743