1 0.14166666666666666 0.30337078651685395 0.20833333333333334 0.30337078651685395 0.21071428571428572 0.33286516853932585 0.14404761904761904 0.3342696629213483
1 0.31785714285714284 0.29775280898876405 0.3738095238095238 0.29775280898876405 0.375 0.32724719101123595 0.31785714285714284 0.3300561797752809
1 0.3738095238095238 0.3441011235955056 0.4369047619047619 0.3441011235955056 0.43452380952380953 0.3792134831460674 0.3726190476190476 0.37780898876404495
1 0.6821428571428572 0.27808988764044945 0.7416666666666667 0.27808988764044945 0.7416666666666667 0.3089887640449438 0.6797619047619048 0.3047752808988764
1 0.7392857142857143 0.48735955056179775 0.7607142857142857 0.48735955056179775 0.7607142857142857 0.5603932584269663 0.7392857142857143 0.5603932584269663
1 0.7392857142857143 0.7106741573033708 0.7642857142857142 0.7106741573033708 0.7642857142857142 0.7823033707865169 0.7392857142857143 0.7823033707865169
1 0.5071428571428571 0.5758426966292135 0.5297619047619048 0.5758426966292135 0.5297619047619048 0.6629213483146067 0.5071428571428571 0.6629213483146067
1 0.14761904761904762 0.3455056179775281 0.2130952380952381 0.34691011235955055 0.2119047619047619 0.375 0.14642857142857144 0.37359550561797755
1 0.30357142857142855 0.4789325842696629 0.3333333333333333 0.4789325842696629 0.3345238095238095 0.5575842696629213 0.3047619047619048 0.5575842696629213
1 0.19285714285714287 0.6179775280898876 0.1869047619047619 0.6474719101123596 0.25 0.6615168539325843 0.25357142857142856 0.6334269662921348
1 0.2654761904761905 0.6446629213483146 0.3142857142857143 0.7050561797752809 0.3333333333333333 0.6839887640449438 0.28095238095238095 0.625
1 0.18928571428571428 0.6671348314606742 0.2511904761904762 0.6671348314606742 0.2511904761904762 0.702247191011236 0.18928571428571428 0.702247191011236
1 0.17976190476190476 0.7064606741573034 0.25 0.7064606741573034 0.25 0.7443820224719101 0.17976190476190476 0.7443820224719101
1 0.25595238095238093 0.7078651685393258 0.2869047619047619 0.7078651685393258 0.2869047619047619 0.7879213483146067 0.2571428571428571 0.7907303370786517
1 0.15476190476190477 0.7865168539325843 0.20833333333333334 0.7865168539325843 0.20833333333333334 0.8174157303370787 0.15476190476190477 0.8174157303370787
1 0.2511904761904762 0.8497191011235955 0.26785714285714285 0.8356741573033708 0.22976190476190475 0.7865168539325843 0.2119047619047619 0.8047752808988764