1 0.3392857142857143 0.41292134831460675 0.3345238095238095 0.44662921348314605 0.4035714285714286 0.4508426966292135 0.4035714285714286 0.4143258426966292
1 0.35595238095238096 0.31179775280898875 0.38095238095238093 0.33146067415730335 0.3345238095238095 0.39747191011235955 0.3107142857142857 0.38202247191011235
1 0.305952380952381 0.3637640449438202 0.2904761904761905 0.3890449438202247 0.24166666666666667 0.3553370786516854 0.25595238095238093 0.32724719101123595
1 0.4595238095238095 0.3595505617977528 0.45714285714285713 0.39185393258426965 0.39285714285714285 0.39325842696629215 0.3952380952380952 0.3609550561797753
1 0.4976190476190476 0.3806179775280899 0.4976190476190476 0.4101123595505618 0.5571428571428572 0.41292134831460675 0.5583333333333333 0.38342696629213485
1 0.430952380952381 0.41713483146067415 0.49404761904761907 0.41713483146067415 0.49404761904761907 0.4452247191011236 0.430952380952381 0.4452247191011236
1 0.5059523809523809 0.4199438202247191 0.569047619047619 0.4241573033707865 0.569047619047619 0.45646067415730335 0.5011904761904762 0.449438202247191
1 0.580952380952381 0.42275280898876405 0.6369047619047619 0.4199438202247191 0.6345238095238095 0.45224719101123595 0.580952380952381 0.45224719101123595
1 0.7440476190476191 0.4452247191011236 0.8107142857142857 0.4452247191011236 0.8107142857142857 0.4789325842696629 0.7440476190476191 0.4789325842696629
1 0.8238095238095238 0.4452247191011236 0.8821428571428571 0.4452247191011236 0.8821428571428571 0.4803370786516854 0.8238095238095238 0.4803370786516854
1 0.775 0.3890449438202247 0.8357142857142857 0.3890449438202247 0.8357142857142857 0.4199438202247191 0.775 0.42134831460674155
1 0.7761904761904762 0.3497191011235955 0.7821428571428571 0.3792134831460674 0.8392857142857143 0.37219101123595505 0.830952380952381 0.34129213483146065
1 0.7619047619047619 0.3103932584269663 0.7666666666666667 0.34269662921348315 0.8226190476190476 0.33848314606741575 0.819047619047619 0.3047752808988764
1 0.17142857142857143 0.6320224719101124 0.24285714285714285 0.6348314606741573 0.24166666666666667 0.6741573033707865 0.17142857142857143 0.6713483146067416
1 0.5511904761904762 0.6502808988764045 0.6261904761904762 0.6558988764044944 0.6261904761904762 0.6938202247191011 0.5476190476190477 0.6853932584269663
1 0.4 0.7528089887640449 0.46785714285714286 0.7528089887640449 0.46785714285714286 0.7837078651685393 0.4 0.7837078651685393
1 0.825 0.773876404494382 0.8785714285714286 0.773876404494382 0.8785714285714286 0.8103932584269663 0.825 0.8103932584269663
1 0.7488095238095238 0.7752808988764045 0.8047619047619048 0.7724719101123596 0.8071428571428572 0.8047752808988764 0.7488095238095238 0.8019662921348315
1 0.6547619047619048 0.7682584269662921 0.7178571428571429 0.7682584269662921 0.7178571428571429 0.7949438202247191 0.6547619047619048 0.7949438202247191
1 0.575 0.7626404494382022 0.6404761904761904 0.7612359550561798 0.6392857142857142 0.7963483146067416 0.575 0.7921348314606742
1 0.4869047619047619 0.7598314606741573 0.5523809523809524 0.7598314606741573 0.5523809523809524 0.7921348314606742 0.4869047619047619 0.7921348314606742
3 0.13333333333333333 0.7247191011235955 0.12738095238095237 0.7682584269662921 0.38452380952380955 0.7794943820224719 0.38571428571428573 0.7457865168539326
1 0.5797619047619048 0.2907303370786517 0.6107142857142858 0.2893258426966292 0.6238095238095238 0.35814606741573035 0.5928571428571429 0.3637640449438202
1 0.7345238095238096 0.26264044943820225 0.8142857142857143 0.26264044943820225 0.8142857142857143 0.30196629213483145 0.7345238095238096 0.30196629213483145
1 0.09642857142857143 0.48314606741573035 0.1738095238095238 0.4901685393258427 0.16904761904761906 0.5351123595505618 0.09404761904761905 0.5252808988764045