4 0.7119047619047619 0.28370786516853935 0.7416666666666667 0.2907303370786517 0.7261904761904762 0.38202247191011235 0.6952380952380952 0.3693820224719101
4 0.7488095238095238 0.31320224719101125 0.7869047619047619 0.3146067415730337 0.794047619047619 0.577247191011236 0.7488095238095238 0.577247191011236
4 0.5547619047619048 0.1306179775280899 0.5988095238095238 0.1306179775280899 0.6154761904761905 0.3651685393258427 0.5678571428571428 0.3651685393258427
4 0.5952380952380952 0.3904494382022472 0.6285714285714286 0.38342696629213485 0.6571428571428571 0.5688202247191011 0.6190476190476191 0.5716292134831461
1 0.6071428571428571 0.13202247191011235 0.6404761904761904 0.12921348314606743 0.6464285714285715 0.19382022471910113 0.6178571428571429 0.1952247191011236
1 0.655952380952381 0.21629213483146068 0.6857142857142857 0.2148876404494382 0.6880952380952381 0.28792134831460675 0.6595238095238095 0.28792134831460675
1 0.6178571428571429 0.22191011235955055 0.6488095238095238 0.22191011235955055 0.6511904761904762 0.300561797752809 0.6202380952380953 0.300561797752809
1 0.705952380952381 0.16713483146067415 0.7297619047619047 0.16713483146067415 0.725 0.22752808988764045 0.7035714285714286 0.22612359550561797
1 0.7380952380952381 0.14747191011235955 0.7654761904761904 0.14606741573033707 0.7642857142857142 0.20646067415730338 0.7380952380952381 0.20365168539325842
1 0.736904761904762 0.21629213483146068 0.7654761904761904 0.21769662921348315 0.7642857142857142 0.28651685393258425 0.7345238095238096 0.28651685393258425
1 0.7011904761904761 0.41853932584269665 0.7333333333333333 0.42134831460674155 0.7345238095238096 0.4901685393258427 0.7047619047619048 0.4901685393258427
1 0.6630952380952381 0.32865168539325845 0.6916666666666667 0.32865168539325845 0.6904761904761905 0.40168539325842695 0.6619047619047619 0.40168539325842695
1 0.6285714285714286 0.3202247191011236 0.6523809523809524 0.32162921348314605 0.6583333333333333 0.3890449438202247 0.6333333333333333 0.3904494382022472
1 0.6523809523809524 0.4410112359550562 0.6869047619047619 0.4410112359550562 0.6845238095238095 0.5182584269662921 0.655952380952381 0.5182584269662921
1 0.694047619047619 0.5154494382022472 0.7202380952380952 0.5140449438202247 0.7214285714285714 0.5955056179775281 0.694047619047619 0.5912921348314607
1 0.6523809523809524 0.5730337078651685 0.680952380952381 0.5758426966292135 0.6785714285714286 0.648876404494382 0.6511904761904762 0.6502808988764045
1 0.6880952380952381 0.6193820224719101 0.7202380952380952 0.6179775280898876 0.7214285714285714 0.6952247191011236 0.6892857142857143 0.6952247191011236
1 0.6892857142857143 0.702247191011236 0.7214285714285714 0.7036516853932584 0.7214285714285714 0.7808988764044944 0.6916666666666667 0.7808988764044944
1 0.6928571428571428 0.7991573033707865 0.7273809523809524 0.7991573033707865 0.7273809523809524 0.9002808988764045 0.6928571428571428 0.9002808988764045
1 0.65 0.7120786516853933 0.6773809523809524 0.7120786516853933 0.675 0.7851123595505618 0.6476190476190476 0.7935393258426966
4 0.594047619047619 0.6123595505617978 0.6392857142857142 0.6165730337078652 0.6428571428571429 0.9030898876404494 0.6083333333333333 0.898876404494382
1 0.75 0.6109550561797753 0.7761904761904762 0.6109550561797753 0.775 0.6910112359550562 0.75 0.6910112359550562
1 0.6535714285714286 0.7949438202247191 0.680952380952381 0.7949438202247191 0.680952380952381 0.8890449438202247 0.6535714285714286 0.8890449438202247
4 0.7380952380952381 0.7205056179775281 0.7464285714285714 0.9382022471910112 0.7892857142857143 0.9382022471910112 0.7833333333333333 0.7219101123595506