1 0.10476190476190476 0.1853932584269663 0.12857142857142856 0.1853932584269663 0.12857142857142856 0.25702247191011235 0.10476190476190476 0.25702247191011235
1 0.14404761904761904 0.1896067415730337 0.17142857142857143 0.18679775280898878 0.1738095238095238 0.26264044943820225 0.14523809523809525 0.2612359550561798
1 0.18333333333333332 0.17837078651685392 0.21071428571428572 0.17696629213483145 0.20595238095238094 0.25842696629213485 0.17976190476190476 0.25702247191011235
1 0.27380952380952384 0.1797752808988764 0.30238095238095236 0.17837078651685392 0.30357142857142855 0.2542134831460674 0.275 0.25702247191011235
1 0.3047619047619048 0.2893258426966292 0.38333333333333336 0.2893258426966292 0.38095238095238093 0.32724719101123595 0.3047619047619048 0.3258426966292135
1 0.38452380952380955 0.16432584269662923 0.41309523809523807 0.16432584269662923 0.4107142857142857 0.2401685393258427 0.38095238095238093 0.2345505617977528
1 0.3523809523809524 0.22191011235955055 0.33214285714285713 0.25280898876404495 0.38571428571428573 0.2949438202247191 0.4023809523809524 0.26685393258426965
1 0.4738095238095238 0.19241573033707865 0.5023809523809524 0.19241573033707865 0.4988095238095238 0.2696629213483146 0.47023809523809523 0.26825842696629215
1 0.5119047619047619 0.19803370786516855 0.5357142857142857 0.19803370786516855 0.5380952380952381 0.2752808988764045 0.5119047619047619 0.2752808988764045
1 0.5095238095238095 0.10533707865168539 0.5357142857142857 0.11235955056179775 0.525 0.17275280898876405 0.49642857142857144 0.16432584269662923
1 0.5904761904761905 0.10814606741573034 0.6142857142857143 0.1151685393258427 0.6047619047619047 0.1797752808988764 0.5785714285714286 0.16853932584269662
1 0.625 0.11657303370786516 0.655952380952381 0.11657303370786516 0.6523809523809524 0.18258426966292135 0.6214285714285714 0.18117977528089887
1 0.675 0.10674157303370786 0.7047619047619048 0.10814606741573034 0.7011904761904761 0.18117977528089887 0.6714285714285714 0.17696629213483145
1 0.7535714285714286 0.10393258426966293 0.7845238095238095 0.10814606741573034 0.7797619047619048 0.1797752808988764 0.7476190476190476 0.17415730337078653
1 0.6202380952380953 0.20365168539325842 0.6880952380952381 0.20365168539325842 0.6880952380952381 0.2345505617977528 0.6202380952380953 0.23314606741573032
1 0.7202380952380952 0.20926966292134833 0.7416666666666667 0.21629213483146068 0.7321428571428571 0.29213483146067415 0.7011904761904761 0.2851123595505618
1 0.5523809523809524 0.20084269662921347 0.5773809523809523 0.20224719101123595 0.5726190476190476 0.27668539325842695 0.5464285714285714 0.2752808988764045
1 0.5833333333333334 0.2050561797752809 0.6107142857142858 0.2050561797752809 0.6083333333333333 0.28370786516853935 0.5797619047619048 0.28370786516853935
1 0.7726190476190476 0.20926966292134833 0.7428571428571429 0.22191011235955055 0.7642857142857142 0.2991573033707865 0.794047619047619 0.28792134831460675
1 0.8142857142857143 0.2148876404494382 0.7880952380952381 0.22331460674157302 0.805952380952381 0.300561797752809 0.8357142857142857 0.2907303370786517
1 0.8559523809523809 0.20084269662921347 0.8273809523809523 0.21348314606741572 0.8488095238095238 0.2893258426966292 0.8773809523809524 0.2752808988764045
1 0.6785714285714286 0.31179775280898875 0.7511904761904762 0.31179775280898875 0.7511904761904762 0.34691011235955055 0.6785714285714286 0.3497191011235955
1 0.8416666666666667 0.3398876404494382 0.819047619047619 0.3707865168539326 0.8690476190476191 0.41713483146067415 0.8892857142857142 0.3862359550561798
1 0.5416666666666666 0.300561797752809 0.6142857142857143 0.300561797752809 0.6130952380952381 0.33707865168539325 0.5416666666666666 0.33707865168539325
1 0.5476190476190477 0.4297752808988764 0.6202380952380953 0.4311797752808989 0.6190476190476191 0.46629213483146065 0.5488095238095239 0.46629213483146065
1 0.3273809523809524 0.40870786516853935 0.3976190476190476 0.40870786516853935 0.3976190476190476 0.449438202247191 0.3273809523809524 0.4438202247191011
1 0.44166666666666665 0.41853932584269665 0.5107142857142857 0.4199438202247191 0.5107142857142857 0.4550561797752809 0.44166666666666665 0.4508426966292135
1 0.2226190476190476 0.4157303370786517 0.2904761904761905 0.41151685393258425 0.2904761904761905 0.44803370786516855 0.2226190476190476 0.44803370786516855
1 0.09642857142857143 0.31320224719101125 0.14761904761904762 0.3202247191011236 0.14166666666666666 0.3539325842696629 0.09285714285714286 0.3441011235955056
1 0.19642857142857142 0.45786516853932585 0.2654761904761905 0.4606741573033708 0.2630952380952381 0.49719101123595505 0.19404761904761905 0.4901685393258427
1 0.3773809523809524 0.4747191011235955 0.4488095238095238 0.4691011235955056 0.45 0.5084269662921348 0.37857142857142856 0.5112359550561798
1 0.675 0.5379213483146067 0.7357142857142858 0.5379213483146067 0.7380952380952381 0.5716292134831461 0.675 0.5688202247191011
1 0.5607142857142857 0.5337078651685393 0.6273809523809524 0.5252808988764045 0.6261904761904762 0.5674157303370787 0.555952380952381 0.5660112359550562
1 0.39285714285714285 0.5154494382022472 0.46190476190476193 0.5196629213483146 0.4607142857142857 0.5589887640449438 0.3904761904761905 0.5463483146067416
1 0.49404761904761907 0.5168539325842697 0.48928571428571427 0.550561797752809 0.5547619047619048 0.5660112359550562 0.5595238095238095 0.5294943820224719
1 0.6309523809523809 0.42837078651685395 0.7035714285714286 0.4311797752808989 0.7035714285714286 0.46629213483146065 0.6309523809523809 0.4606741573033708
1 0.7297619047619047 0.4297752808988764 0.7928571428571428 0.42837078651685395 0.794047619047619 0.46207865168539325 0.7309523809523809 0.46207865168539325
1 0.1976190476190476 0.5084269662921348 0.26904761904761904 0.5084269662921348 0.26785714285714285 0.5435393258426966 0.1976190476190476 0.5407303370786517
1 0.1380952380952381 0.4859550561797753 0.15833333333333333 0.4648876404494382 0.2011904761904762 0.526685393258427 0.175 0.5463483146067416
1 0.1130952380952381 0.47191011235955055 0.09285714285714286 0.49859550561797755 0.14047619047619048 0.5463483146067416 0.15833333333333333 0.5224719101123596
1 0.775 0.49719101123595505 0.7773809523809524 0.5308988764044944 0.8452380952380952 0.5210674157303371 0.8428571428571429 0.48735955056179775
1 0.680952380952381 0.48314606741573035 0.6714285714285714 0.5112359550561798 0.7345238095238096 0.5393258426966292 0.7416666666666667 0.5070224719101124
1 0.6321428571428571 0.22893258426966293 0.6130952380952381 0.25842696629213485 0.6642857142857143 0.3061797752808989 0.6833333333333333 0.28230337078651685
1 0.8511904761904762 0.6910112359550562 0.8357142857142857 0.7724719101123596 0.8654761904761905 0.7794943820224719 0.8773809523809524 0.6980337078651685
1 0.8595238095238096 0.5856741573033708 0.888095238095238 0.5870786516853933 0.8845238095238095 0.6671348314606742 0.8547619047619047 0.6643258426966292
1 0.8214285714285714 0.8089887640449438 0.8107142857142857 0.8890449438202247 0.85 0.8974719101123596 0.8595238095238096 0.8174157303370787