4 0.611904761904762 0.6980337078651685 0.6476190476190476 0.6980337078651685 0.6523809523809524 0.8735955056179775 0.6071428571428571 0.8764044943820225
4 0.6547619047619048 0.6938202247191011 0.7023809523809523 0.6938202247191011 0.6964285714285714 0.8778089887640449 0.6607142857142857 0.8764044943820225
3 0.7071428571428572 0.699438202247191 0.7464285714285714 0.699438202247191 0.7452380952380953 0.8834269662921348 0.7047619047619048 0.8764044943820225
4 0.7595238095238095 0.6657303370786517 0.8107142857142857 0.6657303370786517 0.805952380952381 0.8932584269662921 0.7607142857142857 0.8904494382022472
4 0.6166666666666667 0.30758426966292135 0.6583333333333333 0.30758426966292135 0.6583333333333333 0.5730337078651685 0.6154761904761905 0.5716292134831461
3 0.6595238095238095 0.36657303370786515 0.7071428571428572 0.36657303370786515 0.705952380952381 0.6306179775280899 0.6630952380952381 0.6306179775280899
4 0.7583333333333333 0.21348314606741572 0.8071428571428572 0.2148876404494382 0.8083333333333333 0.4592696629213483 0.7571428571428571 0.45786516853932585
4 0.7119047619047619 0.10112359550561797 0.7535714285714286 0.09550561797752809 0.7571428571428571 0.33146067415730335 0.7119047619047619 0.33146067415730335
1 0.4380952380952381 0.16432584269662923 0.4630952380952381 0.1601123595505618 0.4666666666666667 0.24157303370786518 0.4369047619047619 0.23876404494382023
1 0.36428571428571427 0.11235955056179775 0.3904761904761905 0.11235955056179775 0.39166666666666666 0.18820224719101122 0.36547619047619045 0.18820224719101122
1 0.7202380952380952 0.5042134831460674 0.7464285714285714 0.5028089887640449 0.7523809523809524 0.5870786516853933 0.725 0.5884831460674157
1 0.7559523809523809 0.5028089887640449 0.780952380952381 0.5 0.7845238095238095 0.5758426966292135 0.7571428571428571 0.5758426966292135
1 0.7107142857142857 0.3904494382022472 0.7333333333333333 0.3904494382022472 0.7380952380952381 0.46207865168539325 0.7107142857142857 0.46348314606741575
1 0.6642857142857143 0.27668539325842695 0.6928571428571428 0.2752808988764045 0.6916666666666667 0.3455056179775281 0.6654761904761904 0.3455056179775281
1 0.669047619047619 0.18258426966292135 0.6928571428571428 0.18258426966292135 0.694047619047619 0.25280898876404495 0.6654761904761904 0.24859550561797752