1 0.12380952380952381 0.15870786516853932 0.15357142857142858 0.21629213483146068 0.175 0.19803370786516855 0.14404761904761904 0.14325842696629212
1 0.2226190476190476 0.23735955056179775 0.2523809523809524 0.3047752808988764 0.2773809523809524 0.28792134831460675 0.24523809523809523 0.22191011235955055
1 0.28095238095238095 0.3160112359550562 0.319047619047619 0.3806179775280899 0.3392857142857143 0.3609550561797753 0.30238095238095236 0.30196629213483145
1 0.33095238095238094 0.4044943820224719 0.36666666666666664 0.46769662921348315 0.3869047619047619 0.45224719101123595 0.35 0.3890449438202247
1 0.38571428571428573 0.5098314606741573 0.42142857142857143 0.5660112359550562 0.4392857142857143 0.5491573033707865 0.40595238095238095 0.49157303370786515
1 0.4369047619047619 0.5926966292134831 0.4773809523809524 0.6601123595505618 0.49642857142857144 0.6390449438202247 0.45714285714285713 0.5786516853932584
1 0.15357142857142858 0.47752808988764045 0.19047619047619047 0.5421348314606742 0.2130952380952381 0.523876404494382 0.1761904761904762 0.4592696629213483
1 0.25 0.6137640449438202 0.2869047619047619 0.6713483146067416 0.30833333333333335 0.6573033707865169 0.2702380952380952 0.5941011235955056
1 0.34285714285714286 0.7514044943820225 0.37976190476190474 0.8019662921348315 0.39880952380952384 0.7823033707865169 0.3630952380952381 0.7289325842696629
1 0.4 0.7373595505617978 0.4392857142857143 0.7935393258426966 0.4607142857142857 0.7752808988764045 0.42142857142857143 0.7162921348314607
1 0.5976190476190476 0.7865168539325843 0.6 0.8117977528089888 0.6571428571428571 0.8117977528089888 0.655952380952381 0.7823033707865169
1 0.6333333333333333 0.8300561797752809 0.638095238095238 0.8609550561797753 0.6964285714285714 0.8525280898876404 0.6880952380952381 0.8216292134831461
1 0.6702380952380952 0.7921348314606742 0.6857142857142857 0.7710674157303371 0.7345238095238096 0.8202247191011236 0.7214285714285714 0.8412921348314607
1 0.7083333333333334 0.6067415730337079 0.7285714285714285 0.5898876404494382 0.7666666666666667 0.6573033707865169 0.7488095238095238 0.6699438202247191
4 0.5761904761904761 0.5379213483146067 0.6404761904761904 0.6235955056179775 0.6619047619047619 0.5997191011235955 0.5976190476190476 0.5196629213483146
4 0.34523809523809523 0.1699438202247191 0.4928571428571429 0.3848314606741573 0.5214285714285715 0.35814606741573035 0.37857142857142856 0.14325842696629212
4 0.1988095238095238 0.4157303370786517 0.24047619047619048 0.49157303370786515 0.2654761904761905 0.476123595505618 0.21904761904761905 0.3946629213483146
4 0.3392857142857143 0.5589887640449438 0.3904761904761905 0.6418539325842697 0.42023809523809524 0.6165730337078652 0.36904761904761907 0.5351123595505618
1 0.5142857142857142 0.8188202247191011 0.544047619047619 0.8665730337078652 0.5630952380952381 0.8525280898876404 0.5333333333333333 0.797752808988764