1 0.28809523809523807 0.2148876404494382 0.35714285714285715 0.21348314606741572 0.35595238095238096 0.24297752808988765 0.2916666666666667 0.25
1 0.2833333333333333 0.16432584269662923 0.3523809523809524 0.17134831460674158 0.35 0.20224719101123595 0.28095238095238095 0.19803370786516855
1 0.38095238095238093 0.35814606741573035 0.4083333333333333 0.35674157303370785 0.4083333333333333 0.4353932584269663 0.38095238095238093 0.43679775280898875
1 0.3726190476190476 0.7415730337078652 0.4011904761904762 0.7429775280898876 0.4 0.8230337078651685 0.375 0.8202247191011236
1 0.4880952380952381 0.37780898876404495 0.5547619047619048 0.3792134831460674 0.5535714285714286 0.41151685393258425 0.4857142857142857 0.41292134831460675
1 0.6440476190476191 0.1502808988764045 0.6047619047619047 0.20365168539325842 0.5869047619047619 0.18117977528089887 0.625 0.12640449438202248
1 0.6869047619047619 0.16151685393258428 0.638095238095238 0.2205056179775281 0.6178571428571429 0.1952247191011236 0.6678571428571428 0.1404494382022472
1 0.475 0.42275280898876405 0.5392857142857143 0.425561797752809 0.5380952380952381 0.45646067415730335 0.475 0.45224719101123595
1 0.4738095238095238 0.4648876404494382 0.5333333333333333 0.46629213483146065 0.5321428571428571 0.4957865168539326 0.4738095238095238 0.4957865168539326
1 0.4738095238095238 0.5014044943820225 0.5428571428571428 0.5098314606741573 0.5392857142857143 0.5421348314606742 0.4714285714285714 0.5351123595505618
1 0.4726190476190476 0.5491573033707865 0.5392857142857143 0.5547752808988764 0.5369047619047619 0.5870786516853933 0.4726190476190476 0.5842696629213483
1 0.5666666666666667 0.7514044943820225 0.5916666666666667 0.7514044943820225 0.5916666666666667 0.8258426966292135 0.5666666666666667 0.8258426966292135
1 0.6583333333333333 0.29634831460674155 0.7297619047619047 0.2949438202247191 0.7309523809523809 0.324438202247191 0.6583333333333333 0.3300561797752809
1 0.6523809523809524 0.33848314606741575 0.719047619047619 0.3398876404494382 0.7178571428571429 0.3707865168539326 0.6511904761904762 0.37219101123595505
1 0.6547619047619048 0.3806179775280899 0.7226190476190476 0.37780898876404495 0.725 0.40870786516853935 0.6547619047619048 0.41292134831460675
1 0.6523809523809524 0.4241573033707865 0.7214285714285714 0.4241573033707865 0.7202380952380952 0.45786516853932585 0.6511904761904762 0.45786516853932585
1 0.6547619047619048 0.5084269662921348 0.7178571428571429 0.5154494382022472 0.7154761904761905 0.5463483146067416 0.6523809523809524 0.5393258426966292
1 0.6464285714285715 0.5547752808988764 0.7178571428571429 0.5688202247191011 0.7119047619047619 0.5997191011235955 0.6452380952380953 0.5941011235955056
1 0.7 0.6544943820224719 0.6392857142857142 0.6320224719101124 0.6476190476190476 0.601123595505618 0.7083333333333334 0.625
1 0.8321428571428572 0.5323033707865169 0.861904761904762 0.5323033707865169 0.861904761904762 0.6095505617977528 0.8321428571428572 0.6095505617977528
1 0.7 0.6966292134831461 0.6345238095238095 0.6783707865168539 0.6404761904761904 0.6446629213483146 0.7071428571428572 0.6657303370786517
1 0.8535714285714285 0.14887640449438203 0.8821428571428571 0.14887640449438203 0.8821428571428571 0.23876404494382023 0.8535714285714285 0.23876404494382023
1 0.8333333333333334 0.43820224719101125 0.8642857142857143 0.43820224719101125 0.8642857142857143 0.5210674157303371 0.8333333333333334 0.5210674157303371
1 0.8535714285714285 0.7528089887640449 0.8833333333333333 0.7528089887640449 0.8833333333333333 0.824438202247191 0.8535714285714285 0.824438202247191
1 0.49166666666666664 0.3356741573033708 0.5464285714285714 0.3356741573033708 0.5464285714285714 0.36657303370786515 0.49166666666666664 0.36657303370786515
1 0.3738095238095238 0.2654494382022472 0.4023809523809524 0.2654494382022472 0.4023809523809524 0.3300561797752809 0.375 0.3300561797752809
1 0.38095238095238093 0.6474719101123596 0.40595238095238095 0.6460674157303371 0.40476190476190477 0.7219101123595506 0.37976190476190474 0.7219101123595506
1 0.6511904761904762 0.4691011235955056 0.725 0.47191011235955055 0.7238095238095238 0.5014044943820225 0.6511904761904762 0.5028089887640449
1 0.47619047619047616 0.598314606741573 0.5416666666666666 0.6025280898876404 0.5392857142857143 0.6334269662921348 0.475 0.6334269662921348