1 0.6440476190476191 0.18258426966292135 0.7047619047619048 0.17134831460674158 0.7023809523809523 0.13623595505617977 0.6416666666666667 0.1502808988764045
1 0.6535714285714286 0.2247191011235955 0.7095238095238096 0.21207865168539325 0.7035714285714286 0.1853932584269663 0.6476190476190476 0.19803370786516855
1 0.6547619047619048 0.25842696629213485 0.7154761904761905 0.2654494382022472 0.719047619047619 0.23314606741573032 0.6571428571428571 0.22893258426966293
1 0.6595238095238095 0.3202247191011236 0.7226190476190476 0.3202247191011236 0.7214285714285714 0.28792134831460675 0.6607142857142857 0.2893258426966292
1 0.669047619047619 0.3693820224719101 0.7309523809523809 0.36657303370786515 0.7297619047619047 0.3356741573033708 0.6666666666666666 0.33848314606741575
1 0.6654761904761904 0.4058988764044944 0.7285714285714285 0.4058988764044944 0.7273809523809524 0.3792134831460674 0.6678571428571428 0.37780898876404495
1 0.5833333333333334 0.4606741573033708 0.6333333333333333 0.4339887640449438 0.6214285714285714 0.41151685393258425 0.5738095238095238 0.43258426966292135
1 0.6214285714285714 0.4747191011235955 0.6869047619047619 0.47191011235955055 0.6845238095238095 0.4396067415730337 0.6190476190476191 0.44241573033707865
1 0.6273809523809524 0.5308988764044944 0.6869047619047619 0.5280898876404494 0.6857142857142857 0.49719101123595505 0.6261904761904762 0.5028089887640449
1 0.6297619047619047 0.5730337078651685 0.6833333333333333 0.5688202247191011 0.6797619047619048 0.5435393258426966 0.6297619047619047 0.547752808988764
1 0.6178571428571429 0.6221910112359551 0.6845238095238095 0.6165730337078652 0.6833333333333333 0.5828651685393258 0.6130952380952381 0.5870786516853933
1 0.6166666666666667 0.6643258426966292 0.6821428571428572 0.6601123595505618 0.6773809523809524 0.6306179775280899 0.6154761904761905 0.6348314606741573
3 0.5928571428571429 0.6882022471910112 0.6357142857142857 0.7542134831460674 0.6523809523809524 0.7331460674157303 0.6095238095238096 0.6713483146067416
1 0.5642857142857143 0.7120786516853933 0.6 0.7724719101123596 0.6226190476190476 0.7542134831460674 0.5880952380952381 0.6938202247191011
1 0.6023809523809524 0.8188202247191011 0.6714285714285714 0.8174157303370787 0.6678571428571428 0.7837078651685393 0.6 0.7879213483146067
1 0.6071428571428571 0.8328651685393258 0.6821428571428572 0.8286516853932584 0.6833333333333333 0.8623595505617978 0.6095238095238096 0.8637640449438202
1 0.13452380952380952 0.851123595505618 0.18333333333333332 0.8089887640449438 0.16904761904761906 0.7865168539325843 0.11904761904761904 0.8258426966292135
1 0.10119047619047619 0.8075842696629213 0.16666666666666666 0.7668539325842697 0.15476190476190477 0.7373595505617978 0.08928571428571429 0.776685393258427
1 0.09285714285714286 0.7528089887640449 0.1488095238095238 0.7148876404494382 0.13452380952380952 0.6867977528089888 0.08095238095238096 0.723314606741573
1 0.16904761904761906 0.5084269662921348 0.12857142857142856 0.4452247191011236 0.15357142857142858 0.425561797752809 0.19404761904761905 0.49157303370786515
1 0.20238095238095238 0.4845505617977528 0.1773809523809524 0.42275280898876405 0.2011904761904762 0.4101123595505618 0.22738095238095238 0.47331460674157305
1 0.25952380952380955 0.45786516853932585 0.23452380952380952 0.40730337078651685 0.2523809523809524 0.3904494382022472 0.275 0.4452247191011236
1 0.3357142857142857 0.40730337078651685 0.3238095238095238 0.3398876404494382 0.3488095238095238 0.3356741573033708 0.35833333333333334 0.4002808988764045
1 0.38333333333333336 0.4002808988764045 0.35595238095238096 0.34129213483146065 0.37857142857142856 0.324438202247191 0.40595238095238095 0.3904494382022472
1 0.4107142857142857 0.36797752808988765 0.3976190476190476 0.29775280898876405 0.425 0.2907303370786517 0.4369047619047619 0.3637640449438202
1 0.3738095238095238 0.25280898876404495 0.430952380952381 0.2640449438202247 0.43452380952380953 0.2303370786516854 0.37857142857142856 0.2247191011235955
1 0.3773809523809524 0.20084269662921347 0.43452380952380953 0.1952247191011236 0.43452380952380953 0.1699438202247191 0.3761904761904762 0.17134831460674158