1 0.6619047619047619 0.14325842696629212 0.6833333333333333 0.14325842696629212 0.6880952380952381 0.2050561797752809 0.6654761904761904 0.20646067415730338
1 0.5178571428571429 0.20084269662921347 0.5464285714285714 0.19803370786516855 0.5452380952380952 0.2696629213483146 0.5178571428571429 0.26825842696629215
1 0.5011904761904762 0.2808988764044944 0.530952380952381 0.27808988764044945 0.5357142857142857 0.35252808988764045 0.5059523809523809 0.3539325842696629
1 0.6630952380952381 0.26264044943820225 0.6869047619047619 0.26264044943820225 0.6880952380952381 0.31741573033707865 0.6607142857142857 0.3188202247191011
1 0.6619047619047619 0.3398876404494382 0.6880952380952381 0.3398876404494382 0.6880952380952381 0.40308988764044945 0.6619047619047619 0.40308988764044945
1 0.6583333333333333 0.425561797752809 0.6880952380952381 0.4241573033707865 0.6928571428571428 0.49157303370786515 0.6619047619047619 0.49297752808988765
1 0.6630952380952381 0.5112359550561798 0.6916666666666667 0.5084269662921348 0.6916666666666667 0.5898876404494382 0.6619047619047619 0.5884831460674157
1 0.6642857142857143 0.6123595505617978 0.6952380952380952 0.6137640449438202 0.6916666666666667 0.6882022471910112 0.6666666666666666 0.6867977528089888
1 0.6666666666666666 0.7148876404494382 0.6928571428571428 0.7191011235955056 0.6976190476190476 0.7949438202247191 0.6666666666666666 0.7921348314606742
1 0.4976190476190476 0.7317415730337079 0.5273809523809524 0.7317415730337079 0.5273809523809524 0.8019662921348315 0.4976190476190476 0.8019662921348315
1 0.5071428571428571 0.6334269662921348 0.530952380952381 0.6348314606741573 0.5297619047619048 0.7092696629213483 0.5 0.7092696629213483
1 0.5047619047619047 0.5449438202247191 0.5333333333333333 0.5435393258426966 0.5333333333333333 0.6151685393258427 0.5047619047619047 0.6179775280898876
1 0.5071428571428571 0.45224719101123595 0.5297619047619048 0.45224719101123595 0.5333333333333333 0.5224719101123596 0.5059523809523809 0.5252808988764045
1 0.5107142857142857 0.3651685393258427 0.5321428571428571 0.36657303370786515 0.5333333333333333 0.4353932584269663 0.5083333333333333 0.43679775280898875