1 0.6666666666666666 0.42837078651685395 0.7023809523809523 0.425561797752809 0.7071428571428572 0.5070224719101124 0.6714285714285714 0.5084269662921348
1 0.555952380952381 0.4648876404494382 0.5821428571428572 0.4648876404494382 0.5821428571428572 0.5379213483146067 0.555952380952381 0.5379213483146067
1 0.5607142857142857 0.5547752808988764 0.5880952380952381 0.5575842696629213 0.5880952380952381 0.6334269662921348 0.5607142857142857 0.6334269662921348
1 0.5642857142857143 0.7640449438202247 0.5904761904761905 0.7640449438202247 0.5904761904761905 0.8370786516853933 0.5642857142857143 0.8370786516853933
1 0.5535714285714286 0.2991573033707865 0.5857142857142857 0.2991573033707865 0.5773809523809523 0.375 0.55 0.37359550561797755
1 0.42023809523809524 0.23174157303370788 0.4797619047619048 0.22893258426966293 0.48095238095238096 0.2598314606741573 0.41904761904761906 0.2640449438202247
1 0.49523809523809526 0.2247191011235955 0.5452380952380952 0.2247191011235955 0.5452380952380952 0.2598314606741573 0.49523809523809526 0.2598314606741573
1 0.3476190476190476 0.2345505617977528 0.4035714285714286 0.2345505617977528 0.4035714285714286 0.26685393258426965 0.3476190476190476 0.26685393258426965
1 0.25595238095238093 0.3146067415730337 0.3107142857142857 0.3146067415730337 0.3107142857142857 0.3441011235955056 0.25595238095238093 0.3441011235955056
1 0.3416666666666667 0.31741573033707865 0.3976190476190476 0.31741573033707865 0.3976190476190476 0.34831460674157305 0.3416666666666667 0.34831460674157305
1 0.40714285714285714 0.3089887640449438 0.4738095238095238 0.30196629213483145 0.4738095238095238 0.3356741573033708 0.4095238095238095 0.34129213483146065
1 0.5345238095238095 0.16853932584269662 0.5261904761904762 0.1404494382022472 0.4666666666666667 0.15308988764044945 0.4726190476190476 0.1853932584269663
1 0.31547619047619047 0.26685393258426965 0.31666666666666665 0.2345505617977528 0.2619047619047619 0.23735955056179775 0.26071428571428573 0.2696629213483146
1 0.20714285714285716 0.1699438202247191 0.26666666666666666 0.16292134831460675 0.26904761904761904 0.19662921348314608 0.20833333333333334 0.20786516853932585
1 0.125 0.17696629213483145 0.18928571428571428 0.16573033707865167 0.19047619047619047 0.20646067415730338 0.12976190476190477 0.21207865168539325
1 0.555952380952381 0.6573033707865169 0.5619047619047619 0.7443820224719101 0.5892857142857143 0.7401685393258427 0.5821428571428572 0.6558988764044944