1 0.31666666666666665 0.20084269662921347 0.3464285714285714 0.20084269662921347 0.34523809523809523 0.27808988764044945 0.31666666666666665 0.27808988764044945
1 0.4154761904761905 0.20224719101123595 0.444047619047619 0.20084269662921347 0.44285714285714284 0.2851123595505618 0.4154761904761905 0.28370786516853935
1 0.5261904761904762 0.18679775280898878 0.5583333333333333 0.1853932584269663 0.5571428571428572 0.26825842696629215 0.5238095238095238 0.26685393258426965
1 0.6547619047619048 0.22752808988764045 0.680952380952381 0.22752808988764045 0.680952380952381 0.3061797752808989 0.6547619047619048 0.3061797752808989
1 0.6571428571428571 0.11376404494382023 0.6857142857142857 0.11938202247191011 0.6714285714285714 0.20084269662921347 0.6440476190476191 0.19241573033707865
1 0.7333333333333333 0.11797752808988764 0.763095238095238 0.12219101123595505 0.7559523809523809 0.2050561797752809 0.7285714285714285 0.20084269662921347
1 0.7726190476190476 0.1151685393258427 0.8023809523809524 0.1151685393258427 0.8011904761904762 0.21207865168539325 0.7678571428571429 0.21067415730337077
1 0.8202380952380952 0.11938202247191011 0.8488095238095238 0.11797752808988764 0.85 0.21067415730337077 0.8202380952380952 0.20786516853932585
1 0.6202380952380953 0.21910112359550563 0.6488095238095238 0.22191011235955055 0.6440476190476191 0.2991573033707865 0.6154761904761905 0.29634831460674155
1 0.694047619047619 0.22191011235955055 0.7214285714285714 0.22191011235955055 0.7214285714285714 0.30337078651685395 0.694047619047619 0.30337078651685395
1 0.7678571428571429 0.2345505617977528 0.8321428571428572 0.2345505617977528 0.8321428571428572 0.2640449438202247 0.7678571428571429 0.2640449438202247
1 0.49404761904761907 0.25140449438202245 0.4773809523809524 0.2808988764044944 0.5333333333333333 0.31741573033707865 0.5464285714285714 0.29353932584269665
1 0.2773809523809524 0.20646067415730338 0.305952380952381 0.20646067415730338 0.30714285714285716 0.28370786516853935 0.27976190476190477 0.28230337078651685
1 0.22380952380952382 0.199438202247191 0.25833333333333336 0.19803370786516855 0.2619047619047619 0.27668539325842695 0.23214285714285715 0.2808988764044944
1 0.1595238095238095 0.1952247191011236 0.18571428571428572 0.19241573033707865 0.2 0.2654494382022472 0.1761904761904762 0.2710674157303371
1 0.1380952380952381 0.20365168539325842 0.15833333333333333 0.20365168539325842 0.16071428571428573 0.2696629213483146 0.1357142857142857 0.2696629213483146
1 0.10476190476190476 0.19662921348314608 0.13333333333333333 0.19803370786516855 0.12976190476190477 0.273876404494382 0.10357142857142858 0.27247191011235955
1 0.4452380952380952 0.3146067415730337 0.5261904761904762 0.3146067415730337 0.525 0.3539325842696629 0.4452380952380952 0.3539325842696629
1 0.6869047619047619 0.33146067415730335 0.7607142857142857 0.33146067415730335 0.7595238095238095 0.36657303370786515 0.6869047619047619 0.3651685393258427
1 0.8261904761904761 0.34831460674157305 0.8785714285714286 0.34831460674157305 0.8785714285714286 0.3792134831460674 0.8261904761904761 0.3792134831460674
1 0.8738095238095238 0.23174157303370788 0.8928571428571429 0.24859550561797752 0.8761904761904762 0.3258426966292135 0.8464285714285714 0.3188202247191011
1 0.780952380952381 0.2598314606741573 0.7607142857142857 0.28651685393258425 0.8119047619047619 0.3342696629213483 0.8333333333333334 0.31179775280898875
1 0.7309523809523809 0.2303370786516854 0.7559523809523809 0.2303370786516854 0.7559523809523809 0.31179775280898875 0.7309523809523809 0.31179775280898875
1 0.14285714285714285 0.3061797752808989 0.20714285714285716 0.3047752808988764 0.20714285714285716 0.33707865168539325 0.14404761904761904 0.33286516853932585
1 0.2154761904761905 0.3398876404494382 0.2119047619047619 0.37219101123595505 0.2785714285714286 0.37780898876404495 0.28095238095238095 0.34269662921348315
1 0.2761904761904762 0.44241573033707865 0.34404761904761905 0.44241573033707865 0.3464285714285714 0.476123595505618 0.2773809523809524 0.47191011235955055
1 0.4261904761904762 0.44803370786516855 0.5 0.44662921348314605 0.4988095238095238 0.48314606741573035 0.4261904761904762 0.47752808988764045
1 0.6321428571428571 0.39747191011235955 0.6976190476190476 0.398876404494382 0.6988095238095238 0.4339887640449438 0.6321428571428571 0.4311797752808989
1 0.575 0.45365168539325845 0.5726190476190476 0.4859550561797753 0.6416666666666667 0.49297752808988765 0.6428571428571429 0.46207865168539325
1 0.8166666666666667 0.4845505617977528 0.8821428571428571 0.4845505617977528 0.8821428571428571 0.5224719101123596 0.8166666666666667 0.5224719101123596
1 0.7047619047619048 0.46629213483146065 0.7023809523809523 0.49719101123595505 0.7678571428571429 0.5070224719101124 0.7702380952380953 0.4747191011235955
1 0.3345238095238095 0.4845505617977528 0.40595238095238095 0.4901685393258427 0.4035714285714286 0.5294943820224719 0.32976190476190476 0.5182584269662921
1 0.3392857142857143 0.5421348314606742 0.4095238095238095 0.5379213483146067 0.4083333333333333 0.5730337078651685 0.3380952380952381 0.5716292134831461
1 0.09047619047619047 0.30337078651685395 0.14166666666666666 0.300561797752809 0.14285714285714285 0.33146067415730335 0.09285714285714286 0.33707865168539325
1 0.12023809523809524 0.48314606741573035 0.09523809523809523 0.5042134831460674 0.14047619047619048 0.5716292134831461 0.16785714285714284 0.550561797752809
1 0.1976190476190476 0.49859550561797755 0.175 0.5224719101123596 0.21666666666666667 0.577247191011236 0.24285714285714285 0.5575842696629213
1 0.2392857142857143 0.4957865168539326 0.22023809523809523 0.5280898876404494 0.27380952380952384 0.5786516853932584 0.29285714285714287 0.550561797752809
1 0.29523809523809524 0.4943820224719101 0.27380952380952384 0.5140449438202247 0.31547619047619047 0.577247191011236 0.3392857142857143 0.5533707865168539
1 0.5238095238095238 0.5056179775280899 0.594047619047619 0.5028089887640449 0.5952380952380952 0.5393258426966292 0.525 0.5393258426966292
1 0.5369047619047619 0.550561797752809 0.5345238095238095 0.5814606741573034 0.6059523809523809 0.5912921348314607 0.6071428571428571 0.5547752808988764
1 0.638095238095238 0.5533707865168539 0.7035714285714286 0.5617977528089888 0.7011904761904761 0.5969101123595506 0.6357142857142857 0.5856741573033708
1 0.825 0.5730337078651685 0.8773809523809524 0.574438202247191 0.8773809523809524 0.6053370786516854 0.825 0.6053370786516854
1 0.705952380952381 0.5674157303370787 0.7726190476190476 0.5646067415730337 0.7726190476190476 0.5997191011235955 0.705952380952381 0.6025280898876404