1 0.638095238095238 0.7696629213483146 0.7047619047619048 0.7696629213483146 0.7047619047619048 0.8019662921348315 0.638095238095238 0.8019662921348315
1 0.5523809523809524 0.7724719101123596 0.6154761904761905 0.7724719101123596 0.6154761904761905 0.8061797752808989 0.5523809523809524 0.8061797752808989
1 0.4666666666666667 0.7682584269662921 0.5345238095238095 0.7682584269662921 0.5345238095238095 0.7949438202247191 0.4666666666666667 0.7949438202247191
1 0.375 0.7668539325842697 0.44285714285714284 0.7654494382022472 0.444047619047619 0.8033707865168539 0.3738095238095238 0.8019662921348315
1 0.2857142857142857 0.7640449438202247 0.36547619047619045 0.7640449438202247 0.36547619047619045 0.7991573033707865 0.2857142857142857 0.7991573033707865
1 0.4714285714285714 0.6657303370786517 0.5345238095238095 0.6699438202247191 0.5333333333333333 0.7106741573033708 0.46904761904761905 0.7050561797752809
1 0.15833333333333333 0.6615168539325843 0.225 0.6615168539325843 0.225 0.6980337078651685 0.15833333333333333 0.6980337078651685
1 0.16547619047619047 0.7626404494382022 0.24523809523809523 0.7626404494382022 0.24523809523809523 0.797752808988764 0.16547619047619047 0.797752808988764
1 0.20357142857142857 0.4592696629213483 0.27976190476190477 0.4592696629213483 0.27976190476190477 0.4957865168539326 0.20357142857142857 0.4957865168539326
1 0.29285714285714287 0.46348314606741575 0.3678571428571429 0.46348314606741575 0.3678571428571429 0.5042134831460674 0.29285714285714287 0.5042134831460674
1 0.5773809523809523 0.46769662921348315 0.6523809523809524 0.46769662921348315 0.6523809523809524 0.5056179775280899 0.5773809523809523 0.49859550561797755
1 0.15119047619047618 0.3890449438202247 0.18214285714285713 0.3904494382022472 0.17023809523809524 0.476123595505618 0.1357142857142857 0.4691011235955056
1 0.1869047619047619 0.4199438202247191 0.26071428571428573 0.41853932584269665 0.26071428571428573 0.45365168539325845 0.18452380952380953 0.45365168539325845
1 0.30952380952380953 0.4241573033707865 0.38333333333333336 0.4241573033707865 0.38333333333333336 0.4648876404494382 0.30952380952380953 0.4648876404494382
1 0.39166666666666666 0.42275280898876405 0.4607142857142857 0.42275280898876405 0.4607142857142857 0.46207865168539325 0.39166666666666666 0.46207865168539325
1 0.47619047619047616 0.4311797752808989 0.5380952380952381 0.42837078651685395 0.5380952380952381 0.46207865168539325 0.4773809523809524 0.46207865168539325
1 0.5571428571428572 0.43679775280898875 0.611904761904762 0.43679775280898875 0.611904761904762 0.46348314606741575 0.5571428571428572 0.46348314606741575
1 0.6369047619047619 0.4339887640449438 0.7 0.4339887640449438 0.7 0.46769662921348315 0.6369047619047619 0.46769662921348315
1 0.7154761904761905 0.43679775280898875 0.7690476190476191 0.43679775280898875 0.7690476190476191 0.47191011235955055 0.7154761904761905 0.47191011235955055
1 0.7821428571428571 0.4550561797752809 0.8428571428571429 0.4550561797752809 0.8428571428571429 0.4887640449438202 0.7821428571428571 0.4887640449438202
1 0.8178571428571428 0.773876404494382 0.8785714285714286 0.773876404494382 0.8785714285714286 0.8075842696629213 0.8178571428571428 0.8075842696629213
4 0.7261904761904762 0.7612359550561798 0.8071428571428572 0.7612359550561798 0.8071428571428572 0.800561797752809 0.7261904761904762 0.800561797752809
1 0.85 0.4410112359550562 0.8511904761904762 0.48314606741573035 0.9142857142857143 0.4789325842696629 0.9142857142857143 0.4396067415730337
1 0.16071428571428573 0.7528089887640449 0.16547619047619047 0.7949438202247191 0.10119047619047619 0.7935393258426966 0.1 0.7584269662921348
1 0.7928571428571428 0.5280898876404494 0.7333333333333333 0.5337078651685393 0.7357142857142858 0.5730337078651685 0.7964285714285714 0.5688202247191011