4 0.2369047619047619 0.4339887640449438 0.4666666666666667 0.4311797752808989 0.4666666666666667 0.4789325842696629 0.23452380952380952 0.4789325842696629
4 0.5059523809523809 0.43820224719101125 0.7404761904761905 0.4339887640449438 0.7404761904761905 0.48174157303370785 0.5023809523809524 0.48174157303370785
1 0.4928571428571429 0.5294943820224719 0.5678571428571428 0.5294943820224719 0.5678571428571428 0.5716292134831461 0.4928571428571429 0.5716292134831461
4 0.1 0.5884831460674157 0.32857142857142857 0.5842696629213483 0.32857142857142857 0.6320224719101124 0.09761904761904762 0.6348314606741573
1 0.34523809523809523 0.6460674157303371 0.4154761904761905 0.6460674157303371 0.4154761904761905 0.6867977528089888 0.34523809523809523 0.6867977528089888
1 0.3869047619047619 0.7359550561797753 0.4630952380952381 0.7359550561797753 0.4630952380952381 0.7724719101123596 0.3869047619047619 0.7724719101123596
1 0.6988095238095238 0.7359550561797753 0.7726190476190476 0.7359550561797753 0.7726190476190476 0.7654494382022472 0.6988095238095238 0.7654494382022472
1 0.8535714285714285 0.6362359550561798 0.905952380952381 0.6362359550561798 0.905952380952381 0.6685393258426966 0.8535714285714285 0.6685393258426966
1 0.8392857142857143 0.8019662921348315 0.8916666666666667 0.8019662921348315 0.8916666666666667 0.8342696629213483 0.8392857142857143 0.8342696629213483
1 0.736904761904762 0.800561797752809 0.8142857142857143 0.800561797752809 0.8142857142857143 0.8384831460674157 0.736904761904762 0.8384831460674157
3 0.5 0.7991573033707865 0.6345238095238095 0.7991573033707865 0.6345238095238095 0.851123595505618 0.5 0.851123595505618
1 0.37857142857142856 0.8019662921348315 0.4452380952380952 0.8019662921348315 0.4452380952380952 0.8384831460674157 0.37857142857142856 0.8384831460674157
1 0.24761904761904763 0.8019662921348315 0.31785714285714284 0.8019662921348315 0.31785714285714284 0.8441011235955056 0.24761904761904763 0.8441011235955056
1 0.09761904761904762 0.7485955056179775 0.15714285714285714 0.7485955056179775 0.15714285714285714 0.7823033707865169 0.09761904761904762 0.7823033707865169