1 0.8511904761904762 0.48735955056179775 0.8785714285714286 0.5 0.8476190476190476 0.5688202247191011 0.8226190476190476 0.5547752808988764
1 0.8154761904761905 0.49157303370786515 0.8380952380952381 0.5028089887640449 0.8071428571428572 0.5674157303370787 0.7857142857142857 0.5547752808988764
1 0.7738095238095238 0.4789325842696629 0.7976190476190477 0.49719101123595505 0.7654761904761904 0.5575842696629213 0.7452380952380953 0.5463483146067416
1 0.6892857142857143 0.4648876404494382 0.7130952380952381 0.4887640449438202 0.675 0.5491573033707865 0.65 0.5280898876404494
1 0.6654761904761904 0.3455056179775281 0.6904761904761905 0.33146067415730335 0.7214285714285714 0.398876404494382 0.6964285714285714 0.4101123595505618
1 0.7464285714285714 0.35674157303370785 0.7738095238095238 0.3497191011235955 0.7976190476190477 0.4058988764044944 0.7773809523809524 0.41713483146067415
1 0.7904761904761904 0.36797752808988765 0.8130952380952381 0.3497191011235955 0.844047619047619 0.41292134831460675 0.8226190476190476 0.4311797752808989
1 0.6261904761904762 0.34129213483146065 0.6488095238095238 0.3258426966292135 0.6821428571428572 0.3960674157303371 0.6583333333333333 0.40730337078651685
1 0.5833333333333334 0.32865168539325845 0.6059523809523809 0.3188202247191011 0.6369047619047619 0.38342696629213485 0.6083333333333333 0.39325842696629215
1 0.5428571428571428 0.32724719101123595 0.5666666666666667 0.31320224719101125 0.5964285714285714 0.38202247191011235 0.5738095238095238 0.3946629213483146
1 0.6071428571428571 0.46207865168539325 0.6273809523809524 0.476123595505618 0.5904761904761905 0.5407303370786517 0.5666666666666667 0.5252808988764045
4 0.3630952380952381 0.5084269662921348 0.3523809523809524 0.5365168539325843 0.43214285714285716 0.5702247191011236 0.44166666666666665 0.5379213483146067
0 0.27380952380952384 0.273876404494382 0.30833333333333335 0.273876404494382 0.30833333333333335 0.4452247191011236 0.27380952380952384 0.4452247191011236
0 0.22380952380952382 0.2640449438202247 0.25833333333333336 0.26264044943820225 0.25833333333333336 0.43679775280898875 0.2130952380952381 0.42837078651685395
1 0.32857142857142857 0.4143258426966292 0.3904761904761905 0.4157303370786517 0.3880952380952381 0.44803370786516855 0.32857142857142857 0.44803370786516855
1 0.5226190476190476 0.45646067415730335 0.5428571428571428 0.4747191011235955 0.5035714285714286 0.5337078651685393 0.48095238095238096 0.5112359550561798
1 0.425 0.3061797752808989 0.45 0.2949438202247191 0.4773809523809524 0.36235955056179775 0.44761904761904764 0.37359550561797755
1 0.3011904761904762 0.15168539325842698 0.3261904761904762 0.15168539325842698 0.3261904761904762 0.22752808988764045 0.3011904761904762 0.22752808988764045
1 0.23452380952380952 0.651685393258427 0.3107142857142857 0.651685393258427 0.3107142857142857 0.6867977528089888 0.23452380952380952 0.6867977528089888
0 0.6261904761904762 0.5561797752808989 0.6226190476190476 0.5955056179775281 0.719047619047619 0.6039325842696629 0.7202380952380952 0.5674157303370787
1 0.4369047619047619 0.4353932584269663 0.4023809523809524 0.49297752808988765 0.4297619047619048 0.5126404494382022 0.4595238095238095 0.45365168539325845
1 0.4738095238095238 0.449438202247191 0.4392857142857143 0.5098314606741573 0.4654761904761905 0.5323033707865169 0.49642857142857144 0.4691011235955056
0 0.4857142857142857 0.5379213483146067 0.5714285714285714 0.5463483146067416 0.569047619047619 0.5856741573033708 0.48095238095238096 0.5800561797752809
1 0.7428571428571429 0.5632022471910112 0.7345238095238096 0.6432584269662921 0.7654761904761904 0.648876404494382 0.7726190476190476 0.5702247191011236
1 0.8095238095238095 0.5786516853932584 0.8726190476190476 0.5870786516853933 0.8702380952380953 0.6207865168539326 0.805952380952381 0.6095505617977528
1 0.3404761904761905 0.25702247191011235 0.3523809523809524 0.32724719101123595 0.38095238095238093 0.32162921348314605 0.36666666666666664 0.24859550561797752
1 0.12142857142857143 0.12640449438202248 0.18095238095238095 0.13904494382022473 0.1773809523809524 0.16713483146067415 0.11428571428571428 0.15308988764044945
1 0.4666666666666667 0.31179775280898875 0.4880952380952381 0.38202247191011235 0.5107142857142857 0.375 0.49047619047619045 0.30196629213483145
1 0.8357142857142857 0.3651685393258427 0.8630952380952381 0.4311797752808989 0.8892857142857142 0.41853932584269665 0.8595238095238096 0.351123595505618