1 0.3869047619047619 0.3693820224719101 0.4107142857142857 0.3609550561797753 0.3976190476190476 0.2893258426966292 0.3738095238095238 0.2949438202247191
1 0.10119047619047619 0.75 0.16547619047619047 0.7176966292134831 0.18095238095238095 0.7471910112359551 0.11428571428571428 0.7837078651685393
1 0.2702380952380952 0.300561797752809 0.3392857142857143 0.2710674157303371 0.32976190476190476 0.24859550561797752 0.2654761904761905 0.26685393258426965
1 0.5952380952380952 0.46769662921348315 0.6523809523809524 0.44241573033707865 0.6440476190476191 0.40730337078651685 0.5845238095238096 0.43820224719101125
1 0.6952380952380952 0.425561797752809 0.7535714285714286 0.4002808988764045 0.7440476190476191 0.37359550561797755 0.6845238095238095 0.398876404494382
1 0.7726190476190476 0.398876404494382 0.8321428571428572 0.3609550561797753 0.8142857142857143 0.3356741573033708 0.7607142857142857 0.36657303370786515
1 0.8523809523809524 0.3553370786516854 0.9071428571428571 0.324438202247191 0.8976190476190476 0.29775280898876405 0.8369047619047619 0.33146067415730335
1 0.5083333333333333 0.4101123595505618 0.5583333333333333 0.3848314606741573 0.5488095238095239 0.35252808988764045 0.49523809523809526 0.37780898876404495
1 0.6190476190476191 0.4058988764044944 0.6666666666666666 0.3862359550561798 0.6607142857142857 0.35814606741573035 0.6083333333333333 0.3806179775280899
1 0.694047619047619 0.375 0.7452380952380953 0.34831460674157305 0.7416666666666667 0.31741573033707865 0.6845238095238095 0.34129213483146065
1 0.7654761904761904 0.3455056179775281 0.8178571428571428 0.3160112359550562 0.8071428571428572 0.2907303370786517 0.75 0.3188202247191011
1 0.8392857142857143 0.3061797752808989 0.8916666666666667 0.2794943820224719 0.8785714285714286 0.25702247191011235 0.8285714285714286 0.28230337078651685
1 0.5190476190476191 0.22331460674157302 0.5797619047619048 0.20926966292134833 0.5714285714285714 0.17837078651685392 0.5142857142857142 0.19101123595505617
1 0.6428571428571429 0.3441011235955056 0.6952380952380952 0.3160112359550562 0.6869047619047619 0.2893258426966292 0.6297619047619047 0.3188202247191011
1 0.7440476190476191 0.300561797752809 0.794047619047619 0.27668539325842695 0.7821428571428571 0.25280898876404495 0.7345238095238096 0.2794943820224719
1 0.8285714285714286 0.26264044943820225 0.8738095238095238 0.23595505617977527 0.8654761904761905 0.20926966292134833 0.8142857142857143 0.23876404494382023
1 0.8011904761904762 0.1952247191011236 0.85 0.18398876404494383 0.8404761904761905 0.15730337078651685 0.7964285714285714 0.16853932584269662
1 0.7095238095238096 0.2205056179775281 0.7761904761904762 0.199438202247191 0.7666666666666667 0.16713483146067415 0.7 0.1853932584269663
1 0.6047619047619047 0.25140449438202245 0.6702380952380952 0.23174157303370788 0.669047619047619 0.1952247191011236 0.6011904761904762 0.21067415730337077
1 0.655952380952381 0.1896067415730337 0.7142857142857143 0.1699438202247191 0.7083333333333334 0.1404494382022472 0.65 0.15589887640449437
1 0.513095238095238 0.1699438202247191 0.569047619047619 0.15589887640449437 0.5595238095238095 0.12640449438202248 0.5035714285714286 0.1404494382022472