1 0.7690476190476191 0.28792134831460675 0.7964285714285714 0.28792134831460675 0.7964285714285714 0.3609550561797753 0.7690476190476191 0.3609550561797753
1 0.8107142857142857 0.3356741573033708 0.8369047619047619 0.3356741573033708 0.8369047619047619 0.4044943820224719 0.8107142857142857 0.4044943820224719
1 0.775 0.40870786516853935 0.8 0.40870786516853935 0.8023809523809524 0.47191011235955055 0.7773809523809524 0.47191011235955055
1 0.8238095238095238 0.45786516853932585 0.8452380952380952 0.4396067415730337 0.9 0.5028089887640449 0.8785714285714286 0.523876404494382
1 0.8047619047619048 0.49859550561797755 0.8238095238095238 0.47752808988764045 0.8702380952380953 0.5210674157303371 0.8511904761904762 0.5519662921348315
1 0.6988095238095238 0.43679775280898875 0.7011904761904761 0.46769662921348315 0.7619047619047619 0.47191011235955055 0.763095238095238 0.4396067415730337
1 0.7178571428571429 0.48314606741573035 0.7833333333333333 0.48314606741573035 0.7833333333333333 0.5196629213483146 0.7178571428571429 0.5196629213483146
1 0.6416666666666667 0.4747191011235955 0.6988095238095238 0.4747191011235955 0.7 0.5056179775280899 0.6440476190476191 0.5056179775280899
1 0.6166666666666667 0.4311797752808989 0.6797619047619048 0.43258426966292135 0.6797619047619048 0.4648876404494382 0.6142857142857143 0.4648876404494382
1 0.5321428571428571 0.43820224719101125 0.6011904761904762 0.4353932584269663 0.6035714285714285 0.4705056179775281 0.5345238095238095 0.4747191011235955
1 0.44761904761904764 0.43258426966292135 0.513095238095238 0.43258426966292135 0.513095238095238 0.4606741573033708 0.44761904761904764 0.4606741573033708
1 0.4595238095238095 0.47191011235955055 0.5261904761904762 0.4691011235955056 0.5285714285714286 0.5084269662921348 0.4607142857142857 0.5070224719101124
1 0.3619047619047619 0.47331460674157305 0.4297619047619048 0.47331460674157305 0.4297619047619048 0.5070224719101124 0.3619047619047619 0.5070224719101124
1 0.36666666666666664 0.43258426966292135 0.43333333333333335 0.43258426966292135 0.43333333333333335 0.46629213483146065 0.3678571428571429 0.4648876404494382
1 0.25476190476190474 0.42837078651685395 0.3202380952380952 0.42837078651685395 0.3202380952380952 0.45646067415730335 0.25476190476190474 0.45646067415730335
1 0.16071428571428573 0.4297752808988764 0.2226190476190476 0.4297752808988764 0.22023809523809523 0.4606741573033708 0.16071428571428573 0.4592696629213483
1 0.25357142857142856 0.476123595505618 0.3273809523809524 0.476123595505618 0.3273809523809524 0.5084269662921348 0.25357142857142856 0.5084269662921348
1 0.11666666666666667 0.46629213483146065 0.18095238095238095 0.46629213483146065 0.18095238095238095 0.49719101123595505 0.11666666666666667 0.49719101123595505
1 0.4595238095238095 0.7275280898876404 0.530952380952381 0.7303370786516854 0.5297619047619048 0.7640449438202247 0.4595238095238095 0.7598314606741573
1 0.5642857142857143 0.7345505617977528 0.6321428571428571 0.7359550561797753 0.6321428571428571 0.7682584269662921 0.5642857142857143 0.7724719101123596
1 0.6619047619047619 0.7373595505617978 0.7333333333333333 0.7373595505617978 0.7333333333333333 0.7682584269662921 0.6619047619047619 0.7682584269662921
1 0.7642857142857142 0.7331460674157303 0.8333333333333334 0.7331460674157303 0.8333333333333334 0.7668539325842697 0.7642857142857142 0.7668539325842697
1 0.794047619047619 0.6376404494382022 0.861904761904762 0.6376404494382022 0.861904761904762 0.6699438202247191 0.794047619047619 0.6699438202247191
1 0.2845238095238095 0.7654494382022472 0.35119047619047616 0.7682584269662921 0.3547619047619048 0.797752808988764 0.2845238095238095 0.8047752808988764
1 0.5178571428571429 0.7794943820224719 0.580952380952381 0.7794943820224719 0.580952380952381 0.8047752808988764 0.5178571428571429 0.8047752808988764
1 0.6011904761904762 0.7808988764044944 0.6797619047619048 0.7808988764044944 0.6797619047619048 0.8089887640449438 0.6011904761904762 0.8089887640449438
1 0.6988095238095238 0.7808988764044944 0.7678571428571429 0.7808988764044944 0.7678571428571429 0.8089887640449438 0.6988095238095238 0.8089887640449438
1 0.780952380952381 0.7780898876404494 0.8416666666666667 0.7780898876404494 0.8416666666666667 0.8075842696629213 0.780952380952381 0.8075842696629213
0 0.08928571428571429 0.7331460674157303 0.2630952380952381 0.7443820224719101 0.2630952380952381 0.797752808988764 0.08452380952380953 0.7893258426966292
3 0.38571428571428573 0.7626404494382022 0.4738095238095238 0.7612359550561798 0.4738095238095238 0.8061797752808989 0.3904761904761905 0.8089887640449438