1 0.39880952380952384 0.8497191011235955 0.3821428571428571 0.8202247191011236 0.4369047619047619 0.7808988764044944 0.4523809523809524 0.8047752808988764
1 0.3416666666666667 0.8328651685393258 0.3261904761904762 0.8047752808988764 0.37857142857142856 0.7626404494382022 0.3952380952380952 0.7907303370786517
1 0.3488095238095238 0.6699438202247191 0.3345238095238095 0.6446629213483146 0.3892857142857143 0.6039325842696629 0.4023809523809524 0.6334269662921348
1 0.17023809523809524 0.8132022471910112 0.15476190476190477 0.7879213483146067 0.2154761904761905 0.7359550561797753 0.23214285714285715 0.7626404494382022
1 0.16071428571428573 0.7528089887640449 0.14523809523809525 0.7247191011235955 0.19642857142857142 0.6825842696629213 0.21904761904761905 0.7092696629213483
1 0.3976190476190476 0.574438202247191 0.38452380952380955 0.5435393258426966 0.4369047619047619 0.5084269662921348 0.45 0.5393258426966292
1 0.6976190476190476 0.4339887640449438 0.6797619047619048 0.4143258426966292 0.7154761904761905 0.3609550561797753 0.7333333333333333 0.37780898876404495
1 0.7238095238095238 0.3047752808988764 0.7297619047619047 0.2345505617977528 0.7547619047619047 0.2345505617977528 0.7547619047619047 0.3061797752808989
1 0.24404761904761904 0.3300561797752809 0.2130952380952381 0.27668539325842695 0.2357142857142857 0.25280898876404495 0.26785714285714285 0.31320224719101125
1 0.32857142857142857 0.27808988764044945 0.29642857142857143 0.21629213483146068 0.31785714285714284 0.19662921348314608 0.3547619047619048 0.2598314606741573
1 0.38333333333333336 0.22752808988764045 0.35119047619047616 0.17415730337078653 0.37142857142857144 0.15870786516853932 0.4083333333333333 0.2148876404494382
1 0.4142857142857143 0.20926966292134833 0.37857142857142856 0.15870786516853932 0.4 0.14185393258426968 0.43214285714285716 0.18679775280898878
1 0.8321428571428572 0.6067415730337079 0.8178571428571428 0.5786516853932584 0.8797619047619047 0.5308988764044944 0.8964285714285715 0.5575842696629213