1 0.4511904761904762 0.14185393258426968 0.4880952380952381 0.18820224719101122 0.5059523809523809 0.17415730337078653 0.47023809523809523 0.12921348314606743
1 0.8523809523809524 0.46629213483146065 0.888095238095238 0.5126404494382022 0.905952380952381 0.49297752808988765 0.8666666666666667 0.4452247191011236
1 0.7880952380952381 0.4803370786516854 0.8297619047619048 0.5337078651685393 0.8511904761904762 0.5140449438202247 0.8095238095238095 0.4606741573033708
1 0.7511904761904762 0.45646067415730335 0.7976190476190477 0.5210674157303371 0.7785714285714286 0.5393258426966292 0.7309523809523809 0.4789325842696629
1 0.7380952380952381 0.8075842696629213 0.7833333333333333 0.8651685393258427 0.763095238095238 0.8876404494382022 0.7166666666666667 0.8342696629213483
1 0.34523809523809523 0.5941011235955056 0.39285714285714285 0.6558988764044944 0.3738095238095238 0.6825842696629213 0.325 0.6193820224719101
1 0.46190476190476193 0.31179775280898875 0.5023809523809524 0.3637640449438202 0.4869047619047619 0.3806179775280899 0.44642857142857145 0.3300561797752809
1 0.21666666666666667 0.476123595505618 0.2714285714285714 0.5407303370786517 0.2523809523809524 0.5632022471910112 0.19642857142857142 0.49859550561797755
1 0.11547619047619048 0.4199438202247191 0.1523809523809524 0.4691011235955056 0.1380952380952381 0.4887640449438202 0.09523809523809523 0.44241573033707865
1 0.25357142857142856 0.5997191011235955 0.3 0.6573033707865169 0.28214285714285714 0.6811797752808989 0.23333333333333334 0.6221910112359551
0 0.16904761904761906 0.5997191011235955 0.13452380952380952 0.6446629213483146 0.041666666666666664 0.5421348314606742 0.07857142857142857 0.5