1 0.4607142857142857 0.4691011235955056 0.44642857142857145 0.526685393258427 0.47023809523809523 0.5337078651685393 0.48214285714285715 0.47191011235955055
1 0.5511904761904762 0.44803370786516855 0.5369047619047619 0.5126404494382022 0.5607142857142857 0.523876404494382 0.5773809523809523 0.4550561797752809
0 0.6702380952380952 0.37640449438202245 0.6345238095238095 0.5323033707865169 0.6702380952380952 0.5449438202247191 0.7011904761904761 0.3862359550561798
1 0.44166666666666665 0.5533707865168539 0.425 0.625 0.44642857142857145 0.6278089887640449 0.4607142857142857 0.5603932584269663
1 0.42023809523809524 0.6446629213483146 0.4035714285714286 0.7191011235955056 0.42738095238095236 0.726123595505618 0.44166666666666665 0.648876404494382
1 0.3976190476190476 0.7612359550561798 0.3773809523809524 0.8370786516853933 0.4035714285714286 0.8455056179775281 0.41904761904761906 0.7682584269662921
1 0.7619047619047619 0.26825842696629215 0.7654761904761904 0.3258426966292135 0.7892857142857143 0.324438202247191 0.7857142857142857 0.26685393258426965
1 0.8380952380952381 0.12780898876404495 0.8428571428571429 0.19241573033707865 0.8678571428571429 0.19101123595505617 0.8654761904761905 0.125
1 0.8214285714285714 0.36657303370786515 0.819047619047619 0.43679775280898875 0.844047619047619 0.43679775280898875 0.8488095238095238 0.36657303370786515
1 0.8095238095238095 0.45786516853932585 0.7952380952380952 0.5252808988764045 0.819047619047619 0.5351123595505618 0.8321428571428572 0.46348314606741575
4 0.7904761904761904 0.5955056179775281 0.7678571428571429 0.6867977528089888 0.7964285714285714 0.6980337078651685 0.8166666666666667 0.6039325842696629
1 0.75 0.7710674157303371 0.7321428571428571 0.8356741573033708 0.7583333333333333 0.8455056179775281 0.775 0.7808988764044944
1 0.19166666666666668 0.449438202247191 0.2119047619047619 0.45646067415730335 0.2 0.5154494382022472 0.1773809523809524 0.5112359550561798
1 0.1488095238095238 0.7134831460674157 0.14761904761904762 0.7387640449438202 0.09404761904761905 0.7373595505617978 0.1 0.702247191011236