3 0.5083333333333333 0.1952247191011236 0.7321428571428571 0.15308988764044945 0.7202380952380952 0.10252808988764045 0.4988095238095238 0.14887640449438203
4 0.7202380952380952 0.20646067415730338 0.9357142857142857 0.175561797752809 0.9261904761904762 0.11376404494382023 0.7130952380952381 0.15308988764044945
1 0.35833333333333334 0.5365168539325843 0.4226190476190476 0.5252808988764045 0.41904761904761906 0.4957865168539326 0.35595238095238096 0.5056179775280899
1 0.14404761904761904 0.3089887640449438 0.20595238095238094 0.2949438202247191 0.20357142857142857 0.2640449438202247 0.14166666666666666 0.27808988764044945
1 0.16666666666666666 0.25 0.22142857142857142 0.23876404494382023 0.21666666666666667 0.20926966292134833 0.1619047619047619 0.21910112359550563
1 0.17976190476190476 0.1952247191011236 0.23214285714285715 0.18258426966292135 0.22857142857142856 0.15589887640449437 0.1738095238095238 0.16713483146067415
1 0.25952380952380955 0.22752808988764045 0.3238095238095238 0.21207865168539325 0.32142857142857145 0.18117977528089887 0.2523809523809524 0.19382022471910113
1 0.3380952380952381 0.21207865168539325 0.4 0.20224719101123595 0.3964285714285714 0.17134831460674158 0.3357142857142857 0.1797752808988764
1 0.43333333333333335 0.19101123595505617 0.49404761904761907 0.17837078651685392 0.4928571428571429 0.14325842696629212 0.425 0.15870786516853932
1 0.444047619047619 0.25 0.5059523809523809 0.23876404494382023 0.5023809523809524 0.20365168539325842 0.4392857142857143 0.21629213483146068
1 0.5726190476190476 0.2303370786516854 0.6261904761904762 0.21629213483146068 0.6226190476190476 0.18820224719101122 0.569047619047619 0.20084269662921347
1 0.3357142857142857 0.2752808988764045 0.4035714285714286 0.2640449438202247 0.4011904761904762 0.22893258426966293 0.3333333333333333 0.23876404494382023
1 0.23333333333333334 0.2893258426966292 0.29404761904761906 0.28370786516853935 0.29285714285714287 0.25280898876404495 0.23214285714285715 0.2612359550561798