4 0.4988095238095238 0.09550561797752809 0.46904761904761905 0.32162921348314605 0.4297619047619048 0.30758426966292135 0.4666666666666667 0.09269662921348315
4 0.5761904761904761 0.18117977528089887 0.55 0.32865168539325845 0.5904761904761905 0.3398876404494382 0.6154761904761905 0.18679775280898878
1 0.7738095238095238 0.17275280898876405 0.7583333333333333 0.25280898876404495 0.7821428571428571 0.26264044943820225 0.8 0.17837078651685392
4 0.4035714285714286 0.449438202247191 0.3595238095238095 0.7176966292134831 0.39880952380952384 0.7275280898876404 0.44047619047619047 0.45786516853932585
4 0.7928571428571428 0.3960674157303371 0.7785714285714286 0.47752808988764045 0.8083333333333333 0.4845505617977528 0.8214285714285714 0.40168539325842695
3 0.7380952380952381 0.38202247191011235 0.7202380952380952 0.47331460674157305 0.7488095238095238 0.48174157303370785 0.7642857142857142 0.3904494382022472
1 0.5404761904761904 0.4705056179775281 0.5261904761904762 0.5421348314606742 0.5511904761904762 0.5533707865168539 0.5630952380952381 0.4803370786516854
1 0.5166666666666667 0.577247191011236 0.4988095238095238 0.6671348314606742 0.5273809523809524 0.6769662921348315 0.5464285714285714 0.5898876404494382
1 0.4976190476190476 0.7162921348314607 0.4869047619047619 0.7935393258426966 0.5119047619047619 0.8061797752808989 0.5238095238095238 0.7176966292134831
1 0.7380952380952381 0.5379213483146067 0.7202380952380952 0.6039325842696629 0.7464285714285714 0.6179775280898876 0.763095238095238 0.5449438202247191
1 0.4392857142857143 0.6839887640449438 0.4238095238095238 0.7584269662921348 0.45 0.7598314606741573 0.4630952380952381 0.6882022471910112
1 0.8095238095238095 0.6573033707865169 0.7833333333333333 0.7359550561797753 0.8142857142857143 0.7514044943820225 0.8380952380952381 0.672752808988764
1 0.6845238095238095 0.7415730337078652 0.6726190476190477 0.8188202247191011 0.7011904761904761 0.8230337078651685 0.7166666666666667 0.7471910112359551
1 0.4238095238095238 0.8188202247191011 0.4083333333333333 0.8876404494382022 0.4369047619047619 0.8946629213483146 0.4511904761904762 0.8314606741573034