1 0.7416666666666667 0.6910112359550562 0.7511904761904762 0.7176966292134831 0.8107142857142857 0.6825842696629213 0.7964285714285714 0.6573033707865169
1 0.7142857142857143 0.5912921348314607 0.7297619047619047 0.6207865168539326 0.7773809523809524 0.5926966292134831 0.7654761904761904 0.5646067415730337
1 0.6714285714285714 0.42837078651685395 0.6964285714285714 0.4297752808988764 0.6904761904761905 0.3609550561797753 0.6666666666666666 0.3609550561797753
1 0.5428571428571428 0.3455056179775281 0.575 0.34831460674157305 0.575 0.273876404494382 0.5428571428571428 0.273876404494382
4 0.45595238095238094 0.6081460674157303 0.49166666666666664 0.6123595505617978 0.5059523809523809 0.34691011235955055 0.4666666666666667 0.3455056179775281
1 0.34523809523809523 0.6910112359550562 0.3678571428571429 0.6769662921348315 0.34285714285714286 0.6095505617977528 0.319047619047619 0.6207865168539326
1 0.36666666666666664 0.6910112359550562 0.3678571428571429 0.7191011235955056 0.3047619047619048 0.7289325842696629 0.30357142857142855 0.699438202247191
1 0.3595238095238095 0.75 0.37976190476190474 0.7626404494382022 0.3476190476190476 0.8342696629213483 0.3273809523809524 0.8216292134831461
1 0.325 0.7359550561797753 0.3404761904761905 0.7640449438202247 0.2845238095238095 0.8033707865168539 0.2726190476190476 0.7752808988764045
1 0.30833333333333335 0.8061797752808989 0.3142857142857143 0.8370786516853933 0.2642857142857143 0.8553370786516854 0.25595238095238093 0.827247191011236
1 0.7952380952380952 0.7092696629213483 0.805952380952381 0.7373595505617978 0.7476190476190476 0.7682584269662921 0.7345238095238096 0.7401685393258427
3 0.7226190476190476 0.7907303370786517 0.7273809523809524 0.827247191011236 0.8261904761904761 0.8117977528089888 0.8226190476190476 0.773876404494382
1 0.5369047619047619 0.3707865168539326 0.5619047619047619 0.36657303370786515 0.5666666666666667 0.4339887640449438 0.5404761904761904 0.43679775280898875
1 0.544047619047619 0.46207865168539325 0.5726190476190476 0.46348314606741575 0.5738095238095238 0.5337078651685393 0.5428571428571428 0.5323033707865169
1 0.5476190476190477 0.5660112359550562 0.5714285714285714 0.5660112359550562 0.5714285714285714 0.6320224719101124 0.5476190476190477 0.6320224719101124
1 0.5773809523809523 0.7359550561797753 0.6023809523809524 0.7359550561797753 0.6023809523809524 0.797752808988764 0.5773809523809523 0.797752808988764
1 0.5404761904761904 0.1952247191011236 0.5678571428571428 0.1952247191011236 0.5726190476190476 0.2598314606741573 0.5392857142857143 0.2640449438202247
1 0.41309523809523807 0.5617977528089888 0.4369047619047619 0.5617977528089888 0.4369047619047619 0.6306179775280899 0.41309523809523807 0.6306179775280899
1 0.7297619047619047 0.8370786516853933 0.794047619047619 0.8230337078651685 0.8023809523809524 0.8609550561797753 0.7380952380952381 0.8735955056179775
4 0.37857142857142856 0.7865168539325843 0.34285714285714286 0.8679775280898876 0.37023809523809526 0.8820224719101124 0.40595238095238095 0.8019662921348315