1 0.4797619047619048 0.19662921348314608 0.5035714285714286 0.19662921348314608 0.5035714285714286 0.2598314606741573 0.4797619047619048 0.2598314606741573
1 0.4869047619047619 0.4339887640449438 0.5166666666666667 0.4339887640449438 0.5166666666666667 0.5028089887640449 0.4869047619047619 0.5028089887640449
1 0.49523809523809526 0.5337078651685393 0.5190476190476191 0.5337078651685393 0.5226190476190476 0.6053370786516854 0.4988095238095238 0.6053370786516854
1 0.5 0.6334269662921348 0.5261904761904762 0.6334269662921348 0.5297619047619048 0.7092696629213483 0.5011904761904762 0.7092696629213483
0 0.4976190476190476 0.7359550561797753 0.5297619047619048 0.7275280898876404 0.5345238095238095 0.8679775280898876 0.5035714285714286 0.8679775280898876
1 0.8261904761904761 0.2991573033707865 0.8547619047619047 0.3047752808988764 0.8476190476190476 0.38342696629213485 0.8214285714285714 0.37640449438202245
1 0.8238095238095238 0.42696629213483145 0.85 0.42696629213483145 0.85 0.5 0.8238095238095238 0.5
1 0.8476190476190476 0.5884831460674157 0.8702380952380953 0.5884831460674157 0.8702380952380953 0.6601123595505618 0.8476190476190476 0.6601123595505618
1 0.8452380952380952 0.6713483146067416 0.8726190476190476 0.675561797752809 0.8690476190476191 0.75 0.844047619047619 0.7485955056179775
0 0.7261904761904762 0.07724719101123595 0.7583333333333333 0.07724719101123595 0.7583333333333333 0.22612359550561797 0.7261904761904762 0.22612359550561797
1 0.8511904761904762 0.8146067415730337 0.8785714285714286 0.8061797752808989 0.888095238095238 0.8820224719101124 0.8630952380952381 0.8876404494382022