1 0.4035714285714286 0.3356741573033708 0.425 0.3300561797752809 0.4119047619047619 0.2612359550561798 0.3892857142857143 0.26685393258426965
1 0.49404761904761907 0.34691011235955055 0.49404761904761907 0.32162921348314605 0.5547619047619048 0.3202247191011236 0.5547619047619048 0.34831460674157305
1 0.42023809523809524 0.7345505617977528 0.4452380952380952 0.7345505617977528 0.44642857142857145 0.6530898876404494 0.41904761904761906 0.651685393258427
1 0.4988095238095238 0.5 0.5571428571428572 0.49859550561797755 0.555952380952381 0.4691011235955056 0.49523809523809526 0.47331460674157305
1 0.5035714285714286 0.574438202247191 0.5630952380952381 0.5674157303370787 0.5607142857142857 0.5393258426966292 0.4988095238095238 0.5463483146067416
1 0.513095238095238 0.6446629213483146 0.5630952380952381 0.6418539325842697 0.5607142857142857 0.6123595505617978 0.5083333333333333 0.6165730337078652
1 0.513095238095238 0.6853932584269663 0.569047619047619 0.6853932584269663 0.569047619047619 0.651685393258427 0.5059523809523809 0.6544943820224719
1 0.5035714285714286 0.7598314606741573 0.5654761904761905 0.7528089887640449 0.5607142857142857 0.723314606741573 0.5 0.7317415730337079
1 0.5154761904761904 0.8258426966292135 0.575 0.8230337078651685 0.5726190476190476 0.7921348314606742 0.5119047619047619 0.7991573033707865
1 0.5178571428571429 0.8679775280898876 0.5178571428571429 0.8356741573033708 0.5797619047619048 0.8356741573033708 0.5797619047619048 0.8679775280898876
1 0.6642857142857143 0.8328651685393258 0.7154761904761905 0.8286516853932584 0.7178571428571429 0.8553370786516854 0.6642857142857143 0.8609550561797753
1 0.6678571428571428 0.8047752808988764 0.7178571428571429 0.8033707865168539 0.7154761904761905 0.776685393258427 0.6666666666666666 0.7794943820224719
1 0.6511904761904762 0.7443820224719101 0.7130952380952381 0.7373595505617978 0.7071428571428572 0.7092696629213483 0.6488095238095238 0.7162921348314607
1 0.65 0.699438202247191 0.7095238095238096 0.699438202247191 0.7071428571428572 0.6699438202247191 0.6476190476190476 0.6741573033707865
1 0.6452380952380953 0.6446629213483146 0.7023809523809523 0.6418539325842697 0.7023809523809523 0.6081460674157303 0.6416666666666667 0.6109550561797753
1 0.2119047619047619 0.8089887640449438 0.27380952380952384 0.7654494382022472 0.26071428571428573 0.7387640449438202 0.1988095238095238 0.7851123595505618
1 0.48928571428571427 0.31179775280898875 0.5511904761904762 0.30337078651685395 0.5452380952380952 0.2710674157303371 0.4845238095238095 0.2808988764044944
1 0.5 0.42696629213483145 0.5583333333333333 0.42696629213483145 0.555952380952381 0.3960674157303371 0.49642857142857144 0.398876404494382
1 0.5023809523809524 0.4606741573033708 0.5595238095238095 0.4592696629213483 0.5571428571428572 0.4311797752808989 0.5 0.43258426966292135
1 0.6321428571428571 0.17696629213483145 0.6821428571428572 0.17696629213483145 0.6797619047619048 0.15168539325842698 0.6297619047619047 0.15168539325842698
1 0.6190476190476191 0.21910112359550563 0.6738095238095239 0.21769662921348315 0.6702380952380952 0.1896067415730337 0.6166666666666667 0.19241573033707865
1 0.6285714285714286 0.25842696629213485 0.6761904761904762 0.2612359550561798 0.6761904761904762 0.23174157303370788 0.6285714285714286 0.22893258426966293
1 0.6226190476190476 0.30337078651685395 0.6797619047619048 0.30337078651685395 0.6833333333333333 0.27668539325842695 0.6238095238095238 0.2752808988764045
1 0.6369047619047619 0.34691011235955055 0.6976190476190476 0.3455056179775281 0.6952380952380952 0.31741573033707865 0.6345238095238095 0.3188202247191011
1 0.6285714285714286 0.40168539325842695 0.6928571428571428 0.3946629213483146 0.6904761904761905 0.3651685393258427 0.6273809523809524 0.37219101123595505
1 0.6476190476190476 0.4508426966292135 0.6928571428571428 0.44662921348314605 0.6928571428571428 0.42275280898876405 0.6440476190476191 0.4241573033707865
1 0.6404761904761904 0.5084269662921348 0.7071428571428572 0.5014044943820225 0.7047619047619048 0.4705056179775281 0.6392857142857142 0.4747191011235955
1 0.6464285714285715 0.5449438202247191 0.7083333333333334 0.5533707865168539 0.7095238095238096 0.5252808988764045 0.6476190476190476 0.5182584269662921
1 0.6369047619047619 0.5955056179775281 0.6964285714285714 0.5997191011235955 0.6976190476190476 0.5702247191011236 0.638095238095238 0.5660112359550562