1 0.2785714285714286 0.49157303370786515 0.30357142857142855 0.49297752808988765 0.30357142857142855 0.5702247191011236 0.27380952380952384 0.5674157303370787
1 0.2357142857142857 0.4957865168539326 0.2642857142857143 0.4943820224719101 0.2642857142857143 0.574438202247191 0.23452380952380952 0.574438202247191
1 0.4511904761904762 0.4901685393258427 0.4785714285714286 0.48735955056179775 0.48095238095238096 0.5674157303370787 0.4523809523809524 0.5688202247191011
1 0.38333333333333336 0.4859550561797753 0.4107142857142857 0.4887640449438202 0.40714285714285714 0.5730337078651685 0.3821428571428571 0.5716292134831461
1 0.4166666666666667 0.4957865168539326 0.44166666666666665 0.4943820224719101 0.4452380952380952 0.5702247191011236 0.41904761904761906 0.5716292134831461
1 0.5214285714285715 0.4845505617977528 0.5488095238095239 0.48314606741573035 0.5511904761904762 0.5702247191011236 0.5202380952380953 0.5716292134831461
1 0.5583333333333333 0.48735955056179775 0.580952380952381 0.4887640449438202 0.580952380952381 0.5589887640449438 0.555952380952381 0.5575842696629213
1 0.6964285714285714 0.5126404494382022 0.7654761904761904 0.5154494382022472 0.7666666666666667 0.5491573033707865 0.6964285714285714 0.5463483146067416
1 0.7821428571428571 0.5603932584269663 0.844047619047619 0.5617977528089888 0.8464285714285714 0.5926966292134831 0.7833333333333333 0.5926966292134831
1 0.7071428571428572 0.5603932584269663 0.7666666666666667 0.5617977528089888 0.7666666666666667 0.5955056179775281 0.7083333333333334 0.5941011235955056
1 0.6511904761904762 0.6025280898876404 0.7142857142857143 0.6025280898876404 0.7142857142857143 0.6362359550561798 0.6511904761904762 0.6348314606741573
1 0.7273809523809524 0.6025280898876404 0.805952380952381 0.601123595505618 0.8083333333333333 0.6362359550561798 0.7273809523809524 0.6362359550561798
1 0.825 0.7401685393258427 0.8535714285714285 0.7443820224719101 0.8511904761904762 0.8202247191011236 0.8238095238095238 0.8160112359550562
1 0.7428571428571429 0.7401685393258427 0.7690476190476191 0.7387640449438202 0.7690476190476191 0.7949438202247191 0.7440476190476191 0.7935393258426966
1 0.6666666666666666 0.7247191011235955 0.6892857142857143 0.7247191011235955 0.6952380952380952 0.8019662921348315 0.6714285714285714 0.8033707865168539
1 0.5011904761904762 0.6797752808988764 0.5261904761904762 0.6797752808988764 0.5202380952380953 0.7626404494382022 0.4928571428571429 0.7626404494382022
1 0.46190476190476193 0.6839887640449438 0.49166666666666664 0.6867977528089888 0.4845238095238095 0.7696629213483146 0.4583333333333333 0.7682584269662921
4 0.5904761904761905 0.48174157303370785 0.6202380952380953 0.47752808988764045 0.6214285714285714 0.5856741573033708 0.5916666666666667 0.5870786516853933
1 0.3904761904761905 0.6741573033707865 0.38095238095238093 0.7471910112359551 0.4095238095238095 0.75 0.4154761904761905 0.675561797752809
1 0.25 0.648876404494382 0.2392857142857143 0.7317415730337079 0.26785714285714285 0.7359550561797753 0.2785714285714286 0.651685393258427
1 0.2857142857142857 0.6530898876404494 0.2785714285714286 0.7373595505617978 0.305952380952381 0.7387640449438202 0.31547619047619047 0.6573033707865169
1 0.1976190476190476 0.648876404494382 0.19285714285714287 0.7289325842696629 0.22023809523809523 0.7331460674157303 0.2261904761904762 0.648876404494382
1 0.1619047619047619 0.6376404494382022 0.15833333333333333 0.7191011235955056 0.18095238095238095 0.7247191011235955 0.19285714285714287 0.6432584269662921
1 0.3476190476190476 0.4887640449438202 0.34404761904761905 0.5730337078651685 0.37023809523809526 0.574438202247191 0.3773809523809524 0.4901685393258427
1 0.20714285714285716 0.4957865168539326 0.19642857142857142 0.5617977528089888 0.2226190476190476 0.5716292134831461 0.23214285714285715 0.5
1 0.17023809523809524 0.49157303370786515 0.1595238095238095 0.5632022471910112 0.1869047619047619 0.5688202247191011 0.19523809523809524 0.4943820224719101
1 0.13452380952380952 0.4943820224719101 0.12857142857142856 0.5617977528089888 0.1523809523809524 0.5660112359550562 0.1595238095238095 0.4957865168539326