1 0.13452380952380952 0.21769662921348315 0.16904761904761906 0.27808988764044945 0.18928571428571428 0.2640449438202247 0.15476190476190477 0.19803370786516855
1 0.18333333333333332 0.20084269662921347 0.2226190476190476 0.25702247191011235 0.2392857142857143 0.2443820224719101 0.20357142857142857 0.1853932584269663
1 0.12142857142857143 0.4396067415730337 0.16547619047619047 0.5 0.18452380952380953 0.48735955056179775 0.14285714285714285 0.42275280898876405
1 0.14404761904761904 0.37219101123595505 0.18333333333333332 0.4297752808988764 0.2011904761904762 0.41853932584269665 0.16547619047619047 0.3553370786516854
1 0.21785714285714286 0.3539325842696629 0.26071428571428573 0.42837078651685395 0.27976190476190477 0.41292134831460675 0.23809523809523808 0.33848314606741575
1 0.24523809523809523 0.31179775280898875 0.28214285714285714 0.3707865168539326 0.3047619047619048 0.3553370786516854 0.26666666666666666 0.2949438202247191
1 0.3011904761904762 0.4058988764044944 0.33690476190476193 0.46769662921348315 0.3607142857142857 0.44803370786516855 0.3273809523809524 0.3848314606741573
3 0.20476190476190476 0.4705056179775281 0.2511904761904762 0.5421348314606742 0.275 0.5182584269662921 0.23333333333333334 0.449438202247191
1 0.20952380952380953 0.5617977528089888 0.24166666666666667 0.6039325842696629 0.2654761904761905 0.5856741573033708 0.2261904761904762 0.5421348314606742
4 0.3238095238095238 0.6474719101123596 0.3726190476190476 0.7176966292134831 0.4 0.6924157303370787 0.35119047619047616 0.6165730337078652
1 0.2904761904761905 0.6643258426966292 0.33095238095238094 0.7191011235955056 0.35 0.6966292134831461 0.305952380952381 0.6418539325842697
1 0.3273809523809524 0.7598314606741573 0.36904761904761907 0.8117977528089888 0.3880952380952381 0.7879213483146067 0.3476190476190476 0.7359550561797753
1 0.4988095238095238 0.6390449438202247 0.5035714285714286 0.6671348314606742 0.5654761904761905 0.6558988764044944 0.5571428571428572 0.6264044943820225
1 0.2988095238095238 0.5028089887640449 0.33214285714285713 0.550561797752809 0.35 0.5365168539325843 0.319047619047619 0.48735955056179775
1 0.4511904761904762 0.39325842696629215 0.4928571428571429 0.4550561797752809 0.513095238095238 0.4353932584269663 0.4738095238095238 0.37359550561797755
1 0.43452380952380953 0.25702247191011235 0.46904761904761905 0.3089887640449438 0.48928571428571427 0.29634831460674155 0.4511904761904762 0.23595505617977527
1 0.5297619047619048 0.2851123595505618 0.5714285714285714 0.3398876404494382 0.5880952380952381 0.32162921348314605 0.5511904761904762 0.26825842696629215
1 0.5214285714285715 0.40730337078651685 0.5619047619047619 0.4747191011235955 0.5857142857142857 0.45224719101123595 0.5488095238095239 0.38764044943820225
3 0.580952380952381 0.4044943820224719 0.6238095238095238 0.47331460674157305 0.6464285714285715 0.45786516853932585 0.6047619047619047 0.3890449438202247
1 0.7345238095238096 0.5168539325842697 0.7797619047619048 0.574438202247191 0.7988095238095239 0.5533707865168539 0.7571428571428571 0.4943820224719101
1 0.680952380952381 0.5730337078651685 0.725 0.6390449438202247 0.75 0.6193820224719101 0.705952380952381 0.5519662921348315
0 0.5214285714285715 0.6867977528089888 0.5238095238095238 0.7275280898876404 0.6059523809523809 0.7176966292134831 0.6035714285714285 0.6797752808988764
4 0.48095238095238096 0.7879213483146067 0.5297619047619048 0.8539325842696629 0.5547619047619048 0.8286516853932584 0.5071428571428571 0.7640449438202247
1 0.5583333333333333 0.7640449438202247 0.5702380952380952 0.7907303370786517 0.625 0.7542134831460674 0.6047619047619047 0.7275280898876404
1 0.6547619047619048 0.7219101123595506 0.6928571428571428 0.7808988764044944 0.7095238095238096 0.7640449438202247 0.6773809523809524 0.7078651685393258
1 0.8142857142857143 0.7682584269662921 0.8571428571428571 0.8384831460674157 0.8833333333333333 0.8230337078651685 0.8416666666666667 0.7485955056179775
3 0.7273809523809524 0.7373595505617978 0.775 0.8146067415730337 0.8011904761904762 0.7921348314606742 0.7523809523809524 0.7176966292134831
1 0.6607142857142857 0.824438202247191 0.6916666666666667 0.8764044943820225 0.7119047619047619 0.8637640449438202 0.6785714285714286 0.8047752808988764