4 0.2976190476190476 0.3356741573033708 0.3488095238095238 0.4143258426966292 0.3738095238095238 0.39185393258426965 0.319047619047619 0.3160112359550562
1 0.12738095238095237 0.31320224719101125 0.15595238095238095 0.36797752808988765 0.175 0.3553370786516854 0.14642857142857144 0.30196629213483145
1 0.2119047619047619 0.37640449438202245 0.24642857142857144 0.43820224719101125 0.26904761904761904 0.42134831460674155 0.23214285714285715 0.3609550561797753
1 0.13333333333333333 0.577247191011236 0.16785714285714284 0.6362359550561798 0.19047619047619047 0.6221910112359551 0.15476190476190477 0.5589887640449438
1 0.225 0.5070224719101124 0.25833333333333336 0.5702247191011236 0.28095238095238095 0.5533707865168539 0.24404761904761904 0.4943820224719101
1 0.27380952380952384 0.48174157303370785 0.3047619047619048 0.5435393258426966 0.3261904761904762 0.5294943820224719 0.29523809523809524 0.4691011235955056
1 0.32976190476190476 0.5533707865168539 0.36547619047619045 0.6193820224719101 0.38571428571428573 0.6025280898876404 0.3476190476190476 0.5365168539325843
1 0.24285714285714285 0.7640449438202247 0.2761904761904762 0.8202247191011236 0.2976190476190476 0.8019662921348315 0.2654761904761905 0.7457865168539326
1 0.31666666666666665 0.6685393258426966 0.34404761904761905 0.7219101123595506 0.37023809523809526 0.699438202247191 0.3404761904761905 0.6460674157303371
1 0.3773809523809524 0.6446629213483146 0.4107142857142857 0.7008426966292135 0.430952380952381 0.6853932584269663 0.39285714285714285 0.6264044943820225
1 0.4297619047619048 0.7415730337078652 0.4642857142857143 0.8019662921348315 0.4857142857142857 0.7837078651685393 0.4488095238095238 0.726123595505618
0 0.6071428571428571 0.6966292134831461 0.6654761904761904 0.7907303370786517 0.6928571428571428 0.7752808988764045 0.6345238095238095 0.675561797752809
4 0.1761904761904762 0.5519662921348315 0.2226190476190476 0.6362359550561798 0.2523809523809524 0.6151685393258427 0.20595238095238094 0.5323033707865169
1 0.475 0.41292134831460675 0.5107142857142857 0.4789325842696629 0.5297619047619048 0.4606741573033708 0.49523809523809526 0.4002808988764045
1 0.37976190476190474 0.13623595505617977 0.41309523809523807 0.19101123595505617 0.43333333333333335 0.1797752808988764 0.4035714285714286 0.12078651685393259
3 0.825 0.13623595505617977 0.805952380952381 0.20084269662921347 0.8321428571428572 0.2148876404494382 0.8535714285714285 0.14606741573033707
4 0.17142857142857143 0.08567415730337079 0.28214285714285714 0.2443820224719101 0.319047619047619 0.21629213483146068 0.20714285714285716 0.05196629213483146
1 0.48333333333333334 0.8314606741573034 0.5095238095238095 0.8792134831460674 0.5297619047619048 0.8665730337078652 0.5035714285714286 0.8174157303370787