4 0.11428571428571428 0.33707865168539325 0.34285714285714286 0.33848314606741575 0.34404761904761905 0.38764044943820225 0.11785714285714285 0.3862359550561798
4 0.44166666666666665 0.34691011235955055 0.44166666666666665 0.3946629213483146 0.6821428571428572 0.38764044943820225 0.6797619047619048 0.33848314606741575
4 0.14285714285714285 0.48735955056179775 0.14761904761904762 0.5449438202247191 0.37976190476190474 0.5294943820224719 0.37857142857142856 0.4803370786516854
3 0.18095238095238095 0.5632022471910112 0.17976190476190476 0.5926966292134831 0.2523809523809524 0.598314606741573 0.2511904761904762 0.5646067415730337
3 0.5261904761904762 0.4859550561797753 0.5261904761904762 0.5182584269662921 0.6047619047619047 0.5196629213483146 0.6047619047619047 0.4859550561797753
4 0.4666666666666667 0.7780898876404494 0.46904761904761905 0.8160112359550562 0.5357142857142857 0.8103932584269663 0.5333333333333333 0.7752808988764045
1 0.09642857142857143 0.5674157303370787 0.15476190476190477 0.5646067415730337 0.1523809523809524 0.5941011235955056 0.09761904761904762 0.5955056179775281
1 0.33690476190476193 0.43820224719101125 0.3333333333333333 0.46629213483146065 0.4011904761904762 0.45786516853932585 0.4023809523809524 0.4339887640449438
1 0.2571428571428571 0.5407303370786517 0.2571428571428571 0.5800561797752809 0.3273809523809524 0.5758426966292135 0.3273809523809524 0.5421348314606742
1 0.4154761904761905 0.4901685393258427 0.42023809523809524 0.5252808988764045 0.4857142857142857 0.5098314606741573 0.48095238095238096 0.48314606741573035
1 0.35595238095238096 0.5603932584269663 0.35714285714285715 0.5912921348314607 0.4238095238095238 0.598314606741573 0.425 0.5646067415730337
1 0.6345238095238095 0.49719101123595505 0.6273809523809524 0.5308988764044944 0.6952380952380952 0.547752808988764 0.7 0.5154494382022472
4 0.09642857142857143 0.4241573033707865 0.2869047619047619 0.4241573033707865 0.2869047619047619 0.4691011235955056 0.09642857142857143 0.4691011235955056