1 0.3678571428571429 0.25 0.3619047619047619 0.2808988764044944 0.4166666666666667 0.2949438202247191 0.42142857142857143 0.2640449438202247
1 0.3392857142857143 0.3103932584269663 0.3964285714285714 0.32303370786516855 0.4011904761904762 0.29775280898876405 0.34285714285714286 0.2851123595505618
1 0.3392857142857143 0.34691011235955055 0.3964285714285714 0.3595505617977528 0.4035714285714286 0.32724719101123595 0.3476190476190476 0.3188202247191011
1 0.33214285714285713 0.3904494382022472 0.3892857142857143 0.398876404494382 0.3892857142857143 0.36657303370786515 0.3357142857142857 0.3595505617977528
1 0.3142857142857143 0.45365168539325845 0.3738095238095238 0.4691011235955056 0.37857142857142856 0.44241573033707865 0.32261904761904764 0.4241573033707865
1 0.3 0.48735955056179775 0.35119047619047616 0.49719101123595505 0.35833333333333334 0.4705056179775281 0.30833333333333335 0.4592696629213483
1 0.3011904761904762 0.5224719101123596 0.35119047619047616 0.5365168539325843 0.35833333333333334 0.5126404494382022 0.30952380952380953 0.49719101123595505
1 0.2892857142857143 0.5603932584269663 0.34523809523809523 0.5716292134831461 0.3488095238095238 0.5463483146067416 0.2916666666666667 0.5351123595505618
1 0.275 0.5955056179775281 0.3273809523809524 0.6151685393258427 0.3357142857142857 0.5884831460674157 0.2845238095238095 0.5702247191011236
1 0.26666666666666666 0.6334269662921348 0.325 0.6544943820224719 0.33095238095238094 0.6235955056179775 0.27380952380952384 0.6067415730337079
1 0.2654761904761905 0.6544943820224719 0.3238095238095238 0.6573033707865169 0.32261904761904764 0.6882022471910112 0.2619047619047619 0.6811797752808989
1 0.25833333333333336 0.7205056179775281 0.3119047619047619 0.726123595505618 0.3130952380952381 0.6980337078651685 0.26071428571428573 0.6924157303370787
1 0.4392857142857143 0.5955056179775281 0.42142857142857143 0.6615168539325843 0.4452380952380952 0.6699438202247191 0.4630952380952381 0.601123595505618
1 0.41309523809523807 0.7078651685393258 0.3952380952380952 0.7794943820224719 0.4238095238095238 0.7851123595505618 0.4392857142857143 0.7134831460674157
1 0.5761904761904761 0.4241573033707865 0.5583333333333333 0.4943820224719101 0.5833333333333334 0.49859550561797755 0.5964285714285714 0.4297752808988764
1 0.6666666666666666 0.46348314606741575 0.6523809523809524 0.5224719101123596 0.6761904761904762 0.5308988764044944 0.6892857142857143 0.4705056179775281
1 0.6916666666666667 0.601123595505618 0.6773809523809524 0.672752808988764 0.7047619047619048 0.6811797752808989 0.7166666666666667 0.6053370786516854
1 0.6309523809523809 0.6530898876404494 0.6214285714285714 0.7092696629213483 0.6416666666666667 0.7134831460674157 0.65 0.6573033707865169
1 0.6476190476190476 0.8202247191011236 0.6369047619047619 0.8834269662921348 0.6630952380952381 0.8904494382022472 0.6726190476190477 0.824438202247191
1 0.2845238095238095 0.8370786516853933 0.2785714285714286 0.8651685393258427 0.2130952380952381 0.851123595505618 0.2226190476190476 0.8230337078651685