1 0.3273809523809524 0.21629213483146068 0.38571428571428573 0.21910112359550563 0.38571428571428573 0.24578651685393257 0.3273809523809524 0.24157303370786518
1 0.305952380952381 0.29775280898876405 0.305952380952381 0.2794943820224719 0.25357142857142856 0.273876404494382 0.25476190476190474 0.29213483146067415
1 0.3726190476190476 0.29634831460674155 0.3821428571428571 0.3188202247191011 0.3333333333333333 0.34691011235955055 0.32261904761904764 0.324438202247191
1 0.37857142857142856 0.33286516853932585 0.3869047619047619 0.35252808988764045 0.3380952380952381 0.38342696629213485 0.3261904761904762 0.3637640449438202
1 0.38452380952380955 0.37640449438202245 0.39404761904761904 0.39747191011235955 0.3380952380952381 0.425561797752809 0.32857142857142857 0.40308988764044945
1 0.3821428571428571 0.41853932584269665 0.39166666666666666 0.4410112359550562 0.3392857142857143 0.46629213483146065 0.32857142857142857 0.4438202247191011
1 0.3761904761904762 0.4648876404494382 0.38571428571428573 0.4859550561797753 0.3345238095238095 0.5098314606741573 0.3273809523809524 0.4845505617977528
1 0.3821428571428571 0.5070224719101124 0.39166666666666666 0.526685393258427 0.3357142857142857 0.5561797752808989 0.3273809523809524 0.5337078651685393
1 0.3821428571428571 0.6348314606741573 0.39166666666666666 0.6558988764044944 0.33214285714285713 0.6910112359550562 0.31785714285714284 0.6671348314606742
1 0.38095238095238093 0.6811797752808989 0.3904761904761905 0.7008426966292135 0.3416666666666667 0.7387640449438202 0.319047619047619 0.7148876404494382
1 0.37142857142857144 0.7387640449438202 0.37976190476190474 0.7584269662921348 0.33214285714285713 0.7935393258426966 0.32142857142857145 0.7710674157303371
1 0.375 0.7752808988764045 0.3869047619047619 0.797752808988764 0.3357142857142857 0.8356741573033708 0.32261904761904764 0.8160112359550562
1 0.45714285714285713 0.5702247191011236 0.45595238095238094 0.6376404494382022 0.4797619047619048 0.6432584269662921 0.48095238095238096 0.5674157303370787
1 0.4607142857142857 0.6671348314606742 0.4607142857142857 0.7219101123595506 0.4797619047619048 0.723314606741573 0.4845238095238095 0.6573033707865169
1 0.45714285714285713 0.8146067415730337 0.45714285714285713 0.8637640449438202 0.4869047619047619 0.8637640449438202 0.4845238095238095 0.8132022471910112
1 0.8488095238095238 0.49859550561797755 0.8511904761904762 0.5660112359550562 0.875 0.5688202247191011 0.875 0.49859550561797755
1 0.8511904761904762 0.43679775280898875 0.8904761904761904 0.4705056179775281 0.9083333333333333 0.45365168539325845 0.8642857142857143 0.41292134831460675
1 0.8345238095238096 0.19101123595505617 0.8940476190476191 0.175561797752809 0.8988095238095238 0.20224719101123595 0.8416666666666667 0.22191011235955055
1 0.7833333333333333 0.3047752808988764 0.7833333333333333 0.32865168539325845 0.7464285714285714 0.33146067415730335 0.7428571428571429 0.30337078651685395
1 0.6928571428571428 0.27808988764044945 0.6952380952380952 0.30337078651685395 0.6297619047619047 0.30196629213483145 0.6297619047619047 0.27668539325842695
1 0.5595238095238095 0.28370786516853935 0.5630952380952381 0.3160112359550562 0.4857142857142857 0.3300561797752809 0.47619047619047616 0.28792134831460675
1 0.43214285714285716 0.13623595505617977 0.43214285714285716 0.1896067415730337 0.45595238095238094 0.19382022471910113 0.45357142857142857 0.14185393258426968
1 0.37023809523809526 0.16151685393258428 0.3892857142857143 0.16292134831460675 0.3892857142857143 0.12640449438202248 0.36904761904761907 0.12640449438202248
1 0.49642857142857144 0.16573033707865167 0.5107142857142857 0.18398876404494383 0.46785714285714286 0.22612359550561797 0.4511904761904762 0.20786516853932585
1 0.5 0.19803370786516855 0.5535714285714286 0.1952247191011236 0.5547619047619048 0.2205056179775281 0.5059523809523809 0.22752808988764045
1 0.5595238095238095 0.1952247191011236 0.6202380952380953 0.1952247191011236 0.6166666666666667 0.22191011235955055 0.5607142857142857 0.22612359550561797
1 0.6392857142857142 0.19382022471910113 0.6988095238095238 0.19241573033707865 0.6988095238095238 0.22331460674157302 0.6404761904761904 0.22612359550561797
1 0.844047619047619 0.5926966292134831 0.8833333333333333 0.6151685393258427 0.8892857142857142 0.5926966292134831 0.8535714285714285 0.5758426966292135
1 0.7095238095238096 0.18398876404494383 0.736904761904762 0.18258426966292135 0.736904761904762 0.12780898876404495 0.7107142857142857 0.12780898876404495