1 0.14285714285714285 0.4550561797752809 0.14166666666666666 0.49157303370786515 0.1976190476190476 0.4901685393258427 0.1976190476190476 0.4550561797752809
1 0.13095238095238096 0.5028089887640449 0.12738095238095237 0.5421348314606742 0.19404761904761905 0.5407303370786517 0.19404761904761905 0.5042134831460674
1 0.1380952380952381 0.550561797752809 0.1357142857142857 0.5912921348314607 0.21071428571428572 0.5856741573033708 0.2130952380952381 0.5491573033707865
1 0.14166666666666666 0.672752808988764 0.1392857142857143 0.7120786516853933 0.20238095238095238 0.7120786516853933 0.20357142857142857 0.672752808988764
1 0.4785714285714286 0.15308988764044945 0.4797619047619048 0.2247191011235955 0.5035714285714286 0.2247191011235955 0.5035714285714286 0.1502808988764045
1 0.5011904761904762 0.2612359550561798 0.5071428571428571 0.34129213483146065 0.5357142857142857 0.34129213483146065 0.5297619047619048 0.25702247191011235
1 0.5595238095238095 0.1502808988764045 0.5619047619047619 0.18117977528089887 0.6321428571428571 0.17696629213483145 0.6297619047619047 0.1446629213483146
1 0.5607142857142857 0.1896067415730337 0.5630952380952381 0.22893258426966293 0.6309523809523809 0.22612359550561797 0.6297619047619047 0.19101123595505617
1 0.5464285714285714 0.2401685393258427 0.5464285714285714 0.2696629213483146 0.6178571428571429 0.27247191011235955 0.6166666666666667 0.24157303370786518
1 0.5642857142857143 0.28651685393258425 0.5619047619047619 0.3188202247191011 0.638095238095238 0.3202247191011236 0.6404761904761904 0.2893258426966292
1 0.5654761904761905 0.33707865168539325 0.5654761904761905 0.375 0.638095238095238 0.375 0.638095238095238 0.33707865168539325
1 0.5607142857142857 0.3862359550561798 0.5583333333333333 0.4157303370786517 0.6309523809523809 0.42134831460674155 0.6321428571428571 0.3862359550561798
1 0.5583333333333333 0.4311797752808989 0.5583333333333333 0.4592696629213483 0.6190476190476191 0.46629213483146065 0.6202380952380953 0.43679775280898875
1 0.5511904761904762 0.48174157303370785 0.5511904761904762 0.5140449438202247 0.625 0.5140449438202247 0.6238095238095238 0.48314606741573035
1 0.5476190476190477 0.5337078651685393 0.5511904761904762 0.5702247191011236 0.6226190476190476 0.5660112359550562 0.6190476190476191 0.5337078651685393
1 0.5583333333333333 0.5870786516853933 0.555952380952381 0.6221910112359551 0.6392857142857142 0.6278089887640449 0.638095238095238 0.5884831460674157
1 0.5607142857142857 0.6966292134831461 0.5583333333333333 0.7331460674157303 0.6333333333333333 0.7345505617977528 0.6333333333333333 0.702247191011236
1 0.655952380952381 0.7514044943820225 0.5845238095238096 0.7654494382022472 0.5904761904761905 0.7991573033707865 0.6619047619047619 0.7823033707865169
1 0.7678571428571429 0.7794943820224719 0.7654761904761904 0.8132022471910112 0.8357142857142857 0.824438202247191 0.8380952380952381 0.7935393258426966
1 0.7559523809523809 0.726123595505618 0.7523809523809524 0.7668539325842697 0.844047619047619 0.7696629213483146 0.8464285714285714 0.7317415730337079
1 0.7654761904761904 0.6825842696629213 0.7654761904761904 0.7162921348314607 0.8345238095238096 0.7134831460674157 0.8345238095238096 0.6783707865168539
1 0.7440476190476191 0.6165730337078652 0.7404761904761905 0.6615168539325843 0.8369047619047619 0.6629213483146067 0.8369047619047619 0.6235955056179775
1 0.7488095238095238 0.5646067415730337 0.7452380952380953 0.5997191011235955 0.8202380952380952 0.6025280898876404 0.8214285714285714 0.5646067415730337
1 0.736904761904762 0.5112359550561798 0.7357142857142858 0.5491573033707865 0.825 0.5491573033707865 0.8273809523809523 0.5112359550561798
1 0.7083333333333334 0.36657303370786515 0.719047619047619 0.4592696629213483 0.75 0.45365168539325845 0.7357142857142858 0.3637640449438202
1 0.7095238095238096 0.19101123595505617 0.7142857142857143 0.27808988764044945 0.7428571428571429 0.2794943820224719 0.7416666666666667 0.19101123595505617
3 0.5357142857142857 0.6334269662921348 0.6261904761904762 0.6390449438202247 0.625 0.6797752808988764 0.5285714285714286 0.6741573033707865