1 0.2845238095238095 0.8342696629213483 0.31785714285714284 0.8735955056179775 0.3 0.8918539325842697 0.26785714285714285 0.8539325842696629
1 0.29404761904761906 0.7963483146067416 0.33214285714285713 0.8286516853932584 0.3130952380952381 0.8525280898876404 0.2761904761904762 0.8160112359550562
1 0.3 0.7640449438202247 0.28809523809523807 0.7935393258426966 0.3357142857142857 0.8103932584269663 0.34523809523809523 0.7823033707865169
1 0.30238095238095236 0.7373595505617978 0.3333333333333333 0.7724719101123596 0.3476190476190476 0.7542134831460674 0.319047619047619 0.7176966292134831
1 0.3202380952380952 0.702247191011236 0.35 0.7401685393258427 0.36904761904761907 0.723314606741573 0.3357142857142857 0.6839887640449438
1 0.3107142857142857 0.5435393258426966 0.35 0.5154494382022472 0.3357142857142857 0.4943820224719101 0.2988095238095238 0.523876404494382
1 0.30357142857142855 0.4943820224719101 0.3119047619047619 0.5154494382022472 0.35 0.4887640449438202 0.3392857142857143 0.47331460674157305
1 0.4035714285714286 0.45224719101123595 0.4380952380952381 0.48314606741573035 0.4226190476190476 0.5056179775280899 0.39166666666666666 0.476123595505618
1 0.3273809523809524 0.4803370786516854 0.36547619047619045 0.4592696629213483 0.35595238095238096 0.43820224719101125 0.3202380952380952 0.4592696629213483
1 0.32142857142857145 0.43679775280898875 0.33095238095238094 0.45365168539325845 0.3678571428571429 0.4353932584269663 0.35595238095238096 0.41292134831460675
1 0.694047619047619 0.523876404494382 0.6857142857142857 0.5786516853932584 0.6642857142857143 0.5688202247191011 0.6726190476190477 0.5196629213483146
1 0.7202380952380952 0.8160112359550562 0.7130952380952381 0.8679775280898876 0.7380952380952381 0.8707865168539326 0.7440476190476191 0.8174157303370787
1 0.7452380952380953 0.6404494382022472 0.7678571428571429 0.6446629213483146 0.7702380952380953 0.5955056179775281 0.7488095238095238 0.5898876404494382
1 0.7535714285714286 0.5421348314606742 0.7523809523809524 0.5941011235955056 0.775 0.5955056179775281 0.775 0.5435393258426966
1 0.7380952380952381 0.45365168539325845 0.7309523809523809 0.49719101123595505 0.7095238095238096 0.49297752808988765 0.7154761904761905 0.44803370786516855
1 0.7690476190476191 0.44241573033707865 0.7642857142857142 0.48735955056179775 0.7869047619047619 0.4901685393258427 0.7904761904761904 0.44662921348314605
1 0.7726190476190476 0.3960674157303371 0.7666666666666667 0.43679775280898875 0.7869047619047619 0.4410112359550562 0.794047619047619 0.40308988764044945
1 0.780952380952381 0.33848314606741575 0.7738095238095238 0.38342696629213485 0.7964285714285714 0.38764044943820225 0.8023809523809524 0.3441011235955056
1 0.780952380952381 0.3160112359550562 0.8047619047619048 0.3188202247191011 0.805952380952381 0.27247191011235955 0.7833333333333333 0.26685393258426965
1 0.42738095238095236 0.3258426966292135 0.4654761904761905 0.35814606741573035 0.4785714285714286 0.3356741573033708 0.44285714285714284 0.3047752808988764
1 0.5595238095238095 0.16292134831460675 0.5511904761904762 0.20646067415730338 0.5285714285714286 0.19803370786516855 0.5392857142857143 0.15730337078651685
1 0.44642857142857145 0.28370786516853935 0.4857142857142857 0.3103932584269663 0.475 0.3300561797752809 0.43452380952380953 0.3089887640449438
1 0.4023809523809524 0.4311797752808989 0.4261904761904762 0.47191011235955055 0.44166666666666665 0.46207865168539325 0.41785714285714287 0.42275280898876405
1 0.4166666666666667 0.42134831460674155 0.44642857142857145 0.4606741573033708 0.4583333333333333 0.449438202247191 0.43333333333333335 0.4157303370786517
1 0.3738095238095238 0.27247191011235955 0.40476190476190477 0.30337078651685395 0.41785714285714287 0.28792134831460675 0.38333333333333336 0.2556179775280899
1 0.3476190476190476 0.6081460674157303 0.3773809523809524 0.6474719101123596 0.3976190476190476 0.6292134831460674 0.3630952380952381 0.5884831460674157