1 0.30238095238095236 0.175561797752809 0.28809523809523807 0.25280898876404495 0.319047619047619 0.25702247191011235 0.33214285714285713 0.17696629213483145
1 0.2785714285714286 0.2612359550561798 0.25476190476190474 0.3441011235955056 0.2916666666666667 0.34691011235955055 0.3130952380952381 0.2654494382022472
1 0.24523809523809523 0.44662921348314605 0.225 0.550561797752809 0.26071428571428573 0.5547752808988764 0.28095238095238095 0.4508426966292135
1 0.21904761904761905 0.5884831460674157 0.20357142857142857 0.6769662921348315 0.2392857142857143 0.6811797752808989 0.25357142857142856 0.5955056179775281
1 0.19642857142857142 0.6966292134831461 0.17142857142857143 0.8103932584269663 0.2119047619047619 0.8160112359550562 0.2369047619047619 0.699438202247191
1 0.5547619047619048 0.12640449438202248 0.5488095238095239 0.16573033707865167 0.6190476190476191 0.175561797752809 0.6238095238095238 0.13623595505617977
1 0.55 0.17134831460674158 0.544047619047619 0.2050561797752809 0.625 0.21629213483146068 0.6309523809523809 0.1797752808988764
1 0.5428571428571428 0.24578651685393257 0.5357142857142857 0.28370786516853935 0.6130952380952381 0.29353932584269665 0.6190476190476191 0.25702247191011235
1 0.5333333333333333 0.3258426966292135 0.5285714285714286 0.3693820224719101 0.6059523809523809 0.37219101123595505 0.6095238095238096 0.3300561797752809
1 0.5226190476190476 0.41713483146067415 0.5190476190476191 0.45646067415730335 0.6 0.46348314606741575 0.6023809523809524 0.425561797752809
1 0.5190476190476191 0.46207865168539325 0.5107142857142857 0.5014044943820225 0.6023809523809524 0.5112359550561798 0.6059523809523809 0.47331460674157305
1 0.4988095238095238 0.6025280898876404 0.49523809523809526 0.6390449438202247 0.5761904761904761 0.651685393258427 0.5797619047619048 0.6151685393258427
1 0.4976190476190476 0.6530898876404494 0.4928571428571429 0.6910112359550562 0.5880952380952381 0.7036516853932584 0.5928571428571429 0.6671348314606742
1 0.49404761904761907 0.7008426966292135 0.4880952380952381 0.7443820224719101 0.5785714285714286 0.7556179775280899 0.5821428571428572 0.7106741573033708
1 0.4857142857142857 0.7542134831460674 0.48095238095238096 0.8019662921348315 0.5761904761904761 0.8132022471910112 0.580952380952381 0.7696629213483146
1 0.4869047619047619 0.8160112359550562 0.48214285714285715 0.8567415730337079 0.5642857142857143 0.8637640449438202 0.5666666666666667 0.824438202247191
1 0.6666666666666666 0.6432584269662921 0.6607142857142857 0.7542134831460674 0.7 0.7570224719101124 0.7035714285714286 0.6446629213483146
1 0.7773809523809524 0.5533707865168539 0.7761904761904762 0.6039325842696629 0.680952380952381 0.6025280898876404 0.6821428571428572 0.5533707865168539
1 0.8738095238095238 0.5561797752808989 0.8773809523809524 0.5997191011235955 0.794047619047619 0.5997191011235955 0.7916666666666666 0.5547752808988764
1 0.6833333333333333 0.4353932584269663 0.675 0.5182584269662921 0.7071428571428572 0.5224719101123596 0.7130952380952381 0.43679775280898875
1 0.6845238095238095 0.3398876404494382 0.6797619047619048 0.4297752808988764 0.7166666666666667 0.43258426966292135 0.7202380952380952 0.34269662921348315
1 0.6904761904761905 0.25140449438202245 0.6845238095238095 0.3356741573033708 0.719047619047619 0.3398876404494382 0.7238095238095238 0.25280898876404495