1 0.33095238095238094 0.18820224719101122 0.35 0.2050561797752809 0.3904761904761905 0.15168539325842698 0.36904761904761907 0.13623595505617977
1 0.3416666666666667 0.22752808988764045 0.3607142857142857 0.2443820224719101 0.4011904761904762 0.19803370786516855 0.37976190476190474 0.17837078651685392
1 0.3547619047619048 0.26685393258426965 0.3738095238095238 0.28230337078651685 0.4142857142857143 0.23595505617977527 0.39404761904761904 0.21769662921348315
1 0.36428571428571427 0.31179775280898875 0.3821428571428571 0.324438202247191 0.42023809523809524 0.2808988764044944 0.4011904761904762 0.2612359550561798
1 0.3726190476190476 0.3539325842696629 0.3904761904761905 0.37219101123595505 0.430952380952381 0.3188202247191011 0.4095238095238095 0.30196629213483145
1 0.3892857142857143 0.3890449438202247 0.4107142857142857 0.40730337078651685 0.44761904761904764 0.35674157303370785 0.4261904761904762 0.33848314606741575
1 0.40714285714285714 0.42134831460674155 0.430952380952381 0.4396067415730337 0.46904761904761905 0.38764044943820225 0.444047619047619 0.36657303370786515
1 0.41904761904761906 0.4705056179775281 0.44166666666666665 0.4901685393258427 0.47619047619047616 0.43679775280898875 0.45476190476190476 0.4199438202247191
1 0.4261904761904762 0.5168539325842697 0.44642857142857145 0.5323033707865169 0.4880952380952381 0.4803370786516854 0.4642857142857143 0.46348314606741575
1 0.4392857142857143 0.5519662921348315 0.4607142857142857 0.5730337078651685 0.5035714285714286 0.5140449438202247 0.4845238095238095 0.4957865168539326
1 0.475 0.6348314606741573 0.5 0.6530898876404494 0.5321428571428571 0.5941011235955056 0.5095238095238095 0.577247191011236
1 0.2011904761904762 0.24859550561797752 0.2571428571428571 0.25 0.2571428571428571 0.21910112359550563 0.2 0.21910112359550563
1 0.23333333333333334 0.3103932584269663 0.29642857142857143 0.3188202247191011 0.2976190476190476 0.28792134831460675 0.2357142857142857 0.2808988764044944
1 0.2571428571428571 0.398876404494382 0.3238095238095238 0.40168539325842695 0.32261904761904764 0.3651685393258427 0.25833333333333336 0.36235955056179775
1 0.2642857142857143 0.4339887640449438 0.33690476190476193 0.4438202247191011 0.3380952380952381 0.40870786516853935 0.26666666666666666 0.398876404494382
1 0.2785714285714286 0.476123595505618 0.3404761904761905 0.47752808988764045 0.34285714285714286 0.44241573033707865 0.275 0.4410112359550562
1 0.6511904761904762 0.18820224719101122 0.7166666666666667 0.1853932584269663 0.7178571428571429 0.1544943820224719 0.65 0.15589887640449437
1 0.6654761904761904 0.2303370786516854 0.7273809523809524 0.2247191011235955 0.725 0.19382022471910113 0.6630952380952381 0.19662921348314608
1 0.675 0.26685393258426965 0.7416666666666667 0.2640449438202247 0.7404761904761905 0.2345505617977528 0.675 0.23595505617977527
1 0.7095238095238096 0.3398876404494382 0.7892857142857143 0.3398876404494382 0.7904761904761904 0.3089887640449438 0.7095238095238096 0.3103932584269663
1 0.7440476190476191 0.37780898876404495 0.8 0.3792134831460674 0.8023809523809524 0.351123595505618 0.7428571428571429 0.3497191011235955
1 0.7738095238095238 0.3960674157303371 0.8297619047619048 0.3960674157303371 0.8321428571428572 0.42837078651685395 0.775 0.425561797752809
1 0.8273809523809523 0.43679775280898875 0.8547619047619047 0.5014044943820225 0.8297619047619048 0.5140449438202247 0.8047619047619048 0.44803370786516855
1 0.7988095238095239 0.5716292134831461 0.8738095238095238 0.5898876404494382 0.8761904761904762 0.5589887640449438 0.8035714285714286 0.5421348314606742
1 0.7964285714285714 0.6123595505617978 0.8690476190476191 0.6306179775280899 0.875 0.598314606741573 0.8035714285714286 0.5800561797752809
1 0.8142857142857143 0.6685393258426966 0.888095238095238 0.6867977528089888 0.8928571428571429 0.6530898876404494 0.8178571428571428 0.6362359550561798
1 0.8321428571428572 0.7851123595505618 0.8904761904761904 0.7528089887640449 0.8785714285714286 0.7219101123595506 0.8178571428571428 0.7528089887640449
1 0.7583333333333333 0.8146067415730337 0.819047619047619 0.7879213483146067 0.8083333333333333 0.7556179775280899 0.7464285714285714 0.7837078651685393
1 0.5154761904761904 0.7682584269662921 0.5369047619047619 0.7851123595505618 0.5797619047619048 0.7317415730337079 0.5595238095238095 0.7120786516853933
1 0.5333333333333333 0.8089887640449438 0.5535714285714286 0.8286516853932584 0.6 0.7710674157303371 0.5785714285714286 0.7514044943820225
1 0.5488095238095239 0.8426966292134831 0.5642857142857143 0.8665730337078652 0.6178571428571429 0.8132022471910112 0.6 0.7893258426966292
1 0.5928571428571429 0.8595505617977528 0.6523809523809524 0.8328651685393258 0.6630952380952381 0.8581460674157303 0.6023809523809524 0.8848314606741573