4 0.37857142857142856 0.7808988764044944 0.38333333333333336 0.875 0.4154761904761905 0.8735955056179775 0.4095238095238095 0.7794943820224719
1 0.41904761904761906 0.7064606741573034 0.4154761904761905 0.8146067415730337 0.45357142857142857 0.8132022471910112 0.45595238095238094 0.7036516853932584
1 0.6476190476190476 0.7598314606741573 0.6583333333333333 0.8707865168539326 0.6988095238095238 0.8679775280898876 0.6880952380952381 0.7570224719101124
1 0.6452380952380953 0.6362359550561798 0.65 0.75 0.6916666666666667 0.7485955056179775 0.6892857142857143 0.6334269662921348
1 0.32976190476190476 0.6474719101123596 0.3273809523809524 0.7584269662921348 0.36904761904761907 0.7570224719101124 0.37142857142857144 0.6460674157303371
1 0.3773809523809524 0.5323033707865169 0.3821428571428571 0.6502808988764045 0.425 0.6460674157303371 0.42023809523809524 0.5308988764044944
1 0.6345238095238095 0.5014044943820225 0.6440476190476191 0.6151685393258427 0.6880952380952381 0.6123595505617978 0.675 0.4957865168539326
1 0.6309523809523809 0.36657303370786515 0.6333333333333333 0.4648876404494382 0.675 0.4648876404494382 0.6702380952380952 0.3651685393258427
1 0.37023809523809526 0.3188202247191011 0.37023809523809526 0.4297752808988764 0.4166666666666667 0.4297752808988764 0.41309523809523807 0.31741573033707865
1 0.1976190476190476 0.19803370786516855 0.1261904761904762 0.25140449438202245 0.1523809523809524 0.28792134831460675 0.2261904761904762 0.22893258426966293
1 0.3773809523809524 0.19662921348314608 0.3761904761904762 0.2949438202247191 0.4166666666666667 0.2949438202247191 0.4166666666666667 0.1952247191011236
1 0.6238095238095238 0.22191011235955055 0.6285714285714286 0.32865168539325845 0.6702380952380952 0.32724719101123595 0.6666666666666666 0.22191011235955055
1 0.6130952380952381 0.125 0.6238095238095238 0.21629213483146068 0.6654761904761904 0.21348314606741572 0.6535714285714286 0.12219101123595505