1 0.4380952380952381 0.6207865168539326 0.45476190476190476 0.625 0.444047619047619 0.6769662921348315 0.4238095238095238 0.6713483146067416
1 0.41785714285714287 0.6910112359550562 0.43452380952380953 0.6952247191011236 0.4238095238095238 0.7471910112359551 0.4035714285714286 0.7415730337078652
1 0.3976190476190476 0.7668539325842697 0.4142857142857143 0.7710674157303371 0.4035714285714286 0.8230337078651685 0.38333333333333336 0.8174157303370787
1 0.38571428571428573 0.824438202247191 0.4023809523809524 0.8286516853932584 0.3904761904761905 0.8862359550561798 0.37142857142857144 0.875
1 0.49523809523809526 0.44241573033707865 0.5119047619047619 0.44662921348314605 0.5071428571428571 0.5070224719101124 0.48333333333333334 0.5042134831460674
1 0.5178571428571429 0.38342696629213485 0.5345238095238095 0.38764044943820225 0.5226190476190476 0.4452247191011236 0.5035714285714286 0.4339887640449438
1 0.5357142857142857 0.30337078651685395 0.5523809523809524 0.30758426966292135 0.5404761904761904 0.3651685393258427 0.5214285714285715 0.3539325842696629
1 0.22738095238095238 0.21910112359550563 0.24404761904761904 0.22331460674157302 0.23214285714285715 0.2808988764044944 0.2130952380952381 0.2696629213483146
1 0.20714285714285716 0.29353932584269665 0.22380952380952382 0.29775280898876405 0.2119047619047619 0.3553370786516854 0.19285714285714287 0.3441011235955056
1 0.8583333333333333 0.32162921348314605 0.875 0.3258426966292135 0.8726190476190476 0.3792134831460674 0.8523809523809524 0.37640449438202245
1 0.8452380952380952 0.4747191011235955 0.8702380952380953 0.476123595505618 0.8714285714285714 0.526685393258427 0.8416666666666667 0.5323033707865169
1 0.8452380952380952 0.5421348314606742 0.8702380952380953 0.5435393258426966 0.8666666666666667 0.5941011235955056 0.8416666666666667 0.5997191011235955
1 0.8047619047619048 0.6587078651685393 0.8297619047619048 0.6601123595505618 0.8273809523809523 0.7134831460674157 0.8011904761904762 0.7162921348314607
1 0.8011904761904762 0.7373595505617978 0.8261904761904761 0.7387640449438202 0.8226190476190476 0.7893258426966292 0.7976190476190477 0.7949438202247191
1 0.8011904761904762 0.8047752808988764 0.8261904761904761 0.8061797752808989 0.8226190476190476 0.8567415730337079 0.7976190476190477 0.8623595505617978