1 0.1880952380952381 0.14185393258426968 0.17142857142857143 0.17275280898876405 0.15714285714285714 0.16573033707865167 0.17023809523809524 0.13764044943820225
1 0.33095238095238094 0.15308988764044945 0.3678571428571429 0.16151685393258428 0.3738095238095238 0.13904494382022473 0.3333333333333333 0.1306179775280899
1 0.20476190476190476 0.3553370786516854 0.18333333333333332 0.3904494382022472 0.17023809523809524 0.38202247191011235 0.19047619047619047 0.34831460674157305
1 0.17023809523809524 0.43679775280898875 0.19166666666666668 0.39325842696629215 0.17023809523809524 0.3904494382022472 0.15357142857142858 0.42696629213483145
1 0.5392857142857143 0.6797752808988764 0.594047619047619 0.6966292134831461 0.6035714285714285 0.6671348314606742 0.5464285714285714 0.651685393258427
1 0.5190476190476191 0.7219101123595506 0.575 0.7443820224719101 0.5833333333333334 0.7191011235955056 0.525 0.6966292134831461
1 0.8404761904761905 0.6924157303370787 0.8285714285714286 0.7528089887640449 0.8583333333333333 0.7584269662921348 0.8654761904761905 0.699438202247191
1 0.7964285714285714 0.4101123595505618 0.8404761904761905 0.41853932584269665 0.8428571428571429 0.39747191011235955 0.8011904761904762 0.38764044943820225
1 0.8488095238095238 0.3342696629213483 0.8380952380952381 0.3707865168539326 0.8226190476190476 0.36657303370786515 0.830952380952381 0.33146067415730335
1 0.6226190476190476 0.1601123595505618 0.6357142857142857 0.17696629213483145 0.6666666666666666 0.15589887640449437 0.6535714285714286 0.14185393258426968
1 0.5666666666666667 0.1601123595505618 0.5869047619047619 0.1853932584269663 0.6 0.17415730337078653 0.5785714285714286 0.15168539325842698