1 0.7392857142857143 0.15589887640449437 0.7619047619047619 0.1952247191011236 0.8321428571428572 0.1446629213483146 0.8166666666666667 0.11376404494382023
1 0.6547619047619048 0.273876404494382 0.7083333333333334 0.23735955056179775 0.694047619047619 0.2050561797752809 0.6369047619047619 0.24297752808988765
1 0.5845238095238096 0.32303370786516855 0.6511904761904762 0.2752808988764045 0.6285714285714286 0.24297752808988765 0.5630952380952381 0.2893258426966292
1 0.5107142857142857 0.37359550561797755 0.5761904761904761 0.33146067415730335 0.5595238095238095 0.2949438202247191 0.49404761904761907 0.3356741573033708
1 0.4380952380952381 0.4241573033707865 0.5035714285714286 0.37780898876404495 0.4857142857142857 0.3455056179775281 0.4226190476190476 0.38764044943820225
1 0.36666666666666664 0.46769662921348315 0.4297619047619048 0.4297752808988764 0.4142857142857143 0.3904494382022472 0.3476190476190476 0.43258426966292135
1 0.7238095238095238 0.3651685393258427 0.7916666666666666 0.31320224719101125 0.7738095238095238 0.2808988764044944 0.7011904761904761 0.33286516853932585
1 0.6547619047619048 0.4241573033707865 0.7202380952380952 0.3707865168539326 0.7 0.33146067415730335 0.6369047619047619 0.38342696629213485
1 0.5845238095238096 0.46207865168539325 0.6523809523809524 0.42275280898876405 0.6357142857142857 0.38764044943820225 0.5678571428571428 0.4297752808988764
1 0.8333333333333334 0.3160112359550562 0.8583333333333333 0.39185393258426965 0.8904761904761904 0.37640449438202245 0.8654761904761905 0.29775280898876405
1 0.5071428571428571 0.5140449438202247 0.46785714285714286 0.5786516853932584 0.44166666666666665 0.5617977528089888 0.48095238095238096 0.49157303370786515
1 0.4642857142857143 0.5912921348314607 0.42857142857142855 0.6769662921348315 0.3952380952380952 0.6573033707865169 0.430952380952381 0.5716292134831461
1 0.4154761904761905 0.5224719101123596 0.38095238095238093 0.6067415730337079 0.4095238095238095 0.6221910112359551 0.4452380952380952 0.5449438202247191
1 0.3404761904761905 0.5646067415730337 0.32142857142857145 0.6601123595505618 0.3523809523809524 0.6685393258426966 0.375 0.5730337078651685
1 0.4011904761904762 0.6278089887640449 0.37976190476190474 0.7176966292134831 0.3416666666666667 0.7064606741573034 0.36428571428571427 0.6165730337078652
1 0.4297619047619048 0.675561797752809 0.4107142857142857 0.7724719101123596 0.36904761904761907 0.7640449438202247 0.3904761904761905 0.6657303370786517