1 0.14523809523809525 0.8665730337078652 0.14642857142857144 0.7963483146067416 0.12857142857142856 0.7935393258426966 0.11904761904761904 0.8693820224719101
1 0.18333333333333332 0.8609550561797753 0.2785714285714286 0.8623595505617978 0.2726190476190476 0.8230337078651685 0.18214285714285713 0.8202247191011236
1 0.44047619047619047 0.8623595505617978 0.4369047619047619 0.7865168539325843 0.40595238095238095 0.7837078651685393 0.40476190476190477 0.8651685393258427
1 0.3904761904761905 0.7991573033707865 0.3904761904761905 0.7008426966292135 0.35714285714285715 0.7008426966292135 0.3619047619047619 0.7991573033707865
1 0.5321428571428571 0.8300561797752809 0.5238095238095238 0.7148876404494382 0.4845238095238095 0.7219101123595506 0.49047619047619045 0.8300561797752809
1 0.6011904761904762 0.8820224719101124 0.5988095238095238 0.800561797752809 0.5595238095238095 0.8047752808988764 0.5630952380952381 0.8904494382022472
1 0.6285714285714286 0.8117977528089888 0.7023809523809523 0.7724719101123596 0.6904761904761905 0.7401685393258427 0.6059523809523809 0.7780898876404494
1 0.6595238095238095 0.8735955056179775 0.7226190476190476 0.8216292134831461 0.7 0.7893258426966292 0.6273809523809524 0.8497191011235955
1 0.39404761904761904 0.6839887640449438 0.3976190476190476 0.5884831460674157 0.3607142857142857 0.5898876404494382 0.3595238095238095 0.6839887640449438
1 0.3904761904761905 0.5323033707865169 0.3904761904761905 0.45786516853932585 0.3607142857142857 0.4606741573033708 0.3619047619047619 0.5323033707865169
1 0.44642857142857145 0.5575842696629213 0.4380952380952381 0.48174157303370785 0.4107142857142857 0.4845505617977528 0.41785714285714287 0.5533707865168539
1 0.5952380952380952 0.49719101123595505 0.5988095238095238 0.4143258426966292 0.5607142857142857 0.4143258426966292 0.5630952380952381 0.49719101123595505
1 0.6345238095238095 0.4311797752808989 0.6285714285714286 0.35252808988764045 0.6011904761904762 0.3539325842696629 0.6059523809523809 0.43258426966292135
1 0.6773809523809524 0.5210674157303371 0.6785714285714286 0.42837078651685395 0.6416666666666667 0.4297752808988764 0.6464285714285715 0.5196629213483146
1 0.6785714285714286 0.4241573033707865 0.6761904761904762 0.34129213483146065 0.6428571428571429 0.34129213483146065 0.6464285714285715 0.425561797752809
1 0.45 0.4410112359550562 0.4452380952380952 0.35252808988764045 0.4166666666666667 0.35252808988764045 0.42142857142857143 0.44241573033707865
1 0.3869047619047619 0.37219101123595505 0.3904761904761905 0.29353932584269665 0.3595238095238095 0.2949438202247191 0.3607142857142857 0.3707865168539326
1 0.2773809523809524 0.3890449438202247 0.28214285714285714 0.300561797752809 0.2488095238095238 0.29634831460674155 0.24761904761904763 0.38764044943820225
1 0.1761904761904762 0.29213483146067415 0.18214285714285713 0.21629213483146068 0.14642857142857144 0.21207865168539325 0.14047619047619048 0.2907303370786517
1 0.2511904761904762 0.2893258426966292 0.2654761904761905 0.2654494382022472 0.21071428571428572 0.22893258426966293 0.19166666666666668 0.24719101123595505
1 0.27976190476190477 0.2556179775280899 0.29404761904761906 0.22752808988764045 0.2154761904761905 0.19241573033707865 0.2119047619047619 0.22331460674157302
1 0.3892857142857143 0.25140449438202245 0.3869047619047619 0.15730337078651685 0.35714285714285715 0.15730337078651685 0.35714285714285715 0.25
1 0.2833333333333333 0.21067415730337077 0.2976190476190476 0.1853932584269663 0.23333333333333334 0.15168539325842698 0.2226190476190476 0.17837078651685392
1 0.6309523809523809 0.2640449438202247 0.625 0.18398876404494383 0.594047619047619 0.18398876404494383 0.6 0.2640449438202247
1 0.6726190476190477 0.2612359550561798 0.6738095238095239 0.18258426966292135 0.6464285714285715 0.18117977528089887 0.6488095238095238 0.25140449438202245
1 0.6595238095238095 0.175561797752809 0.6440476190476191 0.10674157303370786 0.6166666666666667 0.11376404494382023 0.6285714285714286 0.17837078651685392
1 0.7511904761904762 0.16713483146067415 0.8333333333333334 0.15589887640449437 0.8273809523809523 0.12219101123595505 0.7440476190476191 0.13202247191011235
1 0.7380952380952381 0.2205056179775281 0.8178571428571428 0.21348314606741572 0.8154761904761905 0.17275280898876405 0.736904761904762 0.18117977528089887
1 0.7976190476190477 0.30337078651685395 0.8714285714285714 0.30337078651685395 0.8702380952380953 0.26825842696629215 0.7952380952380952 0.26825842696629215