1 0.3047619047619048 0.16573033707865167 0.3476190476190476 0.175561797752809 0.3547619047619048 0.15168539325842698 0.3119047619047619 0.14185393258426968
1 0.3047619047619048 0.25280898876404495 0.34523809523809523 0.2654494382022472 0.3523809523809524 0.24578651685393257 0.31547619047619047 0.23314606741573032
1 0.3047619047619048 0.2696629213483146 0.3464285714285714 0.2794943820224719 0.3523809523809524 0.2612359550561798 0.3107142857142857 0.24859550561797752
1 0.3011904761904762 0.32724719101123595 0.34404761904761905 0.3300561797752809 0.34404761904761905 0.30337078651685395 0.30357142857142855 0.30196629213483145
1 0.3047619047619048 0.2893258426966292 0.3404761904761905 0.30337078651685395 0.3523809523809524 0.28370786516853935 0.31666666666666665 0.26825842696629215
1 0.2976190476190476 0.4705056179775281 0.3392857142857143 0.45786516853932585 0.3333333333333333 0.4311797752808989 0.2916666666666667 0.44662921348314605
1 0.29523809523809524 0.5042134831460674 0.3416666666666667 0.48314606741573035 0.3333333333333333 0.45786516853932585 0.2892857142857143 0.47752808988764045
1 0.30238095238095236 0.523876404494382 0.3464285714285714 0.5042134831460674 0.3392857142857143 0.476123595505618 0.29285714285714287 0.4957865168539326
1 0.3 0.5575842696629213 0.34404761904761905 0.5323033707865169 0.32976190476190476 0.5084269662921348 0.2892857142857143 0.5323033707865169
1 0.2892857142857143 0.5926966292134831 0.3404761904761905 0.5716292134831461 0.3345238095238095 0.5449438202247191 0.28095238095238095 0.5646067415730337
1 0.2857142857142857 0.6629213483146067 0.3333333333333333 0.6474719101123596 0.3261904761904762 0.6264044943820225 0.2773809523809524 0.6390449438202247
1 0.2869047619047619 0.6980337078651685 0.33690476190476193 0.6685393258426966 0.325 0.6446629213483146 0.2773809523809524 0.672752808988764
1 0.2785714285714286 0.7219101123595506 0.32857142857142857 0.7120786516853933 0.3261904761904762 0.6853932584269663 0.2773809523809524 0.6980337078651685
1 0.2833333333333333 0.7542134831460674 0.33095238095238094 0.7359550561797753 0.32142857142857145 0.7050561797752809 0.27380952380952384 0.726123595505618
1 0.275 0.7808988764044944 0.32261904761904764 0.7752808988764045 0.32142857142857145 0.7457865168539326 0.2714285714285714 0.7584269662921348
1 0.2702380952380952 0.8230337078651685 0.32142857142857145 0.7963483146067416 0.30952380952380953 0.7752808988764045 0.2619047619047619 0.797752808988764
1 0.2869047619047619 0.851123595505618 0.3380952380952381 0.8089887640449438 0.31666666666666665 0.7865168539325843 0.26904761904761904 0.8300561797752809
1 0.3404761904761905 0.8441011235955056 0.3011904761904762 0.8792134831460674 0.2845238095238095 0.8609550561797753 0.32142857142857145 0.8174157303370787
4 0.39285714285714285 0.8019662921348315 0.43333333333333335 0.8258426966292135 0.44761904761904764 0.797752808988764 0.4023809523809524 0.7724719101123596
1 0.38571428571428573 0.6825842696629213 0.4357142857142857 0.7008426966292135 0.44642857142857145 0.6741573033707865 0.3964285714285714 0.6573033707865169
1 0.3880952380952381 0.6278089887640449 0.4380952380952381 0.6474719101123596 0.4511904761904762 0.6151685393258427 0.4 0.5997191011235955
1 0.39166666666666666 0.598314606741573 0.430952380952381 0.6151685393258427 0.44166666666666665 0.5912921348314607 0.4 0.5688202247191011
1 0.4023809523809524 0.5533707865168539 0.4380952380952381 0.5660112359550562 0.4488095238095238 0.5407303370786517 0.40595238095238095 0.5252808988764045
1 0.39404761904761904 0.577247191011236 0.4297619047619048 0.5912921348314607 0.44285714285714284 0.5716292134831461 0.4 0.550561797752809
1 0.40714285714285714 0.49157303370786515 0.44166666666666665 0.5210674157303371 0.4238095238095238 0.5421348314606742 0.3904761904761905 0.5140449438202247
1 0.48928571428571427 0.36235955056179775 0.49047619047619045 0.4143258426966292 0.5154761904761904 0.41151685393258425 0.5119047619047619 0.3609550561797753
1 0.4 0.2752808988764045 0.44166666666666665 0.2612359550561798 0.43333333333333335 0.2345505617977528 0.39166666666666666 0.24859550561797752
1 0.3976190476190476 0.25 0.44166666666666665 0.2345505617977528 0.43214285714285716 0.21207865168539325 0.3880952380952381 0.2247191011235955
1 0.39404761904761904 0.16713483146067415 0.43333333333333335 0.16713483146067415 0.43333333333333335 0.1404494382022472 0.39285714285714285 0.14185393258426968
1 0.4023809523809524 0.2148876404494382 0.44285714285714284 0.19382022471910113 0.430952380952381 0.17415730337078653 0.39404761904761904 0.1952247191011236
1 0.8035714285714286 0.6432584269662921 0.8273809523809523 0.6348314606741573 0.8130952380952381 0.5842696629213483 0.7916666666666666 0.5884831460674157
1 0.8559523809523809 0.6334269662921348 0.8797619047619047 0.6264044943820225 0.8690476190476191 0.577247191011236 0.8464285714285714 0.5842696629213483
1 0.7273809523809524 0.6811797752808989 0.780952380952381 0.6783707865168539 0.780952380952381 0.648876404494382 0.7261904761904762 0.651685393258427
1 0.7452380952380953 0.7682584269662921 0.7988095238095239 0.7626404494382022 0.7988095238095239 0.7317415730337079 0.7464285714285714 0.7373595505617978
1 0.7559523809523809 0.797752808988764 0.8071428571428572 0.7851123595505618 0.7988095238095239 0.7542134831460674 0.7476190476190476 0.7668539325842697
1 0.7523809523809524 0.827247191011236 0.8178571428571428 0.8230337078651685 0.8154761904761905 0.7907303370786517 0.7488095238095238 0.7949438202247191
1 0.8559523809523809 0.7191011235955056 0.8928571428571429 0.7036516853932584 0.8821428571428571 0.6713483146067416 0.8464285714285714 0.6896067415730337