1 0.4666666666666667 0.4410112359550562 0.44761904761904764 0.3806179775280899 0.425 0.3890449438202247 0.44642857142857145 0.449438202247191
1 0.5654761904761905 0.4044943820224719 0.555952380952381 0.32865168539325845 0.5321428571428571 0.33286516853932585 0.5392857142857143 0.4101123595505618
1 0.5821428571428572 0.49719101123595505 0.5714285714285714 0.43258426966292135 0.5488095238095239 0.43679775280898875 0.5607142857142857 0.5042134831460674
1 0.5952380952380952 0.5969101123595506 0.5892857142857143 0.5224719101123596 0.5595238095238095 0.526685393258427 0.5702380952380952 0.598314606741573
1 0.6547619047619048 0.547752808988764 0.6392857142857142 0.47752808988764045 0.6178571428571429 0.4803370786516854 0.6321428571428571 0.5547752808988764
4 0.6166666666666667 0.42134831460674155 0.6071428571428571 0.37219101123595505 0.5845238095238096 0.37780898876404495 0.5928571428571429 0.42837078651685395
3 0.20833333333333334 0.48314606741573035 0.19523809523809524 0.39325842696629215 0.1619047619047619 0.3960674157303371 0.1761904761904762 0.4887640449438202
3 0.2619047619047619 0.48314606741573035 0.24642857142857144 0.4101123595505618 0.22023809523809523 0.41713483146067415 0.22976190476190475 0.49297752808988765
3 0.31785714285714284 0.40870786516853935 0.3047619047619048 0.324438202247191 0.27976190476190477 0.3300561797752809 0.29404761904761906 0.4143258426966292
3 0.35714285714285715 0.40168539325842695 0.34404761904761905 0.3202247191011236 0.31666666666666665 0.32865168539325845 0.3333333333333333 0.40730337078651685
3 0.39166666666666666 0.39325842696629215 0.375 0.31320224719101125 0.3488095238095238 0.3202247191011236 0.36904761904761907 0.4002808988764045
3 0.32976190476190476 0.5056179775280899 0.319047619047619 0.42275280898876405 0.2857142857142857 0.42837078651685395 0.3011904761904762 0.5112359550561798
3 0.37023809523809526 0.5 0.3595238095238095 0.4157303370786517 0.3273809523809524 0.4199438202247191 0.34523809523809523 0.5014044943820225
3 0.4107142857142857 0.4901685393258427 0.39880952380952384 0.40870786516853935 0.36547619047619045 0.41292134831460675 0.37976190476190474 0.4943820224719101
3 0.3416666666666667 0.6151685393258427 0.3333333333333333 0.5112359550561798 0.2976190476190476 0.5182584269662921 0.3130952380952381 0.6193820224719101
3 0.3869047619047619 0.6053370786516854 0.3738095238095238 0.5 0.3392857142857143 0.5098314606741573 0.35714285714285715 0.6137640449438202
3 0.42857142857142855 0.5941011235955056 0.4119047619047619 0.49297752808988765 0.37857142857142856 0.5014044943820225 0.3964285714285714 0.6039325842696629
1 0.4595238095238095 0.5941011235955056 0.4523809523809524 0.550561797752809 0.4357142857142857 0.5547752808988764 0.44047619047619047 0.598314606741573
1 0.525 0.5758426966292135 0.5095238095238095 0.5280898876404494 0.4880952380952381 0.5365168539325843 0.5047619047619047 0.5842696629213483
2 0.45476190476190476 0.5182584269662921 0.43452380952380953 0.46348314606741575 0.4166666666666667 0.4691011235955056 0.4357142857142857 0.5294943820224719
2 0.7035714285714286 0.3202247191011236 0.6785714285714286 0.25140449438202245 0.6607142857142857 0.2598314606741573 0.6773809523809524 0.33286516853932585
2 0.736904761904762 0.31179775280898875 0.7154761904761905 0.2345505617977528 0.6845238095238095 0.24157303370786518 0.7107142857142857 0.324438202247191
3 0.6226190476190476 0.34691011235955055 0.611904761904762 0.23735955056179775 0.575 0.24297752808988765 0.5916666666666667 0.3539325842696629
3 0.6654761904761904 0.33707865168539325 0.6488095238095238 0.22752808988764045 0.6178571428571429 0.23174157303370788 0.6369047619047619 0.3398876404494382
3 0.675 0.4311797752808989 0.6607142857142857 0.34831460674157305 0.6357142857142857 0.35252808988764045 0.6488095238095238 0.43820224719101125
3 0.763095238095238 0.40168539325842695 0.736904761904762 0.3202247191011236 0.7083333333333334 0.32865168539325845 0.7321428571428571 0.4143258426966292
3 0.7 0.5365168539325843 0.6761904761904762 0.43679775280898875 0.6428571428571429 0.44803370786516855 0.6666666666666666 0.5491573033707865
3 0.7464285714285714 0.526685393258427 0.7226190476190476 0.41292134831460675 0.6869047619047619 0.42275280898876405 0.7130952380952381 0.5393258426966292
3 0.7880952380952381 0.5126404494382022 0.7619047619047619 0.41151685393258425 0.7285714285714285 0.42134831460674155 0.7583333333333333 0.5252808988764045
3 0.8285714285714286 0.5028089887640449 0.8047619047619048 0.4044943820224719 0.7738095238095238 0.41292134831460675 0.794047619047619 0.5126404494382022
3 0.875 0.4845505617977528 0.8357142857142857 0.40730337078651685 0.8083333333333333 0.42134831460674155 0.8452380952380952 0.5056179775280899