1 0.6440476190476191 0.2612359550561798 0.6440476190476191 0.33848314606741575 0.6726190476190477 0.33848314606741575 0.6702380952380952 0.2640449438202247
1 0.6059523809523809 0.2640449438202247 0.6047619047619047 0.3300561797752809 0.6321428571428571 0.33146067415730335 0.6309523809523809 0.2640449438202247
1 0.5607142857142857 0.2893258426966292 0.5607142857142857 0.36797752808988765 0.5964285714285714 0.36797752808988765 0.594047619047619 0.2893258426966292
1 0.5226190476190476 0.3103932584269663 0.5238095238095238 0.38342696629213485 0.5535714285714286 0.38342696629213485 0.5547619047619048 0.30758426966292135
1 0.4845238095238095 0.3356741573033708 0.48928571428571427 0.41151685393258425 0.5154761904761904 0.40730337078651685 0.5107142857142857 0.3356741573033708
1 0.425 0.39747191011235955 0.4857142857142857 0.398876404494382 0.48333333333333334 0.42696629213483145 0.42738095238095236 0.425561797752809
1 0.6059523809523809 0.34831460674157305 0.6035714285714285 0.42134831460674155 0.6321428571428571 0.4241573033707865 0.6333333333333333 0.351123595505618
1 0.5607142857142857 0.37219101123595505 0.5630952380952381 0.44662921348314605 0.5904761904761905 0.44662921348314605 0.5916666666666667 0.37359550561797755
1 0.5261904761904762 0.40168539325842695 0.5261904761904762 0.4691011235955056 0.5535714285714286 0.47191011235955055 0.555952380952381 0.40308988764044945
1 0.49166666666666664 0.4199438202247191 0.5 0.49859550561797755 0.525 0.49297752808988765 0.5154761904761904 0.41713483146067415
1 0.6952380952380952 0.3539325842696629 0.7607142857142857 0.3595505617977528 0.7607142857142857 0.3890449438202247 0.6952380952380952 0.3848314606741573
1 0.6964285714285714 0.3960674157303371 0.7583333333333333 0.39747191011235955 0.7571428571428571 0.42696629213483145 0.6952380952380952 0.425561797752809
1 0.7595238095238095 0.43679775280898875 0.763095238095238 0.46769662921348315 0.6952380952380952 0.46769662921348315 0.6952380952380952 0.43258426966292135
1 0.7523809523809524 0.4747191011235955 0.7571428571428571 0.5028089887640449 0.6892857142857143 0.5210674157303371 0.6845238095238095 0.48314606741573035
1 0.7571428571428571 0.523876404494382 0.7559523809523809 0.5575842696629213 0.6869047619047619 0.5575842696629213 0.6892857142857143 0.523876404494382
1 0.4119047619047619 0.4747191011235955 0.4785714285714286 0.47331460674157305 0.47619047619047616 0.5042134831460674 0.41309523809523807 0.5042134831460674
1 0.40595238095238095 0.5112359550561798 0.4785714285714286 0.5084269662921348 0.4785714285714286 0.5421348314606742 0.4095238095238095 0.5519662921348315
1 0.4880952380952381 0.5561797752808989 0.49047619047619045 0.5926966292134831 0.41785714285714287 0.5997191011235955 0.4166666666666667 0.5632022471910112
1 0.4869047619047619 0.601123595505618 0.4880952380952381 0.6376404494382022 0.41904761904761906 0.6474719101123596 0.4166666666666667 0.6081460674157303
1 0.48095238095238096 0.6544943820224719 0.48095238095238096 0.6839887640449438 0.41904761904761906 0.6811797752808989 0.42142857142857143 0.651685393258427
1 0.4857142857142857 0.6924157303370787 0.4869047619047619 0.723314606741573 0.41785714285714287 0.7289325842696629 0.41904761904761906 0.6924157303370787
1 0.4095238095238095 0.6966292134831461 0.4107142857142857 0.7289325842696629 0.34404761904761905 0.7401685393258427 0.3416666666666667 0.7064606741573034
1 0.40595238095238095 0.7514044943820225 0.40595238095238095 0.7865168539325843 0.3404761904761905 0.7949438202247191 0.3392857142857143 0.7556179775280899
1 0.7619047619047619 0.6629213483146067 0.7619047619047619 0.6966292134831461 0.7011904761904761 0.6980337078651685 0.6988095238095238 0.6657303370786517
1 0.75 0.7078651685393258 0.7511904761904762 0.7387640449438202 0.6845238095238095 0.7359550561797753 0.6857142857142857 0.7008426966292135
1 0.5773809523809523 0.7289325842696629 0.6071428571428571 0.7331460674157303 0.6023809523809524 0.8202247191011236 0.5714285714285714 0.8202247191011236
1 0.5595238095238095 0.7415730337078652 0.5607142857142857 0.8230337078651685 0.5297619047619048 0.827247191011236 0.5345238095238095 0.7415730337078652
1 0.6619047619047619 0.8132022471910112 0.6595238095238095 0.8735955056179775 0.6297619047619047 0.8735955056179775 0.6321428571428571 0.8117977528089888