1 0.7214285714285714 0.20224719101123595 0.6714285714285714 0.22752808988764045 0.6595238095238095 0.20224719101123595 0.7154761904761905 0.17415730337078653
1 0.7702380952380953 0.2303370786516854 0.7464285714285714 0.24157303370786518 0.7726190476190476 0.29353932584269665 0.7976190476190477 0.28370786516853935
1 0.7404761904761905 0.24859550561797752 0.7166666666666667 0.2598314606741573 0.7428571428571429 0.31179775280898875 0.7678571428571429 0.30196629213483145
1 0.7130952380952381 0.2612359550561798 0.6892857142857143 0.27247191011235955 0.7154761904761905 0.324438202247191 0.7404761904761905 0.3146067415730337
1 0.6845238095238095 0.2696629213483146 0.6607142857142857 0.2808988764044944 0.6869047619047619 0.33286516853932585 0.7119047619047619 0.32303370786516855
1 0.6583333333333333 0.2794943820224719 0.6345238095238095 0.2907303370786517 0.6607142857142857 0.34269662921348315 0.6857142857142857 0.33286516853932585
1 0.6321428571428571 0.29213483146067415 0.6083333333333333 0.30337078651685395 0.6345238095238095 0.3553370786516854 0.6595238095238095 0.3455056179775281
1 0.6 0.3047752808988764 0.5761904761904761 0.3160112359550562 0.6023809523809524 0.36797752808988765 0.6273809523809524 0.35814606741573035
1 0.5726190476190476 0.3146067415730337 0.5488095238095239 0.3258426966292135 0.575 0.37780898876404495 0.6 0.36797752808988765
1 0.5416666666666666 0.33146067415730335 0.5178571428571429 0.34269662921348315 0.544047619047619 0.3946629213483146 0.569047619047619 0.3848314606741573
1 0.5154761904761904 0.3441011235955056 0.49166666666666664 0.3553370786516854 0.5178571428571429 0.40730337078651685 0.5428571428571428 0.39747191011235955
1 0.48928571428571427 0.35252808988764045 0.4666666666666667 0.36657303370786515 0.4869047619047619 0.4199438202247191 0.5107142857142857 0.41151685393258425
1 0.4595238095238095 0.36235955056179775 0.4369047619047619 0.37640449438202245 0.45714285714285713 0.4297752808988764 0.48095238095238096 0.42134831460674155
1 0.42738095238095236 0.37640449438202245 0.40476190476190477 0.3904494382022472 0.425 0.4438202247191011 0.4488095238095238 0.4353932584269663
1 0.3952380952380952 0.3890449438202247 0.3726190476190476 0.40308988764044945 0.39285714285714285 0.45646067415730335 0.4166666666666667 0.44803370786516855
1 0.3678571428571429 0.4002808988764045 0.34523809523809523 0.4143258426966292 0.36547619047619045 0.46769662921348315 0.3892857142857143 0.4592696629213483
1 0.3357142857142857 0.4143258426966292 0.3130952380952381 0.42837078651685395 0.3333333333333333 0.48174157303370785 0.35714285714285715 0.47331460674157305
1 0.2869047619047619 0.4353932584269663 0.2642857142857143 0.449438202247191 0.2845238095238095 0.5028089887640449 0.30833333333333335 0.4943820224719101
1 0.3392857142857143 0.49297752808988765 0.31666666666666665 0.5070224719101124 0.3380952380952381 0.5646067415730337 0.3619047619047619 0.5533707865168539
1 0.3773809523809524 0.48174157303370785 0.3547619047619048 0.4957865168539326 0.3761904761904762 0.5603932584269663 0.3976190476190476 0.5463483146067416
1 0.40714285714285714 0.4705056179775281 0.38452380952380955 0.4845505617977528 0.40595238095238095 0.5491573033707865 0.42738095238095236 0.5351123595505618
1 0.4392857142857143 0.45786516853932585 0.4166666666666667 0.47191011235955055 0.4380952380952381 0.5365168539325843 0.4595238095238095 0.5224719101123596
1 0.47023809523809523 0.4396067415730337 0.44761904761904764 0.45365168539325845 0.46904761904761905 0.5182584269662921 0.49047619047619045 0.5042134831460674
1 0.5035714285714286 0.4297752808988764 0.48095238095238096 0.4438202247191011 0.5023809523809524 0.5084269662921348 0.5238095238095238 0.4943820224719101
1 0.5321428571428571 0.41292134831460675 0.5095238095238095 0.42696629213483145 0.530952380952381 0.49157303370786515 0.5523809523809524 0.47752808988764045
1 0.5595238095238095 0.47331460674157305 0.5369047619047619 0.48735955056179775 0.5583333333333333 0.5519662921348315 0.5797619047619048 0.5379213483146067
1 0.5892857142857143 0.4705056179775281 0.569047619047619 0.48314606741573035 0.5916666666666667 0.5533707865168539 0.6130952380952381 0.5393258426966292
1 0.5607142857142857 0.3946629213483146 0.5404761904761904 0.40730337078651685 0.5630952380952381 0.4747191011235955 0.5845238095238096 0.46348314606741575
1 0.5916666666666667 0.38764044943820225 0.5714285714285714 0.4002808988764045 0.5952380952380952 0.4648876404494382 0.6178571428571429 0.45224719101123595
1 0.6190476190476191 0.45646067415730335 0.5988095238095238 0.4691011235955056 0.6226190476190476 0.5337078651685393 0.6452380952380953 0.5210674157303371
1 0.6476190476190476 0.4410112359550562 0.6273809523809524 0.45365168539325845 0.6511904761904762 0.5182584269662921 0.6738095238095239 0.5056179775280899
1 0.680952380952381 0.42696629213483145 0.6607142857142857 0.4396067415730337 0.6880952380952381 0.5056179775280899 0.7095238095238096 0.4943820224719101
1 0.7119047619047619 0.40870786516853935 0.6916666666666667 0.42134831460674155 0.7154761904761905 0.4859550561797753 0.7380952380952381 0.47331460674157305
1 0.6488095238095238 0.3637640449438202 0.6285714285714286 0.37640449438202245 0.6547619047619048 0.43679775280898875 0.6797619047619048 0.42696629213483145
1 0.6202380952380953 0.3792134831460674 0.6 0.39185393258426965 0.625 0.449438202247191 0.6476190476190476 0.43679775280898875
1 0.6821428571428572 0.35252808988764045 0.6619047619047619 0.3651685393258427 0.6869047619047619 0.42275280898876405 0.7095238095238096 0.4101123595505618
1 0.7130952380952381 0.33848314606741575 0.6928571428571428 0.351123595505618 0.7178571428571429 0.40870786516853935 0.7404761904761905 0.3960674157303371
1 0.7440476190476191 0.3258426966292135 0.7238095238095238 0.33848314606741575 0.7488095238095238 0.3960674157303371 0.7714285714285715 0.38342696629213485
1 0.7797619047619048 0.31320224719101125 0.7595238095238095 0.3258426966292135 0.7845238095238095 0.38342696629213485 0.8071428571428572 0.3707865168539326
1 0.8107142857142857 0.29634831460674155 0.7904761904761904 0.3089887640449438 0.8154761904761905 0.36657303370786515 0.8380952380952381 0.3539325842696629
1 0.8357142857142857 0.3539325842696629 0.8154761904761905 0.36657303370786515 0.8416666666666667 0.42837078651685395 0.8666666666666667 0.41713483146067415
1 0.8047619047619048 0.37359550561797755 0.7845238095238095 0.3862359550561798 0.8142857142857143 0.45224719101123595 0.8369047619047619 0.44241573033707865
1 0.7761904761904762 0.3848314606741573 0.7559523809523809 0.39747191011235955 0.7857142857142857 0.46348314606741575 0.8083333333333333 0.45365168539325845
1 0.7392857142857143 0.39747191011235955 0.719047619047619 0.4101123595505618 0.7488095238095238 0.476123595505618 0.7714285714285715 0.46629213483146065
1 0.5285714285714286 0.49297752808988765 0.5035714285714286 0.5070224719101124 0.5285714285714286 0.5716292134831461 0.5535714285714286 0.5575842696629213
1 0.49523809523809526 0.5070224719101124 0.47023809523809523 0.5210674157303371 0.49523809523809526 0.5856741573033708 0.5202380952380953 0.5716292134831461
1 0.4654761904761905 0.523876404494382 0.44047619047619047 0.5379213483146067 0.4654761904761905 0.6025280898876404 0.49047619047619045 0.5884831460674157
1 0.43333333333333335 0.5393258426966292 0.4083333333333333 0.5533707865168539 0.43333333333333335 0.6179775280898876 0.4583333333333333 0.6039325842696629
1 0.4035714285714286 0.5519662921348315 0.37857142857142856 0.5660112359550562 0.4035714285714286 0.6306179775280899 0.42857142857142855 0.6165730337078652
1 0.36547619047619045 0.5561797752808989 0.3404761904761905 0.5702247191011236 0.3678571428571429 0.6446629213483146 0.39166666666666666 0.6306179775280899
1 0.40714285714285714 0.6966292134831461 0.3821428571428571 0.7106741573033708 0.4095238095238095 0.7851123595505618 0.43333333333333335 0.7710674157303371
1 0.444047619047619 0.6867977528089888 0.41904761904761906 0.7008426966292135 0.4452380952380952 0.7682584269662921 0.47023809523809523 0.7542134831460674
1 0.4797619047619048 0.672752808988764 0.45476190476190476 0.6867977528089888 0.48333333333333334 0.7542134831460674 0.5059523809523809 0.7401685393258427
1 0.5107142857142857 0.6587078651685393 0.4857142857142857 0.672752808988764 0.5142857142857142 0.7401685393258427 0.5369047619047619 0.726123595505618
1 0.5416666666666666 0.6404494382022472 0.5166666666666667 0.6544943820224719 0.5452380952380952 0.7219101123595506 0.5678571428571428 0.7078651685393258
1 0.5785714285714286 0.6292134831460674 0.5535714285714286 0.6432584269662921 0.5821428571428572 0.7106741573033708 0.6047619047619047 0.6966292134831461
1 0.6095238095238096 0.6137640449438202 0.5845238095238096 0.6278089887640449 0.6130952380952381 0.6952247191011236 0.6357142857142857 0.6811797752808989
1 0.6428571428571429 0.5997191011235955 0.6178571428571429 0.6137640449438202 0.6464285714285715 0.6811797752808989 0.669047619047619 0.6671348314606742
1 0.6785714285714286 0.5856741573033708 0.6535714285714286 0.5997191011235955 0.6821428571428572 0.6671348314606742 0.7047619047619048 0.6530898876404494
1 0.7083333333333334 0.5702247191011236 0.6833333333333333 0.5842696629213483 0.7119047619047619 0.651685393258427 0.7392857142857143 0.6362359550561798
1 0.7404761904761905 0.5561797752808989 0.7154761904761905 0.5702247191011236 0.7440476190476191 0.6376404494382022 0.7714285714285715 0.6221910112359551
1 0.7714285714285715 0.5393258426966292 0.7464285714285714 0.5533707865168539 0.775 0.6207865168539326 0.8023809523809524 0.6053370786516854
1 0.8023809523809524 0.5224719101123596 0.7773809523809524 0.5365168539325843 0.805952380952381 0.6039325842696629 0.8333333333333334 0.5884831460674157
1 0.8369047619047619 0.5112359550561798 0.8119047619047619 0.5252808988764045 0.8464285714285714 0.5926966292134831 0.8678571428571429 0.577247191011236
1 0.8666666666666667 0.5 0.8416666666666667 0.5140449438202247 0.8761904761904762 0.5814606741573034 0.8976190476190476 0.5660112359550562
1 0.43333333333333335 0.776685393258427 0.4083333333333333 0.7907303370786517 0.43452380952380953 0.8609550561797753 0.4583333333333333 0.8497191011235955
1 0.4726190476190476 0.7640449438202247 0.44761904761904764 0.7780898876404494 0.4738095238095238 0.848314606741573 0.4976190476190476 0.8370786516853933
1 0.5071428571428571 0.7471910112359551 0.48214285714285715 0.7612359550561798 0.5083333333333333 0.8314606741573034 0.5321428571428571 0.8202247191011236
1 0.5416666666666666 0.7331460674157303 0.5166666666666667 0.7471910112359551 0.5428571428571428 0.8174157303370787 0.5666666666666667 0.8061797752808989
1 0.5761904761904761 0.7176966292134831 0.5511904761904762 0.7317415730337079 0.5773809523809523 0.8019662921348315 0.6011904761904762 0.7907303370786517
1 0.5976190476190476 0.8075842696629213 0.5726190476190476 0.8216292134831461 0.5988095238095238 0.8918539325842697 0.6226190476190476 0.8806179775280899
1 0.6321428571428571 0.7879213483146067 0.6071428571428571 0.8019662921348315 0.6333333333333333 0.8721910112359551 0.6571428571428571 0.8609550561797753
1 0.669047619047619 0.7696629213483146 0.6440476190476191 0.7837078651685393 0.6702380952380952 0.8539325842696629 0.694047619047619 0.8426966292134831
1 0.6095238095238096 0.7036516853932584 0.5845238095238096 0.7176966292134831 0.6107142857142858 0.7879213483146067 0.6345238095238095 0.776685393258427
1 0.638095238095238 0.6867977528089888 0.6130952380952381 0.7008426966292135 0.6392857142857142 0.7710674157303371 0.6630952380952381 0.7598314606741573
1 0.675 0.672752808988764 0.65 0.6867977528089888 0.6785714285714286 0.7542134831460674 0.7047619047619048 0.7387640449438202
1 0.7095238095238096 0.6573033707865169 0.6845238095238095 0.6713483146067416 0.7130952380952381 0.7387640449438202 0.7392857142857143 0.723314606741573
1 0.7416666666666667 0.6446629213483146 0.7166666666666667 0.6587078651685393 0.7452380952380953 0.726123595505618 0.7714285714285715 0.7106741573033708
1 0.7738095238095238 0.6320224719101124 0.7488095238095238 0.6460674157303371 0.7773809523809524 0.7134831460674157 0.8035714285714286 0.6980337078651685
1 0.8071428571428572 0.6151685393258427 0.7821428571428571 0.6292134831460674 0.8107142857142857 0.6966292134831461 0.8369047619047619 0.6811797752808989
1 0.8428571428571429 0.5955056179775281 0.8178571428571428 0.6095505617977528 0.8464285714285714 0.6769662921348315 0.8726190476190476 0.6615168539325843
1 0.85 0.6867977528089888 0.825 0.7008426966292135 0.8583333333333333 0.7780898876404494 0.888095238095238 0.7640449438202247
1 0.8119047619047619 0.702247191011236 0.7869047619047619 0.7162921348314607 0.8202380952380952 0.7935393258426966 0.85 0.7794943820224719
1 0.7785714285714286 0.723314606741573 0.7535714285714286 0.7373595505617978 0.7869047619047619 0.8146067415730337 0.8166666666666667 0.800561797752809
1 0.7333333333333333 0.7401685393258427 0.7083333333333334 0.7542134831460674 0.7416666666666667 0.8314606741573034 0.7714285714285715 0.8174157303370787
1 0.7035714285714286 0.7542134831460674 0.6785714285714286 0.7682584269662921 0.7119047619047619 0.8455056179775281 0.7416666666666667 0.8314606741573034
1 0.3345238095238095 0.6404494382022472 0.30714285714285716 0.6530898876404494 0.33095238095238094 0.7247191011235955 0.35714285714285715 0.7106741573033708
1 0.2988095238095238 0.6502808988764045 0.2714285714285714 0.6629213483146067 0.29523809523809524 0.7345505617977528 0.32142857142857145 0.7205056179775281
1 0.2619047619047619 0.6643258426966292 0.23452380952380952 0.6769662921348315 0.25833333333333336 0.7485955056179775 0.2845238095238095 0.7345505617977528
1 0.22857142857142856 0.6825842696629213 0.2011904761904762 0.6952247191011236 0.225 0.7668539325842697 0.2511904761904762 0.7528089887640449
1 0.19047619047619047 0.6980337078651685 0.1630952380952381 0.7106741573033708 0.1869047619047619 0.7823033707865169 0.2130952380952381 0.7682584269662921
1 0.18214285714285713 0.797752808988764 0.15476190476190477 0.8103932584269663 0.17857142857142858 0.8820224719101124 0.20476190476190476 0.8679775280898876
1 0.21785714285714286 0.7724719101123596 0.19047619047619047 0.7851123595505618 0.21428571428571427 0.8567415730337079 0.24047619047619048 0.8426966292134831
1 0.25595238095238093 0.7626404494382022 0.22857142857142856 0.7752808988764045 0.2523809523809524 0.8469101123595506 0.2785714285714286 0.8328651685393258
1 0.2892857142857143 0.7401685393258427 0.2619047619047619 0.7528089887640449 0.2857142857142857 0.824438202247191 0.3119047619047619 0.8103932584269663
1 0.32261904761904764 0.7219101123595506 0.29523809523809524 0.7345505617977528 0.319047619047619 0.8061797752808989 0.34523809523809523 0.7921348314606742
1 0.3595238095238095 0.7120786516853933 0.33214285714285713 0.7247191011235955 0.35595238095238096 0.7963483146067416 0.3821428571428571 0.7823033707865169
1 0.38333333333333336 0.7865168539325843 0.35595238095238096 0.7991573033707865 0.37976190476190474 0.8707865168539326 0.40595238095238095 0.8567415730337079
1 0.3464285714285714 0.7949438202247191 0.319047619047619 0.8075842696629213 0.34285714285714286 0.8792134831460674 0.36904761904761907 0.8651685393258427
1 0.85 0.1896067415730337 0.8273809523809523 0.20646067415730338 0.8547619047619047 0.2640449438202247 0.8773809523809524 0.25