1 0.6726190476190477 0.12780898876404495 0.6678571428571428 0.21067415730337077 0.7095238095238096 0.21910112359550563 0.7083333333333334 0.12640449438202248
1 0.6619047619047619 0.2247191011235955 0.6535714285714286 0.3342696629213483 0.694047619047619 0.33707865168539325 0.7 0.22893258426966293
1 0.6416666666666667 0.5702247191011236 0.6357142857142857 0.6825842696629213 0.6738095238095239 0.6867977528089888 0.6797619047619048 0.5730337078651685
1 0.6369047619047619 0.7331460674157303 0.6309523809523809 0.8637640449438202 0.675 0.8693820224719101 0.6797619047619048 0.7345505617977528
1 0.2130952380952381 0.16713483146067415 0.20833333333333334 0.20646067415730338 0.3047619047619048 0.21207865168539325 0.30833333333333335 0.1699438202247191
1 0.21785714285714286 0.2247191011235955 0.21428571428571427 0.2640449438202247 0.3011904761904762 0.26825842696629215 0.30238095238095236 0.2303370786516854
1 0.2 0.2794943820224719 0.1988095238095238 0.32162921348314605 0.2916666666666667 0.324438202247191 0.29404761904761906 0.28370786516853935
1 0.19523809523809524 0.3398876404494382 0.19404761904761905 0.37780898876404495 0.2892857142857143 0.38764044943820225 0.29404761904761906 0.34691011235955055
1 0.1880952380952381 0.39747191011235955 0.18214285714285713 0.44241573033707865 0.27976190476190477 0.44803370786516855 0.2845238095238095 0.4044943820224719
1 0.175 0.4648876404494382 0.17142857142857143 0.5042134831460674 0.26785714285714285 0.5140449438202247 0.2726190476190476 0.476123595505618
1 0.18452380952380953 0.5196629213483146 0.1773809523809524 0.5561797752808989 0.2571428571428571 0.5660112359550562 0.2630952380952381 0.526685393258427
1 0.17976190476190476 0.5786516853932584 0.17142857142857143 0.6151685393258427 0.25952380952380955 0.6221910112359551 0.2654761904761905 0.5828651685393258
1 0.15595238095238095 0.6404494382022472 0.14642857142857144 0.6825842696629213 0.25595238095238093 0.6952247191011236 0.26071428571428573 0.651685393258427
1 0.14761904761904762 0.7134831460674157 0.14285714285714285 0.7556179775280899 0.24166666666666667 0.7612359550561798 0.24642857142857144 0.7219101123595506
1 0.14166666666666666 0.7808988764044944 0.13690476190476192 0.8300561797752809 0.23809523809523808 0.8300561797752809 0.24047619047619048 0.7879213483146067