1 0.8392857142857143 0.6502808988764045 0.8166666666666667 0.7092696629213483 0.8464285714285714 0.7176966292134831 0.861904761904762 0.6601123595505618
1 0.8380952380952381 0.34269662921348315 0.8166666666666667 0.38342696629213485 0.8416666666666667 0.398876404494382 0.8583333333333333 0.35674157303370785
1 0.7333333333333333 0.19662921348314608 0.7083333333333334 0.23735955056179775 0.7345238095238096 0.24859550561797752 0.7535714285714286 0.20646067415730338
1 0.7119047619047619 0.24157303370786518 0.6952380952380952 0.273876404494382 0.7119047619047619 0.28370786516853935 0.7321428571428571 0.25140449438202245
3 0.6797619047619048 0.2696629213483146 0.6369047619047619 0.34691011235955055 0.6714285714285714 0.3637640449438202 0.7119047619047619 0.2851123595505618
1 0.6333333333333333 0.35674157303370785 0.6142857142857143 0.40168539325842695 0.6392857142857142 0.4143258426966292 0.6583333333333333 0.3693820224719101
3 0.6035714285714285 0.4044943820224719 0.5726190476190476 0.4648876404494382 0.6047619047619047 0.4789325842696629 0.6357142857142857 0.41713483146067415
3 0.5547619047619048 0.4705056179775281 0.5011904761904762 0.577247191011236 0.5392857142857143 0.5969101123595506 0.5904761904761905 0.4901685393258427
1 0.4226190476190476 0.5365168539325843 0.39285714285714285 0.5814606741573034 0.4142857142857143 0.5955056179775281 0.444047619047619 0.5491573033707865
1 0.43333333333333335 0.46769662921348315 0.4023809523809524 0.5210674157303371 0.4238095238095238 0.5308988764044944 0.4511904761904762 0.48174157303370785
1 0.25952380952380955 0.625 0.21904761904761905 0.6601123595505618 0.22976190476190475 0.6783707865168539 0.2726190476190476 0.6460674157303371
1 0.2892857142857143 0.6783707865168539 0.23095238095238096 0.6811797752808989 0.22976190476190475 0.7092696629213483 0.2916666666666667 0.7092696629213483
1 0.2785714285714286 0.8033707865168539 0.2261904761904762 0.7808988764044944 0.2 0.8146067415730337 0.26666666666666666 0.8441011235955056
1 0.3416666666666667 0.49297752808988765 0.30833333333333335 0.5337078651685393 0.3273809523809524 0.5491573033707865 0.3595238095238095 0.5112359550561798
1 0.319047619047619 0.4803370786516854 0.2857142857142857 0.5210674157303371 0.3047619047619048 0.5365168539325843 0.33690476190476193 0.49859550561797755
1 0.38333333333333336 0.44803370786516855 0.3488095238095238 0.49157303370786515 0.3678571428571429 0.5070224719101124 0.4023809523809524 0.46348314606741575
1 0.3523809523809524 0.4396067415730337 0.32142857142857145 0.4747191011235955 0.3404761904761905 0.4901685393258427 0.37023809523809526 0.4508426966292135
1 0.33690476190476193 0.41713483146067415 0.305952380952381 0.45224719101123595 0.325 0.46769662921348315 0.3547619047619048 0.42837078651685395
1 0.28214285714285714 0.449438202247191 0.2511904761904762 0.4845505617977528 0.2702380952380952 0.5 0.3 0.4606741573033708
1 0.5202380952380953 0.425561797752809 0.475 0.4044943820224719 0.45714285714285713 0.42696629213483145 0.5071428571428571 0.45224719101123595
1 0.5357142857142857 0.39325842696629215 0.48928571428571427 0.3707865168539326 0.4714285714285714 0.39325842696629215 0.5214285714285715 0.41853932584269665
1 0.5523809523809524 0.37219101123595505 0.5154761904761904 0.3356741573033708 0.49523809523809526 0.35814606741573035 0.530952380952381 0.3904494382022472
1 0.5726190476190476 0.3146067415730337 0.5345238095238095 0.2949438202247191 0.5190476190476191 0.32303370786516855 0.5654761904761905 0.3441011235955056
1 0.5773809523809523 0.26264044943820225 0.5464285714285714 0.30196629213483145 0.5642857142857143 0.3146067415730337 0.5988095238095238 0.2752808988764045
1 0.6535714285714286 0.20224719101123595 0.611904761904762 0.19803370786516855 0.6059523809523809 0.22331460674157302 0.6547619047619048 0.22612359550561797
1 0.7119047619047619 0.1502808988764045 0.6726190476190477 0.13623595505617977 0.655952380952381 0.16292134831460675 0.7 0.17415730337078653