1 0.15476190476190477 0.125 0.1619047619047619 0.19662921348314608 0.19166666666666668 0.19101123595505617 0.18571428571428572 0.11938202247191011
1 0.28809523809523807 0.22752808988764045 0.36666666666666664 0.21910112359550563 0.36547619047619045 0.175561797752809 0.2857142857142857 0.18258426966292135
1 0.4238095238095238 0.21067415730337077 0.5023809523809524 0.21067415730337077 0.4988095238095238 0.16292134831460675 0.42142857142857143 0.16853932584269662
1 0.26904761904761904 0.42696629213483145 0.3476190476190476 0.41853932584269665 0.3476190476190476 0.37219101123595505 0.26904761904761904 0.38342696629213485
1 0.2761904761904762 0.6179775280898876 0.3357142857142857 0.6671348314606742 0.3607142857142857 0.6362359550561798 0.2916666666666667 0.5856741573033708
1 0.2773809523809524 0.6825842696629213 0.34523809523809523 0.7289325842696629 0.3595238095238095 0.6924157303370787 0.2892857142857143 0.6502808988764045
1 0.7702380952380953 0.6362359550561798 0.8428571428571429 0.6643258426966292 0.8535714285714285 0.6306179775280899 0.7761904761904762 0.6025280898876404
1 0.7607142857142857 0.574438202247191 0.8380952380952381 0.6053370786516854 0.85 0.5660112359550562 0.7702380952380953 0.5365168539325843
1 0.7333333333333333 0.36657303370786515 0.8071428571428572 0.38764044943820225 0.8119047619047619 0.34691011235955055 0.7380952380952381 0.3202247191011236
1 0.7214285714285714 0.3061797752808989 0.7523809523809524 0.3188202247191011 0.7738095238095238 0.23876404494382023 0.7440476190476191 0.22752808988764045
1 0.8130952380952381 0.3202247191011236 0.8380952380952381 0.24578651685393257 0.8119047619047619 0.22612359550561797 0.7797619047619048 0.30337078651685395
1 0.7690476190476191 0.19241573033707865 0.8357142857142857 0.18258426966292135 0.8357142857142857 0.14887640449438203 0.763095238095238 0.15168539325842698