1 0.5595238095238095 0.7879213483146067 0.5785714285714286 0.8890449438202247 0.6166666666666667 0.8848314606741573 0.6011904761904762 0.7808988764044944
1 0.7357142857142858 0.5828651685393258 0.7392857142857143 0.6446629213483146 0.8476190476190476 0.6404494382022472 0.8404761904761905 0.5898876404494382
1 0.48214285714285715 0.6039325842696629 0.4928571428571429 0.7106741573033708 0.5297619047619048 0.702247191011236 0.5154761904761904 0.5969101123595506
1 0.5428571428571428 0.6573033707865169 0.5571428571428572 0.773876404494382 0.6023809523809524 0.7640449438202247 0.5845238095238096 0.651685393258427
1 0.6619047619047619 0.5252808988764045 0.6738095238095239 0.5632022471910112 0.7571428571428571 0.5463483146067416 0.7476190476190476 0.5070224719101124
4 0.6571428571428571 0.47331460674157305 0.6630952380952381 0.5168539325842697 0.7571428571428571 0.4943820224719101 0.7476190476190476 0.4508426966292135
1 0.4738095238095238 0.2991573033707865 0.48928571428571427 0.39325842696629215 0.5214285714285715 0.3848314606741573 0.5047619047619047 0.29213483146067415
1 0.4369047619047619 0.3651685393258427 0.4666666666666667 0.35674157303370785 0.4845238095238095 0.44662921348314605 0.4523809523809524 0.45224719101123595
1 0.6273809523809524 0.25842696629213485 0.5869047619047619 0.34269662921348315 0.6190476190476191 0.3595505617977528 0.6583333333333333 0.27668539325842695
1 0.6273809523809524 0.38764044943820225 0.6285714285714286 0.4339887640449438 0.7261904761904762 0.4044943820224719 0.7178571428571429 0.36657303370786515
1 0.6345238095238095 0.43258426966292135 0.6452380952380953 0.47191011235955055 0.736904761904762 0.44803370786516855 0.7309523809523809 0.40730337078651685