1 0.35595238095238096 0.29353932584269665 0.35595238095238096 0.35252808988764045 0.38095238095238093 0.351123595505618 0.38095238095238093 0.29775280898876405
1 0.4095238095238095 0.3637640449438202 0.4095238095238095 0.41713483146067415 0.430952380952381 0.4157303370786517 0.4297619047619048 0.36235955056179775
1 0.24761904761904763 0.18398876404494383 0.2630952380952381 0.1853932584269663 0.26904761904761904 0.15589887640449437 0.24404761904761904 0.14887640449438203
1 0.22738095238095238 0.1446629213483146 0.2226190476190476 0.17696629213483145 0.2369047619047619 0.17837078651685392 0.24404761904761904 0.14887640449438203
1 0.6452380952380953 0.16713483146067415 0.6345238095238095 0.18258426966292135 0.6666666666666666 0.20365168539325842 0.6738095238095239 0.18398876404494383
1 0.6642857142857143 0.21067415730337077 0.6535714285714286 0.22612359550561797 0.6857142857142857 0.24719101123595505 0.6928571428571428 0.22752808988764045
1 0.6702380952380952 0.24157303370786518 0.6595238095238095 0.25702247191011235 0.6916666666666667 0.27808988764044945 0.6988095238095238 0.25842696629213485
1 0.6654761904761904 0.26685393258426965 0.6547619047619048 0.28230337078651685 0.6869047619047619 0.30337078651685395 0.694047619047619 0.28370786516853935
1 0.6845238095238095 0.3539325842696629 0.675 0.37219101123595505 0.7083333333333334 0.3946629213483146 0.7142857142857143 0.37359550561797755
1 0.6916666666666667 0.3342696629213483 0.680952380952381 0.3497191011235955 0.7142857142857143 0.37219101123595505 0.7202380952380952 0.351123595505618
1 0.6642857142857143 0.31320224719101125 0.6642857142857143 0.3342696629213483 0.7035714285714286 0.3356741573033708 0.7035714285714286 0.31741573033707865
1 0.7416666666666667 0.17275280898876405 0.7202380952380952 0.199438202247191 0.7333333333333333 0.20926966292134833 0.7547619047619047 0.18398876404494383
1 0.20595238095238094 0.3497191011235955 0.1976190476190476 0.3651685393258427 0.225 0.3904494382022472 0.23333333333333334 0.3693820224719101
1 0.19047619047619047 0.36797752808988765 0.18214285714285713 0.38202247191011235 0.2119047619047619 0.40308988764044945 0.225 0.39185393258426965
1 0.1976190476190476 0.42275280898876405 0.19047619047619047 0.4353932584269663 0.22142857142857142 0.46348314606741575 0.23095238095238096 0.449438202247191
1 0.20476190476190476 0.4648876404494382 0.19404761904761905 0.4803370786516854 0.225 0.5056179775280899 0.23333333333333334 0.4887640449438202
1 0.2261904761904762 0.5870786516853933 0.1976190476190476 0.625 0.2119047619047619 0.6376404494382022 0.24285714285714285 0.6067415730337079
1 0.22976190476190475 0.6629213483146067 0.19404761904761905 0.6910112359550562 0.20476190476190476 0.7078651685393258 0.24047619047619048 0.6825842696629213
1 0.719047619047619 0.5589887640449438 0.7202380952380952 0.5814606741573034 0.763095238095238 0.577247191011236 0.7595238095238095 0.5561797752808989
1 0.7214285714285714 0.5828651685393258 0.7226190476190476 0.6053370786516854 0.7654761904761904 0.601123595505618 0.7619047619047619 0.5800561797752809
1 0.7333333333333333 0.6404494382022472 0.7345238095238096 0.6629213483146067 0.7773809523809524 0.6587078651685393 0.7738095238095238 0.6376404494382022
1 0.725 0.6039325842696629 0.7261904761904762 0.6264044943820225 0.7690476190476191 0.6221910112359551 0.7654761904761904 0.601123595505618
1 0.7607142857142857 0.7303370786516854 0.7619047619047619 0.7528089887640449 0.8047619047619048 0.7485955056179775 0.8011904761904762 0.7275280898876404
1 0.7452380952380953 0.6699438202247191 0.7464285714285714 0.6924157303370787 0.7892857142857143 0.6882022471910112 0.7857142857142857 0.6671348314606742
1 0.7547619047619047 0.699438202247191 0.7559523809523809 0.7219101123595506 0.7988095238095239 0.7176966292134831 0.7952380952380952 0.6966292134831461
1 0.7583333333333333 0.7710674157303371 0.7595238095238095 0.7935393258426966 0.8023809523809524 0.7893258426966292 0.7988095238095239 0.7682584269662921
1 0.8428571428571429 0.6320224719101124 0.8523809523809524 0.6811797752808989 0.8738095238095238 0.6797752808988764 0.8666666666666667 0.6292134831460674