1 0.2702380952380952 0.2556179775280899 0.24642857142857144 0.2696629213483146 0.27976190476190477 0.3342696629213483 0.30357142857142855 0.3103932584269663
1 0.2642857142857143 0.32162921348314605 0.24047619047619048 0.33848314606741575 0.2785714285714286 0.39747191011235955 0.3 0.37640449438202245
1 0.2833333333333333 0.48735955056179775 0.20952380952380953 0.49297752808988765 0.21071428571428572 0.5252808988764045 0.2833333333333333 0.5210674157303371
1 0.2726190476190476 0.5337078651685393 0.20357142857142857 0.5280898876404494 0.20238095238095238 0.5617977528089888 0.26785714285714285 0.5716292134831461
1 0.24285714285714285 0.5674157303370787 0.21904761904761905 0.5800561797752809 0.2523809523809524 0.6404494382022472 0.27976190476190477 0.6221910112359551
1 0.26666666666666666 0.6811797752808989 0.1988095238095238 0.6938202247191011 0.2011904761904762 0.7289325842696629 0.2714285714285714 0.7134831460674157
1 0.40714285714285714 0.526685393258427 0.37976190476190474 0.5337078651685393 0.3773809523809524 0.5997191011235955 0.40714285714285714 0.5997191011235955
1 0.444047619047619 0.523876404494382 0.42023809523809524 0.5224719101123596 0.4142857142857143 0.5926966292134831 0.4380952380952381 0.5941011235955056
1 0.4773809523809524 0.5449438202247191 0.45476190476190476 0.5421348314606742 0.4523809523809524 0.5941011235955056 0.4773809523809524 0.5969101123595506
1 0.5928571428571429 0.44803370786516855 0.5238095238095238 0.4452247191011236 0.5226190476190476 0.4747191011235955 0.5904761904761905 0.476123595505618
1 0.6773809523809524 0.4592696629213483 0.611904761904762 0.45224719101123595 0.6059523809523809 0.4803370786516854 0.6761904761904762 0.49297752808988765
1 0.8404761904761905 0.5070224719101124 0.8119047619047619 0.5070224719101124 0.8154761904761905 0.577247191011236 0.844047619047619 0.5758426966292135
1 0.6571428571428571 0.324438202247191 0.6357142857142857 0.3342696629213483 0.6785714285714286 0.4002808988764045 0.7035714285714286 0.38202247191011235
1 0.6702380952380952 0.2808988764044944 0.6488095238095238 0.2991573033707865 0.6880952380952381 0.3539325842696629 0.7130952380952381 0.3300561797752809
1 0.8226190476190476 0.2949438202247191 0.7952380952380952 0.2752808988764045 0.7559523809523809 0.33848314606741575 0.7845238095238095 0.36235955056179775
1 0.725 0.2148876404494382 0.6773809523809524 0.16292134831460675 0.655952380952381 0.1853932584269663 0.6964285714285714 0.24157303370786518
1 0.7285714285714285 0.16853932584269662 0.6821428571428572 0.11657303370786516 0.6619047619047619 0.1348314606741573 0.7047619047619048 0.19101123595505617