1 0.1976190476190476 0.2710674157303371 0.2357142857142857 0.24719101123595505 0.225 0.23174157303370788 0.1880952380952381 0.25280898876404495
4 0.25 0.2612359550561798 0.21904761904761905 0.2991573033707865 0.20238095238095238 0.28651685393258425 0.2357142857142857 0.24719101123595505
1 0.26904761904761904 0.27668539325842695 0.23809523809523808 0.30758426966292135 0.2261904761904762 0.29353932584269665 0.25595238095238093 0.2640449438202247
1 0.23095238095238096 0.32865168539325845 0.25476190476190474 0.3595505617977528 0.2726190476190476 0.3455056179775281 0.24642857142857144 0.3146067415730337
1 0.3392857142857143 0.40308988764044945 0.37142857142857144 0.37640449438202245 0.3607142857142857 0.3637640449438202 0.3261904761904762 0.38764044943820225
1 0.41309523809523807 0.35252808988764045 0.4452380952380952 0.32865168539325845 0.43333333333333335 0.31320224719101125 0.4023809523809524 0.3356741573033708
1 0.37023809523809526 0.4592696629213483 0.3976190476190476 0.49297752808988765 0.37976190476190474 0.5084269662921348 0.3547619047619048 0.47331460674157305
1 0.45 0.36657303370786515 0.4142857142857143 0.39185393258426965 0.425 0.4101123595505618 0.4607142857142857 0.38342696629213485
1 0.4630952380952381 0.41292134831460675 0.43452380952380953 0.43820224719101125 0.4452380952380952 0.45365168539325845 0.4738095238095238 0.42696629213483145
1 0.48333333333333334 0.42837078651685395 0.45 0.45646067415730335 0.46190476190476193 0.47191011235955055 0.49523809523809526 0.4438202247191011
1 0.4988095238095238 0.4410112359550562 0.4654761904761905 0.4691011235955056 0.4773809523809524 0.4859550561797753 0.513095238095238 0.45786516853932585
1 0.5214285714285715 0.4606741573033708 0.48928571428571427 0.48735955056179775 0.4988095238095238 0.5042134831460674 0.5297619047619048 0.4747191011235955
1 0.5464285714285714 0.4705056179775281 0.513095238095238 0.49859550561797755 0.5226190476190476 0.5154494382022472 0.5571428571428572 0.48735955056179775
1 0.5571428571428572 0.4943820224719101 0.5202380952380953 0.5280898876404494 0.5357142857142857 0.5463483146067416 0.5726190476190476 0.5098314606741573
1 0.5761904761904761 0.5168539325842697 0.5416666666666666 0.5463483146067416 0.5511904761904762 0.5617977528089888 0.5880952380952381 0.5351123595505618
1 0.6154761904761905 0.5547752808988764 0.5773809523809523 0.5828651685393258 0.5892857142857143 0.601123595505618 0.625 0.5716292134831461
1 0.6333333333333333 0.5716292134831461 0.5904761904761905 0.5997191011235955 0.6011904761904762 0.6193820224719101 0.6440476190476191 0.5898876404494382
1 0.6547619047619048 0.5898876404494382 0.6130952380952381 0.6165730337078652 0.6261904761904762 0.6390449438202247 0.6654761904761904 0.6053370786516854
1 0.5226190476190476 0.6418539325842697 0.5583333333333333 0.6811797752808989 0.5761904761904761 0.6657303370786517 0.544047619047619 0.6235955056179775
1 0.569047619047619 0.6839887640449438 0.6107142857142858 0.723314606741573 0.625 0.7036516853932584 0.5857142857142857 0.6615168539325843
1 0.6011904761904762 0.6783707865168539 0.6345238095238095 0.7176966292134831 0.6523809523809524 0.7008426966292135 0.6166666666666667 0.6587078651685393
1 0.6261904761904762 0.6601123595505618 0.6630952380952381 0.7050561797752809 0.6773809523809524 0.6853932584269663 0.6428571428571429 0.6432584269662921
1 0.6476190476190476 0.6404494382022472 0.6797619047619048 0.6825842696629213 0.6952380952380952 0.6671348314606742 0.6630952380952381 0.6278089887640449
4 0.6666666666666666 0.6165730337078652 0.7071428571428572 0.6629213483146067 0.725 0.6460674157303371 0.6821428571428572 0.598314606741573
4 0.6892857142857143 0.5955056179775281 0.7261904761904762 0.6390449438202247 0.7428571428571429 0.6193820224719101 0.7071428571428572 0.577247191011236
1 0.8523809523809524 0.6671348314606742 0.8130952380952381 0.7120786516853933 0.8297619047619048 0.7303370786516854 0.8678571428571429 0.6839887640449438
1 0.8380952380952381 0.7191011235955056 0.7952380952380952 0.7556179775280899 0.8142857142857143 0.7780898876404494 0.8535714285714285 0.7401685393258427
1 0.8583333333333333 0.7345505617977528 0.8238095238095238 0.7724719101123596 0.8392857142857143 0.7907303370786517 0.8738095238095238 0.7528089887640449
1 0.8773809523809524 0.7654494382022472 0.8392857142857143 0.800561797752809 0.8559523809523809 0.8188202247191011 0.8904761904761904 0.7851123595505618
1 0.7821428571428571 0.5589887640449438 0.7583333333333333 0.6025280898876404 0.7773809523809524 0.6137640449438202 0.8 0.5702247191011236
1 0.44642857142857145 0.39325842696629215 0.4166666666666667 0.41853932584269665 0.42738095238095236 0.4353932584269663 0.4607142857142857 0.40870786516853935