1 0.3119047619047619 0.7844101123595506 0.02619047619047619 0.0800561797752809
1 0.31607142857142856 0.6853932584269663 0.025 0.07865168539325842
1 0.31726190476190474 0.5596910112359551 0.025 0.07724719101123595
1 0.3196428571428571 0.34831460674157305 0.025 0.05898876404494382
1 0.31845238095238093 0.25702247191011235 0.025 0.07303370786516854
1 0.31547619047619047 0.45786516853932585 0.02619047619047619 0.07584269662921349
1 0.5898809523809524 0.33075842696629215 0.025 0.06601123595505617
1 0.5869047619047619 0.23876404494382023 0.02857142857142857 0.07303370786516854
1 0.5839285714285715 0.14957865168539325 0.025 0.06601123595505617
1 0.8523809523809524 0.23735955056179775 0.023809523809523808 0.06741573033707865
1 0.844047619047619 0.1502808988764045 0.02619047619047619 0.07303370786516854
3 0.5875 0.5421348314606742 0.041666666666666664 0.27247191011235955
2 0.593452380952381 0.8672752808988764 0.04404761904761905 0.25702247191011235