4 0.22380952380952382 0.1306179775280899 0.225 0.15870786516853932 0.27380952380952384 0.15589887640449437 0.27380952380952384 0.12780898876404495
4 0.3119047619047619 0.17134831460674158 0.2892857142857143 0.2148876404494382 0.3119047619047619 0.22893258426966293 0.3333333333333333 0.18398876404494383
4 0.18452380952380953 0.2710674157303371 0.23809523809523808 0.25842696629213485 0.24166666666666667 0.28651685393258425 0.1880952380952381 0.29775280898876405
4 0.6654761904761904 0.6825842696629213 0.7130952380952381 0.6432584269662921 0.7297619047619047 0.6699438202247191 0.6821428571428572 0.7078651685393258
1 0.35119047619047616 0.1348314606741573 0.3345238095238095 0.19101123595505617 0.35714285714285715 0.19803370786516855 0.3726190476190476 0.1404494382022472
1 0.4083333333333333 0.1699438202247191 0.3976190476190476 0.22191011235955055 0.42023809523809524 0.22612359550561797 0.42857142857142855 0.17415730337078653
1 0.42857142857142855 0.2991573033707865 0.4166666666666667 0.36235955056179775 0.44047619047619047 0.36797752808988765 0.4523809523809524 0.30337078651685395
1 0.18214285714285713 0.32303370786516855 0.2261904761904762 0.33848314606741575 0.21666666666666667 0.3651685393258427 0.17142857142857143 0.34831460674157305
1 0.16071428571428573 0.3637640449438202 0.21428571428571427 0.3693820224719101 0.21071428571428572 0.39185393258426965 0.15833333333333333 0.38764044943820225
1 0.1392857142857143 0.43820224719101125 0.2 0.43820224719101125 0.1976190476190476 0.47191011235955055 0.1357142857142857 0.4705056179775281
1 0.24047619047619048 0.44241573033707865 0.2130952380952381 0.5070224719101124 0.23809523809523808 0.5196629213483146 0.2654761904761905 0.4550561797752809
1 0.3273809523809524 0.5168539325842697 0.3119047619047619 0.5884831460674157 0.34285714285714286 0.5969101123595506 0.3547619047619048 0.523876404494382
1 0.10952380952380952 0.5519662921348315 0.16547619047619047 0.5632022471910112 0.15833333333333333 0.5955056179775281 0.10119047619047619 0.5842696629213483
1 0.1357142857142857 0.625 0.1869047619047619 0.6643258426966292 0.17261904761904762 0.6853932584269663 0.12142857142857143 0.6474719101123596
1 0.1761904761904762 0.7528089887640449 0.15833333333333333 0.8258426966292135 0.18452380952380953 0.8328651685393258 0.2011904761904762 0.7570224719101124
0 0.28214285714285714 0.20646067415730338 0.24285714285714285 0.37359550561797755 0.2845238095238095 0.3806179775280899 0.319047619047619 0.21207865168539325
1 0.694047619047619 0.3398876404494382 0.6880952380952381 0.3946629213483146 0.7107142857142857 0.39747191011235955 0.7142857142857143 0.34269662921348315
1 0.7154761904761905 0.4044943820224719 0.7119047619047619 0.45786516853932585 0.7333333333333333 0.4606741573033708 0.7392857142857143 0.40730337078651685
1 0.7154761904761905 0.4705056179775281 0.6857142857142857 0.5280898876404494 0.7083333333333334 0.5421348314606742 0.736904761904762 0.48174157303370785
3 0.725 0.22191011235955055 0.7154761904761905 0.3160112359550562 0.7476190476190476 0.32162921348314605 0.7571428571428571 0.22612359550561797
3 0.5273809523809524 0.8132022471910112 0.5142857142857142 0.8932584269662921 0.55 0.9002808988764045 0.5630952380952381 0.8188202247191011