0 0.16785714285714284 0.7808988764044944 0.3761904761904762 0.8103932584269663 0.37023809523809526 0.8623595505617978 0.15833333333333333 0.8441011235955056
0 0.2011904761904762 0.6573033707865169 0.4011904761904762 0.6882022471910112 0.39404761904761904 0.7682584269662921 0.19166666666666668 0.7373595505617978
0 0.19523809523809524 0.5955056179775281 0.4107142857142857 0.625 0.4035714285714286 0.6980337078651685 0.18095238095238095 0.6615168539325843
0 0.24047619047619048 0.5407303370786517 0.42857142857142855 0.5688202247191011 0.41785714285714287 0.6446629213483146 0.225 0.6095505617977528
0 0.225 0.4859550561797753 0.43333333333333335 0.5126404494382022 0.4238095238095238 0.5870786516853933 0.20833333333333334 0.5575842696629213
0 0.2571428571428571 0.4410112359550562 0.43452380952380953 0.45646067415730335 0.42857142857142855 0.5154494382022472 0.24285714285714285 0.4943820224719101
0 0.2619047619047619 0.38764044943820225 0.44166666666666665 0.40730337078651685 0.43214285714285716 0.476123595505618 0.25 0.449438202247191
0 0.26071428571428573 0.351123595505618 0.4511904761904762 0.36235955056179775 0.44761904761904764 0.4311797752808989 0.25357142857142856 0.4044943820224719
0 0.25595238095238093 0.3061797752808989 0.4392857142857143 0.32303370786516855 0.43333333333333335 0.3806179775280899 0.2511904761904762 0.3637640449438202
0 0.2892857142857143 0.2654494382022472 0.475 0.29353932584269665 0.46904761904761905 0.34831460674157305 0.28095238095238095 0.324438202247191
0 0.3273809523809524 0.2303370786516854 0.48214285714285715 0.24578651685393257 0.47619047619047616 0.29213483146067415 0.31547619047619047 0.2710674157303371
0 0.15595238095238095 0.18398876404494383 0.3130952380952381 0.19241573033707865 0.30952380952380953 0.25702247191011235 0.15 0.25140449438202245
0 0.175 0.14747191011235955 0.32261904761904764 0.1544943820224719 0.3142857142857143 0.21207865168539325 0.1619047619047619 0.20084269662921347
0 0.3273809523809524 0.19241573033707865 0.4845238095238095 0.2050561797752809 0.4785714285714286 0.24719101123595505 0.31785714285714284 0.22752808988764045
0 0.34404761904761905 0.15589887640449437 0.48928571428571427 0.17134831460674158 0.48214285714285715 0.2050561797752809 0.3333333333333333 0.18820224719101122
0 0.3619047619047619 0.11376404494382023 0.5095238095238095 0.13623595505617977 0.5011904761904762 0.19382022471910113 0.35119047619047616 0.1699438202247191
0 0.7023809523809523 0.47331460674157305 0.9 0.48735955056179775 0.8952380952380953 0.5646067415730337 0.6976190476190476 0.5547752808988764
0 0.6988095238095238 0.4297752808988764 0.8964285714285715 0.4438202247191011 0.8928571428571429 0.49297752808988765 0.7035714285714286 0.476123595505618
0 0.6845238095238095 0.3806179775280899 0.8845238095238095 0.4058988764044944 0.8833333333333333 0.4648876404494382 0.6857142857142857 0.45224719101123595
0 0.6976190476190476 0.33707865168539325 0.888095238095238 0.35674157303370785 0.8857142857142857 0.4058988764044944 0.6964285714285714 0.3792134831460674
0 0.6964285714285714 0.2949438202247191 0.8821428571428571 0.3146067415730337 0.888095238095238 0.3539325842696629 0.6964285714285714 0.3300561797752809
0 0.6928571428571428 0.2598314606741573 0.8821428571428571 0.2794943820224719 0.8833333333333333 0.31320224719101125 0.7035714285714286 0.30196629213483145
0 0.6880952380952381 0.2205056179775281 0.8714285714285714 0.23876404494382023 0.875 0.28370786516853935 0.6880952380952381 0.273876404494382
0 0.6976190476190476 0.18398876404494383 0.8523809523809524 0.2050561797752809 0.8547619047619047 0.23735955056179775 0.6988095238095238 0.21769662921348315
0 0.7023809523809523 0.1544943820224719 0.8761904761904762 0.17134831460674158 0.8714285714285714 0.2247191011235955 0.7035714285714286 0.20224719101123595
1 0.7130952380952381 0.5997191011235955 0.7916666666666666 0.6123595505617978 0.7916666666666666 0.651685393258427 0.7119047619047619 0.6376404494382022