1 0.694047619047619 0.13342696629213482 0.6988095238095238 0.19241573033707865 0.7261904761904762 0.18820224719101122 0.7202380952380952 0.1306179775280899
1 0.736904761904762 0.18679775280898878 0.8095238095238095 0.175561797752809 0.8083333333333333 0.1446629213483146 0.7357142857142858 0.15308988764044945
1 0.7452380952380953 0.21348314606741572 0.8154761904761905 0.21348314606741572 0.8130952380952381 0.18117977528089887 0.7452380952380953 0.18258426966292135
1 0.75 0.25702247191011235 0.8214285714285714 0.2542134831460674 0.8154761904761905 0.22191011235955055 0.7428571428571429 0.2205056179775281
1 0.7559523809523809 0.30196629213483145 0.819047619047619 0.29775280898876405 0.8154761904761905 0.26264044943820225 0.7511904761904762 0.2654494382022472
1 0.6976190476190476 0.20926966292134833 0.7 0.28651685393258425 0.736904761904762 0.28792134831460675 0.7297619047619047 0.20786516853932585
1 0.7678571428571429 0.38342696629213485 0.8369047619047619 0.3707865168539326 0.8333333333333334 0.33286516853932585 0.7642857142857142 0.3497191011235955
1 0.7642857142857142 0.42275280898876405 0.844047619047619 0.42134831460674155 0.8428571428571429 0.3862359550561798 0.763095238095238 0.3890449438202247
1 0.780952380952381 0.5070224719101124 0.8511904761904762 0.5126404494382022 0.8511904761904762 0.4789325842696629 0.7797619047619048 0.47331460674157305
1 0.7738095238095238 0.46207865168539325 0.85 0.46207865168539325 0.85 0.425561797752809 0.775 0.4241573033707865
1 0.7761904761904762 0.5632022471910112 0.8642857142857143 0.5632022471910112 0.8630952380952381 0.5224719101123596 0.7738095238095238 0.5182584269662921
1 0.7702380952380953 0.6123595505617978 0.8571428571428571 0.6137640449438202 0.8559523809523809 0.5688202247191011 0.7702380952380953 0.574438202247191
1 0.7821428571428571 0.6587078651685393 0.8666666666666667 0.6643258426966292 0.8654761904761905 0.625 0.7797619047619048 0.6207865168539326
1 0.7988095238095239 0.7162921348314607 0.8797619047619047 0.7162921348314607 0.8809523809523809 0.6769662921348315 0.7988095238095239 0.6783707865168539
1 0.7928571428571428 0.7780898876404494 0.8821428571428571 0.776685393258427 0.8797619047619047 0.7317415730337079 0.7916666666666666 0.7345505617977528
1 0.8083333333333333 0.8300561797752809 0.8845238095238095 0.8286516853932584 0.8833333333333333 0.7837078651685393 0.805952380952381 0.7823033707865169
1 0.8023809523809524 0.8370786516853933 0.8035714285714286 0.8637640449438202 0.8857142857142857 0.8665730337078652 0.8845238095238095 0.8384831460674157
1 0.7011904761904761 0.34129213483146065 0.7107142857142857 0.4143258426966292 0.7452380952380953 0.41151685393258425 0.7357142857142858 0.33707865168539325
1 0.7083333333333334 0.43258426966292135 0.7166666666666667 0.5154494382022472 0.75 0.5154494382022472 0.7416666666666667 0.4297752808988764
1 0.7202380952380952 0.5252808988764045 0.7238095238095238 0.6193820224719101 0.7583333333333333 0.6151685393258427 0.7583333333333333 0.523876404494382
1 0.7261904761904762 0.6530898876404494 0.7345238095238096 0.7542134831460674 0.7761904761904762 0.7457865168539326 0.7619047619047619 0.6474719101123596
1 0.7380952380952381 0.7640449438202247 0.7464285714285714 0.8609550561797753 0.7833333333333333 0.8567415730337079 0.7738095238095238 0.7612359550561798
1 0.5607142857142857 0.14325842696629212 0.5619047619047619 0.2247191011235955 0.5952380952380952 0.2205056179775281 0.5928571428571429 0.13904494382022473
1 0.5702380952380952 0.22893258426966293 0.5702380952380952 0.3103932584269663 0.6083333333333333 0.3089887640449438 0.6047619047619047 0.23174157303370788
1 0.5702380952380952 0.3258426966292135 0.5738095238095238 0.4101123595505618 0.6083333333333333 0.40730337078651685 0.6047619047619047 0.324438202247191
1 0.575 0.4297752808988764 0.5797619047619048 0.5182584269662921 0.6178571428571429 0.5140449438202247 0.6130952380952381 0.4241573033707865
1 0.5845238095238096 0.5351123595505618 0.5845238095238096 0.6306179775280899 0.6178571428571429 0.6292134831460674 0.6166666666666667 0.5294943820224719
1 0.580952380952381 0.6446629213483146 0.580952380952381 0.7317415730337079 0.6178571428571429 0.7289325842696629 0.6178571428571429 0.648876404494382
1 0.5833333333333334 0.7457865168539326 0.5857142857142857 0.8398876404494382 0.6226190476190476 0.8384831460674157 0.6190476190476191 0.7387640449438202
1 0.5333333333333333 0.1502808988764045 0.47619047619047616 0.19803370786516855 0.4976190476190476 0.22331460674157302 0.5511904761904762 0.1797752808988764
1 0.475 0.23735955056179775 0.49523809523809526 0.2696629213483146 0.5511904761904762 0.22752808988764045 0.5345238095238095 0.20084269662921347
1 0.4785714285714286 0.2907303370786517 0.4976190476190476 0.324438202247191 0.5583333333333333 0.2851123595505618 0.5416666666666666 0.2556179775280899
1 0.4773809523809524 0.34691011235955055 0.49404761904761907 0.3707865168539326 0.5607142857142857 0.3356741573033708 0.5464285714285714 0.3061797752808989
1 0.4785714285714286 0.40168539325842695 0.4988095238095238 0.42275280898876405 0.5607142857142857 0.38342696629213485 0.544047619047619 0.35814606741573035
1 0.4845238095238095 0.4339887640449438 0.5 0.4606741573033708 0.5702380952380952 0.42275280898876405 0.555952380952381 0.39185393258426965
1 0.475 0.48735955056179775 0.4928571428571429 0.5084269662921348 0.555952380952381 0.4691011235955056 0.5416666666666666 0.44662921348314605
1 0.48333333333333334 0.5294943820224719 0.4988095238095238 0.5632022471910112 0.5738095238095238 0.5140449438202247 0.5607142857142857 0.4803370786516854
1 0.48214285714285715 0.5828651685393258 0.5011904761904762 0.6193820224719101 0.575 0.5716292134831461 0.5583333333333333 0.5379213483146067
1 0.4857142857142857 0.6643258426966292 0.5047619047619047 0.6924157303370787 0.5726190476190476 0.6362359550561798 0.555952380952381 0.6095505617977528
1 0.4845238095238095 0.8117977528089888 0.5083333333333333 0.8370786516853933 0.5666666666666667 0.7724719101123596 0.5476190476190477 0.7471910112359551
1 0.513095238095238 0.7528089887640449 0.5702380952380952 0.7064606741573034 0.5511904761904762 0.6769662921348315 0.4988095238095238 0.7205056179775281
1 0.5607142857142857 0.8160112359550562 0.49642857142857144 0.8637640449438202 0.513095238095238 0.8904494382022472 0.5797619047619048 0.8441011235955056
1 0.3964285714285714 0.15730337078651685 0.39404761904761904 0.22612359550561797 0.4226190476190476 0.22612359550561797 0.425 0.15730337078651685
1 0.39404761904761904 0.24719101123595505 0.39166666666666666 0.32162921348314605 0.42023809523809524 0.3202247191011236 0.42142857142857143 0.24859550561797752
1 0.39404761904761904 0.33848314606741575 0.4023809523809524 0.41151685393258425 0.42857142857142855 0.4058988764044944 0.41785714285714287 0.33286516853932585
1 0.39166666666666666 0.4452247191011236 0.3904761904761905 0.5210674157303371 0.42142857142857143 0.523876404494382 0.4226190476190476 0.4452247191011236
1 0.3892857142857143 0.5575842696629213 0.3880952380952381 0.6502808988764045 0.41785714285714287 0.6502808988764045 0.42023809523809524 0.5617977528089888
1 0.38571428571428573 0.675561797752809 0.38452380952380955 0.7724719101123596 0.42142857142857143 0.7710674157303371 0.4226190476190476 0.675561797752809
1 0.37976190476190474 0.8132022471910112 0.3761904761904762 0.8764044943820225 0.40595238095238095 0.8778089887640449 0.4119047619047619 0.8188202247191011