2 0.3130952380952381 0.49859550561797755 0.3630952380952381 0.6081460674157303 0.39166666666666666 0.5898876404494382 0.3476190476190476 0.4789325842696629
1 0.38571428571428573 0.6839887640449438 0.42142857142857143 0.7794943820224719 0.45476190476190476 0.7612359550561798 0.42023809523809524 0.6671348314606742
1 0.5321428571428571 0.6811797752808989 0.5226190476190476 0.7331460674157303 0.6214285714285714 0.7415730337078652 0.625 0.6924157303370787
1 0.4738095238095238 0.5365168539325843 0.4666666666666667 0.577247191011236 0.5571428571428572 0.6039325842696629 0.5678571428571428 0.5547752808988764
1 0.4511904761904762 0.4859550561797753 0.4511904761904762 0.5351123595505618 0.55 0.5351123595505618 0.55 0.4887640449438202
1 0.42023809523809524 0.41713483146067415 0.41904761904761906 0.4648876404494382 0.5047619047619047 0.47191011235955055 0.5095238095238095 0.4311797752808989
1 0.39880952380952384 0.3539325842696629 0.3869047619047619 0.39747191011235955 0.4797619047619048 0.4157303370786517 0.4928571428571429 0.37359550561797755
1 0.3678571428571429 0.29634831460674155 0.3630952380952381 0.3398876404494382 0.45714285714285713 0.351123595505618 0.46190476190476193 0.30337078651685395
1 0.34404761904761905 0.2401685393258427 0.34285714285714286 0.28370786516853935 0.43214285714285716 0.28370786516853935 0.43214285714285716 0.24297752808988765
1 0.25 0.37219101123595505 0.29642857142857143 0.46348314606741575 0.319047619047619 0.44662921348314605 0.2833333333333333 0.35252808988764045
1 0.14761904761904762 0.11938202247191011 0.19047619047619047 0.2148876404494382 0.225 0.20365168539325842 0.18928571428571428 0.10674157303370786
1 0.3202380952380952 0.18258426966292135 0.319047619047619 0.2247191011235955 0.4095238095238095 0.22893258426966293 0.40714285714285714 0.18398876404494383
1 0.30357142857142855 0.12359550561797752 0.305952380952381 0.16432584269662923 0.3976190476190476 0.16853932584269662 0.3964285714285714 0.12078651685393259
1 0.20595238095238094 0.25280898876404495 0.24642857142857144 0.33848314606741575 0.2773809523809524 0.32724719101123595 0.23452380952380952 0.23174157303370788