1 0.23452380952380952 0.10955056179775281 0.2571428571428571 0.16573033707865167 0.2892857142857143 0.15168539325842698 0.26666666666666666 0.0898876404494382
1 0.2642857142857143 0.18258426966292135 0.29523809523809524 0.2640449438202247 0.32261904761904764 0.24578651685393257 0.29404761904761906 0.16573033707865167
1 0.36547619047619045 0.17275280898876405 0.42738095238095236 0.13342696629213482 0.4095238095238095 0.10393258426966293 0.34523809523809523 0.14185393258426968
4 0.3821428571428571 0.21769662921348315 0.44761904761904764 0.18258426966292135 0.43333333333333335 0.14606741573033707 0.36666666666666664 0.1853932584269663
1 0.3952380952380952 0.2556179775280899 0.44642857142857145 0.22893258426966293 0.4369047619047619 0.19382022471910113 0.38095238095238093 0.22612359550561797
1 0.40714285714285714 0.3061797752808989 0.49047619047619045 0.3160112359550562 0.49642857142857144 0.273876404494382 0.4142857142857143 0.2640449438202247
1 0.475 0.45365168539325845 0.5535714285714286 0.43258426966292135 0.5476190476190477 0.3946629213483146 0.4666666666666667 0.41713483146067415
1 0.5 0.5140449438202247 0.5738095238095238 0.48174157303370785 0.5630952380952381 0.4452247191011236 0.4857142857142857 0.4789325842696629
1 0.5416666666666666 0.5912921348314607 0.6059523809523809 0.547752808988764 0.5880952380952381 0.5168539325842697 0.5226190476190476 0.5589887640449438
1 0.5654761904761905 0.6292134831460674 0.6238095238095238 0.5842696629213483 0.6059523809523809 0.5519662921348315 0.55 0.601123595505618
1 0.5654761904761905 0.6797752808988764 0.6333333333333333 0.6390449438202247 0.6178571428571429 0.6067415730337079 0.55 0.6474719101123596
1 0.5892857142857143 0.7176966292134831 0.655952380952381 0.672752808988764 0.6416666666666667 0.6362359550561798 0.5738095238095238 0.6867977528089888
1 0.6142857142857143 0.7752808988764045 0.6833333333333333 0.7205056179775281 0.6595238095238095 0.6853932584269663 0.594047619047619 0.7429775280898876
1 0.36904761904761907 0.6502808988764045 0.4452380952380952 0.6123595505617978 0.430952380952381 0.5730337078651685 0.35595238095238096 0.6193820224719101
1 0.39285714285714285 0.6924157303370787 0.46190476190476193 0.6502808988764045 0.4452380952380952 0.6165730337078652 0.3773809523809524 0.6629213483146067
1 0.4119047619047619 0.7373595505617978 0.48333333333333334 0.6952247191011236 0.4666666666666667 0.6587078651685393 0.3964285714285714 0.7008426966292135
1 0.43333333333333335 0.7907303370786517 0.5083333333333333 0.7373595505617978 0.4869047619047619 0.7008426966292135 0.4154761904761905 0.75
1 0.2011904761904762 0.7148876404494382 0.23214285714285715 0.797752808988764 0.26666666666666666 0.7794943820224719 0.23452380952380952 0.6952247191011236
1 0.45 0.824438202247191 0.5238095238095238 0.7808988764044944 0.5059523809523809 0.7443820224719101 0.4357142857142857 0.7851123595505618
1 0.475 0.8609550561797753 0.5476190476190477 0.8146067415730337 0.5285714285714286 0.776685393258427 0.45476190476190476 0.8300561797752809
1 0.5464285714285714 0.8286516853932584 0.4797619047619048 0.8693820224719101 0.4928571428571429 0.8974719101123596 0.5595238095238095 0.8665730337078652
1 0.6892857142857143 0.45365168539325845 0.6440476190476191 0.5365168539325843 0.6154761904761905 0.5168539325842697 0.6595238095238095 0.4410112359550562
1 0.725 0.425561797752809 0.7130952380952381 0.5070224719101124 0.7488095238095238 0.5098314606741573 0.7595238095238095 0.42696629213483145
1 0.594047619047619 0.4747191011235955 0.6654761904761904 0.4396067415730337 0.65 0.4044943820224719 0.5785714285714286 0.4353932584269663
1 0.5761904761904761 0.425561797752809 0.6488095238095238 0.4044943820224719 0.6404761904761904 0.3651685393258427 0.569047619047619 0.3848314606741573
1 0.6928571428571428 0.21207865168539325 0.7309523809523809 0.2851123595505618 0.7619047619047619 0.25842696629213485 0.7226190476190476 0.19241573033707865
1 0.6773809523809524 0.2612359550561798 0.7071428571428572 0.34129213483146065 0.736904761904762 0.32724719101123595 0.7083333333333334 0.25
1 0.7321428571428571 0.29213483146067415 0.7666666666666667 0.34831460674157305 0.7916666666666666 0.32724719101123595 0.7559523809523809 0.26685393258426965
1 0.7976190476190477 0.24297752808988765 0.7964285714285714 0.33286516853932585 0.8380952380952381 0.33707865168539325 0.8321428571428572 0.2401685393258427
1 0.8380952380952381 0.2598314606741573 0.8738095238095238 0.3300561797752809 0.8976190476190476 0.300561797752809 0.8642857142857143 0.23595505617977527
4 0.7988095238095239 0.43258426966292135 0.8690476190476191 0.4297752808988764 0.8702380952380953 0.3904494382022472 0.7964285714285714 0.39185393258426965