2 0.575 0.3848314606741573 0.4654761904761905 0.2991573033707865 0.44642857142857145 0.31741573033707865 0.5464285714285714 0.40730337078651685
2 0.544047619047619 0.398876404494382 0.4380952380952381 0.3160112359550562 0.4095238095238095 0.33848314606741575 0.5154761904761904 0.42837078651685395
2 0.48333333333333334 0.40308988764044945 0.4107142857142857 0.3398876404494382 0.3892857142857143 0.35674157303370785 0.46190476190476193 0.4241573033707865
2 0.48928571428571427 0.4550561797752809 0.38571428571428573 0.3539325842696629 0.3678571428571429 0.37359550561797755 0.4654761904761905 0.47331460674157305
2 0.4630952380952381 0.4691011235955056 0.36428571428571427 0.375 0.3404761904761905 0.3946629213483146 0.4380952380952381 0.49859550561797755
2 0.4369047619047619 0.4957865168539326 0.3333333333333333 0.39325842696629215 0.30952380952380953 0.4157303370786517 0.4107142857142857 0.5168539325842697
2 0.4107142857142857 0.5140449438202247 0.3047619047619048 0.4143258426966292 0.2845238095238095 0.43679775280898875 0.38452380952380955 0.5393258426966292
2 0.7476190476190476 0.5182584269662921 0.6416666666666667 0.41713483146067415 0.6202380952380953 0.43679775280898875 0.7273809523809524 0.5463483146067416
2 0.725 0.5407303370786517 0.6095238095238096 0.4353932584269663 0.5869047619047619 0.46348314606741575 0.6988095238095238 0.5660112359550562
2 0.6976190476190476 0.5688202247191011 0.580952380952381 0.46207865168539325 0.5607142857142857 0.4845505617977528 0.6714285714285714 0.5912921348314607
2 0.6654761904761904 0.5898876404494382 0.55 0.4859550561797753 0.5321428571428571 0.5098314606741573 0.6452380952380953 0.6123595505617978
2 0.6440476190476191 0.6165730337078652 0.5238095238095238 0.5112359550561798 0.5047619047619047 0.5337078651685393 0.6202380952380953 0.6432584269662921
2 0.611904761904762 0.6390449438202247 0.5 0.5365168539325843 0.4738095238095238 0.5603932584269663 0.5904761904761905 0.6685393258426966
2 0.25952380952380955 0.7457865168539326 0.27976190476190477 0.7668539325842697 0.18214285714285713 0.8455056179775281 0.16785714285714284 0.8216292134831461
2 0.2392857142857143 0.7205056179775281 0.2619047619047619 0.7415730337078652 0.1595238095238095 0.824438202247191 0.14166666666666666 0.797752808988764
2 0.2357142857142857 0.675561797752809 0.25476190476190474 0.7008426966292135 0.15 0.7865168539325843 0.13095238095238096 0.7626404494382022
2 0.2011904761904762 0.651685393258427 0.21904761904761905 0.6713483146067416 0.12142857142857143 0.7514044943820225 0.10595238095238095 0.7191011235955056
2 0.24166666666666667 0.5224719101123596 0.2 0.4803370786516854 0.18452380952380953 0.4957865168539326 0.22380952380952382 0.5407303370786517
1 0.4357142857142857 0.8019662921348315 0.46190476190476193 0.776685393258427 0.4452380952380952 0.7626404494382022 0.42023809523809524 0.7893258426966292
1 0.7 0.8258426966292135 0.7178571428571429 0.8089887640449438 0.6619047619047619 0.7696629213483146 0.6511904761904762 0.7851123595505618
1 0.6869047619047619 0.7471910112359551 0.7333333333333333 0.7808988764044944 0.7226190476190476 0.7991573033707865 0.6726190476190477 0.7640449438202247
1 0.8273809523809523 0.6966292134831461 0.8333333333333334 0.6797752808988764 0.8011904761904762 0.6558988764044944 0.7892857142857143 0.672752808988764
1 0.8654761904761905 0.6671348314606742 0.819047619047619 0.6320224719101124 0.8119047619047619 0.6460674157303371 0.8523809523809524 0.6811797752808989
1 0.8571428571428571 0.6067415730337079 0.8547619047619047 0.6264044943820225 0.8964285714285715 0.6348314606741573 0.8964285714285715 0.6109550561797753