1 0.15476190476190477 0.22612359550561797 0.20238095238095238 0.1797752808988764 0.18333333333333332 0.15308988764044945 0.1380952380952381 0.199438202247191
1 0.4119047619047619 0.19803370786516855 0.4583333333333333 0.15308988764044945 0.4392857142857143 0.12921348314606743 0.3952380952380952 0.16853932584269662
1 0.3523809523809524 0.24297752808988765 0.40476190476190477 0.199438202247191 0.38452380952380955 0.175561797752809 0.3345238095238095 0.21348314606741572
1 0.2714285714285714 0.3160112359550562 0.31666666666666665 0.2710674157303371 0.29642857142857143 0.24578651685393257 0.2511904761904762 0.28792134831460675
1 0.1880952380952381 0.3806179775280899 0.24404761904761904 0.3356741573033708 0.22380952380952382 0.30196629213483145 0.17023809523809524 0.34691011235955055
1 0.12023809523809524 0.42837078651685395 0.18095238095238095 0.3848314606741573 0.1619047619047619 0.351123595505618 0.10595238095238095 0.3946629213483146
1 0.5321428571428571 0.19101123595505617 0.5880952380952381 0.24578651685393257 0.6071428571428571 0.2247191011235955 0.5583333333333333 0.1699438202247191
1 0.6392857142857142 0.17696629213483145 0.6821428571428572 0.13202247191011235 0.6595238095238095 0.10674157303370786 0.6154761904761905 0.1544943820224719
1 0.6595238095238095 0.20926966292134833 0.7107142857142857 0.15870786516853932 0.6904761904761905 0.13342696629213482 0.6392857142857142 0.18258426966292135
1 0.6869047619047619 0.2303370786516854 0.736904761904762 0.18117977528089887 0.7154761904761905 0.15308988764044945 0.6630952380952381 0.20646067415730338
1 0.7440476190476191 0.18258426966292135 0.7869047619047619 0.13623595505617977 0.7666666666666667 0.11235955056179775 0.7202380952380952 0.1544943820224719
1 0.7785714285714286 0.20224719101123595 0.825 0.15308988764044945 0.8011904761904762 0.12640449438202248 0.7535714285714286 0.17696629213483145
1 0.7166666666666667 0.2542134831460674 0.7690476190476191 0.19662921348314608 0.7488095238095238 0.17415730337078653 0.694047619047619 0.22893258426966293
1 0.7428571428571429 0.28230337078651685 0.7988095238095239 0.2247191011235955 0.7738095238095238 0.1952247191011236 0.719047619047619 0.2542134831460674
1 0.8011904761904762 0.22752808988764045 0.8571428571428571 0.1699438202247191 0.8333333333333334 0.14185393258426968 0.7785714285714286 0.19803370786516855
1 0.7726190476190476 0.3089887640449438 0.8273809523809523 0.25842696629213485 0.805952380952381 0.2303370786516854 0.7511904761904762 0.28651685393258425
1 0.8773809523809524 0.2050561797752809 0.8285714285714286 0.2598314606741573 0.805952380952381 0.22893258426966293 0.8559523809523809 0.18117977528089887
1 0.8 0.3398876404494382 0.8511904761904762 0.28370786516853935 0.8297619047619048 0.25842696629213485 0.7761904761904762 0.3146067415730337
1 0.8595238095238096 0.28792134831460675 0.905952380952381 0.2443820224719101 0.8833333333333333 0.21348314606741572 0.8357142857142857 0.2612359550561798
1 0.8238095238095238 0.37780898876404495 0.8821428571428571 0.3188202247191011 0.8571428571428571 0.2893258426966292 0.8023809523809524 0.3497191011235955
1 0.8559523809523809 0.40308988764044945 0.9071428571428571 0.34691011235955055 0.8833333333333333 0.32162921348314605 0.8297619047619048 0.3792134831460674
1 0.4857142857142857 0.25140449438202245 0.5380952380952381 0.2050561797752809 0.5154761904761904 0.17837078651685392 0.4642857142857143 0.22612359550561797
1 0.5059523809523809 0.2794943820224719 0.5583333333333333 0.23595505617977527 0.5357142857142857 0.2050561797752809 0.48214285714285715 0.25280898876404495
1 0.5321428571428571 0.3047752808988764 0.5833333333333334 0.2598314606741573 0.5583333333333333 0.23174157303370788 0.5095238095238095 0.2794943820224719
1 0.555952380952381 0.3356741573033708 0.6083333333333333 0.2893258426966292 0.5857142857142857 0.2612359550561798 0.5333333333333333 0.3061797752808989
1 0.5857142857142857 0.3595505617977528 0.6357142857142857 0.31179775280898875 0.6107142857142858 0.2851123595505618 0.5583333333333333 0.33286516853932585
1 0.6095238095238096 0.39185393258426965 0.6571428571428571 0.3441011235955056 0.6345238095238095 0.31741573033707865 0.5857142857142857 0.3651685393258427
1 0.6392857142857142 0.4157303370786517 0.6892857142857143 0.3651685393258427 0.6630952380952381 0.33707865168539325 0.6154761904761905 0.39185393258426965
1 0.6702380952380952 0.44662921348314605 0.719047619047619 0.3946629213483146 0.694047619047619 0.36657303370786515 0.6452380952380953 0.41853932584269665
1 0.6892857142857143 0.4901685393258427 0.6404761904761904 0.5463483146067416 0.6154761904761905 0.5210674157303371 0.6630952380952381 0.4648876404494382
1 0.6607142857142857 0.45786516853932585 0.6059523809523809 0.5126404494382022 0.580952380952381 0.4859550561797753 0.6369047619047619 0.4297752808988764
1 0.6130952380952381 0.39747191011235955 0.5619047619047619 0.44803370786516855 0.5821428571428572 0.476123595505618 0.6357142857142857 0.425561797752809
1 0.580952380952381 0.3693820224719101 0.5321428571428571 0.42275280898876405 0.5547619047619048 0.44803370786516855 0.6035714285714285 0.398876404494382
1 0.575 0.36657303370786515 0.5226190476190476 0.4199438202247191 0.4988095238095238 0.3946629213483146 0.5535714285714286 0.34269662921348315
1 0.5285714285714286 0.3146067415730337 0.4773809523809524 0.3609550561797753 0.4976190476190476 0.3848314606741573 0.55 0.33848314606741575
1 0.4726190476190476 0.3637640449438202 0.5226190476190476 0.3146067415730337 0.5011904761904762 0.28651685393258425 0.44761904761904764 0.33286516853932585
1 0.475 0.2542134831460674 0.42142857142857143 0.30337078651685395 0.444047619047619 0.33146067415730335 0.4988095238095238 0.2851123595505618
1 0.45476190476190476 0.22612359550561797 0.3976190476190476 0.26825842696629215 0.42142857142857143 0.300561797752809 0.475 0.2542134831460674
1 0.3619047619047619 0.3609550561797753 0.41785714285714287 0.31179775280898875 0.3952380952380952 0.2851123595505618 0.3404761904761905 0.3356741573033708
1 0.38333333333333336 0.3862359550561798 0.4380952380952381 0.33707865168539325 0.41904761904761906 0.3103932584269663 0.3619047619047619 0.35674157303370785
1 0.4119047619047619 0.4157303370786517 0.46190476190476193 0.36657303370786515 0.44047619047619047 0.34269662921348315 0.3880952380952381 0.39185393258426965
1 0.43333333333333335 0.4410112359550562 0.4857142857142857 0.3946629213483146 0.4642857142857143 0.36657303370786515 0.4142857142857143 0.4157303370786517
1 0.46190476190476193 0.47191011235955055 0.513095238095238 0.42275280898876405 0.49047619047619045 0.39325842696629215 0.4380952380952381 0.4452247191011236
1 0.49523809523809526 0.5 0.5464285714285714 0.4438202247191011 0.5214285714285715 0.4157303370786517 0.47023809523809523 0.47191011235955055
1 0.5178571428571429 0.5294943820224719 0.569047619047619 0.476123595505618 0.5464285714285714 0.4452247191011236 0.49404761904761907 0.5028089887640449
1 0.5428571428571428 0.5632022471910112 0.5964285714285714 0.5098314606741573 0.5714285714285714 0.4789325842696629 0.5178571428571429 0.5351123595505618
1 0.5678571428571428 0.5969101123595506 0.6226190476190476 0.5407303370786517 0.6 0.5112359550561798 0.544047619047619 0.5660112359550562
1 0.3 0.40870786516853935 0.35833333333333334 0.3651685393258427 0.3380952380952381 0.33146067415730335 0.27976190476190477 0.37780898876404495
1 0.3261904761904762 0.4410112359550562 0.38333333333333336 0.3890449438202247 0.3607142857142857 0.35674157303370785 0.30357142857142855 0.41151685393258425
1 0.3523809523809524 0.4691011235955056 0.40714285714285714 0.4157303370786517 0.38095238095238093 0.3862359550561798 0.32857142857142857 0.4396067415730337
1 0.3726190476190476 0.49859550561797755 0.42738095238095236 0.44803370786516855 0.40714285714285714 0.4157303370786517 0.35119047619047616 0.4691011235955056
1 0.3976190476190476 0.5280898876404494 0.45476190476190476 0.47752808988764045 0.4297619047619048 0.4438202247191011 0.3761904761904762 0.49859550561797755
1 0.41904761904761906 0.5632022471910112 0.47619047619047616 0.5126404494382022 0.45357142857142857 0.48174157303370785 0.39880952380952384 0.5308988764044944
1 0.4511904761904762 0.5926966292134831 0.5023809523809524 0.5421348314606742 0.48095238095238096 0.5112359550561798 0.42738095238095236 0.5660112359550562
1 0.4785714285714286 0.6221910112359551 0.5321428571428571 0.5688202247191011 0.5119047619047619 0.5393258426966292 0.45476190476190476 0.5912921348314607
1 0.5083333333333333 0.6544943820224719 0.5619047619047619 0.5997191011235955 0.5392857142857143 0.5674157303370787 0.4845238095238095 0.6264044943820225
1 0.5345238095238095 0.6896067415730337 0.5904761904761905 0.6334269662921348 0.5642857142857143 0.6039325842696629 0.513095238095238 0.6601123595505618
1 0.5654761904761905 0.7176966292134831 0.6190476190476191 0.6643258426966292 0.594047619047619 0.6320224719101124 0.5404761904761904 0.6952247191011236
1 0.594047619047619 0.75 0.65 0.6938202247191011 0.6238095238095238 0.6629213483146067 0.569047619047619 0.723314606741573
1 0.6821428571428572 0.726123595505618 0.6273809523809524 0.7851123595505618 0.6 0.7584269662921348 0.655952380952381 0.6980337078651685
1 0.7107142857142857 0.7598314606741573 0.6535714285714286 0.8230337078651685 0.6297619047619047 0.7893258426966292 0.6857142857142857 0.7317415730337079
1 0.7488095238095238 0.8033707865168539 0.7 0.8679775280898876 0.7345238095238096 0.8904494382022472 0.7785714285714286 0.8328651685393258
1 0.2369047619047619 0.46348314606741575 0.29285714285714287 0.4143258426966292 0.2726190476190476 0.3848314606741573 0.21785714285714286 0.4339887640449438
1 0.2630952380952381 0.4901685393258427 0.325 0.4410112359550562 0.3047619047619048 0.41151685393258425 0.24404761904761904 0.46207865168539325
1 0.28809523809523807 0.5182584269662921 0.34404761904761905 0.47191011235955055 0.325 0.4410112359550562 0.26666666666666666 0.4901685393258427
1 0.3119047619047619 0.5533707865168539 0.36904761904761907 0.5042134831460674 0.3476190476190476 0.4691011235955056 0.28809523809523807 0.5182584269662921
1 0.3345238095238095 0.5800561797752809 0.39285714285714285 0.5294943820224719 0.37142857142857144 0.49859550561797755 0.3119047619047619 0.5491573033707865
1 0.3595238095238095 0.6165730337078652 0.4154761904761905 0.5660112359550562 0.39285714285714285 0.5351123595505618 0.3357142857142857 0.5856741573033708
1 0.3892857142857143 0.6544943820224719 0.444047619047619 0.5912921348314607 0.42023809523809524 0.5632022471910112 0.36547619047619045 0.625
1 0.41904761904761906 0.6825842696629213 0.4738095238095238 0.6235955056179775 0.45 0.598314606741573 0.3964285714285714 0.6544943820224719
1 0.44761904761904764 0.7148876404494382 0.5023809523809524 0.6544943820224719 0.4785714285714286 0.6264044943820225 0.42023809523809524 0.6839887640449438
1 0.47619047619047616 0.7457865168539326 0.5333333333333333 0.6938202247191011 0.5083333333333333 0.6587078651685393 0.4511904761904762 0.7176966292134831
1 0.5321428571428571 0.8132022471910112 0.5916666666666667 0.7528089887640449 0.5642857142857143 0.7191011235955056 0.5059523809523809 0.7851123595505618
1 0.5583333333333333 0.8497191011235955 0.6238095238095238 0.7907303370786517 0.5976190476190476 0.7556179775280899 0.5369047619047619 0.8160112359550562
1 0.5916666666666667 0.8904494382022472 0.655952380952381 0.824438202247191 0.625 0.7907303370786517 0.5630952380952381 0.8609550561797753
1 0.7285714285714285 0.5056179775280899 0.780952380952381 0.45224719101123595 0.7571428571428571 0.42134831460674155 0.7011904761904761 0.4747191011235955
1 0.7583333333333333 0.5463483146067416 0.8142857142857143 0.4887640449438202 0.7869047619047619 0.4550561797752809 0.7321428571428571 0.5168539325842697
1 0.6928571428571428 0.6095505617977528 0.7464285714285714 0.5547752808988764 0.719047619047619 0.5224719101123596 0.669047619047619 0.5814606741573034
1 0.6273809523809524 0.6573033707865169 0.6797619047619048 0.5997191011235955 0.655952380952381 0.5688202247191011 0.6011904761904762 0.6264044943820225
1 0.6571428571428571 0.6896067415730337 0.7095238095238096 0.6306179775280899 0.6833333333333333 0.598314606741573 0.6309523809523809 0.6587078651685393
1 0.6869047619047619 0.7176966292134831 0.7404761904761905 0.6601123595505618 0.719047619047619 0.6292134831460674 0.6630952380952381 0.6938202247191011
1 0.7178571428571429 0.7556179775280899 0.7690476190476191 0.6938202247191011 0.7416666666666667 0.6657303370786517 0.6904761904761905 0.7289325842696629
1 0.7511904761904762 0.7907303370786517 0.8047619047619048 0.7247191011235955 0.7738095238095238 0.6966292134831461 0.7226190476190476 0.7598314606741573
1 0.7821428571428571 0.827247191011236 0.8369047619047619 0.7626404494382022 0.8083333333333333 0.7345505617977528 0.7559523809523809 0.800561797752809
1 0.8726190476190476 0.800561797752809 0.8178571428571428 0.8637640449438202 0.7904761904761904 0.8342696629213483 0.844047619047619 0.7724719101123596
1 0.8976190476190476 0.8370786516853933 0.8607142857142858 0.8932584269662921 0.830952380952381 0.8693820224719101 0.8726190476190476 0.8132022471910112
1 0.8726190476190476 0.7879213483146067 0.925 0.7345505617977528 0.9011904761904762 0.7008426966292135 0.844047619047619 0.7542134831460674
1 0.7821428571428571 0.5828651685393258 0.7285714285714285 0.6376404494382022 0.7047619047619048 0.6123595505617978 0.7595238095238095 0.5547752808988764
1 0.8178571428571428 0.6235955056179775 0.7642857142857142 0.6839887640449438 0.7345238095238096 0.6558988764044944 0.7880952380952381 0.5955056179775281
1 0.8511904761904762 0.6558988764044944 0.7976190476190477 0.7078651685393258 0.7726190476190476 0.6797752808988764 0.8297619047619048 0.6264044943820225
1 0.8428571428571429 0.5252808988764045 0.7904761904761904 0.577247191011236 0.7666666666666667 0.547752808988764 0.8202380952380952 0.4957865168539326
1 0.8238095238095238 0.6137640449438202 0.8773809523809524 0.5617977528089888 0.8523809523809524 0.5294943820224719 0.8 0.5870786516853933
1 0.8571428571428571 0.651685393258427 0.9071428571428571 0.5955056179775281 0.8797619047619047 0.5646067415730337 0.8297619047619048 0.6235955056179775
1 0.18095238095238095 0.46629213483146065 0.2226190476190476 0.5224719101123596 0.25 0.49859550561797755 0.20476190476190476 0.4410112359550562
1 0.22857142857142856 0.5210674157303371 0.2761904761904762 0.5786516853932584 0.3 0.5547752808988764 0.25476190476190474 0.49297752808988765
1 0.1130952380952381 0.5632022471910112 0.18095238095238095 0.5070224719101124 0.1595238095238095 0.4747191011235955 0.09523809523809523 0.523876404494382
1 0.15357142857142858 0.5955056179775281 0.21666666666666667 0.547752808988764 0.19285714285714287 0.5140449438202247 0.13214285714285715 0.5632022471910112
1 0.1773809523809524 0.6334269662921348 0.24404761904761904 0.5786516853932584 0.22142857142857142 0.5463483146067416 0.15714285714285714 0.5941011235955056
1 0.20833333333333334 0.6629213483146067 0.26904761904761904 0.6081460674157303 0.24642857142857144 0.5716292134831461 0.18571428571428572 0.6306179775280899
1 0.09047619047619047 0.6474719101123596 0.14761904761904762 0.6025280898876404 0.12738095238095237 0.5688202247191011 0.07142857142857142 0.6165730337078652
1 0.10595238095238095 0.6896067415730337 0.17142857142857143 0.6306179775280899 0.15119047619047618 0.601123595505618 0.09047619047619047 0.6544943820224719
1 0.13095238095238096 0.7191011235955056 0.2011904761904762 0.6629213483146067 0.1773809523809524 0.6264044943820225 0.1130952380952381 0.6867977528089888
1 0.20476190476190476 0.7162921348314607 0.13690476190476192 0.7752808988764045 0.11785714285714285 0.7429775280898876 0.18333333333333332 0.6867977528089888
1 0.23452380952380952 0.75 0.16547619047619047 0.8061797752808989 0.14404761904761904 0.7724719101123596 0.20714285714285716 0.7120786516853933
1 0.1 0.8651685393258427 0.16428571428571428 0.8117977528089888 0.1392857142857143 0.7752808988764045 0.0761904761904762 0.8314606741573034
1 0.11904761904761904 0.9044943820224719 0.1880952380952381 0.8455056179775281 0.1630952380952381 0.8160112359550562 0.1 0.8735955056179775
1 0.19047619047619047 0.8426966292134831 0.25476190476190474 0.7780898876404494 0.23214285714285715 0.7429775280898876 0.16785714285714284 0.8103932584269663
1 0.2130952380952381 0.8721910112359551 0.2785714285714286 0.8132022471910112 0.25476190476190474 0.776685393258427 0.18928571428571428 0.8426966292134831
1 0.305952380952381 0.8469101123595506 0.24523809523809523 0.9002808988764045 0.22380952380952382 0.8693820224719101 0.28214285714285714 0.8132022471910112
1 0.30238095238095236 0.6825842696629213 0.2357142857142857 0.7457865168539326 0.2119047619047619 0.7106741573033708 0.2761904761904762 0.651685393258427
1 0.3202380952380952 0.7148876404494382 0.25952380952380955 0.7752808988764045 0.23452380952380952 0.7429775280898876 0.3 0.6867977528089888
1 0.34404761904761905 0.7542134831460674 0.27976190476190477 0.8103932584269663 0.25595238095238093 0.7752808988764045 0.3238095238095238 0.7191011235955056
1 0.3678571428571429 0.7794943820224719 0.30714285714285716 0.8398876404494382 0.2857142857142857 0.8117977528089888 0.34523809523809523 0.7528089887640449
1 0.3952380952380952 0.8146067415730337 0.33095238095238094 0.8764044943820225 0.305952380952381 0.851123595505618 0.37142857142857144 0.7808988764044944
1 0.41904761904761906 0.8441011235955056 0.37023809523809526 0.9044943820224719 0.3416666666666667 0.8764044943820225 0.39166666666666666 0.8146067415730337