1 0.7595238095238095 0.19101123595505617 0.8178571428571428 0.24578651685393257 0.8416666666666667 0.2148876404494382 0.7833333333333333 0.16292134831460675
1 0.4226190476190476 0.4957865168539326 0.4452380952380952 0.5168539325842697 0.4880952380952381 0.4606741573033708 0.4666666666666667 0.4396067415730337
1 0.375 0.425561797752809 0.39404761904761904 0.44662921348314605 0.4380952380952381 0.3904494382022472 0.41904761904761906 0.3693820224719101
1 0.34523809523809523 0.39747191011235955 0.3678571428571429 0.4199438202247191 0.4166666666666667 0.36235955056179775 0.39404761904761904 0.34129213483146065
1 0.3202380952380952 0.37219101123595505 0.3416666666666667 0.3946629213483146 0.3892857142857143 0.33707865168539325 0.3678571428571429 0.3146067415730337
1 0.29642857142857143 0.34831460674157305 0.319047619047619 0.36797752808988765 0.3607142857142857 0.3103932584269663 0.3392857142857143 0.29213483146067415
1 0.26785714285714285 0.3202247191011236 0.2904761904761905 0.3441011235955056 0.3392857142857143 0.28370786516853935 0.31547619047619047 0.2612359550561798
1 0.24761904761904763 0.29213483146067415 0.26904761904761904 0.31320224719101125 0.3119047619047619 0.26264044943820225 0.2904761904761905 0.23876404494382023
1 0.2226190476190476 0.2710674157303371 0.24404761904761904 0.2907303370786517 0.28809523809523807 0.23595505617977527 0.26785714285714285 0.2148876404494382
1 0.1988095238095238 0.23174157303370788 0.22142857142857142 0.25280898876404495 0.2619047619047619 0.20786516853932585 0.23809523809523808 0.1853932584269663
4 0.6738095238095239 0.6882022471910112 0.7440476190476191 0.7626404494382022 0.7702380952380953 0.7303370786516854 0.6976190476190476 0.6587078651685393
4 0.6357142857142857 0.7682584269662921 0.6904761904761905 0.827247191011236 0.7119047619047619 0.8061797752808989 0.6547619047619048 0.7457865168539326