4 0.694047619047619 0.45224719101123595 0.6976190476190476 0.5308988764044944 0.7273809523809524 0.5294943820224719 0.7214285714285714 0.44662921348314605
4 0.7011904761904761 0.5365168539325843 0.6916666666666667 0.6235955056179775 0.7202380952380952 0.6278089887640449 0.7285714285714285 0.5421348314606742
4 0.5357142857142857 0.199438202247191 0.5452380952380952 0.12078651685393259 0.5773809523809523 0.12359550561797752 0.5702380952380952 0.20646067415730338
4 0.5154761904761904 0.5365168539325843 0.5095238095238095 0.6207865168539326 0.5380952380952381 0.6207865168539326 0.5428571428571428 0.5393258426966292
4 0.5 0.651685393258427 0.49047619047619045 0.7542134831460674 0.5238095238095238 0.7542134831460674 0.5285714285714286 0.6558988764044944
4 0.2654761904761905 0.2401685393258427 0.2523809523809524 0.28370786516853935 0.33690476190476193 0.300561797752809 0.3476190476190476 0.2640449438202247
4 0.175 0.4550561797752809 0.10952380952380952 0.4452247191011236 0.10476190476190476 0.476123595505618 0.175 0.4887640449438202
4 0.17023809523809524 0.4859550561797753 0.16547619047619047 0.523876404494382 0.09523809523809523 0.5154494382022472 0.09761904761904762 0.476123595505618
3 0.15833333333333333 0.523876404494382 0.09166666666666666 0.6053370786516854 0.12738095238095237 0.6278089887640449 0.19047619047619047 0.5463483146067416
1 0.12976190476190477 0.15589887640449437 0.11904761904761904 0.18820224719101122 0.19047619047619047 0.21629213483146068 0.2 0.18117977528089887
1 0.18452380952380953 0.21629213483146068 0.1869047619047619 0.25 0.1130952380952381 0.26264044943820225 0.11071428571428571 0.22331460674157302
1 0.20238095238095238 0.37640449438202245 0.1880952380952381 0.41713483146067415 0.11904761904761904 0.3848314606741573 0.13095238095238096 0.34831460674157305
1 0.19404761904761905 0.42134831460674155 0.17857142857142858 0.4550561797752809 0.10595238095238095 0.425561797752809 0.11904761904761904 0.3890449438202247
1 0.2845238095238095 0.13904494382022473 0.2773809523809524 0.17275280898876405 0.3547619047619048 0.18117977528089887 0.3630952380952381 0.14185393258426968
1 0.27976190476190477 0.17696629213483145 0.275 0.21348314606741572 0.3488095238095238 0.21629213483146068 0.35119047619047616 0.1797752808988764
1 0.2714285714285714 0.21207865168539325 0.26904761904761904 0.25140449438202245 0.3464285714285714 0.25842696629213485 0.34523809523809523 0.2205056179775281
1 0.25952380952380955 0.300561797752809 0.25595238095238093 0.33848314606741575 0.32976190476190476 0.34129213483146065 0.3357142857142857 0.30337078651685395
1 0.24523809523809523 0.351123595505618 0.2488095238095238 0.3848314606741573 0.3238095238095238 0.38202247191011235 0.32142857142857145 0.34269662921348315
1 0.23809523809523808 0.5294943820224719 0.22976190476190475 0.5730337078651685 0.30952380952380953 0.5842696629213483 0.31666666666666665 0.5449438202247191
1 0.22380952380952382 0.5730337078651685 0.22023809523809523 0.6053370786516854 0.2892857142857143 0.6165730337078652 0.2916666666666667 0.5814606741573034
1 0.2119047619047619 0.6039325842696629 0.19166666666666668 0.648876404494382 0.2702380952380952 0.6671348314606742 0.2857142857142857 0.6376404494382022
1 0.19404761904761905 0.6699438202247191 0.19404761904761905 0.7064606741573034 0.27976190476190477 0.7078651685393258 0.27976190476190477 0.6713483146067416
1 0.1880952380952381 0.723314606741573 0.1880952380952381 0.7626404494382022 0.2714285714285714 0.7640449438202247 0.2726190476190476 0.7219101123595506
1 0.1380952380952381 0.7092696629213483 0.12142857142857143 0.8033707865168539 0.15476190476190477 0.8047752808988764 0.17261904761904762 0.7120786516853933
1 0.18214285714285713 0.7682584269662921 0.1738095238095238 0.8019662921348315 0.25595238095238093 0.8314606741573034 0.26785714285714285 0.7823033707865169
1 0.1488095238095238 0.8455056179775281 0.1488095238095238 0.8792134831460674 0.2523809523809524 0.8820224719101124 0.2523809523809524 0.8469101123595506
1 0.4107142857142857 0.17134831460674158 0.4452380952380952 0.17275280898876405 0.4523809523809524 0.11235955056179775 0.42023809523809524 0.11095505617977527
1 0.4107142857142857 0.18398876404494383 0.4023809523809524 0.2640449438202247 0.43333333333333335 0.26685393258426965 0.44285714285714284 0.1853932584269663
1 0.4 0.2808988764044944 0.3904761904761905 0.36797752808988765 0.4238095238095238 0.36797752808988765 0.43214285714285716 0.28230337078651685
1 0.3869047619047619 0.37219101123595505 0.38333333333333336 0.4550561797752809 0.4107142857142857 0.4550561797752809 0.4154761904761905 0.37219101123595505
1 0.4357142857142857 0.4297752808988764 0.4261904761904762 0.5182584269662921 0.45357142857142857 0.5210674157303371 0.46190476190476193 0.43258426966292135
1 0.3619047619047619 0.5997191011235955 0.3547619047619048 0.7036516853932584 0.38333333333333336 0.7008426966292135 0.3904761904761905 0.6039325842696629
1 0.34404761904761905 0.7219101123595506 0.3333333333333333 0.8160112359550562 0.36666666666666664 0.8202247191011236 0.375 0.726123595505618
1 0.5345238095238095 0.21207865168539325 0.530952380952381 0.2949438202247191 0.5595238095238095 0.2991573033707865 0.5654761904761905 0.21348314606741572
1 0.5214285714285715 0.3089887640449438 0.5214285714285715 0.3848314606741573 0.5488095238095239 0.38764044943820225 0.5571428571428572 0.3146067415730337
1 0.5178571428571429 0.4101123595505618 0.5154761904761904 0.48314606741573035 0.544047619047619 0.4845505617977528 0.5452380952380952 0.41292134831460675
1 0.4785714285714286 0.776685393258427 0.4797619047619048 0.8693820224719101 0.5178571428571429 0.8707865168539326 0.5142857142857142 0.7794943820224719
1 0.6011904761904762 0.15589887640449437 0.580952380952381 0.1797752808988764 0.638095238095238 0.2247191011235955 0.655952380952381 0.19662921348314608
1 0.5916666666666667 0.19241573033707865 0.5726190476190476 0.21910112359550563 0.6261904761904762 0.2640449438202247 0.65 0.23876404494382023
1 0.5892857142857143 0.2808988764044944 0.5714285714285714 0.3047752808988764 0.6309523809523809 0.34691011235955055 0.6464285714285715 0.31741573033707865
1 0.5964285714285714 0.33286516853932585 0.5761904761904761 0.351123595505618 0.6285714285714286 0.40870786516853935 0.6452380952380953 0.3792134831460674
1 0.580952380952381 0.4199438202247191 0.5595238095238095 0.4410112359550562 0.611904761904762 0.5042134831460674 0.6369047619047619 0.47752808988764045
1 0.5773809523809523 0.4803370786516854 0.5583333333333333 0.5014044943820225 0.6023809523809524 0.5603932584269663 0.6261904761904762 0.5351123595505618
1 0.5654761904761905 0.550561797752809 0.5476190476190477 0.577247191011236 0.6011904761904762 0.6235955056179775 0.6226190476190476 0.5955056179775281
1 0.5571428571428572 0.6039325842696629 0.5416666666666666 0.6376404494382022 0.6107142857142858 0.6839887640449438 0.6285714285714286 0.648876404494382
1 0.5714285714285714 0.6601123595505618 0.5523809523809524 0.6938202247191011 0.6107142857142858 0.7471910112359551 0.6309523809523809 0.7120786516853933
1 0.5714285714285714 0.7191011235955056 0.5488095238095239 0.7457865168539326 0.6059523809523809 0.8047752808988764 0.6261904761904762 0.7837078651685393
1 0.5630952380952381 0.7935393258426966 0.5345238095238095 0.8258426966292135 0.5857142857142857 0.8735955056179775 0.6154761904761905 0.8469101123595506
1 0.7 0.17134831460674158 0.7035714285714286 0.25280898876404495 0.7357142857142858 0.25140449438202245 0.7333333333333333 0.175561797752809
1 0.7011904761904761 0.2696629213483146 0.7 0.3455056179775281 0.7309523809523809 0.34691011235955055 0.7321428571428571 0.27247191011235955
1 0.7 0.3609550561797753 0.7 0.42696629213483145 0.7273809523809524 0.42837078651685395 0.7273809523809524 0.3595505617977528
1 0.6928571428571428 0.6601123595505618 0.694047619047619 0.7514044943820225 0.725 0.7514044943820225 0.7214285714285714 0.6643258426966292
1 0.6892857142857143 0.7823033707865169 0.6892857142857143 0.8721910112359551 0.7214285714285714 0.8721910112359551 0.7226190476190476 0.7837078651685393