1 0.719047619047619 0.8117977528089888 0.7988095238095239 0.8469101123595506 0.7833333333333333 0.8848314606741573 0.7083333333333334 0.8497191011235955
1 0.7345238095238096 0.7457865168539326 0.8071428571428572 0.7528089887640449 0.8095238095238095 0.7134831460674157 0.7345238095238096 0.7092696629213483
1 0.725 0.6713483146067416 0.7988095238095239 0.7050561797752809 0.8083333333333333 0.6657303370786517 0.736904761904762 0.6306179775280899
1 0.7392857142857143 0.6165730337078652 0.8166666666666667 0.6587078651685393 0.8273809523809523 0.6235955056179775 0.7535714285714286 0.5800561797752809
4 0.7785714285714286 0.547752808988764 0.85 0.574438202247191 0.8404761904761905 0.6137640449438202 0.7690476190476191 0.5842696629213483
1 0.7904761904761904 0.49297752808988765 0.8654761904761905 0.5182584269662921 0.8583333333333333 0.5575842696629213 0.7833333333333333 0.5351123595505618
1 0.7988095238095239 0.4396067415730337 0.8761904761904762 0.46769662921348315 0.8666666666666667 0.5070224719101124 0.7857142857142857 0.476123595505618
1 0.8130952380952381 0.3848314606741573 0.8904761904761904 0.41853932584269665 0.8833333333333333 0.45786516853932585 0.8023809523809524 0.42134831460674155
1 0.8511904761904762 0.33848314606741575 0.905952380952381 0.36657303370786515 0.8988095238095238 0.40308988764044945 0.8369047619047619 0.3693820224719101
1 0.2523809523809524 0.324438202247191 0.23095238095238096 0.4002808988764045 0.19642857142857142 0.3890449438202247 0.22142857142857142 0.31179775280898875
2 0.19642857142857142 0.4943820224719101 0.22857142857142856 0.4044943820224719 0.18928571428571428 0.3890449438202247 0.16428571428571428 0.4803370786516854
1 0.1488095238095238 0.6039325842696629 0.17023809523809524 0.5365168539325843 0.14166666666666666 0.526685393258427 0.12142857142857143 0.5912921348314607
1 0.2773809523809524 0.46348314606741575 0.3333333333333333 0.4887640449438202 0.319047619047619 0.5294943820224719 0.26071428571428573 0.5
4 0.24404761904761904 0.5941011235955056 0.29285714285714287 0.625 0.30714285714285716 0.5926966292134831 0.25833333333333336 0.5632022471910112
1 0.15 0.6067415730337079 0.12023809523809524 0.6896067415730337 0.09285714285714286 0.6811797752808989 0.12142857142857143 0.5941011235955056