3 0.47023809523809523 0.25 0.5071428571428571 0.4101123595505618 0.5357142857142857 0.398876404494382 0.49642857142857144 0.24157303370786518
3 0.5059523809523809 0.42134831460674155 0.5452380952380952 0.5926966292134831 0.5797619047619048 0.5898876404494382 0.5369047619047619 0.41713483146067415
3 0.5595238095238095 0.6193820224719101 0.6166666666666667 0.8441011235955056 0.6607142857142857 0.8300561797752809 0.5964285714285714 0.6081460674157303
3 0.5202380952380953 0.1306179775280899 0.55 0.2542134831460674 0.5785714285714286 0.24578651685393257 0.5488095238095239 0.12359550561797752
4 0.6476190476190476 0.7191011235955056 0.6595238095238095 0.7780898876404494 0.680952380952381 0.7724719101123596 0.6714285714285714 0.7120786516853933
1 0.4714285714285714 0.7429775280898876 0.4845238095238095 0.7991573033707865 0.5119047619047619 0.7907303370786517 0.4988095238095238 0.7401685393258427
1 0.4642857142857143 0.6797752808988764 0.4726190476190476 0.7401685393258427 0.5023809523809524 0.7317415730337079 0.4869047619047619 0.672752808988764
1 0.4488095238095238 0.6165730337078652 0.4583333333333333 0.6671348314606742 0.48214285714285715 0.6629213483146067 0.4726190476190476 0.6109550561797753
1 0.44047619047619047 0.5407303370786517 0.44285714285714284 0.5941011235955056 0.4738095238095238 0.5955056179775281 0.4666666666666667 0.5365168539325843
1 0.430952380952381 0.42837078651685395 0.4238095238095238 0.476123595505618 0.45595238095238094 0.47331460674157305 0.45 0.42696629213483145
1 0.4154761904761905 0.37780898876404495 0.4226190476190476 0.42275280898876405 0.44285714285714284 0.41853932584269665 0.43452380952380953 0.37359550561797755
1 0.39880952380952384 0.3146067415730337 0.40595238095238095 0.3595505617977528 0.4261904761904762 0.3553370786516854 0.4166666666666667 0.31179775280898875
1 0.34523809523809523 0.28651685393258425 0.34404761904761905 0.3103932584269663 0.3880952380952381 0.3103932584269663 0.3880952380952381 0.28370786516853935
1 0.3202380952380952 0.21348314606741572 0.3273809523809524 0.23876404494382023 0.36904761904761907 0.22612359550561797 0.3619047619047619 0.20365168539325842
1 0.35119047619047616 0.1544943820224719 0.3488095238095238 0.1896067415730337 0.36547619047619045 0.19101123595505617 0.36666666666666664 0.1544943820224719
2 0.17857142857142858 0.32865168539325845 0.13214285714285715 0.42696629213483145 0.16785714285714284 0.44241573033707865 0.20357142857142857 0.34691011235955055
2 0.2702380952380952 0.3539325842696629 0.2904761904761905 0.42837078651685395 0.3238095238095238 0.42134831460674155 0.2976190476190476 0.34269662921348315
2 0.2988095238095238 0.42275280898876405 0.3 0.5140449438202247 0.3333333333333333 0.5112359550561798 0.32976190476190476 0.4241573033707865
2 0.305952380952381 0.5154494382022472 0.31547619047619047 0.5941011235955056 0.3416666666666667 0.5912921348314607 0.3333333333333333 0.5084269662921348
2 0.3130952380952381 0.5941011235955056 0.32976190476190476 0.6910112359550562 0.36547619047619045 0.6797752808988764 0.3416666666666667 0.5884831460674157
2 0.32857142857142857 0.6839887640449438 0.3404761904761905 0.7682584269662921 0.3678571428571429 0.7612359550561798 0.3607142857142857 0.6797752808988764
2 0.25833333333333336 0.449438202247191 0.2702380952380952 0.5646067415730337 0.29642857142857143 0.5617977528089888 0.2833333333333333 0.4452247191011236
2 0.2726190476190476 0.5589887640449438 0.2833333333333333 0.6601123595505618 0.3130952380952381 0.6587078651685393 0.30357142857142855 0.5547752808988764
2 0.2833333333333333 0.6558988764044944 0.29404761904761906 0.7640449438202247 0.33214285714285713 0.7598314606741573 0.31785714285714284 0.651685393258427
2 0.2261904761904762 0.4943820224719101 0.23214285714285715 0.6067415730337079 0.26666666666666666 0.6067415730337079 0.25833333333333336 0.4943820224719101
2 0.24047619047619048 0.6109550561797753 0.25476190476190474 0.7359550561797753 0.2916666666666667 0.7275280898876404 0.2726190476190476 0.601123595505618