1 0.75 0.8188202247191011 0.7607142857142857 0.8651685393258427 0.6666666666666666 0.8834269662921348 0.655952380952381 0.8426966292134831
1 0.7404761904761905 0.7598314606741573 0.7452380952380953 0.8047752808988764 0.6511904761904762 0.8160112359550562 0.6440476190476191 0.7710674157303371
1 0.7357142857142858 0.6952247191011236 0.7428571428571429 0.7359550561797753 0.6440476190476191 0.7542134831460674 0.6357142857142857 0.7092696629213483
1 0.48214285714285715 0.7808988764044944 0.38095238095238093 0.7991573033707865 0.38333333333333336 0.8455056179775281 0.4869047619047619 0.827247191011236
1 0.7154761904761905 0.5252808988764045 0.6166666666666667 0.5379213483146067 0.6261904761904762 0.5814606741573034 0.725 0.5674157303370787
1 0.4642857142857143 0.5561797752808989 0.3726190476190476 0.5716292134831461 0.375 0.6081460674157303 0.4666666666666667 0.5969101123595506
1 0.4583333333333333 0.49859550561797755 0.37142857142857144 0.5168539325842697 0.375 0.550561797752809 0.4607142857142857 0.5365168539325843
1 0.4511904761904762 0.4297752808988764 0.36547619047619045 0.4508426966292135 0.3726190476190476 0.4957865168539326 0.4583333333333333 0.4705056179775281
1 0.6916666666666667 0.31179775280898875 0.5988095238095238 0.3202247191011236 0.6 0.36235955056179775 0.6964285714285714 0.35252808988764045
3 0.7392857142857143 0.6025280898876404 0.6130952380952381 0.6179775280898876 0.6166666666666667 0.6671348314606742 0.7440476190476191 0.6601123595505618
1 0.6833333333333333 0.21769662921348315 0.580952380952381 0.23174157303370788 0.5904761904761905 0.27808988764044945 0.6916666666666667 0.2612359550561798
1 0.6785714285714286 0.16151685393258428 0.5833333333333334 0.17415730337078653 0.5892857142857143 0.21910112359550563 0.6821428571428572 0.20646067415730338
1 0.4238095238095238 0.19241573033707865 0.34285714285714286 0.21207865168539325 0.3523809523809524 0.2542134831460674 0.43214285714285716 0.2345505617977528
1 0.41904761904761906 0.11797752808988764 0.4261904761904762 0.16151685393258428 0.33095238095238094 0.18398876404494383 0.32142857142857145 0.1348314606741573