3 0.37857142857142856 0.38202247191011235 0.34285714285714286 0.4002808988764045 0.39285714285714285 0.5351123595505618 0.43333333333333335 0.5126404494382022
2 0.5380952380952381 0.2991573033707865 0.49642857142857144 0.324438202247191 0.5511904761904762 0.4353932584269663 0.5988095238095238 0.4101123595505618
1 0.4976190476190476 0.7106741573033708 0.425 0.7542134831460674 0.4452380952380952 0.7921348314606742 0.5190476190476191 0.7514044943820225
1 0.5202380952380953 0.7682584269662921 0.4452380952380952 0.8089887640449438 0.4666666666666667 0.8525280898876404 0.5428571428571428 0.800561797752809
1 0.42142857142857143 0.6853932584269663 0.43452380952380953 0.7331460674157303 0.5333333333333333 0.6867977528089888 0.5154761904761904 0.6432584269662921
1 0.8095238095238095 0.7794943820224719 0.7690476190476191 0.8075842696629213 0.8238095238095238 0.898876404494382 0.8583333333333333 0.8693820224719101
1 0.8476190476190476 0.7457865168539326 0.8166666666666667 0.7710674157303371 0.8821428571428571 0.8567415730337079 0.9119047619047619 0.824438202247191
1 0.8726190476190476 0.7148876404494382 0.844047619047619 0.7373595505617978 0.9047619047619048 0.8047752808988764 0.9261904761904762 0.776685393258427
1 0.4119047619047619 0.5646067415730337 0.3821428571428571 0.5898876404494382 0.4392857142857143 0.6685393258426966 0.4714285714285714 0.6418539325842697
1 0.4738095238095238 0.5365168539325843 0.44642857142857145 0.5674157303370787 0.5071428571428571 0.6362359550561798 0.5392857142857143 0.6025280898876404
1 0.5273809523809524 0.47331460674157305 0.49642857142857144 0.49157303370786515 0.5535714285714286 0.5814606741573034 0.5880952380952381 0.5533707865168539
1 0.6321428571428571 0.4157303370786517 0.6011904761904762 0.42837078651685395 0.6428571428571429 0.5196629213483146 0.6761904761904762 0.5014044943820225
1 0.6761904761904762 0.38202247191011235 0.6464285714285715 0.398876404494382 0.6845238095238095 0.46769662921348315 0.719047619047619 0.4508426966292135
1 0.6976190476190476 0.39325842696629215 0.7261904761904762 0.375 0.7773809523809524 0.45224719101123595 0.7488095238095238 0.48174157303370785
1 0.7714285714285715 0.1502808988764045 0.7392857142857143 0.17275280898876405 0.7869047619047619 0.24297752808988765 0.8226190476190476 0.21207865168539325