1 0.6440476190476191 0.7921348314606742 0.7476190476190476 0.848314606741573 0.7333333333333333 0.8932584269662921 0.6202380952380953 0.8398876404494382
1 0.5273809523809524 0.723314606741573 0.6261904761904762 0.776685393258427 0.611904761904762 0.8202247191011236 0.5047619047619047 0.7668539325842697
1 0.41904761904761906 0.6671348314606742 0.5095238095238095 0.7219101123595506 0.49047619047619045 0.7626404494382022 0.3964285714285714 0.7106741573033708
1 0.29404761904761906 0.6039325842696629 0.3738095238095238 0.6474719101123596 0.35714285714285715 0.6896067415730337 0.2714285714285714 0.6418539325842697
1 0.17857142857142858 0.5435393258426966 0.26666666666666666 0.5884831460674157 0.25357142857142856 0.625 0.16547619047619047 0.5814606741573034
4 0.7845238095238095 0.5758426966292135 0.8690476190476191 0.6264044943820225 0.8523809523809524 0.6699438202247191 0.7642857142857142 0.6193820224719101
4 0.638095238095238 0.5098314606741573 0.7202380952380952 0.5533707865168539 0.7023809523809523 0.5969101123595506 0.6178571428571429 0.5533707865168539
1 0.5095238095238095 0.45224719101123595 0.5928571428571429 0.4887640449438202 0.5785714285714286 0.5323033707865169 0.4928571428571429 0.4845505617977528
4 0.38452380952380955 0.3806179775280899 0.46190476190476193 0.42275280898876405 0.444047619047619 0.4592696629213483 0.36904761904761907 0.4157303370786517
1 0.2833333333333333 0.32303370786516855 0.3773809523809524 0.37640449438202245 0.3547619047619048 0.4157303370786517 0.2630952380952381 0.3637640449438202
1 0.16547619047619047 0.26264044943820225 0.2523809523809524 0.3089887640449438 0.2226190476190476 0.3497191011235955 0.14166666666666666 0.2949438202247191
1 0.8690476190476191 0.38764044943820225 0.905952380952381 0.4058988764044944 0.8833333333333333 0.5028089887640449 0.8380952380952381 0.4845505617977528
1 0.8273809523809523 0.35674157303370785 0.7916666666666666 0.45365168539325845 0.8345238095238096 0.47191011235955055 0.8607142857142858 0.3707865168539326
1 0.7773809523809524 0.3342696629213483 0.7333333333333333 0.42837078651685395 0.7690476190476191 0.4508426966292135 0.8130952380952381 0.35252808988764045
1 0.7214285714285714 0.3061797752808989 0.6797619047619048 0.41151685393258425 0.7166666666666667 0.425561797752809 0.7571428571428571 0.32865168539325845
1 0.6714285714285714 0.2794943820224719 0.6345238095238095 0.3890449438202247 0.675 0.4044943820224719 0.7154761904761905 0.29634831460674155
1 0.5761904761904761 0.23876404494382023 0.5404761904761904 0.3356741573033708 0.5797619047619048 0.3497191011235955 0.6142857142857143 0.25
1 0.5428571428571428 0.20646067415730338 0.4976190476190476 0.2991573033707865 0.5261904761904762 0.3146067415730337 0.5702380952380952 0.2247191011235955
1 0.4880952380952381 0.1896067415730337 0.44761904761904764 0.27808988764044945 0.48214285714285715 0.2949438202247191 0.5190476190476191 0.20646067415730338
1 0.44642857142857145 0.1544943820224719 0.4035714285714286 0.25140449438202245 0.4392857142857143 0.26825842696629215 0.4845238095238095 0.17134831460674158
1 0.39404761904761904 0.13764044943820225 0.35833333333333334 0.22752808988764045 0.39166666666666666 0.24719101123595505 0.43333333333333335 0.15730337078651685
1 0.3464285714285714 0.11376404494382023 0.305952380952381 0.20646067415730338 0.35 0.2247191011235955 0.38571428571428573 0.13202247191011235
1 0.2904761904761905 0.11235955056179775 0.2488095238095238 0.18398876404494383 0.2869047619047619 0.20224719101123595 0.32976190476190476 0.12780898876404495
1 0.85 0.12219101123595505 0.8119047619047619 0.20786516853932585 0.8535714285714285 0.22191011235955055 0.8904761904761904 0.13342696629213482
1 0.7988095238095239 0.09129213483146068 0.7654761904761904 0.17837078651685392 0.7976190476190477 0.19382022471910113 0.8345238095238096 0.11095505617977527