3 0.32142857142857145 0.4297752808988764 0.2869047619047619 0.5014044943820225 0.30714285714285716 0.5126404494382022 0.34285714285714286 0.4410112359550562
2 0.5880952380952381 0.17837078651685392 0.55 0.2401685393258427 0.5702380952380952 0.25280898876404495 0.6083333333333333 0.19101123595505617
1 0.22380952380952382 0.3862359550561798 0.19642857142857142 0.4311797752808989 0.21666666666666667 0.44241573033707865 0.24166666666666667 0.39325842696629215
1 0.16785714285714284 0.5814606741573034 0.14642857142857144 0.6376404494382022 0.16785714285714284 0.6460674157303371 0.19047619047619047 0.5898876404494382
1 0.21785714285714286 0.601123595505618 0.1869047619047619 0.6643258426966292 0.2119047619047619 0.6769662921348315 0.24166666666666667 0.6123595505617978
1 0.2488095238095238 0.6334269662921348 0.22380952380952382 0.6713483146067416 0.24404761904761904 0.6825842696629213 0.26785714285714285 0.6418539325842697
1 0.2869047619047619 0.6446629213483146 0.25476190476190474 0.6952247191011236 0.27976190476190477 0.7078651685393258 0.3107142857142857 0.6573033707865169
1 0.41309523809523807 0.5028089887640449 0.38571428571428573 0.5575842696629213 0.40714285714285714 0.5674157303370787 0.430952380952381 0.5126404494382022
1 0.5095238095238095 0.5603932584269663 0.4785714285714286 0.6109550561797753 0.4976190476190476 0.625 0.525 0.5730337078651685
1 0.5821428571428572 0.5126404494382022 0.5535714285714286 0.5660112359550562 0.5761904761904761 0.5800561797752809 0.6011904761904762 0.5224719101123596
1 0.5464285714285714 0.5800561797752809 0.5190476190476191 0.6390449438202247 0.5404761904761904 0.6502808988764045 0.5642857142857143 0.5912921348314607
1 0.6892857142857143 0.577247191011236 0.6595238095238095 0.6376404494382022 0.680952380952381 0.651685393258427 0.7083333333333334 0.5884831460674157
1 0.7261904761904762 0.5955056179775281 0.6976190476190476 0.6544943820224719 0.7238095238095238 0.6685393258426966 0.7452380952380953 0.6095505617977528
1 0.46190476190476193 0.7570224719101124 0.4297619047619048 0.8202247191011236 0.4511904761904762 0.8328651685393258 0.48095238095238096 0.7682584269662921
1 0.5726190476190476 0.8146067415730337 0.55 0.8707865168539326 0.569047619047619 0.8806179775280899 0.5904761904761905 0.827247191011236
1 0.7309523809523809 0.3862359550561798 0.7488095238095238 0.39747191011235955 0.7726190476190476 0.34691011235955055 0.7547619047619047 0.33707865168539325
1 0.7571428571428571 0.4044943820224719 0.780952380952381 0.41853932584269665 0.8023809523809524 0.3693820224719101 0.7833333333333333 0.3553370786516854
0 0.19285714285714287 0.3089887640449438 0.12023809523809524 0.425561797752809 0.15476190476190477 0.449438202247191 0.23095238095238096 0.3342696629213483
0 0.8142857142857143 0.48174157303370785 0.8476190476190476 0.5014044943820225 0.9035714285714286 0.3651685393258427 0.8761904761904762 0.3455056179775281
0 0.7142857142857143 0.2893258426966292 0.6511904761904762 0.41151685393258425 0.6833333333333333 0.43258426966292135 0.7452380952380953 0.3089887640449438
0 0.669047619047619 0.273876404494382 0.6166666666666667 0.3707865168539326 0.6440476190476191 0.38764044943820225 0.6964285714285714 0.29213483146067415
0 0.6309523809523809 0.23735955056179775 0.5797619047619048 0.3539325842696629 0.6107142857142858 0.37219101123595505 0.6678571428571428 0.25280898876404495
0 0.5964285714285714 0.21207865168539325 0.5297619047619048 0.32162921348314605 0.5607142857142857 0.3455056179775281 0.6297619047619047 0.22893258426966293
0 0.5226190476190476 0.16713483146067415 0.4654761904761905 0.28370786516853935 0.4988095238095238 0.30196629213483145 0.5535714285714286 0.1853932584269663
0 0.48214285714285715 0.1404494382022472 0.41785714285714287 0.25140449438202245 0.4511904761904762 0.27247191011235955 0.513095238095238 0.15730337078651685
0 0.38452380952380955 0.23174157303370788 0.4166666666666667 0.25280898876404495 0.48333333333333334 0.13342696629213482 0.44642857142857145 0.10955056179775281
0 0.3357142857142857 0.22893258426966293 0.37023809523809526 0.24859550561797752 0.42738095238095236 0.11938202247191011 0.3880952380952381 0.10112359550561797
0 0.29285714285714287 0.20926966292134833 0.3273809523809524 0.22752808988764045 0.37857142857142856 0.10955056179775281 0.34404761904761905 0.09269662921348315
0 0.15595238095238095 0.28792134831460675 0.09047619047619047 0.39185393258426965 0.05714285714285714 0.36235955056179775 0.125 0.26685393258426965