0 0.7726190476190476 0.2808988764044944 0.694047619047619 0.3707865168539326 0.7178571428571429 0.40308988764044945 0.7976190476190477 0.30337078651685395
1 0.7047619047619048 0.300561797752809 0.6666666666666666 0.34691011235955055 0.6821428571428572 0.36657303370786515 0.7238095238095238 0.3202247191011236
1 0.6107142857142858 0.16151685393258428 0.6583333333333333 0.199438202247191 0.6785714285714286 0.1699438202247191 0.6261904761904762 0.13623595505617977
1 0.4845238095238095 0.19803370786516855 0.4369047619047619 0.15168539325842698 0.45476190476190476 0.12780898876404495 0.5023809523809524 0.17275280898876405
1 0.5035714285714286 0.22331460674157302 0.5476190476190477 0.27668539325842695 0.569047619047619 0.25280898876404495 0.5273809523809524 0.20084269662921347
1 0.5654761904761905 0.29213483146067415 0.6130952380952381 0.34831460674157305 0.6321428571428571 0.32724719101123595 0.5869047619047619 0.273876404494382
1 0.7071428571428572 0.44241573033707865 0.7559523809523809 0.4943820224719101 0.7702380952380953 0.4705056179775281 0.725 0.42275280898876405
1 0.8392857142857143 0.42134831460674155 0.7916666666666666 0.47331460674157305 0.8083333333333333 0.4957865168539326 0.8523809523809524 0.4438202247191011
1 0.805952380952381 0.5182584269662921 0.8595238095238096 0.5674157303370787 0.8392857142857143 0.5969101123595506 0.7892857142857143 0.5379213483146067
1 0.2511904761904762 0.20926966292134833 0.31547619047619047 0.21067415730337077 0.3142857142857143 0.17696629213483145 0.25 0.17696629213483145
1 0.3202380952380952 0.2443820224719101 0.37023809523809526 0.29634831460674155 0.3488095238095238 0.32162921348314605 0.3 0.2654494382022472
1 0.40595238095238095 0.3890449438202247 0.475 0.38202247191011235 0.4726190476190476 0.3497191011235955 0.4 0.35674157303370785
1 0.44166666666666665 0.4396067415730337 0.5083333333333333 0.42696629213483145 0.5035714285714286 0.39325842696629215 0.4357142857142857 0.40870786516853935
1 0.5666666666666667 0.5042134831460674 0.5059523809523809 0.44662921348314605 0.48095238095238096 0.4845505617977528 0.5428571428571428 0.5351123595505618
1 0.5857142857142857 0.5280898876404494 0.6095238095238096 0.6109550561797753 0.638095238095238 0.5997191011235955 0.611904761904762 0.5182584269662921
1 0.5380952380952381 0.6980337078651685 0.5845238095238096 0.6418539325842697 0.5630952380952381 0.6179775280898876 0.5190476190476191 0.6741573033707865
1 0.5666666666666667 0.7289325842696629 0.6178571428571429 0.6685393258426966 0.5916666666666667 0.6446629213483146 0.5476190476190477 0.7092696629213483
1 0.6952380952380952 0.6952247191011236 0.7464285714285714 0.7556179775280899 0.7678571428571429 0.7303370786516854 0.7154761904761905 0.6685393258426966
1 0.7988095238095239 0.8160112359550562 0.8571428571428571 0.8834269662921348 0.8833333333333333 0.8553370786516854 0.8214285714285714 0.7921348314606742
1 0.5761904761904761 0.7696629213483146 0.6488095238095238 0.7654494382022472 0.6488095238095238 0.7373595505617978 0.575 0.7373595505617978
1 0.5607142857142857 0.7963483146067416 0.6142857142857143 0.8384831460674157 0.6321428571428571 0.8089887640449438 0.5773809523809523 0.7710674157303371
1 0.5285714285714286 0.824438202247191 0.5773809523809523 0.8806179775280899 0.6 0.8553370786516854 0.5523809523809524 0.800561797752809