2 0.8273809523809523 0.5842696629213483 0.7559523809523809 0.6039325842696629 0.7678571428571429 0.6376404494382022 0.8392857142857143 0.6193820224719101
2 0.7785714285714286 0.6896067415730337 0.7476190476190476 0.6867977528089888 0.75 0.7879213483146067 0.780952380952381 0.7865168539325843
2 0.7642857142857142 0.4241573033707865 0.7333333333333333 0.42134831460674155 0.7345238095238096 0.5084269662921348 0.7654761904761904 0.5140449438202247
2 0.7583333333333333 0.2345505617977528 0.7273809523809524 0.23174157303370788 0.7285714285714285 0.3188202247191011 0.7619047619047619 0.3188202247191011
2 0.7488095238095238 0.1404494382022472 0.7178571428571429 0.13764044943820225 0.719047619047619 0.2247191011235955 0.7523809523809524 0.2247191011235955
2 0.5119047619047619 0.18679775280898878 0.4797619047619048 0.19382022471910113 0.4928571428571429 0.27668539325842695 0.5285714285714286 0.26825842696629215
2 0.46904761904761905 0.22752808988764045 0.4380952380952381 0.22612359550561797 0.43452380952380953 0.31179775280898875 0.4738095238095238 0.31179775280898875
2 0.425 0.21629213483146068 0.39404761904761904 0.2148876404494382 0.39285714285714285 0.31179775280898875 0.42738095238095236 0.30758426966292135
2 0.4261904761904762 0.125 0.3952380952380952 0.12359550561797752 0.39404761904761904 0.2205056179775281 0.42857142857142855 0.21629213483146068
2 0.3821428571428571 0.12780898876404495 0.3535714285714286 0.12219101123595505 0.34285714285714286 0.21769662921348315 0.3773809523809524 0.22191011235955055
2 0.34404761904761905 0.13623595505617977 0.319047619047619 0.13202247191011235 0.30357142857142855 0.21207865168539325 0.3380952380952381 0.21629213483146068
2 0.3357142857142857 0.21348314606741572 0.3 0.2148876404494382 0.30238095238095236 0.3047752808988764 0.33690476190476193 0.2991573033707865
2 0.38452380952380955 0.22191011235955055 0.3488095238095238 0.22331460674157302 0.35119047619047616 0.31320224719101125 0.38571428571428573 0.30758426966292135
2 0.42142857142857143 0.40168539325842695 0.3547619047619048 0.40870786516853935 0.3547619047619048 0.44803370786516855 0.4261904761904762 0.4396067415730337
2 0.48928571428571427 0.41713483146067415 0.4583333333333333 0.41713483146067415 0.45595238095238094 0.5028089887640449 0.49047619047619045 0.5042134831460674
2 0.48333333333333334 0.5365168539325843 0.45357142857142857 0.5365168539325843 0.45 0.6151685393258427 0.4845238095238095 0.6165730337078652
2 0.4630952380952381 0.6376404494382022 0.4369047619047619 0.6362359550561798 0.4369047619047619 0.7387640449438202 0.47023809523809523 0.7317415730337079
2 0.3273809523809524 0.5533707865168539 0.3047619047619048 0.5758426966292135 0.3488095238095238 0.6432584269662921 0.36904761904761907 0.6193820224719101
2 0.4357142857142857 0.5252808988764045 0.40476190476190477 0.5252808988764045 0.4023809523809524 0.6123595505617978 0.43452380952380953 0.6151685393258427
2 0.430952380952381 0.6151685393258427 0.39404761904761904 0.6193820224719101 0.39404761904761904 0.7443820224719101 0.43214285714285716 0.7443820224719101
1 0.29523809523809524 0.6699438202247191 0.2726190476190476 0.6980337078651685 0.33214285714285713 0.7556179775280899 0.3535714285714286 0.726123595505618
1 0.2904761904761905 0.7359550561797753 0.2702380952380952 0.7640449438202247 0.32976190476190476 0.8300561797752809 0.35 0.797752808988764