0 0.5404761904761904 0.35814606741573035 0.5095238095238095 0.3806179775280899 0.5880952380952381 0.46207865168539325 0.6107142857142858 0.4339887640449438
0 0.5035714285714286 0.38342696629213485 0.4726190476190476 0.4058988764044944 0.5511904761904762 0.48735955056179775 0.5797619047619048 0.4592696629213483
0 0.46785714285714286 0.4058988764044944 0.4369047619047619 0.42837078651685395 0.5154761904761904 0.5098314606741573 0.544047619047619 0.48314606741573035
0 0.4238095238095238 0.40870786516853935 0.3880952380952381 0.43679775280898875 0.4785714285714286 0.5351123595505618 0.513095238095238 0.5070224719101124
0 0.5583333333333333 0.33286516853932585 0.5273809523809524 0.3553370786516854 0.6178571428571429 0.4438202247191011 0.6428571428571429 0.41292134831460675
0 0.6083333333333333 0.31179775280898875 0.5761904761904761 0.33707865168539325 0.6523809523809524 0.4101123595505618 0.6785714285714286 0.3848314606741573
0 0.6440476190476191 0.29353932584269665 0.611904761904762 0.3188202247191011 0.6869047619047619 0.3890449438202247 0.719047619047619 0.36235955056179775
0 0.6738095238095239 0.2696629213483146 0.6428571428571429 0.2893258426966292 0.7238095238095238 0.37219101123595505 0.7511904761904762 0.3455056179775281
0 0.7095238095238096 0.2556179775280899 0.6785714285714286 0.2752808988764045 0.7595238095238095 0.3497191011235955 0.7845238095238095 0.32724719101123595
0 0.7404761904761905 0.23876404494382023 0.7095238095238096 0.25842696629213485 0.7928571428571428 0.33286516853932585 0.8166666666666667 0.30758426966292135
0 0.7714285714285715 0.21629213483146068 0.7404761904761905 0.23595505617977527 0.8238095238095238 0.3103932584269663 0.8476190476190476 0.2851123595505618
0 0.8047619047619048 0.19382022471910113 0.7738095238095238 0.21348314606741572 0.8571428571428571 0.28792134831460675 0.8809523809523809 0.26264044943820225
0 0.8333333333333334 0.17415730337078653 0.8023809523809524 0.19382022471910113 0.8857142857142857 0.26825842696629215 0.9095238095238095 0.24297752808988765
0 0.525 0.7556179775280899 0.4166666666666667 0.8300561797752809 0.44166666666666665 0.8693820224719101 0.55 0.7865168539325843
0 0.5583333333333333 0.7949438202247191 0.45 0.8693820224719101 0.475 0.9087078651685393 0.5833333333333334 0.8258426966292135
0 0.4976190476190476 0.7205056179775281 0.3892857142857143 0.7907303370786517 0.4095238095238095 0.8328651685393258 0.5226190476190476 0.7514044943820225
0 0.4726190476190476 0.6825842696629213 0.36428571428571427 0.7640449438202247 0.3892857142857143 0.7963483146067416 0.4976190476190476 0.7134831460674157
0 0.444047619047619 0.651685393258427 0.3392857142857143 0.7289325842696629 0.3630952380952381 0.7640449438202247 0.46904761904761905 0.6825842696629213
0 0.42023809523809524 0.6179775280898876 0.3142857142857143 0.6924157303370787 0.3404761904761905 0.7275280898876404 0.4452380952380952 0.648876404494382
0 0.3964285714285714 0.5870786516853933 0.29523809523809524 0.6601123595505618 0.31785714285714284 0.6938202247191011 0.42142857142857143 0.6179775280898876
0 0.37023809523809526 0.5632022471910112 0.26904761904761904 0.625 0.28809523809523807 0.6573033707865169 0.3952380952380952 0.5941011235955056
0 0.3476190476190476 0.5351123595505618 0.24642857142857144 0.5969101123595506 0.2654761904761905 0.6292134831460674 0.3726190476190476 0.5660112359550562
0 0.32976190476190476 0.5070224719101124 0.21071428571428572 0.5828651685393258 0.2357142857142857 0.6235955056179775 0.3547619047619048 0.5379213483146067
0 0.305952380952381 0.476123595505618 0.20833333333333334 0.5379213483146067 0.22857142857142856 0.5730337078651685 0.33095238095238094 0.5070224719101124
0 0.2773809523809524 0.44241573033707865 0.175 0.5028089887640449 0.1988095238095238 0.5407303370786517 0.30238095238095236 0.47331460674157305
0 0.2511904761904762 0.4101123595505618 0.1488095238095238 0.4705056179775281 0.17261904761904762 0.5084269662921348 0.2761904761904762 0.4410112359550562
0 0.23095238095238096 0.3890449438202247 0.13095238095238096 0.449438202247191 0.15119047619047618 0.48174157303370785 0.25476190476190474 0.4143258426966292
0 0.20476190476190476 0.3637640449438202 0.10595238095238095 0.41713483146067415 0.12142857142857143 0.44803370786516855 0.22857142857142856 0.3890449438202247
0 0.17857142857142858 0.3356741573033708 0.07976190476190476 0.3890449438202247 0.09523809523809523 0.4199438202247191 0.20238095238095238 0.3609550561797753
0 0.26666666666666666 0.26825842696629215 0.2357142857142857 0.29213483146067415 0.30714285714285716 0.36657303370786515 0.3392857142857143 0.33848314606741575
0 0.30357142857142855 0.25 0.2726190476190476 0.273876404494382 0.3404761904761905 0.3455056179775281 0.3726190476190476 0.3188202247191011
0 0.3357142857142857 0.22612359550561797 0.3047619047619048 0.25 0.38452380952380955 0.3342696629213483 0.4142857142857143 0.30758426966292135
0 0.3761904761904762 0.21348314606741572 0.3464285714285714 0.23314606741573032 0.4142857142857143 0.3146067415730337 0.44047619047619047 0.2893258426966292
0 0.39880952380952384 0.19382022471910113 0.36904761904761907 0.21348314606741572 0.4452380952380952 0.29634831460674155 0.46785714285714286 0.2710674157303371
0 0.430952380952381 0.17837078651685392 0.4011904761904762 0.19803370786516855 0.4726190476190476 0.28370786516853935 0.5035714285714286 0.25702247191011235
0 0.42857142857142855 0.175561797752809 0.39880952380952384 0.1952247191011236 0.47023809523809523 0.2808988764044944 0.5011904761904762 0.2542134831460674
0 0.4630952380952381 0.1699438202247191 0.44166666666666665 0.19101123595505617 0.5059523809523809 0.26264044943820225 0.5297619047619048 0.24157303370786518
0 0.48333333333333334 0.14606741573033707 0.4607142857142857 0.16151685393258428 0.5297619047619048 0.24297752808988765 0.5619047619047619 0.21910112359550563
0 0.5357142857142857 0.11657303370786516 0.5095238095238095 0.14747191011235955 0.5857142857142857 0.21910112359550563 0.611904761904762 0.18820224719101122
0 0.2154761904761905 0.17837078651685392 0.18452380952380953 0.20224719101123595 0.24523809523809523 0.2696629213483146 0.27976190476190477 0.24859550561797752
0 0.2833333333333333 0.15168539325842698 0.2523809523809524 0.175561797752809 0.3130952380952381 0.24297752808988765 0.3476190476190476 0.22191011235955055
0 0.3202380952380952 0.13623595505617977 0.2892857142857143 0.1601123595505618 0.34404761904761905 0.21348314606741572 0.37023809523809526 0.19803370786516855
0 0.35119047619047616 0.12640449438202248 0.325 0.14606741573033707 0.37976190476190474 0.199438202247191 0.40595238095238095 0.18398876404494383