1 0.4083333333333333 0.22752808988764045 0.3678571428571429 0.2654494382022472 0.38333333333333336 0.28370786516853935 0.42857142857142855 0.2401685393258427
1 0.4369047619047619 0.24157303370786518 0.3904761904761905 0.2893258426966292 0.4083333333333333 0.3047752808988764 0.45357142857142857 0.25842696629213485
1 0.5583333333333333 0.20365168539325842 0.5226190476190476 0.25280898876404495 0.5476190476190477 0.27247191011235955 0.5821428571428572 0.22331460674157302
1 0.513095238095238 0.2949438202247191 0.46904761904761905 0.3398876404494382 0.49047619047619045 0.3609550561797753 0.530952380952381 0.31320224719101125
1 0.3892857142857143 0.41853932584269665 0.3464285714285714 0.4691011235955056 0.36428571428571427 0.48735955056179775 0.4095238095238095 0.4339887640449438
1 0.15714285714285714 0.6446629213483146 0.10714285714285714 0.6938202247191011 0.13214285714285715 0.7191011235955056 0.18095238095238095 0.6671348314606742
1 0.4238095238095238 0.7401685393258427 0.3726190476190476 0.8047752808988764 0.3976190476190476 0.827247191011236 0.45 0.7654494382022472
3 0.45476190476190476 0.7780898876404494 0.34404761904761905 0.898876404494382 0.37142857142857144 0.9311797752808989 0.48214285714285715 0.8103932584269663
1 0.513095238095238 0.6558988764044944 0.47023809523809523 0.7120786516853933 0.4928571428571429 0.7359550561797753 0.5428571428571428 0.6741573033707865
1 0.5273809523809524 0.723314606741573 0.4845238095238095 0.7865168539325843 0.5071428571428571 0.8047752808988764 0.5511904761904762 0.7429775280898876
1 0.5714285714285714 0.5730337078651685 0.5261904761904762 0.6306179775280899 0.5476190476190477 0.6530898876404494 0.5916666666666667 0.5912921348314607
1 0.6083333333333333 0.6165730337078652 0.5666666666666667 0.6685393258426966 0.5892857142857143 0.6896067415730337 0.6285714285714286 0.6376404494382022
1 0.65 0.4705056179775281 0.6035714285714285 0.5308988764044944 0.6285714285714286 0.5491573033707865 0.675 0.49297752808988765
1 0.6761904761904762 0.523876404494382 0.6309523809523809 0.5898876404494382 0.6535714285714286 0.6067415730337079 0.6988095238095238 0.5449438202247191
1 0.719047619047619 0.4044943820224719 0.6785714285714286 0.45646067415730335 0.6976190476190476 0.47191011235955055 0.7357142857142858 0.42275280898876405
1 0.7511904761904762 0.4508426966292135 0.7166666666666667 0.5028089887640449 0.7392857142857143 0.5196629213483146 0.7738095238095238 0.46769662921348315
1 0.7976190476190477 0.3806179775280899 0.7642857142857142 0.42696629213483145 0.7845238095238095 0.44662921348314605 0.819047619047619 0.4002808988764045
2 0.8738095238095238 0.1896067415730337 0.7357142857142858 0.3553370786516854 0.7702380952380953 0.3904494382022472 0.9011904761904762 0.21769662921348315
4 0.8488095238095238 0.31741573033707865 0.8166666666666667 0.35674157303370785 0.8392857142857143 0.37640449438202245 0.8654761904761905 0.3342696629213483
1 0.35714285714285715 0.824438202247191 0.305952380952381 0.8890449438202247 0.33095238095238094 0.9115168539325843 0.38333333333333336 0.8497191011235955