1 0.35 0.7780898876404494 0.3488095238095238 0.8904494382022472 0.39166666666666666 0.8918539325842697 0.3880952380952381 0.7752808988764045
1 0.6095238095238096 0.7401685393258427 0.6154761904761905 0.8679775280898876 0.6547619047619048 0.8679775280898876 0.65 0.7401685393258427
1 0.7511904761904762 0.6713483146067416 0.6595238095238095 0.6882022471910112 0.6702380952380952 0.7317415730337079 0.7654761904761904 0.7106741573033708
1 0.6047619047619047 0.5730337078651685 0.6083333333333333 0.6882022471910112 0.6464285714285715 0.6867977528089888 0.6404761904761904 0.5730337078651685
1 0.3416666666666667 0.6334269662921348 0.3464285714285714 0.7612359550561798 0.3869047619047619 0.7612359550561798 0.3880952380952381 0.6348314606741573
1 0.33690476190476193 0.5224719101123596 0.34285714285714286 0.6221910112359551 0.37976190476190474 0.6207865168539326 0.37857142857142856 0.5210674157303371
1 0.3476190476190476 0.375 0.3476190476190476 0.49297752808988765 0.3869047619047619 0.49157303370786515 0.3880952380952381 0.37359550561797755
1 0.37023809523809526 0.25 0.3357142857142857 0.3539325842696629 0.3726190476190476 0.36797752808988765 0.40595238095238095 0.2612359550561798
1 0.5892857142857143 0.41292134831460675 0.6 0.5379213483146067 0.6428571428571429 0.5337078651685393 0.6309523809523809 0.40730337078651685
1 0.5869047619047619 0.2991573033707865 0.594047619047619 0.4002808988764045 0.6321428571428571 0.39747191011235955 0.6226190476190476 0.2949438202247191
1 0.5797619047619048 0.17275280898876405 0.5857142857142857 0.273876404494382 0.6238095238095238 0.273876404494382 0.6166666666666667 0.16853932584269662
1 0.2892857142857143 0.12078651685393259 0.28809523809523807 0.21207865168539325 0.3238095238095238 0.21629213483146068 0.32857142857142857 0.12078651685393259
1 0.3380952380952381 0.10674157303370786 0.3404761904761905 0.20365168539325842 0.38333333333333336 0.19803370786516855 0.37976190476190474 0.10252808988764045