0 0.7273809523809524 0.47191011235955055 0.5607142857142857 0.44803370786516855 0.5523809523809524 0.5252808988764045 0.7285714285714285 0.5379213483146067
0 0.7309523809523809 0.3862359550561798 0.5642857142857143 0.3455056179775281 0.5488095238095239 0.40730337078651685 0.725 0.4508426966292135
0 0.7416666666666667 0.30196629213483145 0.5726190476190476 0.2640449438202247 0.5595238095238095 0.3258426966292135 0.7285714285714285 0.3651685393258427
0 0.7571428571428571 0.22893258426966293 0.5952380952380952 0.20365168539325842 0.5880952380952381 0.26825842696629215 0.7583333333333333 0.2907303370786517
0 0.763095238095238 0.1601123595505618 0.6083333333333333 0.13342696629213482 0.6011904761904762 0.18820224719101122 0.7571428571428571 0.21769662921348315
0 0.8511904761904762 0.34129213483146065 0.8952380952380953 0.34831460674157305 0.8869047619047619 0.5365168539325843 0.8380952380952381 0.5337078651685393
0 0.5702380952380952 0.7780898876404494 0.5238095238095238 0.7879213483146067 0.5630952380952381 0.9634831460674157 0.6023809523809524 0.9466292134831461
0 0.2630952380952381 0.5730337078651685 0.07142857142857142 0.526685393258427 0.05476190476190476 0.5912921348314607 0.2523809523809524 0.6418539325842697
0 0.1523809523809524 0.31179775280898875 0.319047619047619 0.3441011235955056 0.305952380952381 0.40870786516853935 0.13214285714285715 0.37219101123595505
0 0.19047619047619047 0.22752808988764045 0.34523809523809523 0.25842696629213485 0.3333333333333333 0.3188202247191011 0.175 0.28370786516853935
0 0.21428571428571427 0.15589887640449437 0.36904761904761907 0.18679775280898878 0.35714285714285715 0.24719101123595505 0.19404761904761905 0.21910112359550563
0 0.24523809523809523 0.09410112359550561 0.4 0.125 0.3880952380952381 0.1853932584269663 0.225 0.15730337078651685