3 0.21666666666666667 0.26264044943820225 0.30357142857142855 0.19101123595505617 0.3273809523809524 0.2148876404494382 0.24166666666666667 0.29213483146067415
3 0.10833333333333334 0.22331460674157302 0.19523809523809524 0.27668539325842695 0.16904761904761906 0.30337078651685395 0.08571428571428572 0.24859550561797752
3 0.1130952380952381 0.18679775280898878 0.21071428571428572 0.2401685393258427 0.19642857142857142 0.2710674157303371 0.10238095238095238 0.2148876404494382
3 0.1392857142857143 0.18398876404494383 0.1595238095238095 0.16713483146067415 0.20952380952380953 0.20646067415730338 0.19523809523809524 0.2205056179775281
3 0.16785714285714284 0.15730337078651685 0.18333333333333332 0.13764044943820225 0.2654761904761905 0.20646067415730338 0.24642857142857144 0.22752808988764045
3 0.21666666666666667 0.6151685393258427 0.24404761904761904 0.5884831460674157 0.3904761904761905 0.726123595505618 0.3630952380952381 0.7584269662921348
3 0.30952380952380953 0.5294943820224719 0.33214285714285713 0.5070224719101124 0.4023809523809524 0.5660112359550562 0.3738095238095238 0.5955056179775281
3 0.3880952380952381 0.5912921348314607 0.4095238095238095 0.5632022471910112 0.4726190476190476 0.6235955056179775 0.4452380952380952 0.6530898876404494
3 0.43452380952380953 0.6839887640449438 0.4583333333333333 0.651685393258427 0.580952380952381 0.7471910112359551 0.5535714285714286 0.7851123595505618
3 0.5833333333333334 0.6095505617977528 0.6154761904761905 0.5758426966292135 0.6892857142857143 0.625 0.6523809523809524 0.6685393258426966
3 0.4857142857142857 0.40730337078651685 0.5154761904761904 0.37219101123595505 0.6583333333333333 0.48314606741573035 0.6392857142857142 0.5112359550561798
3 0.5404761904761904 0.3707865168539326 0.5642857142857143 0.35252808988764045 0.6428571428571429 0.41151685393258425 0.6166666666666667 0.4353932584269663
3 0.6047619047619047 0.5575842696629213 0.6357142857142857 0.526685393258427 0.7119047619047619 0.5842696629213483 0.6738095238095239 0.6165730337078652
3 0.569047619047619 0.34269662921348315 0.5904761904761905 0.3188202247191011 0.6547619047619048 0.375 0.6226190476190476 0.40308988764044945
3 0.6309523809523809 0.4002808988764045 0.6583333333333333 0.36797752808988765 0.7273809523809524 0.43820224719101125 0.6892857142857143 0.46348314606741575
3 0.5845238095238096 0.31179775280898875 0.6071428571428571 0.28651685393258425 0.7511904761904762 0.4044943820224719 0.7261904761904762 0.4339887640449438
2 0.6214285714285714 0.29353932584269665 0.6392857142857142 0.2752808988764045 0.7988095238095239 0.38342696629213485 0.7666666666666667 0.41853932584269665
2 0.6404761904761904 0.2710674157303371 0.6642857142857143 0.24719101123595505 0.819047619047619 0.351123595505618 0.794047619047619 0.38202247191011235
2 0.6630952380952381 0.24859550561797752 0.6821428571428572 0.22752808988764045 0.8357142857142857 0.31179775280898875 0.8202380952380952 0.351123595505618
3 0.6904761904761905 0.2205056179775281 0.7357142857142858 0.17837078651685392 0.7547619047619047 0.1952247191011236 0.7119047619047619 0.24297752808988765
3 0.7273809523809524 0.2443820224719101 0.7702380952380953 0.17837078651685392 0.8011904761904762 0.18820224719101122 0.7571428571428571 0.2640449438202247
3 0.7619047619047619 0.2556179775280899 0.8130952380952381 0.18117977528089887 0.8380952380952381 0.1952247191011236 0.7928571428571428 0.26825842696629215