1 0.24523809523809523 0.2205056179775281 0.3404761904761905 0.21629213483146068 0.3404761904761905 0.16573033707865167 0.24285714285714285 0.16853932584269662
1 0.25595238095238093 0.2851123595505618 0.35119047619047616 0.2794943820224719 0.3488095238095238 0.23595505617977527 0.25357142857142856 0.2401685393258427
1 0.24761904761904763 0.34269662921348315 0.3380952380952381 0.3356741573033708 0.33690476190476193 0.28792134831460675 0.24642857142857144 0.29353932584269665
1 0.25 0.7275280898876404 0.3535714285714286 0.7219101123595506 0.35119047619047616 0.6699438202247191 0.24761904761904763 0.6783707865168539
1 0.2369047619047619 0.7682584269662921 0.33095238095238094 0.8286516853932584 0.3535714285714286 0.7794943820224719 0.2619047619047619 0.7219101123595506
1 0.4988095238095238 0.16713483146067415 0.580952380952381 0.16713483146067415 0.580952380952381 0.12219101123595505 0.4976190476190476 0.12219101123595505
1 0.5083333333333333 0.2991573033707865 0.5916666666666667 0.2949438202247191 0.5904761904761905 0.25140449438202245 0.5059523809523809 0.2556179775280899
1 0.5119047619047619 0.34129213483146065 0.5821428571428572 0.33146067415730335 0.5797619047619048 0.29353932584269665 0.5059523809523809 0.30758426966292135
1 0.5059523809523809 0.523876404494382 0.5952380952380952 0.5224719101123596 0.5952380952380952 0.476123595505618 0.5035714285714286 0.47752808988764045
1 0.5071428571428571 0.574438202247191 0.5916666666666667 0.5702247191011236 0.5892857142857143 0.526685393258427 0.5059523809523809 0.5294943820224719
1 0.513095238095238 0.6207865168539326 0.5952380952380952 0.6207865168539326 0.594047619047619 0.5758426966292135 0.5119047619047619 0.5814606741573034
1 0.5119047619047619 0.7317415730337079 0.5119047619047619 0.7752808988764045 0.5928571428571429 0.7710674157303371 0.5916666666666667 0.7289325842696629
1 0.5 0.7921348314606742 0.5035714285714286 0.8328651685393258 0.5952380952380952 0.8202247191011236 0.5880952380952381 0.7780898876404494
1 0.5238095238095238 0.8328651685393258 0.5190476190476191 0.8693820224719101 0.6083333333333333 0.8721910112359551 0.6095238095238096 0.8356741573033708
1 0.6226190476190476 0.8047752808988764 0.6226190476190476 0.848314606741573 0.7083333333333334 0.8469101123595506 0.705952380952381 0.8019662921348315
1 0.7178571428571429 0.8103932584269663 0.7154761904761905 0.8525280898876404 0.805952380952381 0.8567415730337079 0.8035714285714286 0.8103932584269663
1 0.6297619047619047 0.7542134831460674 0.6309523809523809 0.7921348314606742 0.7119047619047619 0.7907303370786517 0.7107142857142857 0.7528089887640449
1 0.8035714285714286 0.7556179775280899 0.7142857142857143 0.7584269662921348 0.7154761904761905 0.8019662921348315 0.8071428571428572 0.7991573033707865
1 0.6178571428571429 0.7036516853932584 0.6190476190476191 0.7429775280898876 0.7083333333333334 0.7429775280898876 0.7095238095238096 0.7008426966292135
1 0.7154761904761905 0.702247191011236 0.7178571428571429 0.7443820224719101 0.8023809523809524 0.7443820224719101 0.8 0.7008426966292135
4 0.6154761904761905 0.6867977528089888 0.7119047619047619 0.6896067415730337 0.7095238095238096 0.648876404494382 0.6154761904761905 0.648876404494382
1 0.7095238095238096 0.6404494382022472 0.7976190476190477 0.6390449438202247 0.7976190476190477 0.5969101123595506 0.7107142857142857 0.5955056179775281
1 0.6166666666666667 0.5969101123595506 0.6154761904761905 0.6376404494382022 0.7047619047619048 0.6362359550561798 0.7047619047619048 0.5969101123595506
1 0.6226190476190476 0.5491573033707865 0.6226190476190476 0.5884831460674157 0.6976190476190476 0.5870786516853933 0.6964285714285714 0.547752808988764
1 0.7023809523809523 0.5379213483146067 0.7904761904761904 0.5393258426966292 0.7880952380952381 0.49297752808988765 0.7023809523809523 0.49157303370786515
1 0.6142857142857143 0.5393258426966292 0.6976190476190476 0.5393258426966292 0.6964285714285714 0.4957865168539326 0.6130952380952381 0.5
1 0.6166666666666667 0.48735955056179775 0.7107142857142857 0.48314606741573035 0.7107142857142857 0.4438202247191011 0.6166666666666667 0.4438202247191011
1 0.7023809523809523 0.4339887640449438 0.7892857142857143 0.4339887640449438 0.7892857142857143 0.3890449438202247 0.7011904761904761 0.39185393258426965
1 0.6107142857142858 0.4353932584269663 0.7 0.4353932584269663 0.6988095238095238 0.3904494382022472 0.6107142857142858 0.39185393258426965
1 0.7023809523809523 0.3398876404494382 0.7023809523809523 0.3792134831460674 0.7845238095238095 0.38342696629213485 0.7857142857142857 0.34269662921348315
1 0.6107142857142858 0.34691011235955055 0.6130952380952381 0.3890449438202247 0.694047619047619 0.3862359550561798 0.694047619047619 0.3441011235955056
1 0.6095238095238096 0.28370786516853935 0.6869047619047619 0.28370786516853935 0.6869047619047619 0.24719101123595505 0.6107142857142858 0.2443820224719101
1 0.6880952380952381 0.2808988764044944 0.7726190476190476 0.2893258426966292 0.7726190476190476 0.24859550561797752 0.6880952380952381 0.24157303370786518