4 0.5654761904761905 0.1544943820224719 0.569047619047619 0.1896067415730337 0.6583333333333333 0.1797752808988764 0.6535714285714286 0.13904494382022473
1 0.5702380952380952 0.199438202247191 0.5738095238095238 0.22893258426966293 0.6369047619047619 0.22331460674157302 0.6321428571428571 0.1896067415730337
4 0.5761904761904761 0.2345505617977528 0.5773809523809523 0.27808988764044945 0.6511904761904762 0.27668539325842695 0.6535714285714286 0.23174157303370788
1 0.513095238095238 0.4143258426966292 0.49404761904761907 0.4803370786516854 0.4607142857142857 0.46769662921348315 0.4845238095238095 0.3960674157303371
1 0.49642857142857144 0.49157303370786515 0.45 0.5674157303370787 0.4726190476190476 0.5912921348314607 0.5190476190476191 0.5154494382022472
1 0.4988095238095238 0.6081460674157303 0.4392857142857143 0.672752808988764 0.4583333333333333 0.7008426966292135 0.5202380952380953 0.6348314606741573
1 0.5190476190476191 0.6741573033707865 0.4523809523809524 0.7345505617977528 0.46904761904761905 0.7682584269662921 0.5416666666666666 0.7064606741573034
1 0.5238095238095238 0.75 0.45 0.8160112359550562 0.4726190476190476 0.8469101123595506 0.5404761904761904 0.7808988764044944
4 0.4238095238095238 0.6446629213483146 0.42023809523809524 0.7654494382022472 0.37976190476190474 0.7682584269662921 0.38452380952380955 0.6404494382022472
3 0.21785714285714286 0.5323033707865169 0.21904761904761905 0.6629213483146067 0.16547619047619047 0.6615168539325843 0.17142857142857143 0.5294943820224719
1 0.2369047619047619 0.2654494382022472 0.2357142857142857 0.3792134831460674 0.19404761904761905 0.3792134831460674 0.19404761904761905 0.26825842696629215