1 0.14642857142857144 0.4887640449438202 0.1357142857142857 0.5351123595505618 0.15357142857142858 0.5407303370786517 0.16428571428571428 0.49297752808988765
1 0.17142857142857143 0.49297752808988765 0.16904761904761906 0.5365168539325843 0.19047619047619047 0.5365168539325843 0.19166666666666668 0.49297752808988765
1 0.22738095238095238 0.49297752808988765 0.22023809523809523 0.5337078651685393 0.24166666666666667 0.5379213483146067 0.25 0.4943820224719101
1 0.25833333333333336 0.4957865168539326 0.2511904761904762 0.5323033707865169 0.26785714285714285 0.5351123595505618 0.275 0.49859550561797755
1 0.6440476190476191 0.3553370786516854 0.6452380952380953 0.37640449438202245 0.6869047619047619 0.37640449438202245 0.6880952380952381 0.35252808988764045
1 0.6392857142857142 0.2893258426966292 0.6392857142857142 0.30758426966292135 0.6797619047619048 0.30758426966292135 0.6797619047619048 0.28792134831460675
1 0.6369047619047619 0.26825842696629215 0.6369047619047619 0.28651685393258425 0.6785714285714286 0.2851123595505618 0.6785714285714286 0.26685393258426965
1 0.6261904761904762 0.19101123595505617 0.6261904761904762 0.21067415730337077 0.6642857142857143 0.21067415730337077 0.6642857142857143 0.19101123595505617
1 0.7309523809523809 0.15308988764044945 0.7309523809523809 0.17696629213483145 0.7785714285714286 0.175561797752809 0.7785714285714286 0.15168539325842698
1 0.7333333333333333 0.21910112359550563 0.7333333333333333 0.2401685393258427 0.7785714285714286 0.2401685393258427 0.7785714285714286 0.21769662921348315
1 0.7464285714285714 0.25140449438202245 0.7464285714285714 0.2696629213483146 0.7833333333333333 0.26825842696629215 0.7845238095238095 0.25140449438202245
1 0.7547619047619047 0.30337078651685395 0.7547619047619047 0.3202247191011236 0.7952380952380952 0.3202247191011236 0.7952380952380952 0.30337078651685395
1 0.5261904761904762 0.6278089887640449 0.525 0.6474719101123596 0.569047619047619 0.6474719101123596 0.569047619047619 0.6264044943820225
1 0.6702380952380952 0.672752808988764 0.6702380952380952 0.6980337078651685 0.7142857142857143 0.6980337078651685 0.7142857142857143 0.6713483146067416
1 0.6464285714285715 0.7485955056179775 0.6464285714285715 0.800561797752809 0.6702380952380952 0.800561797752809 0.669047619047619 0.7485955056179775
4 0.5273809523809524 0.7949438202247191 0.5285714285714286 0.8258426966292135 0.5773809523809523 0.8258426966292135 0.5773809523809523 0.7949438202247191
4 0.5333333333333333 0.7275280898876404 0.5333333333333333 0.7584269662921348 0.580952380952381 0.7584269662921348 0.580952380952381 0.7275280898876404
3 0.1761904761904762 0.7485955056179775 0.175 0.7808988764044944 0.2357142857142857 0.7808988764044944 0.2369047619047619 0.7485955056179775
1 0.7690476190476191 0.3806179775280899 0.7690476190476191 0.40730337078651685 0.8166666666666667 0.40730337078651685 0.8166666666666667 0.3806179775280899