1 0.37023809523809526 0.2345505617977528 0.3773809523809524 0.2654494382022472 0.3619047619047619 0.2710674157303371 0.3523809523809524 0.2401685393258427
1 0.4166666666666667 0.27808988764044945 0.44166666666666665 0.30337078651685395 0.45357142857142857 0.2893258426966292 0.4297619047619048 0.26685393258426965
1 0.4154761904761905 0.34831460674157305 0.45357142857142857 0.3707865168539326 0.4607142857142857 0.34831460674157305 0.4261904761904762 0.33146067415730335
1 0.29285714285714287 0.4297752808988764 0.34285714285714286 0.4311797752808989 0.34285714285714286 0.4058988764044944 0.29642857142857143 0.4058988764044944
1 0.4154761904761905 0.41853932584269665 0.45 0.4410112359550562 0.4607142857142857 0.4199438202247191 0.42857142857142855 0.3960674157303371
1 0.40476190476190477 0.38342696629213485 0.45 0.4044943820224719 0.4583333333333333 0.3806179775280899 0.4142857142857143 0.35814606741573035
1 0.4785714285714286 0.4550561797752809 0.5261904761904762 0.45224719101123595 0.525 0.42837078651685395 0.4773809523809524 0.4297752808988764
1 0.5333333333333333 0.45224719101123595 0.5797619047619048 0.449438202247191 0.5785714285714286 0.42837078651685395 0.5321428571428571 0.42837078651685395
1 0.5011904761904762 0.5014044943820225 0.5523809523809524 0.49859550561797755 0.5511904761904762 0.47331460674157305 0.4988095238095238 0.4747191011235955
1 0.5595238095238095 0.5028089887640449 0.6059523809523809 0.49719101123595505 0.6047619047619047 0.47191011235955055 0.5571428571428572 0.476123595505618
1 0.5095238095238095 0.7092696629213483 0.5095238095238095 0.7710674157303371 0.5345238095238095 0.7696629213483146 0.5333333333333333 0.7092696629213483
1 0.7666666666666667 0.5758426966292135 0.7869047619047619 0.5758426966292135 0.7892857142857143 0.625 0.7666666666666667 0.6235955056179775
1 0.7678571428571429 0.625 0.7702380952380953 0.672752808988764 0.7904761904761904 0.6685393258426966 0.7857142857142857 0.625
1 0.7880952380952381 0.7542134831460674 0.7904761904761904 0.8061797752808989 0.8119047619047619 0.8047752808988764 0.8083333333333333 0.7528089887640449
1 0.830952380952381 0.5421348314606742 0.8892857142857142 0.5421348314606742 0.8857142857142857 0.5674157303370787 0.8297619047619048 0.5660112359550562
1 0.830952380952381 0.5997191011235955 0.8845238095238095 0.5955056179775281 0.8833333333333333 0.5730337078651685 0.8297619047619048 0.5702247191011236
1 0.8357142857142857 0.6264044943820225 0.8833333333333333 0.6320224719101124 0.8809523809523809 0.6039325842696629 0.8369047619047619 0.5997191011235955
1 0.8416666666666667 0.4550561797752809 0.8404761904761905 0.48314606741573035 0.8833333333333333 0.4845505617977528 0.8845238095238095 0.4592696629213483
1 0.10119047619047619 0.40308988764044945 0.14166666666666666 0.40168539325842695 0.14285714285714285 0.425561797752809 0.10119047619047619 0.425561797752809
1 0.10714285714285714 0.37780898876404495 0.15357142857142858 0.38202247191011235 0.15 0.40168539325842695 0.10476190476190476 0.39747191011235955
1 0.12738095238095237 0.29213483146067415 0.16428571428571428 0.2949438202247191 0.1619047619047619 0.3146067415730337 0.1261904761904762 0.31179775280898875
1 0.11785714285714285 0.31741573033707865 0.15119047619047618 0.3188202247191011 0.1488095238095238 0.33848314606741575 0.11666666666666667 0.3356741573033708
1 0.8452380952380952 0.6502808988764045 0.8916666666666667 0.6573033707865169 0.888095238095238 0.6811797752808989 0.8452380952380952 0.6783707865168539