1 0.5321428571428571 0.19101123595505617 0.5535714285714286 0.19101123595505617 0.5535714285714286 0.22191011235955055 0.5333333333333333 0.22331460674157302
1 0.6607142857142857 0.16853932584269662 0.6773809523809524 0.16853932584269662 0.6773809523809524 0.13202247191011235 0.6607142857142857 0.13202247191011235
1 0.49166666666666664 0.2612359550561798 0.48095238095238096 0.28792134831460675 0.5 0.2893258426966292 0.5083333333333333 0.26264044943820225
1 0.5154761904761904 0.2654494382022472 0.5083333333333333 0.2893258426966292 0.5214285714285715 0.2893258426966292 0.5285714285714286 0.2654494382022472
1 0.7273809523809524 0.21348314606741572 0.7452380952380953 0.21348314606741572 0.7452380952380953 0.24859550561797752 0.7273809523809524 0.25
1 0.7547619047619047 0.2148876404494382 0.7547619047619047 0.2556179775280899 0.7714285714285715 0.2556179775280899 0.7726190476190476 0.21629213483146068
1 0.555952380952381 0.5758426966292135 0.5464285714285714 0.6334269662921348 0.569047619047619 0.6362359550561798 0.5761904761904761 0.577247191011236
1 0.6011904761904762 0.6938202247191011 0.6309523809523809 0.6924157303370787 0.6309523809523809 0.7514044943820225 0.6023809523809524 0.7514044943820225
1 0.7404761904761905 0.7851123595505618 0.6785714285714286 0.797752808988764 0.6880952380952381 0.8258426966292135 0.7488095238095238 0.8146067415730337
4 0.375 0.8258426966292135 0.3678571428571429 0.8651685393258427 0.38571428571428573 0.8651685393258427 0.39404761904761904 0.8258426966292135
1 0.7559523809523809 0.8455056179775281 0.7023809523809523 0.8441011235955056 0.7023809523809523 0.8693820224719101 0.7559523809523809 0.8693820224719101
1 0.8238095238095238 0.8216292134831461 0.8166666666666667 0.8735955056179775 0.8369047619047619 0.8764044943820225 0.844047619047619 0.8230337078651685
1 0.13333333333333333 0.7991573033707865 0.11190476190476191 0.8567415730337079 0.13333333333333333 0.8637640449438202 0.15357142857142858 0.8033707865168539
1 0.1630952380952381 0.8061797752808989 0.14404761904761904 0.8721910112359551 0.16547619047619047 0.875 0.18452380952380953 0.8089887640449438
1 0.23809523809523808 0.8146067415730337 0.22380952380952382 0.8721910112359551 0.2488095238095238 0.8721910112359551 0.2619047619047619 0.8160112359550562
1 0.2761904761904762 0.8146067415730337 0.2654761904761905 0.8609550561797753 0.2869047619047619 0.8609550561797753 0.29642857142857143 0.8146067415730337
1 0.30714285714285716 0.8216292134831461 0.2976190476190476 0.8707865168539326 0.31785714285714284 0.8707865168539326 0.3273809523809524 0.8216292134831461
1 0.3416666666666667 0.8230337078651685 0.33214285714285713 0.8665730337078652 0.3523809523809524 0.8665730337078652 0.3607142857142857 0.8230337078651685
1 0.21428571428571427 0.6910112359550562 0.22857142857142856 0.7457865168539326 0.25 0.7345505617977528 0.23452380952380952 0.6839887640449438
4 0.2488095238095238 0.702247191011236 0.2619047619047619 0.7429775280898876 0.28095238095238095 0.7317415730337079 0.26785714285714285 0.6938202247191011
1 0.28214285714285714 0.6980337078651685 0.2976190476190476 0.7457865168539326 0.3202380952380952 0.7359550561797753 0.30357142857142855 0.6882022471910112
4 0.31785714285714284 0.7092696629213483 0.3333333333333333 0.7556179775280899 0.3523809523809524 0.7485955056179775 0.3357142857142857 0.7008426966292135