1 0.6571428571428571 0.125 0.6428571428571429 0.2205056179775281 0.680952380952381 0.22612359550561797 0.694047619047619 0.12780898876404495
1 0.6369047619047619 0.24719101123595505 0.625 0.34831460674157305 0.6642857142857143 0.351123595505618 0.6738095238095239 0.25140449438202245
1 0.6297619047619047 0.3637640449438202 0.6190476190476191 0.46207865168539325 0.6571428571428571 0.47191011235955055 0.6714285714285714 0.36797752808988765
1 0.5464285714285714 0.39747191011235955 0.46190476190476193 0.37780898876404495 0.4511904761904762 0.425561797752809 0.5416666666666666 0.4452247191011236
1 0.5535714285714286 0.3202247191011236 0.4583333333333333 0.3061797752808989 0.4511904761904762 0.351123595505618 0.5476190476190477 0.36797752808988765
1 0.5428571428571428 0.23314606741573032 0.45595238095238094 0.24719101123595505 0.4642857142857143 0.29353932584269665 0.5571428571428572 0.2752808988764045
1 0.5678571428571428 0.12780898876404495 0.5583333333333333 0.17696629213483145 0.4726190476190476 0.15730337078651685 0.48333333333333334 0.11095505617977527
3 0.3357142857142857 0.574438202247191 0.4583333333333333 0.6025280898876404 0.45 0.6573033707865169 0.3273809523809524 0.6278089887640449
2 0.1880952380952381 0.5337078651685393 0.32142857142857145 0.5603932584269663 0.30833333333333335 0.6151685393258427 0.1773809523809524 0.5898876404494382
1 0.5916666666666667 0.6896067415730337 0.5821428571428572 0.8103932584269663 0.6190476190476191 0.8146067415730337 0.6285714285714286 0.6910112359550562
1 0.3761904761904762 0.7134831460674157 0.4488095238095238 0.7963483146067416 0.4226190476190476 0.8300561797752809 0.35 0.7457865168539326
1 0.3392857142857143 0.7823033707865169 0.40595238095238095 0.8455056179775281 0.3773809523809524 0.8820224719101124 0.3107142857142857 0.8146067415730337