2 0.18214285714285713 0.13904494382022473 0.0880952380952381 0.2612359550561798 0.12857142857142856 0.3061797752808989 0.2261904761904762 0.15308988764044945
2 0.23214285714285715 0.13202247191011235 0.1261904761904762 0.29353932584269665 0.17142857142857143 0.3089887640449438 0.275 0.15730337078651685
2 0.26785714285714285 0.16151685393258428 0.15714285714285714 0.31741573033707865 0.21428571428571427 0.3398876404494382 0.30952380952380953 0.18117977528089887
2 0.3 0.17275280898876405 0.1869047619047619 0.34129213483146065 0.24642857142857144 0.3693820224719101 0.3416666666666667 0.19101123595505617
2 0.3404761904761905 0.18258426966292135 0.22738095238095238 0.3609550561797753 0.2857142857142857 0.3806179775280899 0.3726190476190476 0.20084269662921347
2 0.3773809523809524 0.19241573033707865 0.2845238095238095 0.3609550561797753 0.3333333333333333 0.3806179775280899 0.41785714285714287 0.21629213483146068
2 0.4166666666666667 0.21348314606741572 0.3273809523809524 0.37219101123595505 0.375 0.39185393258426965 0.45595238095238094 0.22752808988764045
2 0.4523809523809524 0.22191011235955055 0.3523809523809524 0.39747191011235955 0.40714285714285714 0.4157303370786517 0.49523809523809526 0.24157303370786518
4 0.7880952380952381 0.13764044943820225 0.7761904761904762 0.1699438202247191 0.8285714285714286 0.18258426966292135 0.8416666666666667 0.1544943820224719
3 0.45 0.3651685393258427 0.35833333333333334 0.5632022471910112 0.40714285714285714 0.5800561797752809 0.49166666666666664 0.37640449438202245
2 0.49523809523809526 0.48174157303370785 0.4583333333333333 0.5561797752808989 0.4976190476190476 0.577247191011236 0.5333333333333333 0.5
3 0.7035714285714286 0.29634831460674155 0.6178571428571429 0.47331460674157305 0.6630952380952381 0.4943820224719101 0.7380952380952381 0.3089887640449438
3 0.7523809523809524 0.3146067415730337 0.6857142857142857 0.5084269662921348 0.7297619047619047 0.5196629213483146 0.7904761904761904 0.32724719101123595
2 0.6333333333333333 0.2205056179775281 0.6142857142857143 0.24719101123595505 0.6845238095238095 0.27668539325842695 0.7 0.23876404494382023