4 0.1869047619047619 0.3792134831460674 0.19166666666666668 0.40870786516853935 0.24523809523809523 0.398876404494382 0.24047619047619048 0.36797752808988765
1 0.2761904761904762 0.14747191011235955 0.2702380952380952 0.19101123595505617 0.28809523809523807 0.19101123595505617 0.29404761904761906 0.14887640449438203
1 0.2714285714285714 0.19241573033707865 0.25595238095238093 0.2345505617977528 0.28095238095238095 0.23314606741573032 0.2857142857142857 0.1952247191011236
1 0.2571428571428571 0.23595505617977527 0.24761904761904763 0.28230337078651685 0.26666666666666666 0.28370786516853935 0.2761904761904762 0.2401685393258427
1 0.24642857142857144 0.28651685393258425 0.23333333333333334 0.32865168539325845 0.25595238095238093 0.33146067415730335 0.2630952380952381 0.2893258426966292
1 0.2357142857142857 0.32724719101123595 0.2226190476190476 0.3693820224719101 0.24047619047619048 0.37359550561797755 0.2511904761904762 0.3356741573033708
1 0.20952380952380953 0.40870786516853935 0.19285714285714287 0.4508426966292135 0.21904761904761905 0.45646067415730335 0.23214285714285715 0.40870786516853935
1 0.19166666666666668 0.4691011235955056 0.1761904761904762 0.5168539325842697 0.19642857142857142 0.5210674157303371 0.21071428571428572 0.47331460674157305
1 0.17857142857142858 0.5168539325842697 0.1630952380952381 0.5674157303370787 0.18214285714285713 0.574438202247191 0.1976190476190476 0.5252808988764045
1 0.15714285714285714 0.45646067415730335 0.15 0.5084269662921348 0.17142857142857143 0.5084269662921348 0.17857142857142858 0.4550561797752809
1 0.11904761904761904 0.6699438202247191 0.10119047619047619 0.7191011235955056 0.12261904761904761 0.726123595505618 0.1392857142857143 0.6783707865168539
4 0.1488095238095238 0.8103932584269663 0.12023809523809524 0.8820224719101124 0.09642857142857143 0.8623595505617978 0.12261904761904761 0.800561797752809
4 0.44047619047619047 0.16151685393258428 0.44047619047619047 0.19241573033707865 0.49642857142857144 0.18679775280898878 0.49523809523809526 0.1601123595505618
4 0.45595238095238094 0.35252808988764045 0.45357142857142857 0.3806179775280899 0.49166666666666664 0.38202247191011235 0.48928571428571427 0.351123595505618
4 0.43214285714285716 0.5294943820224719 0.43214285714285716 0.5603932584269663 0.49047619047619045 0.5617977528089888 0.49047619047619045 0.5323033707865169
4 0.36666666666666664 0.6952247191011236 0.35714285714285715 0.7317415730337079 0.4297619047619048 0.7485955056179775 0.4357142857142857 0.7176966292134831
1 0.4380952380952381 0.14747191011235955 0.4380952380952381 0.16573033707865167 0.49166666666666664 0.16432584269662923 0.49047619047619045 0.14606741573033707
1 0.44285714285714284 0.19101123595505617 0.44285714285714284 0.21348314606741572 0.49404761904761907 0.20224719101123595 0.49166666666666664 0.18398876404494383
1 0.44047619047619047 0.21207865168539325 0.44166666666666665 0.23595505617977527 0.4857142857142857 0.2303370786516854 0.48333333333333334 0.20786516853932585
1 0.44285714285714284 0.23314606741573032 0.44166666666666665 0.25 0.4928571428571429 0.24719101123595505 0.49166666666666664 0.23314606741573032
1 0.44285714285714284 0.25 0.44166666666666665 0.2654494382022472 0.4857142857142857 0.2640449438202247 0.4857142857142857 0.24719101123595505
1 0.44047619047619047 0.2696629213483146 0.4392857142857143 0.28651685393258425 0.4857142857142857 0.28792134831460675 0.4845238095238095 0.26825842696629215
1 0.4357142857142857 0.2907303370786517 0.4357142857142857 0.31179775280898875 0.48333333333333334 0.31320224719101125 0.4845238095238095 0.29353932584269665
1 0.42857142857142855 0.3160112359550562 0.42857142857142855 0.3398876404494382 0.48333333333333334 0.3398876404494382 0.48333333333333334 0.31741573033707865
1 0.425 0.34129213483146065 0.425 0.3595505617977528 0.4726190476190476 0.3553370786516854 0.47023809523809523 0.33848314606741575
1 0.3976190476190476 0.3595505617977528 0.3952380952380952 0.3890449438202247 0.444047619047619 0.3862359550561798 0.44285714285714284 0.36657303370786515
1 0.4166666666666667 0.3890449438202247 0.41904761904761906 0.40870786516853935 0.4714285714285714 0.40168539325842695 0.46904761904761905 0.3806179775280899
1 0.4238095238095238 0.40870786516853935 0.42738095238095236 0.42696629213483145 0.4773809523809524 0.42275280898876405 0.4714285714285714 0.4044943820224719
1 0.43214285714285716 0.4339887640449438 0.4357142857142857 0.4550561797752809 0.4797619047619048 0.45224719101123595 0.47619047619047616 0.43258426966292135
1 0.4369047619047619 0.45786516853932585 0.4369047619047619 0.48174157303370785 0.49166666666666664 0.48174157303370785 0.49047619047619045 0.45786516853932585
1 0.43214285714285716 0.48314606741573035 0.430952380952381 0.5084269662921348 0.4845238095238095 0.5112359550561798 0.4845238095238095 0.4859550561797753
1 0.4297619047619048 0.5126404494382022 0.43214285714285716 0.5379213483146067 0.4857142857142857 0.5351123595505618 0.4845238095238095 0.5140449438202247
1 0.44285714285714284 0.5603932584269663 0.4369047619047619 0.5842696629213483 0.48928571428571427 0.598314606741573 0.4976190476190476 0.574438202247191
1 0.4357142857142857 0.5870786516853933 0.425 0.6053370786516854 0.47619047619047616 0.6264044943820225 0.4857142857142857 0.6067415730337079
1 0.41309523809523807 0.6109550561797753 0.40595238095238095 0.6348314606741573 0.46190476190476193 0.6615168539325843 0.4714285714285714 0.6306179775280899
1 0.5035714285714286 0.15308988764044945 0.5047619047619047 0.17696629213483145 0.5452380952380952 0.1797752808988764 0.5476190476190477 0.15589887640449437
1 0.5071428571428571 0.18117977528089887 0.5059523809523809 0.20084269662921347 0.55 0.20365168539325842 0.5511904761904762 0.18398876404494383
1 0.5059523809523809 0.20224719101123595 0.5059523809523809 0.21910112359550563 0.5535714285714286 0.2205056179775281 0.5535714285714286 0.20365168539325842
1 0.5095238095238095 0.22191011235955055 0.5083333333333333 0.2345505617977528 0.5488095238095239 0.2401685393258427 0.55 0.22331460674157302
1 0.5107142857142857 0.23735955056179775 0.5083333333333333 0.25280898876404495 0.5535714285714286 0.25702247191011235 0.5547619047619048 0.2443820224719101
1 0.5083333333333333 0.25140449438202245 0.5083333333333333 0.26825842696629215 0.5511904761904762 0.27668539325842695 0.5511904761904762 0.25842696629213485
1 0.5095238095238095 0.2710674157303371 0.5095238095238095 0.2893258426966292 0.5571428571428572 0.29213483146067415 0.5571428571428572 0.27668539325842695
1 0.5071428571428571 0.29213483146067415 0.5095238095238095 0.3089887640449438 0.5547619047619048 0.3146067415730337 0.5547619047619048 0.29634831460674155
1 0.5119047619047619 0.3103932584269663 0.5107142857142857 0.32865168539325845 0.5571428571428572 0.33286516853932585 0.555952380952381 0.31741573033707865
1 0.5071428571428571 0.33286516853932585 0.5083333333333333 0.35252808988764045 0.5547619047619048 0.35252808988764045 0.5535714285714286 0.33286516853932585
1 0.5071428571428571 0.3553370786516854 0.5071428571428571 0.37359550561797755 0.5571428571428572 0.375 0.5571428571428572 0.35814606741573035
1 0.5095238095238095 0.37640449438202245 0.5107142857142857 0.39185393258426965 0.5583333333333333 0.39747191011235955 0.555952380952381 0.3806179775280899
1 0.5023809523809524 0.3960674157303371 0.5035714285714286 0.4101123595505618 0.5595238095238095 0.41292134831460675 0.5595238095238095 0.39747191011235955
1 0.5119047619047619 0.4353932584269663 0.5119047619047619 0.45786516853932585 0.5619047619047619 0.4606741573033708 0.5619047619047619 0.43820224719101125
1 0.5142857142857142 0.46207865168539325 0.5142857142857142 0.4803370786516854 0.5452380952380952 0.48314606741573035 0.5452380952380952 0.46207865168539325
1 0.5071428571428571 0.48735955056179775 0.5095238095238095 0.5042134831460674 0.5619047619047619 0.5112359550561798 0.5619047619047619 0.4901685393258427
1 0.513095238095238 0.5098314606741573 0.513095238095238 0.526685393258427 0.5619047619047619 0.5294943820224719 0.5619047619047619 0.5112359550561798
1 0.5166666666666667 0.5323033707865169 0.5154761904761904 0.550561797752809 0.5619047619047619 0.5547752808988764 0.5607142857142857 0.5351123595505618
1 0.5119047619047619 0.5575842696629213 0.5119047619047619 0.574438202247191 0.5547619047619048 0.5828651685393258 0.5547619047619048 0.5632022471910112
1 0.5857142857142857 0.14325842696629212 0.5869047619047619 0.18679775280898878 0.6071428571428571 0.18679775280898878 0.6047619047619047 0.1404494382022472
1 0.5857142857142857 0.22191011235955055 0.5916666666666667 0.2556179775280899 0.6095238095238096 0.2556179775280899 0.6023809523809524 0.21910112359550563
1 0.5928571428571429 0.2654494382022472 0.5964285714285714 0.29353932584269665 0.6130952380952381 0.2907303370786517 0.6095238095238096 0.26264044943820225
1 0.5964285714285714 0.2949438202247191 0.5976190476190476 0.3356741573033708 0.6166666666666667 0.3356741573033708 0.6154761904761905 0.29353932584269665
1 0.5964285714285714 0.3398876404494382 0.5976190476190476 0.38202247191011235 0.6154761904761905 0.38342696629213485 0.6154761904761905 0.34269662921348315
1 0.5964285714285714 0.3946629213483146 0.6011904761904762 0.43679775280898875 0.6202380952380953 0.43679775280898875 0.6166666666666667 0.39185393258426965
1 0.6023809523809524 0.45786516853932585 0.6035714285714285 0.5056179775280899 0.6273809523809524 0.5070224719101124 0.6238095238095238 0.45786516853932585
1 0.5952380952380952 0.18820224719101122 0.5952380952380952 0.2050561797752809 0.6428571428571429 0.20786516853932585 0.6428571428571429 0.18679775280898878
1 0.6035714285714285 0.21067415730337077 0.6023809523809524 0.2345505617977528 0.6452380952380953 0.22612359550561797 0.6440476190476191 0.20224719101123595
1 0.6226190476190476 0.3539325842696629 0.6226190476190476 0.37359550561797755 0.6738095238095239 0.3693820224719101 0.6726190476190477 0.35252808988764045
1 0.6226190476190476 0.37359550561797755 0.6238095238095238 0.39185393258426965 0.6761904761904762 0.38764044943820225 0.6761904761904762 0.3693820224719101
1 0.625 0.3960674157303371 0.625 0.4157303370786517 0.6738095238095239 0.41292134831460675 0.6738095238095239 0.39185393258426965
1 0.6261904761904762 0.4199438202247191 0.6261904761904762 0.43820224719101125 0.6857142857142857 0.4396067415730337 0.6869047619047619 0.41713483146067415
1 0.6297619047619047 0.4396067415730337 0.6297619047619047 0.46207865168539325 0.6833333333333333 0.4592696629213483 0.6845238095238095 0.43820224719101125
1 0.6321428571428571 0.4606741573033708 0.6369047619047619 0.48314606741573035 0.6845238095238095 0.4803370786516854 0.680952380952381 0.4592696629213483
1 0.6333333333333333 0.4887640449438202 0.6345238095238095 0.5112359550561798 0.6880952380952381 0.5028089887640449 0.6869047619047619 0.48174157303370785
1 0.6333333333333333 0.5098314606741573 0.6333333333333333 0.5294943820224719 0.6845238095238095 0.5252808988764045 0.680952380952381 0.5042134831460674
1 0.6345238095238095 0.5323033707865169 0.6369047619047619 0.5603932584269663 0.6928571428571428 0.5547752808988764 0.6916666666666667 0.5323033707865169
1 0.6130952380952381 0.5379213483146067 0.6130952380952381 0.5758426966292135 0.6321428571428571 0.574438202247191 0.6309523809523809 0.5393258426966292
1 0.6130952380952381 0.577247191011236 0.6011904761904762 0.6264044943820225 0.6238095238095238 0.6306179775280899 0.6297619047619047 0.5814606741573034
1 0.6071428571428571 0.6292134831460674 0.6 0.6896067415730337 0.625 0.6952247191011236 0.6285714285714286 0.6362359550561798
1 0.6226190476190476 0.7064606741573034 0.6059523809523809 0.726123595505618 0.6428571428571429 0.773876404494382 0.6654761904761904 0.7612359550561798
1 0.7023809523809523 0.7823033707865169 0.6928571428571428 0.8132022471910112 0.7535714285714286 0.8328651685393258 0.7607142857142857 0.8047752808988764
1 0.5369047619047619 0.8103932584269663 0.5452380952380952 0.8426966292134831 0.6011904761904762 0.8230337078651685 0.5964285714285714 0.7893258426966292
1 0.40714285714285714 0.6362359550561798 0.39880952380952384 0.6657303370786517 0.45 0.6853932584269663 0.4583333333333333 0.6573033707865169
1 0.3880952380952381 0.6685393258426966 0.3726190476190476 0.6952247191011236 0.4369047619047619 0.7134831460674157 0.4488095238095238 0.6896067415730337
1 0.3535714285714286 0.7317415730337079 0.34404761904761905 0.7612359550561798 0.4011904761904762 0.7823033707865169 0.4119047619047619 0.7485955056179775
1 0.3535714285714286 0.7696629213483146 0.34523809523809523 0.7963483146067416 0.3880952380952381 0.8117977528089888 0.3952380952380952 0.7865168539325843
1 0.3345238095238095 0.7991573033707865 0.3238095238095238 0.8300561797752809 0.3773809523809524 0.8539325842696629 0.3869047619047619 0.8230337078651685
1 0.2916666666666667 0.8230337078651685 0.28214285714285714 0.851123595505618 0.33214285714285713 0.8679775280898876 0.3404761904761905 0.8441011235955056
1 0.5059523809523809 0.5926966292134831 0.4988095238095238 0.6123595505617978 0.5547619047619048 0.6264044943820225 0.5571428571428572 0.6053370786516854
1 0.4976190476190476 0.6179775280898876 0.49166666666666664 0.6376404494382022 0.544047619047619 0.6544943820224719 0.5488095238095239 0.6306179775280899
1 0.4857142857142857 0.6390449438202247 0.48095238095238096 0.6615168539325843 0.5321428571428571 0.6783707865168539 0.5369047619047619 0.6544943820224719
1 0.4773809523809524 0.6657303370786517 0.47023809523809523 0.6867977528089888 0.525 0.7050561797752809 0.530952380952381 0.6825842696629213
1 0.4666666666666667 0.6896067415730337 0.4595238095238095 0.7106741573033708 0.513095238095238 0.7387640449438202 0.5226190476190476 0.7134831460674157
1 0.46785714285714286 0.7275280898876404 0.4595238095238095 0.7485955056179775 0.5071428571428571 0.7724719101123596 0.5166666666666667 0.7485955056179775
1 0.4511904761904762 0.75 0.44047619047619047 0.7710674157303371 0.49047619047619045 0.7991573033707865 0.5011904761904762 0.7752808988764045
1 0.43214285714285716 0.7808988764044944 0.4238095238095238 0.8075842696629213 0.4738095238095238 0.8300561797752809 0.4845238095238095 0.8033707865168539
1 0.41904761904761906 0.8103932584269663 0.4095238095238095 0.8384831460674157 0.4666666666666667 0.8623595505617978 0.4773809523809524 0.8384831460674157