1 0.763095238095238 0.7092696629213483 0.7380952380952381 0.7106741573033708 0.7380952380952381 0.7626404494382022 0.7642857142857142 0.7598314606741573
1 0.6642857142857143 0.7289325842696629 0.6345238095238095 0.726123595505618 0.6309523809523809 0.7949438202247191 0.6619047619047619 0.800561797752809
1 0.6071428571428571 0.6193820224719101 0.5738095238095238 0.6151685393258427 0.5642857142857143 0.6882022471910112 0.5988095238095238 0.6910112359550562
1 0.7166666666666667 0.19241573033707865 0.694047619047619 0.19101123595505617 0.6892857142857143 0.23314606741573032 0.7142857142857143 0.2345505617977528
1 0.29523809523809524 0.4592696629213483 0.275 0.44803370786516855 0.25 0.5014044943820225 0.2785714285714286 0.5140449438202247
1 0.25357142857142856 0.4550561797752809 0.23214285714285715 0.4508426966292135 0.21428571428571427 0.5070224719101124 0.24166666666666667 0.5126404494382022
1 0.3738095238095238 0.34269662921348315 0.35119047619047616 0.33848314606741575 0.3392857142857143 0.3890449438202247 0.36428571428571427 0.39325842696629215
1 0.3821428571428571 0.2808988764044944 0.3595238095238095 0.27668539325842695 0.3476190476190476 0.32724719101123595 0.3726190476190476 0.33146067415730335
1 0.3523809523809524 0.20786516853932585 0.30833333333333335 0.19382022471910113 0.3 0.22612359550561797 0.34523809523809523 0.23314606741573032
1 0.325 0.2598314606741573 0.275 0.26825842696629215 0.27976190476190477 0.29213483146067415 0.33214285714285713 0.28792134831460675
1 0.32142857142857145 0.30337078651685395 0.26785714285714285 0.29353932584269665 0.25833333333333336 0.3258426966292135 0.31785714285714284 0.33286516853932585
1 0.30714285714285716 0.34691011235955055 0.26071428571428573 0.3398876404494382 0.2511904761904762 0.37219101123595505 0.30357142857142855 0.37640449438202245
3 0.763095238095238 0.5730337078651685 0.725 0.574438202247191 0.7285714285714285 0.7008426966292135 0.7678571428571429 0.6980337078651685
1 0.7821428571428571 0.14887640449438203 0.7619047619047619 0.14747191011235955 0.7595238095238095 0.19803370786516855 0.7821428571428571 0.1952247191011236