1 0.2523809523809524 0.16853932584269662 0.2488095238095238 0.20084269662921347 0.2654761904761905 0.20084269662921347 0.26785714285714285 0.16853932584269662
1 0.15476190476190477 0.2696629213483146 0.1488095238095238 0.30758426966292135 0.16904761904761906 0.30758426966292135 0.17142857142857143 0.2696629213483146
1 0.24047619047619048 0.3398876404494382 0.23333333333333334 0.3806179775280899 0.2523809523809524 0.38202247191011235 0.2571428571428571 0.3398876404494382
1 0.23452380952380952 0.3862359550561798 0.23095238095238096 0.4199438202247191 0.2488095238095238 0.4199438202247191 0.2511904761904762 0.3862359550561798
4 0.2261904761904762 0.48314606741573035 0.22380952380952382 0.5252808988764045 0.24285714285714285 0.5252808988764045 0.24404761904761904 0.48314606741573035
4 0.16785714285714284 0.75 0.16428571428571428 0.8033707865168539 0.1392857142857143 0.8019662921348315 0.14523809523809525 0.75
1 0.6095238095238096 0.17415730337078653 0.6095238095238096 0.2205056179775281 0.6273809523809524 0.2205056179775281 0.6273809523809524 0.17275280898876405
1 0.5880952380952381 0.24297752808988765 0.5535714285714286 0.24157303370786518 0.5535714285714286 0.22331460674157302 0.5880952380952381 0.22331460674157302
1 0.5916666666666667 0.24297752808988765 0.5916666666666667 0.2598314606741573 0.5547619047619048 0.25842696629213485 0.555952380952381 0.24157303370786518
1 0.6214285714285714 0.3188202247191011 0.6273809523809524 0.3637640449438202 0.6476190476190476 0.3637640449438202 0.6404761904761904 0.31741573033707865
1 0.6202380952380953 0.3960674157303371 0.6226190476190476 0.42134831460674155 0.5714285714285714 0.42134831460674155 0.5726190476190476 0.3960674157303371
1 0.6702380952380952 0.14887640449438203 0.6678571428571428 0.1699438202247191 0.7119047619047619 0.16853932584269662 0.7119047619047619 0.14747191011235955
1 0.719047619047619 0.16713483146067415 0.7226190476190476 0.19241573033707865 0.6702380952380952 0.19241573033707865 0.6702380952380952 0.16853932584269662
1 0.7202380952380952 0.18679775280898878 0.7226190476190476 0.21067415730337077 0.6761904761904762 0.21067415730337077 0.6761904761904762 0.18679775280898878
1 0.7261904761904762 0.22893258426966293 0.7273809523809524 0.25140449438202245 0.6833333333333333 0.25140449438202245 0.6833333333333333 0.22893258426966293
1 0.7202380952380952 0.25280898876404495 0.7226190476190476 0.2752808988764045 0.6773809523809524 0.2752808988764045 0.6761904761904762 0.2542134831460674
1 0.7297619047619047 0.27247191011235955 0.7345238095238096 0.2991573033707865 0.6845238095238095 0.30337078651685395 0.6833333333333333 0.2752808988764045
1 0.7345238095238096 0.3595505617977528 0.7357142857142858 0.38202247191011235 0.6892857142857143 0.38202247191011235 0.6904761904761905 0.3595505617977528
1 0.7380952380952381 0.38202247191011235 0.7440476190476191 0.4058988764044944 0.694047619047619 0.40870786516853935 0.6904761904761905 0.38342696629213485
1 0.7452380952380953 0.4058988764044944 0.7488095238095238 0.4311797752808989 0.7023809523809523 0.43258426966292135 0.6976190476190476 0.4058988764044944
1 0.7583333333333333 0.4592696629213483 0.7607142857142857 0.4845505617977528 0.7130952380952381 0.4845505617977528 0.7142857142857143 0.4592696629213483
1 0.6428571428571429 0.523876404494382 0.6428571428571429 0.5702247191011236 0.6642857142857143 0.5716292134831461 0.6619047619047619 0.523876404494382
3 0.7142857142857143 0.5098314606741573 0.7130952380952381 0.5351123595505618 0.7642857142857142 0.5351123595505618 0.763095238095238 0.5112359550561798
1 0.6142857142857143 0.6713483146067416 0.6142857142857143 0.702247191011236 0.6738095238095239 0.7008426966292135 0.6726190476190477 0.6713483146067416
1 0.7202380952380952 0.7205056179775281 0.7214285714285714 0.7780898876404494 0.7452380952380953 0.7780898876404494 0.7428571428571429 0.7205056179775281