1 0.42916666666666664 0.1502808988764045 0.015476190476190477 0.03932584269662921
1 0.4261904761904762 0.21558988764044945 0.011904761904761904 0.0351123595505618
1 0.3869047619047619 0.2612359550561798 0.3904761904761905 0.22612359550561797 0.375 0.22331460674157302 0.36904761904761907 0.2598314606741573
1 0.42738095238095236 0.24578651685393257 0.425 0.27668539325842695 0.4083333333333333 0.273876404494382 0.41309523809523807 0.24297752808988765
1 0.4166666666666667 0.29002808988764045 0.014285714285714285 0.02949438202247191
1 0.4172619047619048 0.33075842696629215 0.02261904761904762 0.046348314606741575
1 0.6113095238095239 0.2535112359550562 0.015476190476190477 0.02949438202247191
1 0.6089285714285714 0.19030898876404495 0.013095238095238096 0.032303370786516857
1 0.680952380952381 0.15308988764044945 0.655952380952381 0.16853932584269662 0.6630952380952381 0.18117977528089887 0.6880952380952381 0.16713483146067415
1 0.6892857142857143 0.18820224719101122 0.6666666666666666 0.2050561797752809 0.6523809523809524 0.19382022471910113 0.6797619047619048 0.17415730337078653
1 0.6904761904761905 0.20646067415730338 0.6678571428571428 0.22191011235955055 0.6547619047619048 0.20786516853932585 0.680952380952381 0.19241573033707865
1 0.6904761904761905 0.2303370786516854 0.6630952380952381 0.24859550561797752 0.6523809523809524 0.23314606741573032 0.680952380952381 0.21769662921348315
1 0.6952380952380952 0.3398876404494382 0.6476190476190476 0.3342696629213483 0.6523809523809524 0.3103932584269663 0.6952380952380952 0.3160112359550562
1 0.736904761904762 0.3455056179775281 0.7380952380952381 0.3890449438202247 0.7559523809523809 0.38764044943820225 0.7535714285714286 0.3455056179775281
1 0.6547619047619048 0.3539325842696629 0.6904761904761905 0.3553370786516854 0.6904761904761905 0.3356741573033708 0.6547619047619048 0.3342696629213483
1 0.611904761904762 0.34691011235955055 0.01904761904761905 0.042134831460674156
1 0.6136904761904762 0.39115168539325845 0.017857142857142856 0.0351123595505618
1 0.6791666666666667 0.3672752808988764 0.039285714285714285 0.023876404494382022
1 0.6988095238095238 0.40168539325842695 0.6583333333333333 0.4058988764044944 0.655952380952381 0.3806179775280899 0.6964285714285714 0.37780898876404495
1 0.7553571428571428 0.4452247191011236 0.017857142857142856 0.03932584269662921
1 0.6815476190476191 0.4178370786516854 0.04642857142857143 0.021067415730337078
1 0.6142857142857143 0.4396067415730337 0.016666666666666666 0.03932584269662921
1 0.6815476190476191 0.4375 0.04404761904761905 0.01544943820224719
1 0.6821428571428572 0.4592696629213483 0.04285714285714286 0.019662921348314606
1 0.6827380952380953 0.4824438202247191 0.041666666666666664 0.021067415730337078
1 0.6976190476190476 0.5154494382022472 0.655952380952381 0.5098314606741573 0.6583333333333333 0.4901685393258427 0.7 0.49719101123595505
1 0.7642857142857142 0.5280898876404494 0.02142857142857143 0.047752808988764044
1 0.6136904761904762 0.48525280898876405 0.02023809523809524 0.046348314606741575
1 0.6125 0.5280898876404494 0.017857142857142856 0.042134831460674156
1 0.6190476190476191 0.5793539325842697 0.016666666666666666 0.04353932584269663
1 0.5898809523809524 0.6039325842696629 0.025 0.05337078651685393
1 0.618452380952381 0.6362359550561798 0.017857142857142856 0.05056179775280899
1 0.7035714285714286 0.5365168539325843 0.6619047619047619 0.5393258426966292 0.6607142857142857 0.5168539325842697 0.7023809523809523 0.5140449438202247
1 0.7107142857142857 0.5646067415730337 0.6619047619047619 0.5702247191011236 0.6607142857142857 0.5449438202247191 0.7095238095238096 0.5435393258426966
1 0.7071428571428572 0.5941011235955056 0.6595238095238095 0.5955056179775281 0.6595238095238095 0.5758426966292135 0.7083333333333334 0.574438202247191
1 0.763095238095238 0.648876404494382 0.7642857142857142 0.6938202247191011 0.7821428571428571 0.6952247191011236 0.780952380952381 0.6502808988764045
1 0.7047619047619048 0.6179775280898876 0.6607142857142857 0.6151685393258427 0.6607142857142857 0.5941011235955056 0.7071428571428572 0.5969101123595506
1 0.6863095238095238 0.6355337078651685 0.05119047619047619 0.026685393258426966
1 0.6875 0.6650280898876404 0.04880952380952381 0.021067415730337078
1 0.6261904761904762 0.7134831460674157 0.6214285714285714 0.6671348314606742 0.6 0.6685393258426966 0.6047619047619047 0.7191011235955056
1 0.37976190476190474 0.32303370786516855 0.3738095238095238 0.3637640449438202 0.35714285714285715 0.3595505617977528 0.36428571428571427 0.3202247191011236
1 0.41785714285714287 0.38764044943820225 0.4011904761904762 0.3806179775280899 0.4107142857142857 0.34831460674157305 0.4261904761904762 0.3539325842696629
1 0.4154761904761905 0.4339887640449438 0.3952380952380952 0.43258426966292135 0.39880952380952384 0.39185393258426965 0.41785714285714287 0.3946629213483146
1 0.41309523809523807 0.4803370786516854 0.39166666666666666 0.476123595505618 0.3976190476190476 0.43258426966292135 0.41785714285714287 0.4353932584269663
1 0.3416666666666667 0.48314606741573035 0.3142857142857143 0.46207865168539325 0.3261904761904762 0.449438202247191 0.3523809523809524 0.4705056179775281
1 0.3345238095238095 0.5070224719101124 0.30833333333333335 0.4901685393258427 0.31785714285714284 0.47752808988764045 0.34285714285714286 0.4943820224719101
1 0.3244047619047619 0.5210674157303371 0.05119047619047619 0.028089887640449437
1 0.3136904761904762 0.5484550561797753 0.05119047619047619 0.023876404494382022
1 0.3392857142857143 0.5828651685393258 0.2904761904761905 0.5800561797752809 0.29285714285714287 0.5589887640449438 0.34285714285714286 0.5617977528089888
1 0.35119047619047616 0.6053370786516854 0.29404761904761906 0.601123595505618 0.2976190476190476 0.5786516853932584 0.34523809523809523 0.5814606741573034
1 0.35119047619047616 0.6292134831460674 0.3119047619047619 0.6306179775280899 0.3119047619047619 0.6053370786516854 0.35 0.6053370786516854
1 0.37142857142857144 0.6446629213483146 0.36547619047619045 0.702247191011236 0.3892857142857143 0.7050561797752809 0.3964285714285714 0.648876404494382
1 0.8214285714285714 0.7584269662921348 0.7761904761904762 0.7696629213483146 0.7821428571428571 0.7879213483146067 0.8261904761904761 0.776685393258427
1 0.85 0.8019662921348315 0.7976190476190477 0.7949438202247191 0.7976190476190477 0.8216292134831461 0.8511904761904762 0.827247191011236
1 0.8321428571428572 0.8665730337078652 0.7892857142857143 0.8384831460674157 0.7964285714285714 0.8216292134831461 0.8428571428571429 0.851123595505618
1 0.680952380952381 0.7401685393258427 0.016666666666666666 0.05337078651685393
1 0.6988095238095238 0.6938202247191011 0.7035714285714286 0.7514044943820225 0.7238095238095238 0.7471910112359551 0.7178571428571429 0.6924157303370787
1 0.6035714285714285 0.723314606741573 0.6047619047619047 0.7752808988764045 0.6238095238095238 0.776685393258427 0.6238095238095238 0.726123595505618
1 0.33095238095238094 0.6966292134831461 0.28095238095238095 0.6896067415730337 0.2845238095238095 0.6629213483146067 0.3333333333333333 0.6699438202247191
1 0.32976190476190476 0.7289325842696629 0.275 0.723314606741573 0.27976190476190477 0.6924157303370787 0.33095238095238094 0.6980337078651685
1 0.29464285714285715 0.7780898876404494 0.04880952380952381 0.028089887640449437
1 0.2904761904761905 0.8117977528089888 0.05476190476190476 0.03089887640449438