2 0.45476190476190476 0.6896067415730337 0.5071428571428571 0.5842696629213483 0.47023809523809523 0.5603932584269663 0.4166666666666667 0.6587078651685393
1 0.35595238095238096 0.625 0.40595238095238095 0.5491573033707865 0.3880952380952381 0.5337078651685393 0.3380952380952381 0.6025280898876404
1 0.2619047619047619 0.6362359550561798 0.25595238095238093 0.7205056179775281 0.2833333333333333 0.7205056179775281 0.29642857142857143 0.6334269662921348
1 0.17857142857142858 0.6825842696629213 0.23095238095238096 0.6362359550561798 0.21071428571428572 0.6137640449438202 0.1630952380952381 0.6615168539325843
1 0.18333333333333332 0.6446629213483146 0.2226190476190476 0.5800561797752809 0.19285714285714287 0.5660112359550562 0.16071428571428573 0.6334269662921348
1 0.34285714285714286 0.4789325842696629 0.3630952380952381 0.41151685393258425 0.33690476190476193 0.40870786516853935 0.3202380952380952 0.47191011235955055
1 0.34404761904761905 0.5800561797752809 0.38095238095238093 0.4943820224719101 0.3523809523809524 0.48174157303370785 0.3107142857142857 0.5660112359550562
1 0.3738095238095238 0.4957865168539326 0.4142857142857143 0.43258426966292135 0.38333333333333336 0.41292134831460675 0.3488095238095238 0.48735955056179775
1 0.45357142857142857 0.550561797752809 0.5023809523809524 0.48174157303370785 0.48095238095238096 0.4648876404494382 0.43452380952380953 0.5308988764044944
1 0.5035714285714286 0.5210674157303371 0.5678571428571428 0.4789325842696629 0.5488095238095239 0.449438202247191 0.4880952380952381 0.4957865168539326
1 0.5011904761904762 0.4789325842696629 0.5380952380952381 0.41853932584269665 0.5190476190476191 0.40308988764044945 0.4773809523809524 0.46348314606741575
1 0.5214285714285715 0.40730337078651685 0.5857142857142857 0.37219101123595505 0.5678571428571428 0.34269662921348315 0.5059523809523809 0.38342696629213485
1 0.4880952380952381 0.3693820224719101 0.5297619047619048 0.3160112359550562 0.5083333333333333 0.3047752808988764 0.46904761904761905 0.3497191011235955
1 0.3726190476190476 0.41292134831460675 0.4261904761904762 0.35674157303370785 0.3976190476190476 0.3356741573033708 0.35119047619047616 0.3848314606741573
2 0.43214285714285716 0.351123595505618 0.4988095238095238 0.29775280898876405 0.4714285714285714 0.25702247191011235 0.4023809523809524 0.32724719101123595
1 0.4261904761904762 0.29775280898876405 0.4785714285714286 0.25140449438202245 0.45476190476190476 0.22612359550561797 0.4107142857142857 0.27808988764044945
1 0.40476190476190477 0.26685393258426965 0.4392857142857143 0.21769662921348315 0.41785714285714287 0.20224719101123595 0.38333333333333336 0.25140449438202245
1 0.3464285714285714 0.32724719101123595 0.39166666666666666 0.2752808988764045 0.3678571428571429 0.2542134831460674 0.33095238095238094 0.30196629213483145
1 0.30714285714285716 0.3455056179775281 0.3404761904761905 0.32162921348314605 0.3261904761904762 0.29353932584269665 0.2904761904761905 0.32303370786516855
1 0.2654761904761905 0.40308988764044945 0.30833333333333335 0.34691011235955055 0.28214285714285714 0.32724719101123595 0.24761904761904763 0.3806179775280899
1 0.2702380952380952 0.32865168539325845 0.30238095238095236 0.28792134831460675 0.27976190476190477 0.2696629213483146 0.2523809523809524 0.3061797752808989
1 0.21904761904761905 0.36657303370786515 0.25952380952380955 0.32724719101123595 0.24047619047619048 0.300561797752809 0.20238095238095238 0.3441011235955056
3 0.3392857142857143 0.19662921348314608 0.40476190476190477 0.21207865168539325 0.41309523809523807 0.175561797752809 0.3535714285714286 0.15589887640449437
1 0.275 0.7612359550561798 0.3333333333333333 0.7893258426966292 0.31785714285714284 0.8230337078651685 0.26071428571428573 0.7879213483146067
2 0.4773809523809524 0.7219101123595506 0.41309523809523807 0.8426966292134831 0.45 0.8665730337078652 0.5142857142857142 0.7570224719101124