0 0.6547619047619048 0.3202247191011236 0.6452380952380953 0.47752808988764045 0.6892857142857143 0.46769662921348315 0.6928571428571428 0.324438202247191
2 0.5238095238095238 0.28230337078651685 0.43452380952380953 0.2808988764044944 0.43333333333333335 0.32303370786516855 0.5214285714285715 0.32303370786516855
2 0.513095238095238 0.3904494382022472 0.4238095238095238 0.3904494382022472 0.425 0.4311797752808989 0.5142857142857142 0.4241573033707865
2 0.49523809523809526 0.6053370786516854 0.4142857142857143 0.5941011235955056 0.4083333333333333 0.6362359550561798 0.49166666666666664 0.6418539325842697
4 0.4928571428571429 0.36235955056179775 0.43452380952380953 0.36235955056179775 0.4369047619047619 0.3890449438202247 0.49523809523809526 0.3890449438202247
4 0.47619047619047616 0.6573033707865169 0.4226190476190476 0.6544943820224719 0.42023809523809524 0.6825842696629213 0.475 0.6839887640449438
1 0.7857142857142857 0.15308988764044945 0.7988095238095239 0.22612359550561797 0.8261904761904761 0.21769662921348315 0.8130952380952381 0.14606741573033707
1 0.8214285714285714 0.40730337078651685 0.8297619047619048 0.4957865168539326 0.8678571428571429 0.4887640449438202 0.8583333333333333 0.40168539325842695
1 0.6904761904761905 0.6390449438202247 0.611904761904762 0.6474719101123596 0.6154761904761905 0.6839887640449438 0.694047619047619 0.6783707865168539
1 0.6892857142857143 0.7050561797752809 0.6273809523809524 0.7008426966292135 0.625 0.7317415730337079 0.6904761904761905 0.7359550561797753
1 0.6892857142857143 0.824438202247191 0.6130952380952381 0.8230337078651685 0.6142857142857143 0.8567415730337079 0.694047619047619 0.8581460674157303