1 0.28809523809523807 0.19101123595505617 0.28809523809523807 0.16151685393258428 0.2226190476190476 0.1601123595505618 0.22023809523809523 0.1896067415730337
1 0.2916666666666667 0.2401685393258427 0.2892857142857143 0.21207865168539325 0.21785714285714286 0.21348314606741572 0.22023809523809523 0.25
1 0.3404761904761905 0.37640449438202245 0.33095238095238094 0.29634831460674155 0.30357142857142855 0.2991573033707865 0.30952380952380953 0.3792134831460674
1 0.4226190476190476 0.37359550561797755 0.42142857142857143 0.29634831460674155 0.39404761904761904 0.2949438202247191 0.3964285714285714 0.37219101123595505
1 0.4630952380952381 0.3553370786516854 0.4607142857142857 0.27808988764044945 0.43214285714285716 0.2808988764044944 0.4369047619047619 0.3539325842696629
1 0.5202380952380953 0.2752808988764045 0.5238095238095238 0.22191011235955055 0.4988095238095238 0.22331460674157302 0.5 0.27808988764044945
1 0.5238095238095238 0.37219101123595505 0.5202380952380953 0.3061797752808989 0.5011904761904762 0.30758426966292135 0.5023809523809524 0.375
1 0.4154761904761905 0.7724719101123596 0.425 0.6938202247191011 0.3964285714285714 0.6910112359550562 0.38571428571428573 0.773876404494382
1 0.5642857142857143 0.7148876404494382 0.5630952380952381 0.6896067415730337 0.5023809523809524 0.6882022471910112 0.5023809523809524 0.7162921348314607
1 0.26071428571428573 0.8623595505617978 0.2523809523809524 0.7794943820224719 0.22738095238095238 0.7837078651685393 0.23095238095238096 0.8651685393258427
1 0.2119047619047619 0.8679775280898876 0.2130952380952381 0.7907303370786517 0.18452380952380953 0.7893258426966292 0.18333333333333332 0.8707865168539326
1 0.16071428571428573 0.8721910112359551 0.16666666666666666 0.7991573033707865 0.14523809523809525 0.800561797752809 0.1392857142857143 0.875