1 0.5904761904761905 0.7963483146067416 0.5476190476190477 0.723314606741573 0.5726190476190476 0.7106741573033708 0.6154761904761905 0.7794943820224719
1 0.6369047619047619 0.7949438202247191 0.5904761904761905 0.7317415730337079 0.6142857142857143 0.7092696629213483 0.6607142857142857 0.7752808988764045
1 0.6738095238095239 0.7963483146067416 0.638095238095238 0.7331460674157303 0.6583333333333333 0.726123595505618 0.6952380952380952 0.7794943820224719
1 0.725 0.7991573033707865 0.669047619047619 0.7303370786516854 0.6988095238095238 0.702247191011236 0.7511904761904762 0.776685393258427
1 0.7619047619047619 0.7991573033707865 0.7178571428571429 0.7317415730337079 0.7428571428571429 0.7064606741573034 0.7928571428571428 0.7808988764044944
1 0.8011904761904762 0.7879213483146067 0.7690476190476191 0.7191011235955056 0.7976190476190477 0.7078651685393258 0.8261904761904761 0.7710674157303371
1 0.8595238095238096 0.8047752808988764 0.8107142857142857 0.7373595505617978 0.8321428571428572 0.7134831460674157 0.8892857142857142 0.7893258426966292
1 0.21785714285714286 0.75 0.21904761904761905 0.8314606741573034 0.2523809523809524 0.8328651685393258 0.25357142857142856 0.7528089887640449
1 0.2226190476190476 0.6418539325842697 0.22380952380952382 0.7345505617977528 0.2630952380952381 0.726123595505618 0.2571428571428571 0.6432584269662921
1 0.23214285714285715 0.5519662921348315 0.2357142857142857 0.6292134831460674 0.2642857142857143 0.6264044943820225 0.2654761904761905 0.5491573033707865
2 0.24523809523809523 0.45224719101123595 0.24166666666666667 0.5280898876404494 0.2702380952380952 0.5294943820224719 0.2702380952380952 0.45224719101123595
2 0.45714285714285713 0.7528089887640449 0.5285714285714286 0.7303370786516854 0.5369047619047619 0.7710674157303371 0.46904761904761905 0.7893258426966292
2 0.5416666666666666 0.2696629213483146 0.49642857142857144 0.31320224719101125 0.5178571428571429 0.3356741573033708 0.5619047619047619 0.29213483146067415
2 0.5392857142857143 0.3595505617977528 0.5761904761904761 0.32162921348314605 0.5595238095238095 0.29353932584269665 0.5178571428571429 0.3398876404494382
2 0.5571428571428572 0.30196629213483145 0.5833333333333334 0.26264044943820225 0.6047619047619047 0.27668539325842695 0.5773809523809523 0.3202247191011236
1 0.36428571428571427 0.6825842696629213 0.3607142857142857 0.6123595505617978 0.39285714285714285 0.6123595505617978 0.3892857142857143 0.675561797752809
1 0.4452380952380952 0.8117977528089888 0.5154761904761904 0.8047752808988764 0.5226190476190476 0.8441011235955056 0.4380952380952381 0.848314606741573
1 0.36428571428571427 0.6025280898876404 0.3607142857142857 0.5323033707865169 0.39285714285714285 0.5323033707865169 0.3964285714285714 0.6081460674157303
1 0.36666666666666664 0.5140449438202247 0.36547619047619045 0.4452247191011236 0.3964285714285714 0.4410112359550562 0.39880952380952384 0.5140449438202247
1 0.49404761904761907 0.38342696629213485 0.49523809523809526 0.4508426966292135 0.5261904761904762 0.44803370786516855 0.5202380952380953 0.37640449438202245
1 0.5023809523809524 0.4592696629213483 0.4976190476190476 0.5280898876404494 0.5261904761904762 0.5280898876404494 0.5321428571428571 0.46207865168539325
1 0.37142857142857144 0.3356741573033708 0.37142857142857144 0.40730337078651685 0.4011904761904762 0.40730337078651685 0.40714285714285714 0.3455056179775281
1 0.375 0.25842696629213485 0.3738095238095238 0.32162921348314605 0.4023809523809524 0.32162921348314605 0.4023809523809524 0.26685393258426965
1 0.3773809523809524 0.199438202247191 0.3738095238095238 0.25702247191011235 0.4035714285714286 0.25702247191011235 0.40476190476190477 0.1952247191011236
1 0.2511904761904762 0.3609550561797753 0.25476190476190474 0.2893258426966292 0.2857142857142857 0.2851123595505618 0.2857142857142857 0.35814606741573035
1 0.2642857142857143 0.21348314606741572 0.2714285714285714 0.13764044943820225 0.2976190476190476 0.13764044943820225 0.29642857142857143 0.2148876404494382