4 0.5642857142857143 0.14185393258426968 0.5642857142857143 0.1699438202247191 0.6142857142857143 0.17275280898876405 0.6154761904761905 0.14747191011235955
1 0.5654761904761905 0.22191011235955055 0.5642857142857143 0.24719101123595505 0.6154761904761905 0.25 0.6154761904761905 0.22191011235955055
1 0.4380952380952381 0.23314606741573032 0.4380952380952381 0.25842696629213485 0.4857142857142857 0.2598314606741573 0.4845238095238095 0.2345505617977528
1 0.44761904761904764 0.25 0.4452380952380952 0.2752808988764045 0.4976190476190476 0.27808988764044945 0.49642857142857144 0.2542134831460674
1 0.14523809523809525 0.33707865168539325 0.1357142857142857 0.37219101123595505 0.15714285714285714 0.375 0.16666666666666666 0.3398876404494382
1 0.18333333333333332 0.32865168539325845 0.17261904761904762 0.37219101123595505 0.1976190476190476 0.37359550561797755 0.20476190476190476 0.33146067415730335
2 0.5988095238095238 0.34831460674157305 0.5928571428571429 0.38342696629213485 0.6607142857142857 0.38764044943820225 0.6678571428571428 0.35674157303370785
2 0.49523809523809526 0.34831460674157305 0.49404761904761907 0.3904494382022472 0.5535714285714286 0.3904494382022472 0.5571428571428572 0.351123595505618
2 0.34404761904761905 0.33707865168539325 0.34404761904761905 0.3806179775280899 0.4107142857142857 0.38202247191011235 0.4119047619047619 0.3398876404494382
2 0.2392857142857143 0.34129213483146065 0.2369047619047619 0.38764044943820225 0.30357142857142855 0.38764044943820225 0.30357142857142855 0.34269662921348315
4 0.42023809523809524 0.3595505617977528 0.41785714285714287 0.3848314606741573 0.4630952380952381 0.3848314606741573 0.4654761904761905 0.3553370786516854
4 0.3964285714285714 0.5955056179775281 0.3964285714285714 0.6306179775280899 0.45357142857142857 0.6334269662921348 0.45476190476190476 0.601123595505618
4 0.4642857142857143 0.7879213483146067 0.4642857142857143 0.8258426966292135 0.5202380952380953 0.8286516853932584 0.5214285714285715 0.7921348314606742
1 0.2702380952380952 0.47752808988764045 0.26785714285714285 0.5014044943820225 0.3107142857142857 0.5014044943820225 0.3130952380952381 0.4789325842696629
1 0.25476190476190474 0.5533707865168539 0.2511904761904762 0.5842696629213483 0.30833333333333335 0.5898876404494382 0.30952380952380953 0.5561797752808989
1 0.24285714285714285 0.5800561797752809 0.24166666666666667 0.6109550561797753 0.3 0.6151685393258427 0.2976190476190476 0.5856741573033708
1 0.2369047619047619 0.6446629213483146 0.23333333333333334 0.672752808988764 0.28809523809523807 0.675561797752809 0.29523809523809524 0.648876404494382
1 0.2261904761904762 0.7050561797752809 0.2261904761904762 0.7331460674157303 0.27976190476190477 0.7359550561797753 0.2869047619047619 0.7078651685393258
1 0.2154761904761905 0.7668539325842697 0.20595238095238094 0.7921348314606742 0.25833333333333336 0.8033707865168539 0.26785714285714285 0.7780898876404494
1 0.4119047619047619 0.45365168539325845 0.4107142857142857 0.48174157303370785 0.46190476190476193 0.48735955056179775 0.46190476190476193 0.4592696629213483
1 0.48333333333333334 0.46207865168539325 0.4845238095238095 0.4901685393258427 0.5345238095238095 0.4887640449438202 0.5357142857142857 0.4648876404494382
1 0.4880952380952381 0.49157303370786515 0.4857142857142857 0.5196629213483146 0.530952380952381 0.5210674157303371 0.5333333333333333 0.49157303370786515
1 0.47619047619047616 0.5168539325842697 0.4714285714285714 0.5393258426966292 0.525 0.5449438202247191 0.530952380952381 0.5196629213483146
1 0.47619047619047616 0.5491573033707865 0.475 0.5716292134831461 0.525 0.574438202247191 0.5285714285714286 0.5519662921348315
1 0.47023809523809523 0.574438202247191 0.475 0.6025280898876404 0.5154761904761904 0.6039325842696629 0.5107142857142857 0.5758426966292135
1 0.39285714285714285 0.5758426966292135 0.39166666666666666 0.598314606741573 0.4488095238095238 0.6039325842696629 0.45 0.5758426966292135
1 0.5773809523809523 0.5912921348314607 0.594047619047619 0.6165730337078652 0.6345238095238095 0.5856741573033708 0.6202380952380953 0.5660112359550562
1 0.39166666666666666 0.6292134831460674 0.3904761904761905 0.6544943820224719 0.44761904761904764 0.6615168539325843 0.44761904761904764 0.6334269662921348
1 0.3892857142857143 0.6587078651685393 0.3904761904761905 0.6882022471910112 0.44642857142857145 0.6896067415730337 0.44642857142857145 0.6629213483146067
1 0.38095238095238093 0.7612359550561798 0.37857142857142856 0.7879213483146067 0.43333333333333335 0.7893258426966292 0.4369047619047619 0.7612359550561798
1 0.3726190476190476 0.8216292134831461 0.37142857142857144 0.8567415730337079 0.4297619047619048 0.8581460674157303 0.4297619047619048 0.8258426966292135
1 0.5761904761904761 0.6404494382022472 0.5928571428571429 0.6615168539325843 0.6345238095238095 0.6306179775280899 0.6226190476190476 0.6109550561797753
1 0.5797619047619048 0.6741573033707865 0.5988095238095238 0.699438202247191 0.6452380952380953 0.6615168539325843 0.6309523809523809 0.6404494382022472
1 0.4726190476190476 0.598314606741573 0.4738095238095238 0.6292134831460674 0.5285714285714286 0.6306179775280899 0.5273809523809524 0.6053370786516854
1 0.4785714285714286 0.6306179775280899 0.4726190476190476 0.6573033707865169 0.5238095238095238 0.6615168539325843 0.530952380952381 0.6348314606741573
1 0.4726190476190476 0.7036516853932584 0.4714285714285714 0.7331460674157303 0.5166666666666667 0.7345505617977528 0.5178571428571429 0.7064606741573034
1 0.46904761904761905 0.7373595505617978 0.46904761904761905 0.7654494382022472 0.5190476190476191 0.7682584269662921 0.5202380952380953 0.7373595505617978
1 0.580952380952381 0.7584269662921348 0.594047619047619 0.7794943820224719 0.6428571428571429 0.7457865168539326 0.6285714285714286 0.723314606741573
1 0.5988095238095238 0.7865168539325843 0.6071428571428571 0.8075842696629213 0.6595238095238095 0.7865168539325843 0.6511904761904762 0.7626404494382022
1 0.5880952380952381 0.8328651685393258 0.6011904761904762 0.8609550561797753 0.6511904761904762 0.8356741573033708 0.6392857142857142 0.8103932584269663