1 0.14523809523809525 0.6123595505617978 0.1488095238095238 0.7401685393258427 0.10714285714285714 0.7387640449438202 0.10357142857142858 0.6123595505617978
1 0.16666666666666666 0.6235955056179775 0.1630952380952381 0.7331460674157303 0.1988095238095238 0.7387640449438202 0.20595238095238094 0.6264044943820225
1 0.3630952380952381 0.46769662921348315 0.3678571428571429 0.5786516853932584 0.4011904761904762 0.5800561797752809 0.39880952380952384 0.46207865168539325
1 0.55 0.16573033707865167 0.569047619047619 0.199438202247191 0.6511904761904762 0.13202247191011235 0.6297619047619047 0.10674157303370786
1 0.544047619047619 0.4508426966292135 0.5595238095238095 0.4901685393258427 0.6488095238095238 0.42696629213483145 0.6309523809523809 0.3848314606741573
1 0.6392857142857142 0.46207865168539325 0.5523809523809524 0.5182584269662921 0.575 0.5575842696629213 0.6583333333333333 0.4943820224719101
1 0.6273809523809524 0.5365168539325843 0.5452380952380952 0.6081460674157303 0.5678571428571428 0.6432584269662921 0.6511904761904762 0.5716292134831461
1 0.6345238095238095 0.5997191011235955 0.5630952380952381 0.6783707865168539 0.5880952380952381 0.7050561797752809 0.6642857142857143 0.6278089887640449
1 0.6226190476190476 0.7120786516853933 0.5571428571428572 0.8103932584269663 0.5869047619047619 0.8342696629213483 0.6535714285714286 0.7415730337078652
1 0.6309523809523809 0.7991573033707865 0.569047619047619 0.8735955056179775 0.5976190476190476 0.9002808988764045 0.6642857142857143 0.8258426966292135
1 0.719047619047619 0.3946629213483146 0.725 0.49719101123595505 0.7547619047619047 0.49719101123595505 0.7547619047619047 0.39185393258426965
1 0.7238095238095238 0.5491573033707865 0.7297619047619047 0.6558988764044944 0.7666666666666667 0.6558988764044944 0.7642857142857142 0.5463483146067416
1 0.7226190476190476 0.6657303370786517 0.7226190476190476 0.7837078651685393 0.7619047619047619 0.7837078651685393 0.7654761904761904 0.6629213483146067