1 0.2845238095238095 0.36657303370786515 0.27976190476190477 0.44662921348314605 0.3119047619047619 0.4508426966292135 0.3119047619047619 0.36797752808988765
1 0.2119047619047619 0.601123595505618 0.2976190476190476 0.5997191011235955 0.29642857142857143 0.6376404494382022 0.20952380952380953 0.6362359550561798
1 0.21904761904761905 0.6432584269662921 0.2988095238095238 0.6474719101123596 0.3 0.675561797752809 0.22023809523809523 0.6811797752808989
1 0.23333333333333334 0.6910112359550562 0.30833333333333335 0.6910112359550562 0.3142857142857143 0.7289325842696629 0.23214285714285715 0.7303370786516854
1 0.2226190476190476 0.7331460674157303 0.3047619047619048 0.7331460674157303 0.30357142857142855 0.773876404494382 0.225 0.7710674157303371
1 0.2154761904761905 0.773876404494382 0.3107142857142857 0.776685393258427 0.3047619047619048 0.8146067415730337 0.21904761904761905 0.8174157303370787
1 0.2119047619047619 0.824438202247191 0.30357142857142855 0.8202247191011236 0.30238095238095236 0.8721910112359551 0.2119047619047619 0.8693820224719101
1 0.32142857142857145 0.7415730337078652 0.30714285714285716 0.8370786516853933 0.34523809523809523 0.8384831460674157 0.35714285714285715 0.7471910112359551
1 0.6928571428571428 0.5154494382022472 0.6880952380952381 0.5926966292134831 0.7309523809523809 0.5955056179775281 0.7273809523809524 0.5168539325842697
1 0.6964285714285714 0.38764044943820225 0.7011904761904761 0.46207865168539325 0.7345238095238096 0.46207865168539325 0.7273809523809524 0.37780898876404495
1 0.7678571428571429 0.5393258426966292 0.7785714285714286 0.6109550561797753 0.8130952380952381 0.6095505617977528 0.8 0.526685393258427