3 0.42738095238095236 0.23314606741573032 0.4642857142857143 0.13764044943820225 0.4452380952380952 0.13202247191011235 0.4035714285714286 0.22612359550561797
3 0.5023809523809524 0.13342696629213482 0.44642857142857145 0.24297752808988765 0.43333333333333335 0.2345505617977528 0.47619047619047616 0.13342696629213482
2 0.5023809523809524 0.13342696629213482 0.5214285714285715 0.1404494382022472 0.5023809523809524 0.1853932584269663 0.48333333333333334 0.17696629213483145
2 0.5357142857142857 0.13623595505617977 0.5595238095238095 0.14185393258426968 0.5119047619047619 0.2654494382022472 0.4869047619047619 0.25140449438202245
2 0.569047619047619 0.14887640449438203 0.5845238095238096 0.15168539325842698 0.5452380952380952 0.2794943820224719 0.5261904761904762 0.2696629213483146
2 0.6023809523809524 0.1446629213483146 0.6226190476190476 0.1502808988764045 0.6083333333333333 0.20646067415730338 0.5869047619047619 0.19662921348314608
2 0.6297619047619047 0.15730337078651685 0.655952380952381 0.16432584269662923 0.6154761904761905 0.2710674157303371 0.5928571428571429 0.26264044943820225
2 0.6547619047619048 0.16432584269662923 0.675 0.16713483146067415 0.6488095238095238 0.27247191011235955 0.6285714285714286 0.2654494382022472
2 0.6880952380952381 0.16573033707865167 0.7095238095238096 0.17275280898876405 0.680952380952381 0.2949438202247191 0.6583333333333333 0.2907303370786517
2 0.7214285714285714 0.16432584269662923 0.7464285714285714 0.16853932584269662 0.7166666666666667 0.30196629213483145 0.6928571428571428 0.2949438202247191
2 0.7559523809523809 0.1699438202247191 0.7761904761904762 0.17837078651685392 0.7559523809523809 0.25140449438202245 0.736904761904762 0.24578651685393257
2 0.7821428571428571 0.18258426966292135 0.8023809523809524 0.19101123595505617 0.7738095238095238 0.3103932584269663 0.7511904761904762 0.30196629213483145
2 0.8119047619047619 0.19101123595505617 0.8333333333333334 0.1952247191011236 0.8107142857142857 0.3188202247191011 0.7869047619047619 0.31320224719101125
2 0.8523809523809524 0.18258426966292135 0.8761904761904762 0.19382022471910113 0.8452380952380952 0.32865168539325845 0.8178571428571428 0.3146067415730337
1 0.7154761904761905 0.5280898876404494 0.7154761904761905 0.5070224719101124 0.6654761904761904 0.5042134831460674 0.6666666666666666 0.5196629213483146
1 0.5785714285714286 0.4058988764044944 0.5845238095238096 0.3707865168539326 0.575 0.36657303370786515 0.5642857142857143 0.4044943820224719
1 0.5011904761904762 0.6474719101123596 0.5095238095238095 0.6151685393258427 0.4976190476190476 0.6081460674157303 0.4869047619047619 0.6432584269662921
1 0.37857142857142856 0.8567415730337079 0.39285714285714285 0.8019662921348315 0.3773809523809524 0.7949438202247191 0.35714285714285715 0.848314606741573
1 0.325 0.8384831460674157 0.3404761904761905 0.8033707865168539 0.32261904761904764 0.7921348314606742 0.3047619047619048 0.8286516853932584
1 0.28214285714285714 0.4691011235955056 0.31666666666666665 0.4508426966292135 0.3047619047619048 0.4339887640449438 0.26785714285714285 0.4508426966292135
1 0.17261904761904762 0.5140449438202247 0.16785714285714284 0.47191011235955055 0.15119047619047618 0.4747191011235955 0.15714285714285714 0.5126404494382022
1 0.1869047619047619 0.4859550561797753 0.2 0.47752808988764045 0.21071428571428572 0.5168539325842697 0.19642857142857142 0.5224719101123596
1 0.225 0.4943820224719101 0.2357142857142857 0.4901685393258427 0.25357142857142856 0.5294943820224719 0.23809523809523808 0.5351123595505618
1 0.25952380952380955 0.49859550561797755 0.2726190476190476 0.4901685393258427 0.29285714285714287 0.5351123595505618 0.2773809523809524 0.5407303370786517