2 0.430952380952381 0.6320224719101124 0.3904761904761905 0.7064606741573034 0.4297619047619048 0.7247191011235955 0.4642857142857143 0.6530898876404494
2 0.7511904761904762 0.5603932584269663 0.8142857142857143 0.5926966292134831 0.8 0.6264044943820225 0.7309523809523809 0.5898876404494382
2 0.7666666666666667 0.37640449438202245 0.705952380952381 0.398876404494382 0.7166666666666667 0.4339887640449438 0.7821428571428571 0.41151685393258425
2 0.6678571428571428 0.32865168539325845 0.6511904761904762 0.40168539325842695 0.6738095238095239 0.4058988764044944 0.6880952380952381 0.33286516853932585
2 0.6273809523809524 0.32162921348314605 0.6190476190476191 0.39185393258426965 0.6464285714285715 0.3946629213483146 0.6523809523809524 0.3258426966292135
2 0.8345238095238096 0.5252808988764045 0.9011904761904762 0.5688202247191011 0.888095238095238 0.6025280898876404 0.825 0.5463483146067416
3 0.30238095238095236 0.46629213483146065 0.27380952380952384 0.5323033707865169 0.3 0.5449438202247191 0.3345238095238095 0.47752808988764045
3 0.38095238095238093 0.4803370786516854 0.34404761904761905 0.5421348314606742 0.36666666666666664 0.5547752808988764 0.4011904761904762 0.49719101123595505
3 0.3476190476190476 0.4705056179775281 0.3047619047619048 0.5280898876404494 0.33214285714285713 0.5435393258426966 0.3738095238095238 0.4845505617977528
3 0.40714285714285714 0.7303370786516854 0.3761904761904762 0.7991573033707865 0.3952380952380952 0.8103932584269663 0.430952380952381 0.7401685393258427
3 0.38095238095238093 0.34269662921348315 0.35119047619047616 0.398876404494382 0.37023809523809526 0.4157303370786517 0.4035714285714286 0.3455056179775281
3 0.49523809523809526 0.3960674157303371 0.45714285714285713 0.45224719101123595 0.4797619047619048 0.46207865168539325 0.5166666666666667 0.41292134831460675
3 0.4583333333333333 0.3806179775280899 0.43452380952380953 0.44241573033707865 0.45357142857142857 0.45224719101123595 0.4869047619047619 0.3960674157303371
3 0.4369047619047619 0.36657303370786515 0.40595238095238095 0.42696629213483145 0.430952380952381 0.44241573033707865 0.46190476190476193 0.3792134831460674
3 0.4107142857142857 0.34691011235955055 0.375 0.4101123595505618 0.39880952380952384 0.42696629213483145 0.43452380952380953 0.36797752808988765
3 0.7488095238095238 0.4339887640449438 0.805952380952381 0.46207865168539325 0.794047619047619 0.49157303370786515 0.7273809523809524 0.46207865168539325
3 0.6714285714285714 0.4452247191011236 0.7309523809523809 0.47752808988764045 0.7154761904761905 0.5028089887640449 0.65 0.46629213483146065
3 0.75 0.48314606741573035 0.8142857142857143 0.5168539325842697 0.8 0.5421348314606742 0.736904761904762 0.5140449438202247
3 0.7666666666666667 0.5323033707865169 0.8369047619047619 0.5660112359550562 0.8273809523809523 0.5870786516853933 0.7571428571428571 0.5575842696629213
3 0.6726190476190477 0.48314606741573035 0.736904761904762 0.5210674157303371 0.7226190476190476 0.5463483146067416 0.6583333333333333 0.5084269662921348
3 0.6630952380952381 0.5182584269662921 0.725 0.5463483146067416 0.7166666666666667 0.5688202247191011 0.655952380952381 0.5449438202247191
3 0.65 0.5365168539325843 0.7095238095238096 0.5688202247191011 0.7023809523809523 0.5912921348314607 0.6333333333333333 0.5617977528089888
3 0.6392857142857142 0.5688202247191011 0.7 0.5926966292134831 0.6892857142857143 0.6193820224719101 0.625 0.5912921348314607
3 0.5214285714285715 0.5435393258426966 0.4773809523809524 0.601123595505618 0.5011904761904762 0.6137640449438202 0.5392857142857143 0.5646067415730337
1 0.8547619047619047 0.6278089887640449 0.8940476190476191 0.6685393258426966 0.8785714285714286 0.6839887640449438 0.8380952380952381 0.6474719101123596
1 0.47619047619047616 0.601123595505618 0.4511904761904762 0.6320224719101124 0.47619047619047616 0.648876404494382 0.49047619047619045 0.6193820224719101