1 0.3773809523809524 0.7106741573033708 0.39285714285714285 0.699438202247191 0.4154761904761905 0.7415730337078652 0.39285714285714285 0.7542134831460674
1 0.4785714285714286 0.6446629213483146 0.45595238095238094 0.6573033707865169 0.4869047619047619 0.702247191011236 0.5071428571428571 0.6896067415730337
1 0.5059523809523809 0.6235955056179775 0.4845238095238095 0.6362359550561798 0.5166666666666667 0.6867977528089888 0.5404761904761904 0.6741573033707865
1 0.5714285714285714 0.5912921348314607 0.5976190476190476 0.5786516853932584 0.6166666666666667 0.6334269662921348 0.5892857142857143 0.6474719101123596
1 0.6047619047619047 0.5842696629213483 0.6202380952380953 0.5730337078651685 0.6452380952380953 0.6137640449438202 0.6226190476190476 0.6278089887640449
1 0.6321428571428571 0.5674157303370787 0.6488095238095238 0.5533707865168539 0.680952380952381 0.5997191011235955 0.6547619047619048 0.6137640449438202
1 0.6571428571428571 0.5519662921348315 0.669047619047619 0.5421348314606742 0.6988095238095238 0.5786516853932584 0.6761904761904762 0.5926966292134831
1 0.7107142857142857 0.5182584269662921 0.7273809523809524 0.5070224719101124 0.7583333333333333 0.5491573033707865 0.7404761904761905 0.5674157303370787
1 0.7488095238095238 0.49859550561797755 0.7345238095238096 0.5098314606741573 0.7642857142857142 0.5533707865168539 0.7797619047619048 0.5337078651685393
1 0.7904761904761904 0.47331460674157305 0.7761904761904762 0.4901685393258427 0.8119047619047619 0.5323033707865169 0.8321428571428572 0.5154494382022472
4 0.8083333333333333 0.47331460674157305 0.8261904761904761 0.4606741573033708 0.8571428571428571 0.49859550561797755 0.8416666666666667 0.5182584269662921
1 0.85 0.44662921348314605 0.8797619047619047 0.4396067415730337 0.8869047619047619 0.49157303370786515 0.8547619047619047 0.4943820224719101