1 0.8261904761904761 0.7106741573033708 0.8369047619047619 0.8469101123595506 0.8809523809523809 0.8441011235955056 0.8809523809523809 0.7134831460674157
1 0.6595238095238095 0.7289325842696629 0.7095238095238096 0.7289325842696629 0.7047619047619048 0.601123595505618 0.6547619047619048 0.6039325842696629
1 0.569047619047619 0.7542134831460674 0.611904761904762 0.7514044943820225 0.6154761904761905 0.6404494382022472 0.575 0.6390449438202247
1 0.5547619047619048 0.7808988764044944 0.5452380952380952 0.8735955056179775 0.5880952380952381 0.8792134831460674 0.5988095238095238 0.7794943820224719
1 0.47619047619047616 0.7598314606741573 0.4785714285714286 0.8778089887640449 0.5285714285714286 0.8792134831460674 0.5261904761904762 0.7528089887640449
1 0.4035714285714286 0.8019662921348315 0.43452380952380953 0.9030898876404494 0.4785714285714286 0.8890449438202247 0.44761904761904764 0.7851123595505618
1 0.5333333333333333 0.6235955056179775 0.5726190476190476 0.6264044943820225 0.5797619047619048 0.49859550561797755 0.5369047619047619 0.49859550561797755
1 0.5392857142857143 0.449438202247191 0.5797619047619048 0.449438202247191 0.5869047619047619 0.324438202247191 0.5416666666666666 0.3258426966292135
1 0.5404761904761904 0.31179775280898875 0.5821428571428572 0.31179775280898875 0.594047619047619 0.199438202247191 0.5535714285714286 0.19382022471910113
1 0.830952380952381 0.3792134831460674 0.8833333333333333 0.37640449438202245 0.8773809523809524 0.26825842696629215 0.8273809523809523 0.26685393258426965
1 0.8226190476190476 0.25842696629213485 0.8738095238095238 0.2612359550561798 0.8738095238095238 0.14887640449438203 0.8214285714285714 0.14747191011235955
1 0.15119047619047618 0.19382022471910113 0.14166666666666666 0.30337078651685395 0.1880952380952381 0.30758426966292135 0.19285714285714287 0.19382022471910113
1 0.1357142857142857 0.3300561797752809 0.125 0.42696629213483145 0.16547619047619047 0.42696629213483145 0.18095238095238095 0.3342696629213483
1 0.1488095238095238 0.5758426966292135 0.10595238095238095 0.5758426966292135 0.12023809523809524 0.4508426966292135 0.16904761904761906 0.4550561797752809
3 0.12976190476190477 0.7584269662921348 0.13095238095238096 0.8778089887640449 0.1869047619047619 0.8792134831460674 0.18095238095238095 0.7514044943820225
1 0.1357142857142857 0.7275280898876404 0.14642857142857144 0.6053370786516854 0.10238095238095238 0.598314606741573 0.09761904761904762 0.7303370786516854