1 0.11904761904761904 0.43258426966292135 0.16547619047619047 0.3848314606741573 0.14166666666666666 0.3609550561797753 0.0988095238095238 0.40168539325842695
1 0.1988095238095238 0.35252808988764045 0.24642857142857144 0.29634831460674155 0.2226190476190476 0.26685393258426965 0.17261904761904762 0.3258426966292135
1 0.2619047619047619 0.2851123595505618 0.30833333333333335 0.23595505617977527 0.2845238095238095 0.21067415730337077 0.24166666666666667 0.2612359550561798
1 0.12261904761904761 0.8525280898876404 0.1761904761904762 0.776685393258427 0.1488095238095238 0.7443820224719101 0.1 0.824438202247191
1 0.18928571428571428 0.7654494382022472 0.24523809523809523 0.6910112359550562 0.22023809523809523 0.6629213483146067 0.1630952380952381 0.7289325842696629
1 0.25 0.6896067415730337 0.30833333333333335 0.6292134831460674 0.27976190476190477 0.5997191011235955 0.22380952380952382 0.6615168539325843
1 0.20833333333333334 0.8075842696629213 0.26904761904761904 0.7345505617977528 0.24404761904761904 0.7092696629213483 0.18214285714285713 0.7794943820224719
1 0.2714285714285714 0.7359550561797753 0.32857142857142857 0.6671348314606742 0.30357142857142855 0.6390449438202247 0.24404761904761904 0.7078651685393258
1 0.1976190476190476 0.8862359550561798 0.24523809523809523 0.8412921348314607 0.21785714285714286 0.8075842696629213 0.17261904761904762 0.8637640449438202
1 0.24523809523809523 0.8314606741573034 0.30714285714285716 0.7584269662921348 0.27976190476190477 0.7345505617977528 0.225 0.8019662921348315
1 0.2654761904761905 0.8778089887640449 0.3261904761904762 0.8103932584269663 0.3011904761904762 0.7794943820224719 0.23809523809523808 0.8595505617977528
1 0.33095238095238094 0.7963483146067416 0.39404761904761904 0.7275280898876404 0.36547619047619045 0.699438202247191 0.30833333333333335 0.7668539325842697
1 0.319047619047619 0.8904494382022472 0.37142857142857144 0.824438202247191 0.3416666666666667 0.797752808988764 0.28809523809523807 0.8637640449438202
1 0.375 0.8216292134831461 0.430952380952381 0.7471910112359551 0.4035714285714286 0.723314606741573 0.3464285714285714 0.7949438202247191
1 0.4238095238095238 0.8679775280898876 0.4785714285714286 0.7851123595505618 0.4488095238095238 0.7598314606741573 0.39285714285714285 0.8441011235955056
1 0.4654761904761905 0.8820224719101124 0.5047619047619047 0.827247191011236 0.4785714285714286 0.8019662921348315 0.43452380952380953 0.8609550561797753
1 0.7678571428571429 0.8876404494382022 0.8107142857142857 0.824438202247191 0.775 0.7991573033707865 0.7380952380952381 0.8623595505617978
1 0.7202380952380952 0.8764044943820225 0.7690476190476191 0.8061797752808989 0.7416666666666667 0.7780898876404494 0.6892857142857143 0.8581460674157303
1 0.8535714285714285 0.8637640449438202 0.8940476190476191 0.7907303370786517 0.8654761904761905 0.7612359550561798 0.8202380952380952 0.8384831460674157
1 0.8083333333333333 0.8230337078651685 0.8571428571428571 0.7485955056179775 0.8321428571428572 0.7219101123595506 0.775 0.8019662921348315
1 0.8571428571428571 0.7443820224719101 0.9 0.6741573033707865 0.8702380952380953 0.6502808988764045 0.8285714285714286 0.723314606741573
1 0.8047619047619048 0.7078651685393258 0.8511904761904762 0.6376404494382022 0.819047619047619 0.6109550561797753 0.7773809523809524 0.6839887640449438
1 0.7595238095238095 0.7823033707865169 0.8083333333333333 0.7092696629213483 0.7797619047619048 0.6839887640449438 0.7333333333333333 0.7612359550561798
1 0.6476190476190476 0.8370786516853933 0.7083333333333334 0.7696629213483146 0.6845238095238095 0.7387640449438202 0.6273809523809524 0.8061797752808989
1 0.7095238095238096 0.7710674157303371 0.7583333333333333 0.6896067415730337 0.7285714285714285 0.6643258426966292 0.6797619047619048 0.7401685393258427
1 0.7607142857142857 0.6867977528089888 0.8 0.6193820224719101 0.7714285714285715 0.5941011235955056 0.7345238095238096 0.6573033707865169
1 0.594047619047619 0.7598314606741573 0.6464285714285715 0.6896067415730337 0.6166666666666667 0.6601123595505618 0.5702380952380952 0.7317415730337079
1 0.6464285714285715 0.6896067415730337 0.6892857142857143 0.6179775280898876 0.6630952380952381 0.5941011235955056 0.6130952380952381 0.6601123595505618
1 0.7297619047619047 0.6460674157303371 0.7726190476190476 0.5856741573033708 0.7440476190476191 0.5603932584269663 0.7011904761904761 0.6264044943820225
1 0.7714285714285715 0.5800561797752809 0.8226190476190476 0.5182584269662921 0.7904761904761904 0.49297752808988765 0.7476190476190476 0.5533707865168539
1 0.7357142857142858 0.5547752808988764 0.7833333333333333 0.4943820224719101 0.7547619047619047 0.47191011235955055 0.7119047619047619 0.5308988764044944
1 0.6869047619047619 0.6165730337078652 0.7321428571428571 0.5617977528089888 0.7130952380952381 0.5351123595505618 0.6666666666666666 0.5955056179775281
1 0.5583333333333333 0.726123595505618 0.6083333333333333 0.6615168539325843 0.5857142857142857 0.6348314606741573 0.5321428571428571 0.7064606741573034
1 0.6095238095238096 0.6615168539325843 0.655952380952381 0.5912921348314607 0.6297619047619047 0.5660112359550562 0.5869047619047619 0.6278089887640449
1 0.655952380952381 0.5926966292134831 0.705952380952381 0.5294943820224719 0.6761904761904762 0.5084269662921348 0.6297619047619047 0.5674157303370787
1 0.7023809523809523 0.526685393258427 0.7488095238095238 0.4691011235955056 0.7178571428571429 0.44803370786516855 0.6797619047619048 0.5098314606741573
1 0.675 0.49719101123595505 0.7226190476190476 0.4410112359550562 0.694047619047619 0.41713483146067415 0.6511904761904762 0.4803370786516854
1 0.6273809523809524 0.5646067415730337 0.6761904761904762 0.5028089887640449 0.6488095238095238 0.48174157303370785 0.6035714285714285 0.5491573033707865
1 0.5797619047619048 0.6292134831460674 0.6261904761904762 0.5674157303370787 0.6011904761904762 0.5435393258426966 0.5535714285714286 0.6067415730337079
1 0.5285714285714286 0.6980337078651685 0.575 0.6306179775280899 0.5511904761904762 0.6053370786516854 0.5 0.6699438202247191
1 0.49404761904761907 0.6699438202247191 0.5416666666666666 0.598314606741573 0.5178571428571429 0.577247191011236 0.46904761904761905 0.6460674157303371
1 0.45476190476190476 0.6446629213483146 0.5047619047619047 0.5800561797752809 0.48214285714285715 0.5547752808988764 0.430952380952381 0.6165730337078652
1 0.4238095238095238 0.6123595505617978 0.4738095238095238 0.5463483146067416 0.4511904761904762 0.523876404494382 0.4023809523809524 0.5884831460674157
1 0.39404761904761904 0.5814606741573034 0.444047619047619 0.523876404494382 0.4226190476190476 0.49859550561797755 0.37142857142857144 0.5589887640449438
1 0.36547619047619045 0.5575842696629213 0.41785714285714287 0.4943820224719101 0.39285714285714285 0.46769662921348315 0.3357142857142857 0.5379213483146067
1 0.4154761904761905 0.49719101123595505 0.47023809523809523 0.43679775280898875 0.4392857142857143 0.40730337078651685 0.39404761904761904 0.4747191011235955
1 0.46904761904761905 0.43258426966292135 0.5154761904761904 0.3806179775280899 0.4928571428571429 0.351123595505618 0.44285714285714284 0.40730337078651685
1 0.5119047619047619 0.375 0.5678571428571428 0.3202247191011236 0.5380952380952381 0.29634831460674155 0.49166666666666664 0.34831460674157305
1 0.45 0.5196629213483146 0.49642857142857144 0.4648876404494382 0.46904761904761905 0.4339887640449438 0.4226190476190476 0.4943820224719101
1 0.4988095238095238 0.4606741573033708 0.5511904761904762 0.4058988764044944 0.5214285714285715 0.3792134831460674 0.4785714285714286 0.4311797752808989
1 0.55 0.398876404494382 0.5988095238095238 0.34691011235955055 0.5702380952380952 0.32162921348314605 0.525 0.37640449438202245
1 0.4785714285714286 0.5491573033707865 0.5273809523809524 0.4887640449438202 0.4988095238095238 0.4648876404494382 0.45357142857142857 0.526685393258427
1 0.513095238095238 0.577247191011236 0.5595238095238095 0.5182584269662921 0.5297619047619048 0.48735955056179775 0.4845238095238095 0.5533707865168539
1 0.5630952380952381 0.5140449438202247 0.6130952380952381 0.4550561797752809 0.5880952380952381 0.4297752808988764 0.5392857142857143 0.48735955056179775
1 0.5273809523809524 0.48735955056179775 0.575 0.4311797752808989 0.5511904761904762 0.40730337078651685 0.5035714285714286 0.4648876404494382
1 0.5761904761904761 0.42837078651685395 0.6297619047619047 0.3693820224719101 0.6047619047619047 0.351123595505618 0.555952380952381 0.39747191011235955
1 0.5476190476190477 0.2907303370786517 0.6035714285714285 0.33286516853932585 0.6226190476190476 0.3061797752808989 0.5642857142857143 0.25842696629213485
1 0.6130952380952381 0.3356741573033708 0.6678571428571428 0.38202247191011235 0.6916666666666667 0.3539325842696629 0.6345238095238095 0.30196629213483145
1 0.6214285714285714 0.26264044943820225 0.6678571428571428 0.199438202247191 0.6392857142857142 0.175561797752809 0.594047619047619 0.24578651685393257
1 0.6702380952380952 0.19803370786516855 0.7202380952380952 0.14325842696629212 0.694047619047619 0.11938202247191011 0.6488095238095238 0.16853932584269662
1 0.6583333333333333 0.28370786516853935 0.7011904761904761 0.2247191011235955 0.675 0.20084269662921347 0.6333333333333333 0.25842696629213485
1 0.7 0.22752808988764045 0.7488095238095238 0.17275280898876405 0.7178571428571429 0.1502808988764045 0.6761904761904762 0.20084269662921347
1 0.6880952380952381 0.3047752808988764 0.736904761904762 0.2443820224719101 0.7154761904761905 0.22191011235955055 0.6702380952380952 0.2808988764044944
1 0.7202380952380952 0.33286516853932585 0.7654761904761904 0.2640449438202247 0.7380952380952381 0.24578651685393257 0.694047619047619 0.31320224719101125
1 0.75 0.35814606741573035 0.7904761904761904 0.2949438202247191 0.7666666666666667 0.2710674157303371 0.7226190476190476 0.33848314606741575
1 0.7988095238095239 0.2991573033707865 0.8380952380952381 0.2401685393258427 0.8142857142857143 0.2205056179775281 0.7726190476190476 0.2710674157303371
1 0.7738095238095238 0.3946629213483146 0.825 0.324438202247191 0.7976190476190477 0.30337078651685395 0.7511904761904762 0.3693820224719101
1 0.8261904761904761 0.32724719101123595 0.8702380952380953 0.27247191011235955 0.8392857142857143 0.25 0.8011904761904762 0.3047752808988764
1 0.8571428571428571 0.35674157303370785 0.8988095238095238 0.29775280898876405 0.8738095238095238 0.27668539325842695 0.8321428571428572 0.3342696629213483
1 0.8095238095238095 0.4241573033707865 0.8571428571428571 0.35814606741573035 0.8273809523809523 0.33286516853932585 0.7797619047619048 0.4044943820224719
1 0.8511904761904762 0.44803370786516855 0.8964285714285715 0.3806179775280899 0.875 0.35814606741573035 0.8214285714285714 0.4297752808988764