1 0.12857142857142856 0.8174157303370787 0.125 0.875 0.23095238095238096 0.875 0.23214285714285715 0.8146067415730337
1 0.2488095238095238 0.8103932584269663 0.2488095238095238 0.8665730337078652 0.36428571428571427 0.8679775280898876 0.36428571428571427 0.8033707865168539
1 0.7666666666666667 0.7935393258426966 0.655952380952381 0.7907303370786517 0.6607142857142857 0.8497191011235955 0.7678571428571429 0.848314606741573
1 0.4380952380952381 0.6067415730337079 0.33690476190476193 0.6095505617977528 0.3392857142857143 0.6615168539325843 0.44047619047619047 0.6573033707865169
1 0.6797619047619048 0.5969101123595506 0.5845238095238096 0.6053370786516854 0.5904761904761905 0.6460674157303371 0.6845238095238095 0.6376404494382022
1 0.6797619047619048 0.5323033707865169 0.5857142857142857 0.5351123595505618 0.5892857142857143 0.5814606741573034 0.6892857142857143 0.5786516853932584
1 0.6833333333333333 0.4705056179775281 0.5833333333333334 0.4691011235955056 0.5857142857142857 0.5140449438202247 0.6845238095238095 0.5126404494382022
1 0.6702380952380952 0.41292134831460675 0.5976190476190476 0.41853932584269665 0.6011904761904762 0.45646067415730335 0.6761904761904762 0.449438202247191
1 0.6761904761904762 0.3595505617977528 0.5869047619047619 0.35674157303370785 0.5845238095238096 0.40870786516853935 0.6738095238095239 0.4101123595505618
1 0.44047619047619047 0.41292134831460675 0.34285714285714286 0.4143258426966292 0.34285714285714286 0.46207865168539325 0.4392857142857143 0.4606741573033708
1 0.425 0.35252808988764045 0.3404761904761905 0.35814606741573035 0.3416666666666667 0.40168539325842695 0.4297619047619048 0.3960674157303371
1 0.44285714285714284 0.3089887640449438 0.3488095238095238 0.3103932584269663 0.3488095238095238 0.35674157303370785 0.4452380952380952 0.3497191011235955
1 0.4369047619047619 0.2556179775280899 0.34285714285714286 0.2542134831460674 0.3416666666666667 0.2949438202247191 0.4357142857142857 0.2991573033707865
1 0.6714285714285714 0.2794943820224719 0.5797619047619048 0.2808988764044944 0.5845238095238096 0.32724719101123595 0.675 0.32865168539325845
1 0.6702380952380952 0.22893258426966293 0.5773809523809523 0.23314606741573032 0.580952380952381 0.27808988764044945 0.669047619047619 0.27668539325842695
1 0.6678571428571428 0.17134831460674158 0.580952380952381 0.17837078651685392 0.580952380952381 0.22331460674157302 0.669047619047619 0.21769662921348315
1 0.669047619047619 0.11938202247191011 0.669047619047619 0.16713483146067415 0.580952380952381 0.17275280898876405 0.5797619047619048 0.12078651685393259