1 0.3107142857142857 0.15308988764044945 0.3869047619047619 0.21769662921348315 0.4166666666666667 0.18820224719101122 0.3464285714285714 0.12078651685393259
1 0.3488095238095238 0.25842696629213485 0.4238095238095238 0.32724719101123595 0.3869047619047619 0.35814606741573035 0.319047619047619 0.2851123595505618
1 0.46904761904761905 0.3089887640449438 0.544047619047619 0.375 0.5630952380952381 0.33707865168539325 0.49404761904761907 0.27668539325842695
1 0.55 0.38202247191011235 0.6273809523809524 0.4550561797752809 0.6535714285714286 0.42275280898876405 0.5785714285714286 0.351123595505618
1 0.6452380952380953 0.47191011235955055 0.7238095238095238 0.5463483146067416 0.7452380952380953 0.5140449438202247 0.6666666666666666 0.43679775280898875
1 0.8166666666666667 0.6502808988764045 0.8892857142857142 0.7148876404494382 0.9119047619047619 0.672752808988764 0.8404761904761905 0.601123595505618
1 0.47023809523809523 0.577247191011236 0.5011904761904762 0.5421348314606742 0.5666666666666667 0.6095505617977528 0.5392857142857143 0.6446629213483146
1 0.5738095238095238 0.6769662921348315 0.5988095238095238 0.6390449438202247 0.6785714285714286 0.7219101123595506 0.6476190476190476 0.7556179775280899
1 0.11190476190476191 0.27247191011235955 0.16666666666666666 0.33286516853932585 0.14047619047619048 0.3539325842696629 0.09404761904761905 0.29775280898876405
1 0.18095238095238095 0.40168539325842695 0.20833333333333334 0.3707865168539326 0.2630952380952381 0.4353932584269663 0.23809523809523808 0.45786516853932585
1 0.32976190476190476 0.5589887640449438 0.3964285714285714 0.6320224719101124 0.4238095238095238 0.5941011235955056 0.35595238095238096 0.5224719101123596
1 0.4035714285714286 0.6460674157303371 0.4726190476190476 0.7162921348314607 0.49642857142857144 0.6839887640449438 0.42738095238095236 0.6123595505617978
1 0.275 0.6783707865168539 0.3130952380952381 0.726123595505618 0.3380952380952381 0.6938202247191011 0.2988095238095238 0.6544943820224719
1 0.5976190476190476 0.7724719101123596 0.6952380952380952 0.8651685393258427 0.6630952380952381 0.8960674157303371 0.569047619047619 0.8019662921348315