1 0.6190476190476191 0.8146067415730337 0.625 0.8974719101123596 0.6642857142857143 0.8960674157303371 0.6547619047619048 0.8117977528089888
1 0.6142857142857143 0.6502808988764045 0.6190476190476191 0.7654494382022472 0.655952380952381 0.7668539325842697 0.6535714285714286 0.6502808988764045
1 0.6095238095238096 0.5421348314606742 0.6190476190476191 0.6432584269662921 0.6595238095238095 0.6390449438202247 0.65 0.5393258426966292
1 0.6011904761904762 0.4199438202247191 0.6083333333333333 0.5252808988764045 0.6523809523809524 0.523876404494382 0.6488095238095238 0.4199438202247191
1 0.5976190476190476 0.3047752808988764 0.6059523809523809 0.4044943820224719 0.6428571428571429 0.40168539325842695 0.6369047619047619 0.3047752808988764
1 0.5928571428571429 0.1797752808988764 0.5952380952380952 0.2794943820224719 0.6297619047619047 0.2752808988764045 0.6309523809523809 0.17837078651685392
4 0.3476190476190476 0.5561797752808989 0.3523809523809524 0.6573033707865169 0.38571428571428573 0.6558988764044944 0.37857142857142856 0.5547752808988764
1 0.38571428571428573 0.4845505617977528 0.38571428571428573 0.5856741573033708 0.4226190476190476 0.5842696629213483 0.42023809523809524 0.4845505617977528
1 0.305952380952381 0.4311797752808989 0.3011904761904762 0.5435393258426966 0.3380952380952381 0.5421348314606742 0.3404761904761905 0.43258426966292135
1 0.3476190476190476 0.3258426966292135 0.3535714285714286 0.43820224719101125 0.39285714285714285 0.4353932584269663 0.3892857142857143 0.32162921348314605
1 0.34523809523809523 0.13764044943820225 0.35 0.2401685393258427 0.38571428571428573 0.2345505617977528 0.37976190476190474 0.13342696629213482