1 0.8559523809523809 0.1952247191011236 0.9511904761904761 0.19382022471910113 0.9476190476190476 0.23595505617977527 0.844047619047619 0.2345505617977528
1 0.7428571428571429 0.19241573033707865 0.8238095238095238 0.18820224719101122 0.8238095238095238 0.2401685393258427 0.7511904761904762 0.24157303370786518
1 0.625 0.19241573033707865 0.7166666666666667 0.19382022471910113 0.7166666666666667 0.2401685393258427 0.625 0.2401685393258427
4 0.5285714285714286 0.1952247191011236 0.6083333333333333 0.19241573033707865 0.6059523809523809 0.2345505617977528 0.5261904761904762 0.2345505617977528
1 0.4166666666666667 0.20365168539325842 0.5011904761904762 0.19662921348314608 0.49523809523809526 0.23595505617977527 0.41785714285714287 0.2443820224719101
1 0.3119047619047619 0.20926966292134833 0.3976190476190476 0.2050561797752809 0.3964285714285714 0.24859550561797752 0.3119047619047619 0.24578651685393257
1 0.21071428571428572 0.2050561797752809 0.30357142857142855 0.20365168539325842 0.2988095238095238 0.2443820224719101 0.21071428571428572 0.24578651685393257
1 0.11666666666666667 0.20926966292134833 0.1976190476190476 0.199438202247191 0.19523809523809524 0.24859550561797752 0.11428571428571428 0.24719101123595505
3 0.65 0.5632022471910112 0.8464285714285714 0.5617977528089888 0.8464285714285714 0.6207865168539326 0.65 0.6193820224719101
3 0.6630952380952381 0.651685393258427 0.8630952380952381 0.6334269662921348 0.8666666666666667 0.6938202247191011 0.669047619047619 0.7148876404494382
3 0.33214285714285713 0.6629213483146067 0.5321428571428571 0.6629213483146067 0.5345238095238095 0.7331460674157303 0.33214285714285713 0.7317415730337079
2 0.02142857142857143 0.6910112359550562 0.2119047619047619 0.672752808988764 0.21071428571428572 0.7471910112359551 0.023809523809523808 0.7612359550561798
3 0.4976190476190476 0.5758426966292135 0.6261904761904762 0.577247191011236 0.625 0.6207865168539326 0.5023809523809524 0.6207865168539326