1 0.5714285714285714 0.6418539325842697 0.5428571428571428 0.6544943820224719 0.5726190476190476 0.7457865168539326 0.6023809523809524 0.7331460674157303
1 0.6059523809523809 0.7443820224719101 0.5726190476190476 0.7640449438202247 0.6035714285714285 0.8581460674157303 0.6392857142857142 0.8441011235955056
1 0.4976190476190476 0.40870786516853935 0.4714285714285714 0.41713483146067415 0.4976190476190476 0.5112359550561798 0.5297619047619048 0.4957865168539326
1 0.45357142857142857 0.42696629213483145 0.42142857142857143 0.4410112359550562 0.44761904761904764 0.5294943820224719 0.48214285714285715 0.5182584269662921
1 0.5773809523809523 0.351123595505618 0.5059523809523809 0.3848314606741573 0.5202380952380953 0.4199438202247191 0.5892857142857143 0.38764044943820225
1 0.5964285714285714 0.36797752808988765 0.5595238095238095 0.45224719101123595 0.5892857142857143 0.46769662921348315 0.6273809523809524 0.39325842696629215
1 0.7559523809523809 0.33707865168539325 0.6845238095238095 0.36657303370786515 0.694047619047619 0.40168539325842695 0.7654761904761904 0.3693820224719101
1 0.6154761904761905 0.44241573033707865 0.575 0.5168539325842697 0.6047619047619047 0.5323033707865169 0.6392857142857142 0.46207865168539325
1 0.6416666666666667 0.48735955056179775 0.5988095238095238 0.5646067415730337 0.6226190476190476 0.5800561797752809 0.6654761904761904 0.5070224719101124
1 0.6523809523809524 0.5463483146067416 0.6095238095238096 0.6235955056179775 0.6333333333333333 0.6390449438202247 0.6761904761904762 0.5660112359550562
1 0.6714285714285714 0.5912921348314607 0.6273809523809524 0.6629213483146067 0.6583333333333333 0.6839887640449438 0.7011904761904761 0.6193820224719101
1 0.7035714285714286 0.6980337078651685 0.6595238095238095 0.7696629213483146 0.6904761904761905 0.7907303370786517 0.736904761904762 0.7134831460674157
1 0.444047619047619 0.19241573033707865 0.4119047619047619 0.20786516853932585 0.43214285714285716 0.28230337078651685 0.46904761904761905 0.2710674157303371
1 0.37976190476190474 0.12219101123595505 0.3476190476190476 0.13764044943820225 0.3678571428571429 0.21207865168539325 0.40476190476190477 0.20084269662921347
1 0.5273809523809524 0.15870786516853932 0.49523809523809526 0.17415730337078653 0.5119047619047619 0.2443820224719101 0.5476190476190477 0.2345505617977528
1 0.49166666666666664 0.16713483146067415 0.4595238095238095 0.18258426966292135 0.47619047619047616 0.26825842696629215 0.5083333333333333 0.2598314606741573
1 0.42142857142857143 0.11095505617977527 0.3892857142857143 0.12640449438202248 0.4095238095238095 0.20084269662921347 0.44642857142857145 0.1896067415730337
1 0.14285714285714285 0.40168539325842695 0.11666666666666667 0.41151685393258425 0.12976190476190477 0.4901685393258427 0.1595238095238095 0.48174157303370785
1 0.16904761904761906 0.49297752808988765 0.1357142857142857 0.5056179775280899 0.15595238095238095 0.5842696629213483 0.19166666666666668 0.5758426966292135
1 0.18928571428571428 0.598314606741573 0.16071428571428573 0.6053370786516854 0.17857142857142858 0.6882022471910112 0.20833333333333334 0.6811797752808989
1 0.21904761904761905 0.6896067415730337 0.1880952380952381 0.7036516853932584 0.20833333333333334 0.7879213483146067 0.24404761904761904 0.7780898876404494