1 0.5035714285714286 0.3693820224719101 0.5023809523809524 0.4157303370786517 0.5238095238095238 0.4157303370786517 0.5238095238095238 0.3693820224719101
1 0.4726190476190476 0.48174157303370785 0.4714285714285714 0.526685393258427 0.4928571428571429 0.5308988764044944 0.4928571428571429 0.4789325842696629
1 0.794047619047619 0.6938202247191011 0.8047619047619048 0.7134831460674157 0.8464285714285714 0.6867977528089888 0.8357142857142857 0.6615168539325843
1 0.819047619047619 0.36235955056179775 0.819047619047619 0.37780898876404495 0.8571428571428571 0.38202247191011235 0.8595238095238096 0.36235955056179775
1 0.8130952380952381 0.3398876404494382 0.8130952380952381 0.3553370786516854 0.8511904761904762 0.3595505617977528 0.8535714285714285 0.3398876404494382
1 0.7976190476190477 0.3188202247191011 0.7976190476190477 0.3342696629213483 0.8357142857142857 0.33848314606741575 0.8380952380952381 0.3188202247191011
1 0.3404761904761905 0.7808988764044944 0.35119047619047616 0.7963483146067416 0.3869047619047619 0.7682584269662921 0.37857142857142856 0.7528089887640449
1 0.33095238095238094 0.7415730337078652 0.3404761904761905 0.7598314606741573 0.3821428571428571 0.7331460674157303 0.3738095238095238 0.7134831460674157
1 0.32857142857142857 0.7050561797752809 0.3380952380952381 0.723314606741573 0.37976190476190474 0.6966292134831461 0.37142857142857144 0.6769662921348315
1 0.3416666666666667 0.6699438202247191 0.35119047619047616 0.6882022471910112 0.39285714285714285 0.6615168539325843 0.38452380952380955 0.6418539325842697
1 0.3357142857142857 0.6067415730337079 0.34523809523809523 0.625 0.3869047619047619 0.598314606741573 0.37857142857142856 0.5786516853932584
1 0.325 0.6418539325842697 0.3345238095238095 0.6601123595505618 0.3761904761904762 0.6334269662921348 0.3678571428571429 0.6137640449438202
1 0.23333333333333334 0.7289325842696629 0.24761904761904763 0.7640449438202247 0.26785714285714285 0.75 0.2523809523809524 0.7120786516853933
1 0.19404761904761905 0.7668539325842697 0.19404761904761905 0.7921348314606742 0.24523809523809523 0.7837078651685393 0.24404761904761904 0.7626404494382022
4 0.19523809523809524 0.7921348314606742 0.19166666666666668 0.8146067415730337 0.23809523809523808 0.8188202247191011 0.24047619047619048 0.7921348314606742
1 0.2571428571428571 0.48314606741573035 0.25 0.5042134831460674 0.29285714285714287 0.5140449438202247 0.3011904761904762 0.49297752808988765
1 0.12738095238095237 0.45646067415730335 0.12023809523809524 0.47752808988764045 0.1630952380952381 0.48735955056179775 0.17142857142857143 0.46629213483146065
1 0.125 0.45365168539325845 0.11785714285714285 0.4747191011235955 0.16071428571428573 0.4845505617977528 0.16904761904761906 0.46348314606741575
1 0.3 0.4859550561797753 0.3011904761904762 0.5126404494382022 0.34404761904761905 0.5224719101123596 0.3523809523809524 0.5014044943820225
1 0.3047619047619048 0.5126404494382022 0.2976190476190476 0.5337078651685393 0.3404761904761905 0.5435393258426966 0.3488095238095238 0.5224719101123596
1 0.30833333333333335 0.5393258426966292 0.3011904761904762 0.5603932584269663 0.34404761904761905 0.5716292134831461 0.3523809523809524 0.5491573033707865
1 0.19404761904761905 0.41713483146067415 0.19523809523809524 0.43679775280898875 0.24047619047619048 0.4339887640449438 0.23809523809523808 0.4101123595505618
1 0.2869047619047619 0.4311797752808989 0.25357142857142856 0.46348314606741575 0.26785714285714285 0.47752808988764045 0.2976190476190476 0.44803370786516855
1 0.3119047619047619 0.44803370786516855 0.2869047619047619 0.4747191011235955 0.3 0.4859550561797753 0.32142857142857145 0.4606741573033708
1 0.3392857142857143 0.44803370786516855 0.319047619047619 0.4803370786516854 0.3404761904761905 0.49157303370786515 0.35595238095238096 0.4592696629213483
1 0.33214285714285713 0.32865168539325845 0.30357142857142855 0.3553370786516854 0.31666666666666665 0.37359550561797755 0.34285714285714286 0.3553370786516854
1 0.32142857142857145 0.16151685393258428 0.3273809523809524 0.17837078651685392 0.3619047619047619 0.1601123595505618 0.3535714285714286 0.14325842696629212