1 0.6178571428571429 0.7387640449438202 0.6130952380952381 0.8384831460674157 0.6511904761904762 0.8370786516853933 0.6535714285714286 0.7373595505617978
1 0.6142857142857143 0.5898876404494382 0.6130952380952381 0.6390449438202247 0.694047619047619 0.6390449438202247 0.694047619047619 0.5912921348314607
1 0.3892857142857143 0.6081460674157303 0.3380952380952381 0.6685393258426966 0.36428571428571427 0.699438202247191 0.4119047619047619 0.6390449438202247
1 0.6702380952380952 0.4143258426966292 0.6630952380952381 0.45365168539325845 0.7321428571428571 0.46769662921348315 0.736904761904762 0.42696629213483145
1 0.8119047619047619 0.4550561797752809 0.8107142857142857 0.5379213483146067 0.8380952380952381 0.5365168539325843 0.8404761904761905 0.45224719101123595
1 0.8511904761904762 0.45646067415730335 0.8476190476190476 0.5407303370786517 0.8821428571428571 0.5435393258426966 0.8857142857142857 0.45365168539325845
1 0.8476190476190476 0.273876404494382 0.8428571428571429 0.36235955056179775 0.8797619047619047 0.3609550561797753 0.8821428571428571 0.2710674157303371
1 0.8761904761904762 0.1306179775280899 0.8380952380952381 0.16292134831460675 0.8535714285714285 0.19101123595505617 0.8916666666666667 0.15308988764044945
1 0.6880952380952381 0.3637640449438202 0.6845238095238095 0.3946629213483146 0.7559523809523809 0.40308988764044945 0.7595238095238095 0.37359550561797755
1 0.6869047619047619 0.3089887640449438 0.680952380952381 0.34129213483146065 0.7547619047619047 0.351123595505618 0.7571428571428571 0.3188202247191011
1 0.6928571428571428 0.25842696629213485 0.6892857142857143 0.28651685393258425 0.7535714285714286 0.30196629213483145 0.7595238095238095 0.273876404494382
1 0.6928571428571428 0.21207865168539325 0.6880952380952381 0.24297752808988765 0.7595238095238095 0.2556179775280899 0.7654761904761904 0.22191011235955055
1 0.6773809523809524 0.17275280898876405 0.675 0.20224719101123595 0.7488095238095238 0.21067415730337077 0.75 0.18258426966292135
1 0.5845238095238096 0.13202247191011235 0.5761904761904761 0.18398876404494383 0.6035714285714285 0.1896067415730337 0.6107142857142858 0.13342696629213482
0 0.2392857142857143 0.17837078651685392 0.20833333333333334 0.3792134831460674 0.25595238095238093 0.3890449438202247 0.2869047619047619 0.18679775280898878
0 0.19047619047619047 0.48174157303370785 0.1595238095238095 0.6713483146067416 0.20595238095238094 0.675561797752809 0.2392857142857143 0.4957865168539326