1 0.2857142857142857 0.1502808988764045 0.2702380952380952 0.17134831460674158 0.32142857142857145 0.20365168539325842 0.3357142857142857 0.18117977528089887
1 0.2571428571428571 0.19803370786516855 0.24047619047619048 0.22331460674157302 0.29285714285714287 0.25702247191011235 0.30714285714285716 0.23174157303370788
1 0.3607142857142857 0.21629213483146068 0.32857142857142857 0.26264044943820225 0.35119047619047616 0.27668539325842695 0.38571428571428573 0.2303370786516854
1 0.19523809523809524 0.574438202247191 0.15476190476190477 0.6306179775280899 0.1773809523809524 0.6460674157303371 0.21904761904761905 0.5870786516853933
1 0.22023809523809523 0.6306179775280899 0.18095238095238095 0.6853932584269663 0.20357142857142857 0.702247191011236 0.24285714285714285 0.6474719101123596
1 0.7761904761904762 0.375 0.7583333333333333 0.3904494382022472 0.7916666666666666 0.4339887640449438 0.8142857142857143 0.41292134831460675
1 0.7523809523809524 0.41713483146067415 0.7345238095238096 0.44241573033707865 0.7761904761904762 0.47752808988764045 0.7952380952380952 0.45646067415730335
1 0.7416666666666667 0.44803370786516855 0.725 0.4592696629213483 0.7666666666666667 0.5126404494382022 0.7880952380952381 0.49859550561797755
3 0.7178571428571429 0.4887640449438202 0.6976190476190476 0.5056179775280899 0.7547619047619047 0.5660112359550562 0.7738095238095238 0.5463483146067416
3 0.6833333333333333 0.5561797752808989 0.6702380952380952 0.5828651685393258 0.7273809523809524 0.6292134831460674 0.7428571428571429 0.5969101123595506
1 0.6583333333333333 0.5870786516853933 0.6476190476190476 0.6137640449438202 0.6988095238095238 0.6432584269662921 0.7071428571428572 0.6151685393258427
1 0.6071428571428571 0.6797752808988764 0.5964285714285714 0.699438202247191 0.6464285714285715 0.7331460674157303 0.6547619047619048 0.7134831460674157
1 0.5797619047619048 0.7134831460674157 0.5654761904761905 0.7401685393258427 0.6166666666666667 0.7837078651685393 0.6333333333333333 0.7570224719101124
1 0.49166666666666664 0.6671348314606742 0.4630952380952381 0.6825842696629213 0.5059523809523809 0.7401685393258427 0.5345238095238095 0.7219101123595506
3 0.44285714285714284 0.7331460674157303 0.42738095238095236 0.7724719101123596 0.5369047619047619 0.8328651685393258 0.555952380952381 0.7963483146067416