1 0.6988095238095238 0.773876404494382 0.7095238095238096 0.8792134831460674 0.7464285714285714 0.875 0.7345238095238096 0.7710674157303371
4 0.6773809523809524 0.6207865168539326 0.6892857142857143 0.7485955056179775 0.7333333333333333 0.7471910112359551 0.7226190476190476 0.6165730337078652
1 0.669047619047619 0.5056179775280899 0.6761904761904762 0.6095505617977528 0.7130952380952381 0.6053370786516854 0.7023809523809523 0.5014044943820225
1 0.6761904761904762 0.36657303370786515 0.6797619047619048 0.4648876404494382 0.7154761904761905 0.4648876404494382 0.7166666666666667 0.3693820224719101
1 0.669047619047619 0.2345505617977528 0.6738095238095239 0.33146067415730335 0.7119047619047619 0.33146067415730335 0.7071428571428572 0.2345505617977528
1 0.6654761904761904 0.12219101123595505 0.6666666666666666 0.2247191011235955 0.7035714285714286 0.22191011235955055 0.7 0.11376404494382023
1 0.44047619047619047 0.7148876404494382 0.4380952380952381 0.8174157303370787 0.4797619047619048 0.8188202247191011 0.48095238095238096 0.7148876404494382
1 0.430952380952381 0.523876404494382 0.42857142857142855 0.6404494382022472 0.47619047619047616 0.6418539325842697 0.4785714285714286 0.523876404494382
1 0.4261904761904762 0.3637640449438202 0.4226190476190476 0.4747191011235955 0.4666666666666667 0.47752808988764045 0.46785714285714286 0.36797752808988765
1 0.23809523809523808 0.22191011235955055 0.1738095238095238 0.2991573033707865 0.20238095238095238 0.324438202247191 0.2702380952380952 0.24719101123595505
1 0.2392857142857143 0.28792134831460675 0.17976190476190476 0.36657303370786515 0.20952380952380953 0.39325842696629215 0.26904761904761904 0.3103932584269663
1 0.24047619047619048 0.43258426966292135 0.17857142857142858 0.5084269662921348 0.20833333333333334 0.5379213483146067 0.26904761904761904 0.4606741573033708
1 0.24285714285714285 0.5969101123595506 0.16428571428571428 0.6741573033707865 0.18928571428571428 0.7064606741573034 0.2642857142857143 0.6376404494382022
1 0.2392857142857143 0.7668539325842697 0.1595238095238095 0.8553370786516854 0.18928571428571428 0.8876404494382022 0.26785714285714285 0.8019662921348315