1 0.5261904761904762 0.2640449438202247 0.49642857142857144 0.2654494382022472 0.4869047619047619 0.34269662921348315 0.5166666666666667 0.34691011235955055
1 0.45357142857142857 0.27668539325842695 0.43214285714285716 0.2696629213483146 0.4095238095238095 0.33707865168539325 0.4369047619047619 0.34831460674157305
1 0.41309523809523807 0.29213483146067415 0.39166666666666666 0.2851123595505618 0.375 0.351123595505618 0.39880952380952384 0.3539325842696629
1 0.3404761904761905 0.2991573033707865 0.319047619047619 0.29213483146067415 0.30238095238095236 0.35814606741573035 0.32142857142857145 0.3609550561797753
1 0.1761904761904762 0.32724719101123595 0.15119047619047618 0.3202247191011236 0.12857142857142856 0.3848314606741573 0.1523809523809524 0.39325842696629215
1 0.21428571428571427 0.31179775280898875 0.19047619047619047 0.3202247191011236 0.2154761904761905 0.37780898876404495 0.23809523809523808 0.36235955056179775
1 0.3107142857142857 0.7162921348314607 0.24523809523809523 0.7542134831460674 0.2571428571428571 0.7893258426966292 0.325 0.7457865168539326
1 0.18452380952380953 0.7640449438202247 0.11428571428571428 0.7528089887640449 0.10357142857142858 0.7893258426966292 0.17857142857142858 0.7991573033707865
1 0.4035714285714286 0.7050561797752809 0.35 0.7120786516853933 0.3547619047619048 0.7485955056179775 0.4035714285714286 0.7387640449438202
1 0.5261904761904762 0.6643258426966292 0.49404761904761907 0.6699438202247191 0.5178571428571429 0.7528089887640449 0.55 0.7443820224719101
1 0.8107142857142857 0.7851123595505618 0.7833333333333333 0.7794943820224719 0.7738095238095238 0.8567415730337079 0.8023809523809524 0.8623595505617978
1 0.8488095238095238 0.7780898876404494 0.8214285714285714 0.7724719101123596 0.8119047619047619 0.8497191011235955 0.8404761904761905 0.8553370786516854
1 0.8833333333333333 0.7710674157303371 0.8559523809523809 0.7654494382022472 0.8464285714285714 0.8426966292134831 0.875 0.848314606741573
1 0.7380952380952381 0.8047752808988764 0.7107142857142857 0.7991573033707865 0.6916666666666667 0.875 0.7178571428571429 0.8848314606741573
1 0.7011904761904761 0.8033707865168539 0.6738095238095239 0.797752808988764 0.6547619047619048 0.8735955056179775 0.680952380952381 0.8834269662921348
1 0.8559523809523809 0.46769662921348315 0.8083333333333333 0.5182584269662921 0.830952380952381 0.5435393258426966 0.8738095238095238 0.4901685393258427
1 0.8130952380952381 0.4058988764044944 0.7642857142857142 0.4508426966292135 0.7833333333333333 0.476123595505618 0.830952380952381 0.42837078651685395
1 0.7952380952380952 0.37640449438202245 0.7464285714285714 0.42134831460674155 0.7654761904761904 0.44662921348314605 0.8130952380952381 0.398876404494382
1 0.8464285714285714 0.3202247191011236 0.7976190476190477 0.3651685393258427 0.8166666666666667 0.3904494382022472 0.8642857142857143 0.34269662921348315
1 0.8238095238095238 0.2794943820224719 0.775 0.324438202247191 0.794047619047619 0.3497191011235955 0.8416666666666667 0.30196629213483145
1 0.7964285714285714 0.24859550561797752 0.7476190476190476 0.29353932584269665 0.7666666666666667 0.3188202247191011 0.8142857142857143 0.2710674157303371
1 0.7511904761904762 0.17837078651685392 0.7023809523809523 0.22331460674157302 0.7214285714285714 0.24859550561797752 0.7690476190476191 0.20084269662921347
1 0.7083333333333334 0.12078651685393259 0.6595238095238095 0.16573033707865167 0.6785714285714286 0.19101123595505617 0.7261904761904762 0.14325842696629212
1 0.7702380952380953 0.3441011235955056 0.7214285714285714 0.3890449438202247 0.7404761904761905 0.4143258426966292 0.7880952380952381 0.36657303370786515
1 0.7476190476190476 0.3160112359550562 0.6988095238095238 0.3609550561797753 0.7178571428571429 0.3862359550561798 0.7654761904761904 0.33848314606741575
1 0.7285714285714285 0.28230337078651685 0.6726190476190477 0.33286516853932585 0.6916666666666667 0.35814606741573035 0.7452380952380953 0.30758426966292135
1 0.7095238095238096 0.25280898876404495 0.6535714285714286 0.30337078651685395 0.6726190476190477 0.32865168539325845 0.7261904761904762 0.27808988764044945
1 0.6869047619047619 0.21910112359550563 0.6309523809523809 0.2696629213483146 0.65 0.2949438202247191 0.7035714285714286 0.2443820224719101
1 0.6642857142857143 0.19662921348314608 0.6083333333333333 0.24719101123595505 0.6273809523809524 0.27247191011235955 0.680952380952381 0.22191011235955055
1 0.6452380952380953 0.16432584269662923 0.5892857142857143 0.2148876404494382 0.6083333333333333 0.2401685393258427 0.6619047619047619 0.1896067415730337
1 0.6214285714285714 0.13342696629213482 0.5654761904761905 0.18398876404494383 0.5845238095238096 0.20926966292134833 0.638095238095238 0.15870786516853932