1 0.29404761904761906 0.0997191011235955 0.2511904761904762 0.17696629213483145 0.28214285714285714 0.19803370786516855 0.3238095238095238 0.11938202247191011
1 0.3416666666666667 0.11938202247191011 0.2988095238095238 0.20365168539325842 0.32857142857142857 0.2205056179775281 0.37023809523809526 0.1348314606741573
1 0.38571428571428573 0.13623595505617977 0.34285714285714286 0.2303370786516854 0.3773809523809524 0.24859550561797752 0.41785714285714287 0.15589887640449437
1 0.4297619047619048 0.17415730337078653 0.39166666666666666 0.24859550561797752 0.42142857142857143 0.26825842696629215 0.4583333333333333 0.19101123595505617
1 0.48095238095238096 0.18679775280898878 0.44047619047619047 0.27247191011235955 0.4726190476190476 0.2907303370786517 0.5083333333333333 0.20365168539325842
1 0.5321428571428571 0.20224719101123595 0.49166666666666664 0.300561797752809 0.5345238095238095 0.3202247191011236 0.569047619047619 0.22191011235955055
1 0.580952380952381 0.2205056179775281 0.544047619047619 0.31741573033707865 0.5797619047619048 0.3342696629213483 0.6166666666666667 0.2401685393258427
1 0.6261904761904762 0.2556179775280899 0.5869047619047619 0.3497191011235955 0.6202380952380953 0.3693820224719101 0.6571428571428571 0.273876404494382
1 0.675 0.273876404494382 0.6392857142857142 0.36797752808988765 0.6714285714285714 0.38764044943820225 0.7047619047619048 0.2907303370786517
1 0.7130952380952381 0.3047752808988764 0.680952380952381 0.4058988764044944 0.719047619047619 0.4241573033707865 0.7488095238095238 0.32162921348314605
1 0.8178571428571428 0.34691011235955055 0.7785714285714286 0.4508426966292135 0.819047619047619 0.47331460674157305 0.8547619047619047 0.36657303370786515
1 0.8690476190476191 0.375 0.830952380952381 0.476123595505618 0.8678571428571429 0.4943820224719101 0.9011904761904762 0.39325842696629215
1 0.17261904761904762 0.26685393258426965 0.15476190476190477 0.3047752808988764 0.24642857142857144 0.3497191011235955 0.2642857142857143 0.31179775280898875
1 0.3 0.3356741573033708 0.2833333333333333 0.3707865168539326 0.3630952380952381 0.41292134831460675 0.37976190476190474 0.375
1 0.4166666666666667 0.398876404494382 0.3976190476190476 0.4410112359550562 0.48928571428571427 0.48735955056179775 0.5071428571428571 0.44241573033707865
4 0.5297619047619048 0.45786516853932585 0.5142857142857142 0.4943820224719101 0.5857142857142857 0.5337078651685393 0.6011904761904762 0.49297752808988765
1 0.655952380952381 0.5224719101123596 0.6392857142857142 0.5603932584269663 0.7178571428571429 0.6025280898876404 0.7321428571428571 0.5617977528089888
1 0.5380952380952381 0.6151685393258427 0.5202380952380953 0.6573033707865169 0.625 0.7120786516853933 0.6428571428571429 0.6671348314606742
1 0.11666666666666667 0.49719101123595505 0.09642857142857143 0.5351123595505618 0.16904761904761906 0.5898876404494382 0.19285714285714287 0.5491573033707865
1 0.20714285714285716 0.5603932584269663 0.1869047619047619 0.5997191011235955 0.2726190476190476 0.6460674157303371 0.2904761904761905 0.6067415730337079
1 0.3202380952380952 0.6193820224719101 0.3047619047619048 0.6544943820224719 0.3892857142857143 0.7050561797752809 0.40714285714285714 0.6685393258426966
1 0.4392857142857143 0.6839887640449438 0.425 0.7191011235955056 0.5023809523809524 0.7612359550561798 0.5142857142857142 0.7247191011235955
1 0.5547619047619048 0.7471910112359551 0.5380952380952381 0.7865168539325843 0.6345238095238095 0.8384831460674157 0.6535714285714286 0.797752808988764
1 0.6738095238095239 0.8019662921348315 0.6535714285714286 0.8455056179775281 0.7523809523809524 0.8932584269662921 0.7666666666666667 0.851123595505618
4 0.7821428571428571 0.5912921348314607 0.7642857142857142 0.6306179775280899 0.8464285714285714 0.6769662921348315 0.8607142857142858 0.6348314606741573