0 0.7654761904761904 0.4957865168539326 0.7857142857142857 0.5589887640449438 0.9416666666666667 0.523876404494382 0.9202380952380952 0.45646067415730335
0 0.780952380952381 0.5646067415730337 0.7976190476190477 0.6306179775280899 0.9392857142857143 0.5969101123595506 0.9226190476190477 0.5308988764044944
0 0.7488095238095238 0.7387640449438202 0.763095238095238 0.8089887640449438 0.9333333333333333 0.776685393258427 0.9238095238095239 0.7134831460674157
1 0.14642857142857144 0.2556179775280899 0.1523809523809524 0.29775280898876405 0.2154761904761905 0.28651685393258425 0.20833333333333334 0.24297752808988765
1 0.1488095238095238 0.41151685393258425 0.15119047619047618 0.4508426966292135 0.22976190476190475 0.43820224719101125 0.225 0.3960674157303371
1 0.5678571428571428 0.32865168539325845 0.5726190476190476 0.3609550561797753 0.65 0.3455056179775281 0.6392857142857142 0.3089887640449438
1 0.7726190476190476 0.28230337078651685 0.7869047619047619 0.32303370786516855 0.8559523809523809 0.30196629213483145 0.8452380952380952 0.2612359550561798
1 0.6761904761904762 0.15168539325842698 0.6869047619047619 0.18398876404494383 0.7511904761904762 0.1699438202247191 0.7416666666666667 0.1306179775280899
1 0.6047619047619047 0.16713483146067415 0.6178571428571429 0.20646067415730338 0.6869047619047619 0.18398876404494383 0.6773809523809524 0.14325842696629212
1 0.43452380952380953 0.20224719101123595 0.4392857142857143 0.22893258426966293 0.5035714285714286 0.21769662921348315 0.4988095238095238 0.18820224719101122
1 0.3952380952380952 0.2050561797752809 0.4 0.23735955056179775 0.33690476190476193 0.2542134831460674 0.3273809523809524 0.21910112359550563