1 0.4607142857142857 0.18258426966292135 0.5226190476190476 0.1797752808988764 0.5214285714285715 0.15308988764044945 0.4607142857142857 0.15589887640449437
1 0.5380952380952381 0.1502808988764045 0.594047619047619 0.1502808988764045 0.5952380952380952 0.17275280898876405 0.5369047619047619 0.17275280898876405
1 0.37857142857142856 0.26825842696629215 0.4035714285714286 0.26685393258426965 0.4083333333333333 0.34129213483146065 0.38095238095238093 0.34129213483146065
1 0.40714285714285714 0.34831460674157305 0.4107142857142857 0.4143258426966292 0.38452380952380955 0.4143258426966292 0.38095238095238093 0.3455056179775281
1 0.4773809523809524 0.4396067415730337 0.5416666666666666 0.43679775280898875 0.5380952380952381 0.40870786516853935 0.47619047619047616 0.4101123595505618
1 0.41309523809523807 0.48735955056179775 0.41309523809523807 0.550561797752809 0.4357142857142857 0.5519662921348315 0.4357142857142857 0.4887640449438202
1 0.444047619047619 0.4859550561797753 0.44642857142857145 0.5533707865168539 0.4714285714285714 0.5533707865168539 0.46904761904761905 0.48314606741573035
1 0.5511904761904762 0.49297752808988765 0.5702380952380952 0.5603932584269663 0.5976190476190476 0.5491573033707865 0.575 0.48314606741573035
1 0.6142857142857143 0.5028089887640449 0.65 0.5561797752808989 0.669047619047619 0.5393258426966292 0.6321428571428571 0.48735955056179775
1 0.655952380952381 0.49157303370786515 0.6845238095238095 0.5379213483146067 0.7035714285714286 0.5224719101123596 0.6761904761904762 0.47331460674157305
1 0.5488095238095239 0.3707865168539326 0.5535714285714286 0.44241573033707865 0.575 0.4396067415730337 0.5702380952380952 0.3693820224719101
2 0.4607142857142857 0.29353932584269665 0.4607142857142857 0.3651685393258427 0.48095238095238096 0.36657303370786515 0.4797619047619048 0.2949438202247191
1 0.6273809523809524 0.8300561797752809 0.6928571428571428 0.8300561797752809 0.694047619047619 0.8679775280898876 0.6273809523809524 0.8665730337078652
1 0.49642857142857144 0.8426966292134831 0.49523809523809526 0.8778089887640449 0.5678571428571428 0.8792134831460674 0.5678571428571428 0.8441011235955056
1 0.36547619047619045 0.8300561797752809 0.43214285714285716 0.8328651685393258 0.43214285714285716 0.875 0.3630952380952381 0.875