1 0.10595238095238095 0.18679775280898878 0.17261904761904762 0.18820224719101122 0.17261904761904762 0.1544943820224719 0.10595238095238095 0.1502808988764045
1 0.18571428571428572 0.18820224719101122 0.25476190476190474 0.1853932584269663 0.2571428571428571 0.1544943820224719 0.18452380952380953 0.15168539325842698
1 0.27380952380952384 0.1853932584269663 0.34285714285714286 0.19241573033707865 0.3416666666666667 0.14747191011235955 0.2726190476190476 0.14747191011235955
1 0.10714285714285714 0.22191011235955055 0.17976190476190476 0.22191011235955055 0.1773809523809524 0.18679775280898878 0.10119047619047619 0.18679775280898878
1 0.17976190476190476 0.22752808988764045 0.25476190476190474 0.2205056179775281 0.25357142857142856 0.1853932584269663 0.17857142857142858 0.18679775280898878
1 0.26071428571428573 0.22331460674157302 0.32976190476190476 0.21769662921348315 0.32976190476190476 0.18117977528089887 0.25595238095238093 0.18679775280898878
1 0.10714285714285714 0.2654494382022472 0.1761904761904762 0.2598314606741573 0.175 0.2247191011235955 0.10476190476190476 0.2205056179775281
1 0.17976190476190476 0.2612359550561798 0.25833333333333336 0.2612359550561798 0.2571428571428571 0.22191011235955055 0.17857142857142858 0.22752808988764045
1 0.2654761904761905 0.2556179775280899 0.3404761904761905 0.2598314606741573 0.3404761904761905 0.2205056179775281 0.2654761904761905 0.2205056179775281
1 0.09642857142857143 0.3061797752808989 0.1738095238095238 0.30337078651685395 0.17261904761904762 0.26264044943820225 0.10476190476190476 0.2696629213483146
1 0.1773809523809524 0.2991573033707865 0.25595238095238093 0.2991573033707865 0.25595238095238093 0.2598314606741573 0.17976190476190476 0.26264044943820225
1 0.2619047619047619 0.2893258426966292 0.33214285714285713 0.2893258426966292 0.33214285714285713 0.2556179775280899 0.25952380952380955 0.2542134831460674
1 0.09166666666666666 0.33707865168539325 0.17023809523809524 0.33848314606741575 0.16666666666666666 0.30196629213483145 0.0988095238095238 0.3089887640449438
1 0.175 0.3342696629213483 0.25357142857142856 0.33848314606741575 0.2523809523809524 0.2991573033707865 0.17023809523809524 0.29634831460674155
1 0.2571428571428571 0.32865168539325845 0.3357142857142857 0.32724719101123595 0.33690476190476193 0.28792134831460675 0.25476190476190474 0.2893258426966292
1 0.09285714285714286 0.37640449438202245 0.16547619047619047 0.37780898876404495 0.16547619047619047 0.3356741573033708 0.09642857142857143 0.3398876404494382
1 0.1738095238095238 0.37780898876404495 0.25 0.375 0.2523809523809524 0.33286516853932585 0.16785714285714284 0.33707865168539325
1 0.2571428571428571 0.3693820224719101 0.3392857142857143 0.36657303370786515 0.3380952380952381 0.32303370786516855 0.26071428571428573 0.32865168539325845
1 0.1 0.4157303370786517 0.17261904761904762 0.4157303370786517 0.17142857142857143 0.37780898876404495 0.1 0.37780898876404495
1 0.1773809523809524 0.40870786516853935 0.25595238095238093 0.41292134831460675 0.2571428571428571 0.37780898876404495 0.17857142857142858 0.37780898876404495
1 0.2642857142857143 0.40168539325842695 0.3416666666666667 0.4044943820224719 0.3392857142857143 0.36797752808988765 0.2619047619047619 0.3609550561797753
1 0.09047619047619047 0.45646067415730335 0.16428571428571428 0.45365168539325845 0.16428571428571428 0.41713483146067415 0.09523809523809523 0.41853932584269665
1 0.17023809523809524 0.4508426966292135 0.2523809523809524 0.449438202247191 0.2523809523809524 0.41151685393258425 0.17261904761904762 0.41292134831460675
1 0.25595238095238093 0.4452247191011236 0.33690476190476193 0.449438202247191 0.33690476190476193 0.40730337078651685 0.2571428571428571 0.40308988764044945
1 0.08452380952380953 0.49719101123595505 0.17142857142857143 0.49719101123595505 0.17142857142857143 0.45646067415730335 0.0880952380952381 0.46207865168539325
1 0.17976190476190476 0.48735955056179775 0.2523809523809524 0.48735955056179775 0.2571428571428571 0.4508426966292135 0.1738095238095238 0.449438202247191
1 0.25833333333333336 0.4943820224719101 0.3357142857142857 0.4901685393258427 0.33690476190476193 0.449438202247191 0.25952380952380955 0.4508426966292135
1 0.08333333333333333 0.5351123595505618 0.16428571428571428 0.5337078651685393 0.16666666666666666 0.4957865168539326 0.09404761904761905 0.5014044943820225
1 0.17142857142857143 0.5294943820224719 0.2511904761904762 0.5323033707865169 0.25357142857142856 0.4901685393258427 0.17261904761904762 0.48735955056179775
1 0.2654761904761905 0.5337078651685393 0.3464285714285714 0.5379213483146067 0.34404761904761905 0.49157303370786515 0.26071428571428573 0.49157303370786515
1 0.09047619047619047 0.5786516853932584 0.1619047619047619 0.5758426966292135 0.16071428571428573 0.5393258426966292 0.08928571428571429 0.5407303370786517
1 0.09404761904761905 0.6193820224719101 0.15595238095238095 0.6179775280898876 0.15833333333333333 0.5800561797752809 0.09285714285714286 0.5828651685393258
1 0.09047619047619047 0.6587078651685393 0.15357142857142858 0.6601123595505618 0.16071428571428573 0.6207865168539326 0.0988095238095238 0.625
1 0.14404761904761904 0.8441011235955056 0.23214285714285715 0.8384831460674157 0.23333333333333334 0.7935393258426966 0.14404761904761904 0.7991573033707865
1 0.15 0.7879213483146067 0.23214285714285715 0.7935393258426966 0.24166666666666667 0.7443820224719101 0.14642857142857144 0.7443820224719101
1 0.15595238095238095 0.7036516853932584 0.24166666666666667 0.7008426966292135 0.24166666666666667 0.6558988764044944 0.15357142857142858 0.6587078651685393
1 0.08928571428571429 0.7036516853932584 0.15357142857142858 0.7050561797752809 0.15119047619047618 0.6615168539325843 0.08928571428571429 0.6643258426966292
1 0.1630952380952381 0.6544943820224719 0.24642857142857144 0.651685393258427 0.2488095238095238 0.6179775280898876 0.16547619047619047 0.6179775280898876
1 0.17142857142857143 0.6137640449438202 0.2488095238095238 0.6137640449438202 0.2523809523809524 0.5716292134831461 0.16785714285714284 0.577247191011236
1 0.17976190476190476 0.5716292134831461 0.26071428571428573 0.574438202247191 0.2630952380952381 0.5294943820224719 0.18095238095238095 0.5294943820224719
1 0.2642857142857143 0.5814606741573034 0.34285714285714286 0.5786516853932584 0.3464285714285714 0.5351123595505618 0.2654761904761905 0.5379213483146067
1 0.26071428571428573 0.6151685393258427 0.34523809523809523 0.6165730337078652 0.3416666666666667 0.574438202247191 0.2630952380952381 0.5828651685393258
1 0.25595238095238093 0.648876404494382 0.3380952380952381 0.6530898876404494 0.3380952380952381 0.6137640449438202 0.25952380952380955 0.6193820224719101
1 0.24642857142857144 0.6910112359550562 0.33214285714285713 0.6938202247191011 0.33214285714285713 0.6460674157303371 0.24642857142857144 0.6530898876404494
1 0.23214285714285715 0.7373595505617978 0.32261904761904764 0.7415730337078652 0.32261904761904764 0.6938202247191011 0.23333333333333334 0.6952247191011236
1 0.24642857142857144 0.7879213483146067 0.3273809523809524 0.7935393258426966 0.32857142857142857 0.7514044943820225 0.24642857142857144 0.7429775280898876
1 0.2392857142857143 0.8412921348314607 0.32261904761904764 0.8441011235955056 0.3261904761904762 0.7963483146067416 0.24047619047619048 0.7935393258426966
1 0.6142857142857143 0.8356741573033708 0.6964285714285714 0.8314606741573034 0.7011904761904761 0.8707865168539326 0.6142857142857143 0.8735955056179775
1 0.7071428571428572 0.8637640449438202 0.7928571428571428 0.8651685393258427 0.7904761904761904 0.8146067415730337 0.7011904761904761 0.8188202247191011
1 0.41904761904761906 0.8553370786516854 0.5035714285714286 0.848314606741573 0.5023809523809524 0.800561797752809 0.4142857142857143 0.8061797752808989
1 0.5083333333333333 0.8356741573033708 0.5952380952380952 0.8314606741573034 0.5916666666666667 0.7865168539325843 0.5071428571428571 0.7907303370786517
1 0.6 0.827247191011236 0.6892857142857143 0.8216292134831461 0.6845238095238095 0.7710674157303371 0.5892857142857143 0.7823033707865169
1 0.6916666666666667 0.8132022471910112 0.7773809523809524 0.8160112359550562 0.7773809523809524 0.7668539325842697 0.6892857142857143 0.7682584269662921
1 0.4142857142857143 0.7991573033707865 0.5011904761904762 0.7935393258426966 0.4988095238095238 0.7485955056179775 0.4142857142857143 0.7556179775280899
1 0.5083333333333333 0.7879213483146067 0.5892857142857143 0.7823033707865169 0.5845238095238096 0.7359550561797753 0.5059523809523809 0.7401685393258427
1 0.5964285714285714 0.7823033707865169 0.6785714285714286 0.7682584269662921 0.6773809523809524 0.726123595505618 0.5880952380952381 0.7317415730337079
1 0.6785714285714286 0.726123595505618 0.7607142857142857 0.7191011235955056 0.7547619047619047 0.6741573033707865 0.675 0.6825842696629213
1 0.5892857142857143 0.726123595505618 0.6738095238095239 0.723314606741573 0.6619047619047619 0.6783707865168539 0.5845238095238096 0.6896067415730337
1 0.49523809523809526 0.7387640449438202 0.5821428571428572 0.7345505617977528 0.5761904761904761 0.6924157303370787 0.5 0.6966292134831461
1 0.4142857142857143 0.6432584269662921 0.49523809523809526 0.6404494382022472 0.49523809523809526 0.6025280898876404 0.4154761904761905 0.598314606741573
1 0.5023809523809524 0.6432584269662921 0.5797619047619048 0.6418539325842697 0.580952380952381 0.5969101123595506 0.5023809523809524 0.598314606741573
1 0.5857142857142857 0.6825842696629213 0.6654761904761904 0.6811797752808989 0.6642857142857143 0.6376404494382022 0.5845238095238096 0.6390449438202247
1 0.6702380952380952 0.6769662921348315 0.7535714285714286 0.6699438202247191 0.75 0.6278089887640449 0.6619047619047619 0.6348314606741573
1 0.6702380952380952 0.6292134831460674 0.7559523809523809 0.6235955056179775 0.7464285714285714 0.5814606741573034 0.6607142857142857 0.5870786516853933
1 0.5821428571428572 0.6306179775280899 0.6666666666666666 0.6278089887640449 0.6607142857142857 0.5856741573033708 0.5797619047619048 0.5898876404494382
1 0.49404761904761907 0.5941011235955056 0.5738095238095238 0.5926966292134831 0.5714285714285714 0.5561797752808989 0.49404761904761907 0.5533707865168539
1 0.6630952380952381 0.5730337078651685 0.7428571428571429 0.5758426966292135 0.7428571428571429 0.5351123595505618 0.6619047619047619 0.5323033707865169
1 0.6619047619047619 0.49859550561797755 0.7452380952380953 0.5014044943820225 0.7416666666666667 0.4550561797752809 0.6571428571428571 0.45786516853932585
1 0.5738095238095238 0.5028089887640449 0.6523809523809524 0.5070224719101124 0.655952380952381 0.45646067415730335 0.5761904761904761 0.46207865168539325
1 0.49404761904761907 0.5098314606741573 0.5714285714285714 0.5084269662921348 0.5702380952380952 0.46629213483146065 0.49404761904761907 0.46769662921348315
1 0.4142857142857143 0.523876404494382 0.4928571428571429 0.5084269662921348 0.4845238095238095 0.46629213483146065 0.40714285714285714 0.4789325842696629
1 0.4083333333333333 0.46769662921348315 0.4869047619047619 0.46769662921348315 0.4880952380952381 0.4297752808988764 0.4154761904761905 0.42837078651685395
1 0.49404761904761907 0.46769662921348315 0.5726190476190476 0.46207865168539325 0.5702380952380952 0.42134831460674155 0.49166666666666664 0.42696629213483145
1 0.575 0.45646067415730335 0.655952380952381 0.45786516853932585 0.6547619047619048 0.41853932584269665 0.5785714285714286 0.41853932584269665
1 0.65 0.41853932584269665 0.7261904761904762 0.42275280898876405 0.7273809523809524 0.38202247191011235 0.6488095238095238 0.38202247191011235
1 0.5523809523809524 0.4101123595505618 0.6321428571428571 0.41151685393258425 0.6309523809523809 0.375 0.5488095238095239 0.37359550561797755
1 0.40476190476190477 0.42837078651685395 0.4797619047619048 0.42275280898876405 0.4797619047619048 0.3848314606741573 0.4035714285714286 0.3890449438202247
1 0.41785714285714287 0.38342696629213485 0.4988095238095238 0.37780898876404495 0.4928571428571429 0.33848314606741575 0.41785714285714287 0.34269662921348315
1 0.5607142857142857 0.37780898876404495 0.6476190476190476 0.37640449438202245 0.6416666666666667 0.3398876404494382 0.5607142857142857 0.3398876404494382
1 0.6488095238095238 0.37780898876404495 0.7261904761904762 0.3806179775280899 0.7238095238095238 0.3398876404494382 0.6452380952380953 0.33848314606741575
1 0.6511904761904762 0.3356741573033708 0.7273809523809524 0.3342696629213483 0.7297619047619047 0.29353932584269665 0.6511904761904762 0.29634831460674155
1 0.5702380952380952 0.33707865168539325 0.6464285714285715 0.3356741573033708 0.6440476190476191 0.2907303370786517 0.5666666666666667 0.29353932584269665
1 0.49404761904761907 0.34691011235955055 0.5654761904761905 0.34269662921348315 0.5642857142857143 0.2991573033707865 0.49166666666666664 0.3047752808988764
1 0.4154761904761905 0.34269662921348315 0.48928571428571427 0.33848314606741575 0.4880952380952381 0.3047752808988764 0.4142857142857143 0.30758426966292135
1 0.41904761904761906 0.3061797752808989 0.49166666666666664 0.2991573033707865 0.49166666666666664 0.2640449438202247 0.41785714285714287 0.2654494382022472
1 0.49404761904761907 0.2991573033707865 0.569047619047619 0.29634831460674155 0.5678571428571428 0.2598314606741573 0.48928571428571427 0.2612359550561798
1 0.575 0.2598314606741573 0.6535714285714286 0.2598314606741573 0.65 0.2148876404494382 0.5738095238095238 0.21769662921348315
1 0.4119047619047619 0.26685393258426965 0.4880952380952381 0.2654494382022472 0.4845238095238095 0.22893258426966293 0.4119047619047619 0.23174157303370788
1 0.41309523809523807 0.23174157303370788 0.4857142857142857 0.22612359550561797 0.4845238095238095 0.18820224719101122 0.4107142857142857 0.1952247191011236
1 0.3904761904761905 0.20224719101123595 0.4630952380952381 0.18820224719101122 0.4630952380952381 0.1544943820224719 0.38571428571428573 0.15589887640449437
1 0.49642857142857144 0.2303370786516854 0.5702380952380952 0.22612359550561797 0.569047619047619 0.18258426966292135 0.49642857142857144 0.19241573033707865
1 0.4714285714285714 0.19382022471910113 0.5392857142857143 0.1896067415730337 0.5416666666666666 0.15308988764044945 0.4654761904761905 0.1544943820224719
1 0.5630952380952381 0.18679775280898878 0.6321428571428571 0.18398876404494383 0.6309523809523809 0.14185393258426968 0.5571428571428572 0.14747191011235955
1 0.6357142857142857 0.18117977528089887 0.7107142857142857 0.17696629213483145 0.7023809523809523 0.1306179775280899 0.6321428571428571 0.13623595505617977
1 0.8226190476190476 0.19382022471910113 0.8916666666666667 0.1853932584269663 0.8892857142857142 0.15168539325842698 0.8178571428571428 0.15308988764044945
1 0.830952380952381 0.2303370786516854 0.9011904761904762 0.2205056179775281 0.9023809523809524 0.18258426966292135 0.825 0.1952247191011236
1 0.8130952380952381 0.27668539325842695 0.9 0.2654494382022472 0.8928571428571429 0.2205056179775281 0.8119047619047619 0.23595505617977527
1 0.8380952380952381 0.3188202247191011 0.9071428571428571 0.3061797752808989 0.9035714285714286 0.2654494382022472 0.8226190476190476 0.27668539325842695
1 0.8380952380952381 0.3595505617977528 0.9119047619047619 0.351123595505618 0.9083333333333333 0.3089887640449438 0.8369047619047619 0.3160112359550562