1 0.1261904761904762 0.5491573033707865 0.12261904761904761 0.6404494382022472 0.16428571428571428 0.6404494382022472 0.16071428571428573 0.5463483146067416
1 0.1738095238095238 0.5365168539325843 0.16547619047619047 0.6334269662921348 0.20476190476190476 0.6362359550561798 0.21428571428571427 0.5435393258426966
1 0.22142857142857142 0.5407303370786517 0.2119047619047619 0.6348314606741573 0.2511904761904762 0.6362359550561798 0.26071428571428573 0.5435393258426966
1 0.26785714285714285 0.547752808988764 0.2619047619047619 0.6418539325842697 0.30238095238095236 0.6418539325842697 0.3011904761904762 0.5491573033707865
1 0.4773809523809524 0.5351123595505618 0.48095238095238096 0.6292134831460674 0.5154761904761904 0.625 0.5142857142857142 0.5351123595505618
1 0.11666666666666667 0.7598314606741573 0.20238095238095238 0.7612359550561798 0.20714285714285716 0.7205056179775281 0.11785714285714285 0.7148876404494382
1 0.21904761904761905 0.7598314606741573 0.30357142857142855 0.7626404494382022 0.305952380952381 0.7205056179775281 0.21904761904761905 0.7162921348314607
1 0.319047619047619 0.7612359550561798 0.4011904761904762 0.7598314606741573 0.4023809523809524 0.7134831460674157 0.32142857142857145 0.7148876404494382
1 0.41785714285714287 0.7528089887640449 0.4976190476190476 0.7485955056179775 0.4976190476190476 0.7064606741573034 0.4154761904761905 0.7064606741573034
1 0.513095238095238 0.7429775280898876 0.5928571428571429 0.7429775280898876 0.5928571428571429 0.6980337078651685 0.5166666666666667 0.6980337078651685
1 0.6071428571428571 0.7415730337078652 0.6880952380952381 0.7387640449438202 0.6857142857142857 0.6952247191011236 0.6023809523809524 0.6980337078651685
1 0.7011904761904761 0.7359550561797753 0.7833333333333333 0.7289325842696629 0.7833333333333333 0.6853932584269663 0.6976190476190476 0.6867977528089888
1 0.8035714285714286 0.7275280898876404 0.8785714285714286 0.7191011235955056 0.8761904761904762 0.6699438202247191 0.7976190476190477 0.6783707865168539