1 0.3904761904761905 0.38764044943820225 0.39285714285714285 0.4297752808988764 0.4511904761904762 0.42696629213483145 0.4523809523809524 0.3890449438202247
1 0.4142857142857143 0.5070224719101124 0.4142857142857143 0.5533707865168539 0.4845238095238095 0.5379213483146067 0.4857142857142857 0.49859550561797755
1 0.6 0.6446629213483146 0.6261904761904762 0.6446629213483146 0.6238095238095238 0.7162921348314607 0.5964285714285714 0.7148876404494382
1 0.575 0.8089887640449438 0.6071428571428571 0.8132022471910112 0.6023809523809524 0.8834269662921348 0.5726190476190476 0.8806179775280899
1 0.6309523809523809 0.4157303370786517 0.6571428571428571 0.42134831460674155 0.6535714285714286 0.48174157303370785 0.6202380952380953 0.47752808988764045
1 0.6988095238095238 0.6123595505617978 0.7178571428571429 0.6151685393258427 0.7154761904761905 0.6811797752808989 0.6904761904761905 0.6783707865168539
1 0.6928571428571428 0.3946629213483146 0.719047619047619 0.3960674157303371 0.7166666666666667 0.45224719101123595 0.6869047619047619 0.44662921348314605
1 0.4738095238095238 0.32724719101123595 0.45 0.33707865168539325 0.4797619047619048 0.39185393258426965 0.5035714285714286 0.37640449438202245
1 0.4845238095238095 0.273876404494382 0.4880952380952381 0.31179775280898875 0.5547619047619048 0.30196629213483145 0.555952380952381 0.2598314606741573
1 0.6404761904761904 0.351123595505618 0.6309523809523809 0.40308988764044945 0.6583333333333333 0.41151685393258425 0.669047619047619 0.3595505617977528
1 0.6476190476190476 0.29634831460674155 0.6738095238095239 0.2991573033707865 0.669047619047619 0.351123595505618 0.6392857142857142 0.3441011235955056
1 0.49404761904761907 0.1853932584269663 0.4880952380952381 0.21207865168539325 0.5404761904761904 0.22191011235955055 0.5452380952380952 0.19101123595505617
1 0.6583333333333333 0.21067415730337077 0.6797619047619048 0.21348314606741572 0.675 0.2542134831460674 0.6488095238095238 0.25280898876404495
1 0.6666666666666666 0.15870786516853932 0.6880952380952381 0.15870786516853932 0.6833333333333333 0.20224719101123595 0.6619047619047619 0.20084269662921347