1 0.16785714285714284 0.1404494382022472 0.16428571428571428 0.18117977528089887 0.14404761904761904 0.1797752808988764 0.14642857142857144 0.1404494382022472
1 0.1619047619047619 0.18398876404494383 0.15595238095238095 0.2205056179775281 0.13690476190476192 0.21910112359550563 0.14285714285714285 0.18258426966292135
1 0.15 0.2345505617977528 0.14642857142857144 0.2696629213483146 0.12738095238095237 0.2696629213483146 0.13095238095238096 0.22893258426966293
1 0.14285714285714285 0.27808988764044945 0.1392857142857143 0.3160112359550562 0.11904761904761904 0.31320224719101125 0.125 0.2752808988764045
1 0.13214285714285715 0.3356741573033708 0.12857142857142856 0.37780898876404495 0.11190476190476191 0.37359550561797755 0.11666666666666667 0.3342696629213483
1 0.125 0.5056179775280899 0.12380952380952381 0.5519662921348315 0.15 0.5491573033707865 0.15 0.5014044943820225
1 0.15357142857142858 0.49297752808988765 0.1523809523809524 0.5393258426966292 0.17023809523809524 0.5407303370786517 0.1761904761904762 0.4943820224719101
1 0.20238095238095238 0.5 0.1988095238095238 0.547752808988764 0.1761904761904762 0.5449438202247191 0.18333333333333332 0.4957865168539326
1 0.21071428571428572 0.49859550561797755 0.20595238095238094 0.5491573033707865 0.22857142857142856 0.550561797752809 0.23452380952380952 0.5014044943820225
1 0.20714285714285716 0.42134831460674155 0.20714285714285716 0.44662921348314605 0.25833333333333336 0.44241573033707865 0.25833333333333336 0.41853932584269665
1 0.2726190476190476 0.4199438202247191 0.27380952380952384 0.44803370786516855 0.325 0.4452247191011236 0.3238095238095238 0.4143258426966292
1 0.2523809523809524 0.5028089887640449 0.2488095238095238 0.5491573033707865 0.2726190476190476 0.547752808988764 0.275 0.5028089887640449
1 0.29404761904761906 0.5042134831460674 0.29523809523809524 0.547752808988764 0.31785714285714284 0.547752808988764 0.31785714285714284 0.5028089887640449
1 0.32857142857142857 0.5084269662921348 0.33095238095238094 0.547752808988764 0.35714285714285715 0.5449438202247191 0.3547619047619048 0.5042134831460674
1 0.39404761904761904 0.41151685393258425 0.3952380952380952 0.4410112359550562 0.34285714285714286 0.4452247191011236 0.34404761904761905 0.4157303370786517
1 0.4083333333333333 0.4438202247191011 0.4119047619047619 0.47331460674157305 0.46190476190476193 0.46769662921348315 0.4583333333333333 0.43679775280898875
1 0.46785714285714286 0.41713483146067415 0.47023809523809523 0.4438202247191011 0.5214285714285715 0.4452247191011236 0.5202380952380953 0.4157303370786517
1 0.5297619047619048 0.41713483146067415 0.5357142857142857 0.44241573033707865 0.5892857142857143 0.4438202247191011 0.5880952380952381 0.4101123595505618
1 0.3761904761904762 0.5140449438202247 0.3773809523809524 0.5547752808988764 0.4 0.5533707865168539 0.3976190476190476 0.5126404494382022
1 0.4773809523809524 0.49719101123595505 0.4773809523809524 0.5519662921348315 0.5011904761904762 0.550561797752809 0.5023809523809524 0.49719101123595505
1 0.5071428571428571 0.4957865168539326 0.5095238095238095 0.5491573033707865 0.5333333333333333 0.5491573033707865 0.5321428571428571 0.49719101123595505
1 0.5369047619047619 0.49859550561797755 0.544047619047619 0.5519662921348315 0.569047619047619 0.5449438202247191 0.5595238095238095 0.49719101123595505
1 0.5595238095238095 0.4901685393258427 0.5738095238095238 0.5449438202247191 0.5976190476190476 0.5351123595505618 0.5845238095238096 0.4859550561797753
1 0.5916666666666667 0.48735955056179775 0.6023809523809524 0.5393258426966292 0.6273809523809524 0.5323033707865169 0.6142857142857143 0.48314606741573035
1 0.5988095238095238 0.4101123595505618 0.6023809523809524 0.4396067415730337 0.6571428571428571 0.43820224719101125 0.6547619047619048 0.41151685393258425
1 0.6678571428571428 0.41151685393258425 0.6738095238095239 0.43679775280898875 0.7202380952380952 0.43258426966292135 0.7154761904761905 0.40308988764044945
1 0.6238095238095238 0.4859550561797753 0.6333333333333333 0.5365168539325843 0.6607142857142857 0.5308988764044944 0.6488095238095238 0.48174157303370785
1 0.6583333333333333 0.4859550561797753 0.6642857142857143 0.5337078651685393 0.6892857142857143 0.5308988764044944 0.6821428571428572 0.4845505617977528
1 0.6916666666666667 0.4845505617977528 0.6976190476190476 0.5337078651685393 0.7226190476190476 0.5308988764044944 0.7178571428571429 0.48314606741573035
1 0.7357142857142858 0.40168539325842695 0.7380952380952381 0.4297752808988764 0.7869047619047619 0.42696629213483145 0.7833333333333333 0.398876404494382
1 0.7833333333333333 0.38342696629213485 0.7952380952380952 0.42837078651685395 0.8178571428571428 0.4241573033707865 0.805952380952381 0.37640449438202245
1 0.875 0.3890449438202247 0.844047619047619 0.41151685393258425 0.830952380952381 0.39325842696629215 0.8595238095238096 0.3707865168539326
1 0.7309523809523809 0.4887640449438202 0.7404761904761905 0.5351123595505618 0.7654761904761904 0.5308988764044944 0.7559523809523809 0.48735955056179775
1 0.7607142857142857 0.49157303370786515 0.7726190476190476 0.5323033707865169 0.7928571428571428 0.526685393258427 0.7845238095238095 0.48314606741573035
1 0.7916666666666666 0.48735955056179775 0.8047619047619048 0.5280898876404494 0.8261904761904761 0.5210674157303371 0.8166666666666667 0.48174157303370785
1 0.8571428571428571 0.4058988764044944 0.8607142857142858 0.425561797752809 0.8904761904761904 0.42134831460674155 0.8869047619047619 0.3960674157303371
1 0.8571428571428571 0.4438202247191011 0.8607142857142858 0.47331460674157305 0.9 0.46629213483146065 0.8964285714285715 0.43820224719101125
1 0.8321428571428572 0.6123595505617978 0.8452380952380952 0.6587078651685393 0.8690476190476191 0.6544943820224719 0.8583333333333333 0.6095505617977528
1 0.775 0.6109550561797753 0.7833333333333333 0.6685393258426966 0.8119047619047619 0.6643258426966292 0.805952380952381 0.6067415730337079
1 0.7607142857142857 0.6362359550561798 0.7297619047619047 0.6713483146067416 0.7511904761904762 0.6882022471910112 0.7785714285714286 0.648876404494382
1 0.7142857142857143 0.723314606741573 0.7154761904761905 0.7570224719101124 0.775 0.7542134831460674 0.775 0.7205056179775281
1 0.8595238095238096 0.7162921348314607 0.8642857142857143 0.7485955056179775 0.8976190476190476 0.7429775280898876 0.8940476190476191 0.7106741573033708
1 0.8273809523809523 0.75 0.8404761904761905 0.8132022471910112 0.8690476190476191 0.8075842696629213 0.8559523809523809 0.7415730337078652
1 0.8119047619047619 0.7556179775280899 0.8238095238095238 0.8132022471910112 0.794047619047619 0.8160112359550562 0.7845238095238095 0.7584269662921348
1 0.7142857142857143 0.7626404494382022 0.7226190476190476 0.8202247191011236 0.6964285714285714 0.8202247191011236 0.6928571428571428 0.7654494382022472
1 0.6785714285714286 0.7612359550561798 0.6869047619047619 0.8089887640449438 0.6654761904761904 0.8132022471910112 0.6583333333333333 0.7626404494382022
1 0.6392857142857142 0.7654494382022472 0.6511904761904762 0.8146067415730337 0.625 0.8160112359550562 0.6178571428571429 0.7696629213483146
1 0.5857142857142857 0.6123595505617978 0.5880952380952381 0.6713483146067416 0.6130952380952381 0.6671348314606742 0.611904761904762 0.6095505617977528
1 0.6142857142857143 0.7724719101123596 0.6130952380952381 0.8202247191011236 0.5845238095238096 0.8188202247191011 0.5928571428571429 0.7710674157303371
1 0.6059523809523809 0.7359550561797753 0.6035714285714285 0.7668539325842697 0.55 0.7654494382022472 0.5535714285714286 0.7289325842696629
1 0.5333333333333333 0.7373595505617978 0.5345238095238095 0.7682584269662921 0.4714285714285714 0.7654494382022472 0.475 0.7373595505617978
1 0.4857142857142857 0.6952247191011236 0.48214285714285715 0.7303370786516854 0.4166666666666667 0.726123595505618 0.4226190476190476 0.6910112359550562
1 0.5261904761904762 0.6179775280898876 0.5214285714285715 0.6699438202247191 0.49642857142857144 0.6643258426966292 0.5 0.6151685393258427
4 0.46785714285714286 0.6179775280898876 0.4726190476190476 0.6741573033707865 0.49404761904761907 0.6713483146067416 0.4869047619047619 0.6137640449438202
1 0.5226190476190476 0.7724719101123596 0.5261904761904762 0.8258426966292135 0.5011904761904762 0.8258426966292135 0.5 0.7710674157303371
4 0.4654761904761905 0.7612359550561798 0.47023809523809523 0.827247191011236 0.49404761904761907 0.824438202247191 0.49047619047619045 0.7556179775280899
1 0.45595238095238094 0.7682584269662921 0.4583333333333333 0.8258426966292135 0.4357142857142857 0.8286516853932584 0.43214285714285716 0.7682584269662921
1 0.4142857142857143 0.6264044943820225 0.4142857142857143 0.6741573033707865 0.3904761904761905 0.672752808988764 0.39166666666666666 0.6221910112359551
1 0.35595238095238096 0.6320224719101124 0.36547619047619045 0.6811797752808989 0.3892857142857143 0.6713483146067416 0.37976190476190474 0.625
1 0.38095238095238093 0.726123595505618 0.38571428571428573 0.7626404494382022 0.3130952380952381 0.7696629213483146 0.3107142857142857 0.7289325842696629
1 0.4107142857142857 0.7654494382022472 0.41309523809523807 0.8132022471910112 0.39166666666666666 0.8174157303370787 0.3904761904761905 0.7654494382022472
1 0.37023809523809526 0.7780898876404494 0.3726190476190476 0.8286516853932584 0.3488095238095238 0.8286516853932584 0.34523809523809523 0.7780898876404494
1 0.3 0.7696629213483146 0.2976190476190476 0.8230337078651685 0.2714285714285714 0.8230337078651685 0.27380952380952384 0.7668539325842697
1 0.2119047619047619 0.7640449438202247 0.2119047619047619 0.8230337078651685 0.18571428571428572 0.824438202247191 0.19047619047619047 0.7640449438202247
1 0.16904761904761906 0.7401685393258427 0.2154761904761905 0.6952247191011236 0.1976190476190476 0.675561797752809 0.14642857142857144 0.7148876404494382
1 0.24761904761904763 0.6278089887640449 0.24523809523809523 0.675561797752809 0.21904761904761905 0.672752808988764 0.22142857142857142 0.6235955056179775