1 0.6892857142857143 0.34691011235955055 0.694047619047619 0.3806179775280899 0.7476190476190476 0.375 0.7452380952380953 0.3455056179775281
1 0.6928571428571428 0.4339887640449438 0.6988095238095238 0.4550561797752809 0.7607142857142857 0.44241573033707865 0.7535714285714286 0.4199438202247191
1 0.7666666666666667 0.31179775280898875 0.7714285714285715 0.3300561797752809 0.8202380952380952 0.32303370786516855 0.8202380952380952 0.3047752808988764
3 0.3726190476190476 0.06741573033707865 0.4035714285714286 0.23174157303370788 0.4488095238095238 0.2303370786516854 0.40595238095238095 0.06179775280898876
3 0.4154761904761905 0.0800561797752809 0.4488095238095238 0.22893258426966293 0.4845238095238095 0.22752808988764045 0.44642857142857145 0.07584269662921349
3 0.4607142857142857 0.11376404494382023 0.48928571428571427 0.23876404494382023 0.5214285714285715 0.23174157303370788 0.49523809523809526 0.10674157303370786
3 0.4488095238095238 0.2303370786516854 0.48214285714285715 0.22331460674157302 0.5202380952380953 0.40168539325842695 0.4845238095238095 0.40730337078651685
3 0.7011904761904761 0.5589887640449438 0.7083333333333334 0.5941011235955056 0.8952380952380953 0.5547752808988764 0.8845238095238095 0.5196629213483146
3 0.7 0.5912921348314607 0.7142857142857143 0.6446629213483146 0.9238095238095239 0.5884831460674157 0.9095238095238095 0.5393258426966292
3 0.719047619047619 0.6390449438202247 0.7357142857142858 0.6811797752808989 0.9166666666666666 0.6390449438202247 0.9023809523809524 0.5926966292134831
3 0.7452380952380953 0.7359550561797753 0.763095238095238 0.797752808988764 0.9464285714285714 0.7682584269662921 0.9380952380952381 0.7050561797752809
3 0.7488095238095238 0.7991573033707865 0.7619047619047619 0.8455056179775281 0.9285714285714286 0.8230337078651685 0.9154761904761904 0.7696629213483146
3 0.40476190476190477 0.5421348314606742 0.44642857142857145 0.5337078651685393 0.48928571428571427 0.7682584269662921 0.44761904761904764 0.7752808988764045
3 0.3761904761904762 0.3356741573033708 0.4107142857142857 0.3300561797752809 0.4452380952380952 0.5196629213483146 0.40595238095238095 0.523876404494382
3 0.4988095238095238 0.09129213483146068 0.5357142857142857 0.22191011235955055 0.5714285714285714 0.21910112359550563 0.530952380952381 0.08286516853932584
3 0.5345238095238095 0.2303370786516854 0.569047619047619 0.21910112359550563 0.6202380952380953 0.40730337078651685 0.5738095238095238 0.41292134831460675
2 0.6404761904761904 0.2696629213483146 0.6595238095238095 0.33286516853932585 0.8785714285714286 0.29353932584269665 0.8642857142857143 0.2345505617977528
2 0.6869047619047619 0.45646067415730335 0.7011904761904761 0.5042134831460674 0.8607142857142858 0.46769662921348315 0.8380952380952381 0.4241573033707865
2 0.7142857142857143 0.4859550561797753 0.7321428571428571 0.5435393258426966 0.8940476190476191 0.5112359550561798 0.875 0.4452247191011236
2 0.719047619047619 0.6811797752808989 0.736904761904762 0.7528089887640449 0.9452380952380952 0.7050561797752809 0.9273809523809524 0.6306179775280899
2 0.4083333333333333 0.2443820224719101 0.4488095238095238 0.23876404494382023 0.475 0.3960674157303371 0.4392857142857143 0.40168539325842695
2 0.49404761904761907 0.24297752808988765 0.5345238095238095 0.23595505617977527 0.5726190476190476 0.4143258426966292 0.5285714285714286 0.41713483146067415
2 0.530952380952381 0.4199438202247191 0.5714285714285714 0.4143258426966292 0.6083333333333333 0.5589887640449438 0.5630952380952381 0.5716292134831461
2 0.47619047619047616 0.398876404494382 0.5202380952380953 0.398876404494382 0.5714285714285714 0.6348314606741573 0.5261904761904762 0.6460674157303371
2 0.4369047619047619 0.4058988764044944 0.475 0.398876404494382 0.5238095238095238 0.6235955056179775 0.48214285714285715 0.6348314606741573
2 0.5702380952380952 0.5870786516853933 0.6107142857142858 0.577247191011236 0.669047619047619 0.827247191011236 0.6154761904761905 0.8384831460674157
2 0.49404761904761907 0.6615168539325843 0.5357142857142857 0.6502808988764045 0.5785714285714286 0.8806179775280899 0.5380952380952381 0.8946629213483146