1 0.14523809523809525 0.1601123595505618 0.16428571428571428 0.1896067415730337 0.22023809523809523 0.15589887640449437 0.2011904761904762 0.125
1 0.15833333333333333 0.20926966292134833 0.17857142857142858 0.2401685393258427 0.23095238095238096 0.20786516853932585 0.2119047619047619 0.17134831460674158
1 0.19047619047619047 0.25 0.20476190476190476 0.27247191011235955 0.2642857142857143 0.23735955056179775 0.25 0.20926966292134833
1 0.20833333333333334 0.29775280898876405 0.21904761904761905 0.3188202247191011 0.27976190476190477 0.28651685393258425 0.26785714285714285 0.2598314606741573
1 0.22023809523809523 0.33707865168539325 0.23809523809523808 0.3707865168539326 0.2892857142857143 0.33286516853932585 0.2714285714285714 0.30196629213483145
1 0.24523809523809523 0.36797752808988765 0.26071428571428573 0.4002808988764045 0.31547619047619047 0.3693820224719101 0.2988095238095238 0.33848314606741575
1 0.2892857142857143 0.4550561797752809 0.30238095238095236 0.4901685393258427 0.3607142857142857 0.45365168539325845 0.3464285714285714 0.4241573033707865
1 0.30357142857142855 0.5084269662921348 0.319047619047619 0.5365168539325843 0.37857142857142856 0.49859550561797755 0.3630952380952381 0.4691011235955056
1 0.3273809523809524 0.550561797752809 0.34285714285714286 0.5814606741573034 0.4023809523809524 0.5449438202247191 0.38452380952380955 0.5126404494382022
1 0.3464285714285714 0.5969101123595506 0.3607142857142857 0.6235955056179775 0.40476190476190477 0.5898876404494382 0.39404761904761904 0.5702247191011236
1 0.3607142857142857 0.6376404494382022 0.3773809523809524 0.6671348314606742 0.43452380952380953 0.6221910112359551 0.41904761904761906 0.598314606741573
1 0.40476190476190477 0.7134831460674157 0.4226190476190476 0.7471910112359551 0.4714285714285714 0.7120786516853933 0.45595238095238094 0.6839887640449438
1 0.42857142857142855 0.7710674157303371 0.44285714285714284 0.7991573033707865 0.4988095238095238 0.7542134831460674 0.48214285714285715 0.7289325842696629
1 0.44047619047619047 0.8146067415730337 0.45595238095238094 0.8426966292134831 0.5214285714285715 0.7893258426966292 0.5 0.7612359550561798
1 0.48928571428571427 0.547752808988764 0.513095238095238 0.6137640449438202 0.5333333333333333 0.6025280898876404 0.5095238095238095 0.5393258426966292
1 0.5380952380952381 0.6025280898876404 0.5678571428571428 0.6783707865168539 0.5916666666666667 0.6629213483146067 0.5571428571428572 0.5926966292134831
1 0.6130952380952381 0.6460674157303371 0.6285714285714286 0.6699438202247191 0.6785714285714286 0.6221910112359551 0.6595238095238095 0.5997191011235955
1 0.6738095238095239 0.5856741573033708 0.6964285714285714 0.6095505617977528 0.7392857142857143 0.5589887640449438 0.7166666666666667 0.5323033707865169
1 0.7285714285714285 0.5308988764044944 0.7535714285714286 0.5449438202247191 0.7892857142857143 0.4803370786516854 0.7678571428571429 0.46207865168539325
1 0.6011904761904762 0.8286516853932584 0.625 0.8117977528089888 0.6630952380952381 0.8806179775280899 0.6369047619047619 0.8974719101123596
1 0.6726190476190477 0.75 0.7119047619047619 0.8117977528089888 0.7345238095238096 0.7921348314606742 0.694047619047619 0.7317415730337079
1 0.7130952380952381 0.7205056179775281 0.7523809523809524 0.7794943820224719 0.7738095238095238 0.7570224719101124 0.7345238095238096 0.7008426966292135
1 0.7654761904761904 0.672752808988764 0.763095238095238 0.7064606741573034 0.830952380952381 0.726123595505618 0.8345238095238096 0.6867977528089888
1 0.8273809523809523 0.34129213483146065 0.8023809523809524 0.41713483146067415 0.8345238095238096 0.42837078651685395 0.8547619047619047 0.3497191011235955
1 0.8523809523809524 0.24859550561797752 0.825 0.32724719101123595 0.8571428571428571 0.33707865168539325 0.8785714285714286 0.2598314606741573
1 0.8523809523809524 0.23174157303370788 0.8821428571428571 0.2443820224719101 0.9023809523809524 0.16713483146067415 0.8702380952380953 0.15589887640449437
4 0.830952380952381 0.5941011235955056 0.8095238095238095 0.6264044943820225 0.8642857142857143 0.6910112359550562 0.8892857142857142 0.6657303370786517