1 0.6 0.5056179775280899 0.5392857142857143 0.47191011235955055 0.5261904761904762 0.5056179775280899 0.5928571428571429 0.5351123595505618
1 0.8547619047619047 0.5688202247191011 0.8285714285714286 0.5575842696629213 0.805952380952381 0.6235955056179775 0.8369047619047619 0.6376404494382022
1 0.8904761904761904 0.5884831460674157 0.8654761904761905 0.577247191011236 0.844047619047619 0.6376404494382022 0.8702380952380953 0.6530898876404494
1 0.6988095238095238 0.6910112359550562 0.6428571428571429 0.6601123595505618 0.6285714285714286 0.6938202247191011 0.6916666666666667 0.726123595505618
1 0.8702380952380953 0.7935393258426966 0.805952380952381 0.7570224719101124 0.794047619047619 0.7879213483146067 0.861904761904762 0.8230337078651685
1 0.6202380952380953 0.6502808988764045 0.5511904761904762 0.6151685393258427 0.5392857142857143 0.6432584269662921 0.6071428571428571 0.6797752808988764
1 0.5428571428571428 0.6081460674157303 0.4880952380952381 0.574438202247191 0.47619047619047616 0.6025280898876404 0.530952380952381 0.6390449438202247
1 0.4107142857142857 0.7710674157303371 0.34523809523809523 0.7921348314606742 0.3523809523809524 0.8286516853932584 0.41785714285714287 0.7991573033707865
1 0.4297619047619048 0.8146067415730337 0.3547619047619048 0.8342696629213483 0.3595238095238095 0.8609550561797753 0.43333333333333335 0.8455056179775281
1 0.2357142857142857 0.5955056179775281 0.18214285714285713 0.5660112359550562 0.16428571428571428 0.6025280898876404 0.2261904761904762 0.6278089887640449
1 0.2226190476190476 0.6404494382022472 0.175 0.6151685393258427 0.1619047619047619 0.6432584269662921 0.2119047619047619 0.6671348314606742
1 0.45595238095238094 0.3188202247191011 0.39285714285714285 0.2851123595505618 0.3773809523809524 0.31179775280898875 0.444047619047619 0.34691011235955055
1 0.46904761904761905 0.273876404494382 0.41309523809523807 0.24719101123595505 0.3976190476190476 0.273876404494382 0.45714285714285713 0.30758426966292135
1 0.4869047619047619 0.23595505617977527 0.4261904761904762 0.20926966292134833 0.4095238095238095 0.24157303370786518 0.46904761904761905 0.2752808988764045
1 0.5202380952380953 0.14747191011235955 0.4654761904761905 0.12640449438202248 0.45357142857142857 0.14747191011235955 0.5071428571428571 0.175561797752809