1 0.5297619047619048 0.4157303370786517 0.530952380952381 0.4452247191011236 0.5892857142857143 0.44241573033707865 0.5892857142857143 0.41713483146067415
1 0.5464285714285714 0.4508426966292135 0.5464285714285714 0.47752808988764045 0.6011904761904762 0.4747191011235955 0.6011904761904762 0.449438202247191
3 0.5464285714285714 0.48735955056179775 0.5464285714285714 0.5084269662921348 0.6 0.5112359550561798 0.6011904761904762 0.4887640449438202
1 0.55 0.5463483146067416 0.55 0.5758426966292135 0.6178571428571429 0.577247191011236 0.6166666666666667 0.5463483146067416
1 0.5273809523809524 0.6025280898876404 0.5285714285714286 0.6320224719101124 0.594047619047619 0.6292134831460674 0.5928571428571429 0.601123595505618
3 0.5535714285714286 0.6558988764044944 0.5583333333333333 0.6797752808988764 0.6059523809523809 0.6741573033707865 0.6023809523809524 0.6502808988764045
3 0.5464285714285714 0.6924157303370787 0.5464285714285714 0.723314606741573 0.6178571428571429 0.723314606741573 0.6178571428571429 0.6910112359550562
3 0.5738095238095238 0.37780898876404495 0.5845238095238096 0.3595505617977528 0.6321428571428571 0.4157303370786517 0.6130952380952381 0.43258426966292135
1 0.41309523809523807 0.34269662921348315 0.42857142857142855 0.3300561797752809 0.46785714285714286 0.375 0.4511904761904762 0.39325842696629215
1 0.41785714285714287 0.49859550561797755 0.4654761904761905 0.5365168539325843 0.4773809523809524 0.5182584269662921 0.42738095238095236 0.47752808988764045
1 0.475 0.7303370786516854 0.4369047619047619 0.7837078651685393 0.41785714285714287 0.7626404494382022 0.45714285714285713 0.7064606741573034
1 0.17023809523809524 0.3188202247191011 0.17023809523809524 0.38764044943820225 0.19642857142857142 0.3890449438202247 0.1976190476190476 0.324438202247191
1 0.15595238095238095 0.6615168539325843 0.15357142857142858 0.7387640449438202 0.18333333333333332 0.7345505617977528 0.18452380952380953 0.6573033707865169
1 0.15833333333333333 0.7780898876404494 0.15595238095238095 0.8469101123595506 0.18095238095238095 0.8469101123595506 0.18452380952380953 0.7794943820224719
1 0.8130952380952381 0.28230337078651685 0.8130952380952381 0.31320224719101125 0.8702380952380953 0.31179775280898875 0.8714285714285714 0.28230337078651685