1 0.15357142857142858 0.18820224719101122 0.18214285714285713 0.16292134831460675 0.20238095238095238 0.17275280898876405 0.17023809523809524 0.20084269662921347
1 0.17261904761904762 0.24157303370786518 0.15476190476190477 0.25702247191011235 0.1988095238095238 0.2851123595505618 0.21904761904761905 0.2654494382022472
1 0.21904761904761905 0.26825842696629215 0.20238095238095238 0.2851123595505618 0.24523809523809523 0.31320224719101125 0.2630952380952381 0.29353932584269665
1 0.2714285714285714 0.29775280898876405 0.25 0.3202247191011236 0.29404761904761906 0.34269662921348315 0.3119047619047619 0.3188202247191011
1 0.319047619047619 0.3202247191011236 0.2976190476190476 0.34129213483146065 0.3416666666666667 0.3693820224719101 0.3607142857142857 0.3441011235955056
1 0.36666666666666664 0.34831460674157305 0.3476190476190476 0.3707865168539326 0.39404761904761904 0.39747191011235955 0.4107142857142857 0.3707865168539326
1 0.4154761904761905 0.37780898876404495 0.3976190476190476 0.398876404494382 0.44285714285714284 0.42696629213483145 0.46190476190476193 0.40168539325842695
1 0.46785714285714286 0.41292134831460675 0.4523809523809524 0.4297752808988764 0.5035714285714286 0.4592696629213483 0.5107142857142857 0.4311797752808989
1 0.5666666666666667 0.42134831460674155 0.5369047619047619 0.4606741573033708 0.5607142857142857 0.47752808988764045 0.5892857142857143 0.4353932584269663
1 0.6154761904761905 0.4438202247191011 0.5821428571428572 0.4803370786516854 0.6071428571428571 0.5 0.6416666666666667 0.46348314606741575
1 0.19523809523809524 0.2148876404494382 0.17976190476190476 0.23314606741573032 0.21428571428571427 0.25140449438202245 0.22976190476190475 0.23174157303370788
1 0.20595238095238094 0.20224719101123595 0.24404761904761904 0.18117977528089887 0.25595238095238093 0.20084269662921347 0.2154761904761905 0.22331460674157302
1 0.22857142857142856 0.2148876404494382 0.2714285714285714 0.1952247191011236 0.2845238095238095 0.2205056179775281 0.2369047619047619 0.23876404494382023
1 0.2726190476190476 0.23314606741573032 0.3130952380952381 0.21910112359550563 0.32261904761904764 0.24157303370786518 0.2785714285714286 0.2556179775280899
1 0.2976190476190476 0.25140449438202245 0.3380952380952381 0.2345505617977528 0.3476190476190476 0.2556179775280899 0.30357142857142855 0.27247191011235955
1 0.2523809523809524 0.21910112359550563 0.3 0.20926966292134833 0.30357142857142855 0.23314606741573032 0.25595238095238093 0.24297752808988765
1 0.32261904761904764 0.26264044943820225 0.3738095238095238 0.24719101123595505 0.37976190476190474 0.27247191011235955 0.33095238095238094 0.28370786516853935
1 0.37142857142857144 0.28792134831460675 0.4166666666666667 0.27247191011235955 0.4297619047619048 0.29213483146067415 0.38333333333333336 0.3103932584269663
1 0.4083333333333333 0.21910112359550563 0.3952380952380952 0.23876404494382023 0.43333333333333335 0.25842696629213485 0.4452380952380952 0.2401685393258427
1 0.45714285714285713 0.2401685393258427 0.444047619047619 0.26264044943820225 0.48333333333333334 0.2851123595505618 0.4976190476190476 0.2654494382022472
1 0.4988095238095238 0.2640449438202247 0.4869047619047619 0.28651685393258425 0.5333333333333333 0.3089887640449438 0.544047619047619 0.2851123595505618
1 0.3976190476190476 0.30196629213483145 0.44047619047619047 0.2851123595505618 0.4523809523809524 0.30758426966292135 0.40476190476190477 0.324438202247191
1 0.4142857142857143 0.32303370786516855 0.45714285714285713 0.30196629213483145 0.4738095238095238 0.3202247191011236 0.42857142857142855 0.34269662921348315
1 0.44761904761904764 0.3356741573033708 0.49404761904761907 0.31320224719101125 0.5095238095238095 0.3356741573033708 0.45476190476190476 0.35674157303370785
1 0.4738095238095238 0.34691011235955055 0.5261904761904762 0.3300561797752809 0.5369047619047619 0.35252808988764045 0.48095238095238096 0.3707865168539326
1 0.5142857142857142 0.3792134831460674 0.5416666666666666 0.34269662921348315 0.5619047619047619 0.3539325842696629 0.5380952380952381 0.39325842696629215
1 0.569047619047619 0.351123595505618 0.5547619047619048 0.37359550561797755 0.6011904761904762 0.3946629213483146 0.6095238095238096 0.37219101123595505
1 0.6333333333333333 0.4311797752808989 0.6547619047619048 0.42134831460674155 0.6785714285714286 0.46769662921348315 0.6583333333333333 0.4789325842696629
1 0.6702380952380952 0.4339887640449438 0.6845238095238095 0.4859550561797753 0.7071428571428572 0.48314606741573035 0.694047619047619 0.4353932584269663
1 0.7404761904761905 0.40308988764044945 0.7333333333333333 0.43258426966292135 0.7845238095238095 0.4452247191011236 0.7904761904761904 0.41713483146067415
1 0.7142857142857143 0.44803370786516855 0.7166666666666667 0.5042134831460674 0.7404761904761905 0.5042134831460674 0.736904761904762 0.449438202247191
1 0.7476190476190476 0.46769662921348315 0.75 0.5182584269662921 0.7738095238095238 0.5168539325842697 0.7690476190476191 0.46769662921348315
1 0.7785714285714286 0.4845505617977528 0.7785714285714286 0.5351123595505618 0.8047619047619048 0.5351123595505618 0.8 0.4845505617977528
1 0.8047619047619048 0.5 0.825 0.4957865168539326 0.8416666666666667 0.5519662921348315 0.8142857142857143 0.5547752808988764
1 0.6083333333333333 0.5 0.5904761904761905 0.5168539325842697 0.6416666666666667 0.5421348314606742 0.6511904761904762 0.5182584269662921
1 0.6571428571428571 0.523876404494382 0.6392857142857142 0.547752808988764 0.6964285714285714 0.5800561797752809 0.7071428571428572 0.5533707865168539
1 0.7202380952380952 0.5561797752808989 0.7023809523809523 0.5786516853932584 0.7583333333333333 0.6081460674157303 0.7702380952380953 0.5786516853932584
1 0.7738095238095238 0.5884831460674157 0.7571428571428571 0.6095505617977528 0.8130952380952381 0.6418539325842697 0.8285714285714286 0.6151685393258427
1 0.8452380952380952 0.6334269662921348 0.8261904761904761 0.6544943820224719 0.8845238095238095 0.6882022471910112 0.8964285714285715 0.6615168539325843
1 0.8404761904761905 0.523876404494382 0.8654761904761905 0.5196629213483146 0.8797619047619047 0.5730337078651685 0.8511904761904762 0.577247191011236
1 0.8023809523809524 0.4297752808988764 0.7904761904761904 0.45365168539325845 0.8428571428571429 0.4789325842696629 0.8523809523809524 0.45365168539325845
1 0.8630952380952381 0.45646067415730335 0.8523809523809524 0.47752808988764045 0.8988095238095238 0.5042134831460674 0.9095238095238095 0.48174157303370785
1 0.2619047619047619 0.672752808988764 0.24761904761904763 0.6952247191011236 0.2976190476190476 0.7345505617977528 0.31547619047619047 0.7106741573033708
1 0.3952380952380952 0.7724719101123596 0.37857142857142856 0.7949438202247191 0.43452380952380953 0.8328651685393258 0.45357142857142857 0.8103932584269663