1 0.1869047619047619 0.31320224719101125 0.1773809523809524 0.36235955056179775 0.09047619047619047 0.3539325842696629 0.09761904761904762 0.3047752808988764
1 0.1380952380952381 0.45646067415730335 0.12976190476190477 0.5688202247191011 0.16547619047619047 0.5660112359550562 0.1738095238095238 0.46348314606741575
1 0.18928571428571428 0.4550561797752809 0.18333333333333332 0.5589887640449438 0.22142857142857142 0.5603932584269663 0.2261904761904762 0.46207865168539325
1 0.24166666666666667 0.45646067415730335 0.24404761904761904 0.5702247191011236 0.27976190476190477 0.5702247191011236 0.28214285714285714 0.45365168539325845
1 0.3 0.4508426966292135 0.29285714285714287 0.5688202247191011 0.33095238095238094 0.5688202247191011 0.33690476190476193 0.45646067415730335
1 0.35833333333333334 0.44241573033707865 0.3488095238095238 0.5575842696629213 0.3880952380952381 0.5575842696629213 0.39404761904761904 0.4508426966292135
1 0.40714285714285714 0.45786516853932585 0.4035714285714286 0.5674157303370787 0.44285714285714284 0.5660112359550562 0.4511904761904762 0.4550561797752809
1 0.530952380952381 0.5379213483146067 0.5380952380952381 0.6390449438202247 0.5833333333333334 0.6348314606741573 0.5726190476190476 0.5351123595505618
1 0.5380952380952381 0.6502808988764045 0.5452380952380952 0.7696629213483146 0.5892857142857143 0.7682584269662921 0.5785714285714286 0.6446629213483146
1 0.5976190476190476 0.45365168539325845 0.5702380952380952 0.4859550561797753 0.6392857142857142 0.5730337078651685 0.6666666666666666 0.5449438202247191
4 0.6642857142857143 0.45224719101123595 0.638095238095238 0.4803370786516854 0.7035714285714286 0.5716292134831461 0.7345238095238096 0.5294943820224719
1 0.7392857142857143 0.46207865168539325 0.7130952380952381 0.4859550561797753 0.7666666666666667 0.577247191011236 0.7988095238095239 0.5463483146067416
1 0.7428571428571429 0.2542134831460674 0.694047619047619 0.3497191011235955 0.7238095238095238 0.37359550561797755 0.7678571428571429 0.2752808988764045
4 0.8476190476190476 0.2612359550561798 0.7690476190476191 0.34129213483146065 0.7928571428571428 0.3707865168539326 0.8702380952380953 0.28792134831460675
1 0.8083333333333333 0.45786516853932585 0.7738095238095238 0.4859550561797753 0.8404761904761905 0.5730337078651685 0.8714285714285714 0.5421348314606742
1 0.5428571428571428 0.7921348314606742 0.5428571428571428 0.901685393258427 0.5797619047619048 0.9002808988764045 0.580952380952381 0.7963483146067416