1 0.1261904761904762 0.2443820224719101 0.11190476190476191 0.2893258426966292 0.13452380952380952 0.29353932584269665 0.14404761904761904 0.24719101123595505
1 0.15 0.25 0.1380952380952381 0.2949438202247191 0.16071428571428573 0.300561797752809 0.1738095238095238 0.25280898876404495
1 0.20833333333333334 0.2598314606741573 0.19166666666666668 0.30196629213483145 0.2154761904761905 0.3047752808988764 0.22857142857142856 0.2640449438202247
1 0.2369047619047619 0.26264044943820225 0.22142857142857142 0.3061797752808989 0.2488095238095238 0.3103932584269663 0.25833333333333336 0.2640449438202247
1 0.2630952380952381 0.2654494382022472 0.25357142857142856 0.3103932584269663 0.2773809523809524 0.31320224719101125 0.2833333333333333 0.26264044943820225
1 0.19642857142857142 0.19101123595505617 0.24047619047619048 0.19803370786516855 0.2392857142857143 0.22331460674157302 0.19642857142857142 0.21769662921348315
1 0.2761904761904762 0.20786516853932585 0.31785714285714284 0.21067415730337077 0.31785714285714284 0.23876404494382023 0.2761904761904762 0.23314606741573032
1 0.3345238095238095 0.2148876404494382 0.3821428571428571 0.21910112359550563 0.37857142857142856 0.24578651685393257 0.33214285714285713 0.24157303370786518
1 0.3202380952380952 0.2851123595505618 0.36666666666666664 0.27668539325842695 0.37142857142857144 0.300561797752809 0.3238095238095238 0.30758426966292135
1 0.37857142857142856 0.28370786516853935 0.425 0.28370786516853935 0.43214285714285716 0.3089887640449438 0.3821428571428571 0.30758426966292135
1 0.11547619047619048 0.5561797752808989 0.17023809523809524 0.5533707865168539 0.16904761904761906 0.5870786516853933 0.11547619047619048 0.5884831460674157
1 0.25357142857142856 0.5617977528089888 0.3107142857142857 0.5589887640449438 0.3119047619047619 0.5898876404494382 0.2523809523809524 0.5912921348314607
1 0.3357142857142857 0.5617977528089888 0.3904761904761905 0.5561797752808989 0.39166666666666666 0.5926966292134831 0.3380952380952381 0.5926966292134831
1 0.4035714285714286 0.5589887640449438 0.4583333333333333 0.5575842696629213 0.4583333333333333 0.5912921348314607 0.40476190476190477 0.5912921348314607
1 0.4845238095238095 0.5575842696629213 0.5380952380952381 0.5533707865168539 0.5416666666666666 0.5842696629213483 0.4857142857142857 0.5884831460674157
1 0.5511904761904762 0.5575842696629213 0.6083333333333333 0.5561797752808989 0.6107142857142858 0.5884831460674157 0.5523809523809524 0.5898876404494382
1 0.13690476190476192 0.6446629213483146 0.10476190476190476 0.7078651685393258 0.13214285714285715 0.7205056179775281 0.1619047619047619 0.6544943820224719
1 0.175 0.6474719101123596 0.15357142857142858 0.7078651685393258 0.1773809523809524 0.7120786516853933 0.2 0.6530898876404494
1 0.20952380952380953 0.6418539325842697 0.19285714285714287 0.7050561797752809 0.22142857142857142 0.7078651685393258 0.2357142857142857 0.6460674157303371
1 0.23809523809523808 0.6292134831460674 0.2988095238095238 0.6221910112359551 0.3011904761904762 0.648876404494382 0.2392857142857143 0.6573033707865169
1 0.24285714285714285 0.6587078651685393 0.22380952380952382 0.7176966292134831 0.2488095238095238 0.723314606741573 0.26904761904761904 0.6587078651685393
1 0.16547619047619047 0.7106741573033708 0.2226190476190476 0.7191011235955056 0.22023809523809523 0.7471910112359551 0.15357142857142858 0.7373595505617978
1 0.30238095238095236 0.6460674157303371 0.2630952380952381 0.7064606741573034 0.28809523809523807 0.7176966292134831 0.3238095238095238 0.6558988764044944
1 0.33214285714285713 0.648876404494382 0.3 0.7050561797752809 0.3261904761904762 0.7205056179775281 0.3547619047619048 0.6615168539325843
1 0.36904761904761907 0.651685393258427 0.3392857142857143 0.699438202247191 0.3630952380952381 0.7078651685393258 0.3904761904761905 0.6615168539325843
1 0.3202380952380952 0.7148876404494382 0.38333333333333336 0.7148876404494382 0.3821428571428571 0.7471910112359551 0.3202380952380952 0.7429775280898876
1 0.39404761904761904 0.7176966292134831 0.4583333333333333 0.7191011235955056 0.4607142857142857 0.7528089887640449 0.39285714285714285 0.7471910112359551
1 0.46190476190476193 0.6460674157303371 0.4369047619047619 0.699438202247191 0.4642857142857143 0.7078651685393258 0.4845238095238095 0.6544943820224719
1 0.4630952380952381 0.7078651685393258 0.475 0.7696629213483146 0.5011904761904762 0.7640449438202247 0.4869047619047619 0.699438202247191
1 0.5035714285714286 0.6474719101123596 0.48095238095238096 0.6980337078651685 0.5059523809523809 0.7106741573033708 0.5273809523809524 0.6558988764044944
1 0.5357142857142857 0.6587078651685393 0.5178571428571429 0.7219101123595506 0.5452380952380952 0.7289325842696629 0.5595238095238095 0.6671348314606742
1 0.5 0.723314606741573 0.5666666666666667 0.7317415730337079 0.5630952380952381 0.7626404494382022 0.5011904761904762 0.7542134831460674
1 0.5666666666666667 0.6643258426966292 0.55 0.7303370786516854 0.5773809523809523 0.7401685393258427 0.5928571428571429 0.6713483146067416
1 0.594047619047619 0.6685393258426966 0.5928571428571429 0.7247191011235955 0.6178571428571429 0.723314606741573 0.6178571428571429 0.6699438202247191
1 0.5928571428571429 0.7289325842696629 0.5785714285714286 0.7471910112359551 0.6345238095238095 0.7823033707865169 0.6464285714285715 0.7584269662921348
1 0.5297619047619048 0.7626404494382022 0.5904761904761905 0.7710674157303371 0.5857142857142857 0.8033707865168539 0.525 0.7893258426966292
1 0.6309523809523809 0.6699438202247191 0.6297619047619047 0.7401685393258427 0.6523809523809524 0.7401685393258427 0.6535714285714286 0.6713483146067416
1 0.6928571428571428 0.7191011235955056 0.6511904761904762 0.7598314606741573 0.675 0.7823033707865169 0.7166666666666667 0.7387640449438202
1 0.6678571428571428 0.6573033707865169 0.6654761904761904 0.7247191011235955 0.6928571428571428 0.723314606741573 0.694047619047619 0.6587078651685393
1 0.6333333333333333 0.5632022471910112 0.6976190476190476 0.5589887640449438 0.7 0.5926966292134831 0.6369047619047619 0.5941011235955056
1 0.7380952380952381 0.7289325842696629 0.794047619047619 0.7373595505617978 0.794047619047619 0.7724719101123596 0.7285714285714285 0.7598314606741573
1 0.8178571428571428 0.7485955056179775 0.8178571428571428 0.7823033707865169 0.8809523809523809 0.7907303370786517 0.8809523809523809 0.7584269662921348