1 0.11547619047619048 0.5969101123595506 0.10476190476190476 0.6390449438202247 0.12261904761904761 0.6460674157303371 0.13452380952380952 0.6039325842696629
1 0.12738095238095237 0.5407303370786517 0.11666666666666667 0.5898876404494382 0.14285714285714285 0.5912921348314607 0.14761904761904762 0.5393258426966292
1 0.13214285714285715 0.48735955056179775 0.125 0.5337078651685393 0.1488095238095238 0.5365168539325843 0.15714285714285714 0.4901685393258427
1 0.17261904761904762 0.5674157303370787 0.16785714285714284 0.6137640449438202 0.18571428571428572 0.6123595505617978 0.19047619047619047 0.5660112359550562
1 0.20357142857142857 0.5632022471910112 0.19404761904761905 0.6109550561797753 0.22142857142857142 0.6109550561797753 0.2261904761904762 0.5632022471910112
4 0.14404761904761904 0.4101123595505618 0.1392857142857143 0.44662921348314605 0.16547619047619047 0.44803370786516855 0.16547619047619047 0.40730337078651685
4 0.5273809523809524 0.7710674157303371 0.5297619047619048 0.800561797752809 0.5833333333333334 0.8019662921348315 0.580952380952381 0.7724719101123596
4 0.5202380952380953 0.5969101123595506 0.5154761904761904 0.625 0.5714285714285714 0.6320224719101124 0.5726190476190476 0.6025280898876404
4 0.3904761904761905 0.2556179775280899 0.39285714285714285 0.28370786516853935 0.4297619047619048 0.27808988764044945 0.4261904761904762 0.25140449438202245
4 0.40714285714285714 0.6025280898876404 0.4095238095238095 0.6292134831460674 0.4583333333333333 0.6235955056179775 0.4583333333333333 0.5955056179775281
1 0.15476190476190477 0.36235955056179775 0.15 0.40308988764044945 0.16785714285714284 0.40308988764044945 0.17261904761904762 0.36235955056179775
1 0.15714285714285714 0.3258426966292135 0.1523809523809524 0.36235955056179775 0.17023809523809524 0.35814606741573035 0.175 0.3258426966292135
1 0.16428571428571428 0.2851123595505618 0.15476190476190477 0.32303370786516855 0.175 0.3258426966292135 0.18095238095238095 0.28651685393258425
1 0.16904761904761906 0.24157303370786518 0.16071428571428573 0.27808988764044945 0.1869047619047619 0.27808988764044945 0.19285714285714287 0.24297752808988765
1 0.4083333333333333 0.7359550561797753 0.4023809523809524 0.7724719101123596 0.45595238095238094 0.7780898876404494 0.4607142857142857 0.7514044943820225
1 0.4119047619047619 0.7780898876404494 0.40714285714285714 0.8075842696629213 0.46190476190476193 0.8103932584269663 0.4654761904761905 0.7823033707865169
1 0.49642857142857144 0.7949438202247191 0.5 0.8525280898876404 0.5226190476190476 0.8497191011235955 0.5178571428571429 0.7949438202247191
1 0.5345238095238095 0.8455056179775281 0.5380952380952381 0.8721910112359551 0.5892857142857143 0.8609550561797753 0.5833333333333334 0.8356741573033708
1 0.5297619047619048 0.8089887640449438 0.5297619047619048 0.8342696629213483 0.5880952380952381 0.8328651685393258 0.5869047619047619 0.8075842696629213
1 0.5321428571428571 0.7429775280898876 0.5321428571428571 0.7682584269662921 0.580952380952381 0.7724719101123596 0.580952380952381 0.7485955056179775
1 0.5261904761904762 0.6924157303370787 0.5273809523809524 0.7148876404494382 0.5785714285714286 0.7162921348314607 0.5773809523809523 0.6910112359550562
1 0.6142857142857143 0.5969101123595506 0.6333333333333333 0.6165730337078652 0.6595238095238095 0.5884831460674157 0.6440476190476191 0.5716292134831461
1 0.48928571428571427 0.4901685393258427 0.48928571428571427 0.5393258426966292 0.5083333333333333 0.5393258426966292 0.5071428571428571 0.48735955056179775
1 0.4797619047619048 0.375 0.48333333333333334 0.4241573033707865 0.5023809523809524 0.42134831460674155 0.4976190476190476 0.37359550561797755
1 0.48095238095238096 0.26264044943820225 0.48214285714285715 0.30196629213483145 0.4988095238095238 0.2991573033707865 0.49642857142857144 0.25702247191011235
1 0.5214285714285715 0.5716292134831461 0.5214285714285715 0.5969101123595506 0.5714285714285714 0.5969101123595506 0.569047619047619 0.5716292134831461
1 0.5142857142857142 0.5491573033707865 0.5142857142857142 0.5674157303370787 0.5678571428571428 0.5716292134831461 0.5678571428571428 0.5519662921348315
1 0.5154761904761904 0.5224719101123596 0.5154761904761904 0.5435393258426966 0.569047619047619 0.5491573033707865 0.569047619047619 0.5280898876404494
1 0.5142857142857142 0.4943820224719101 0.5166666666666667 0.5196629213483146 0.5619047619047619 0.5196629213483146 0.5607142857142857 0.4943820224719101
1 0.5083333333333333 0.4438202247191011 0.5142857142857142 0.4648876404494382 0.5595238095238095 0.4592696629213483 0.5535714285714286 0.4353932584269663
1 0.5119047619047619 0.40168539325842695 0.5119047619047619 0.425561797752809 0.5619047619047619 0.42696629213483145 0.5619047619047619 0.4044943820224719
1 0.5047619047619047 0.31741573033707865 0.5083333333333333 0.3398876404494382 0.55 0.33848314606741575 0.55 0.3146067415730337
1 0.5035714285714286 0.29775280898876405 0.5059523809523809 0.3188202247191011 0.5523809523809524 0.3146067415730337 0.55 0.29353932584269665
1 0.5095238095238095 0.26825842696629215 0.5095238095238095 0.28792134831460675 0.55 0.28792134831460675 0.55 0.2654494382022472
1 0.5095238095238095 0.2247191011235955 0.5095238095238095 0.24157303370786518 0.5452380952380952 0.2443820224719101 0.5452380952380952 0.2247191011235955
1 0.5023809523809524 0.21067415730337077 0.5059523809523809 0.22893258426966293 0.544047619047619 0.2247191011235955 0.544047619047619 0.20365168539325842
1 0.4988095238095238 0.19241573033707865 0.49642857142857144 0.20926966292134833 0.5404761904761904 0.21348314606741572 0.5416666666666666 0.19662921348314608
1 0.49642857142857144 0.15870786516853932 0.48928571428571427 0.18258426966292135 0.5333333333333333 0.19101123595505617 0.5404761904761904 0.17275280898876405
1 0.6166666666666667 0.47191011235955055 0.6071428571428571 0.49157303370786515 0.6464285714285715 0.5112359550561798 0.6547619047619048 0.49157303370786515
1 0.6130952380952381 0.44803370786516855 0.6035714285714285 0.46629213483146065 0.6511904761904762 0.4845505617977528 0.6571428571428571 0.46629213483146065
1 0.5988095238095238 0.38202247191011235 0.6154761904761905 0.39747191011235955 0.6416666666666667 0.37640449438202245 0.6285714285714286 0.3637640449438202
1 0.5964285714285714 0.35814606741573035 0.6071428571428571 0.37359550561797755 0.6369047619047619 0.35814606741573035 0.6214285714285714 0.3398876404494382
1 0.5904761904761905 0.25842696629213485 0.5845238095238096 0.28230337078651685 0.6214285714285714 0.2907303370786517 0.6297619047619047 0.26685393258426965
1 0.5738095238095238 0.19241573033707865 0.5833333333333334 0.20926966292134833 0.6190476190476191 0.18820224719101122 0.6071428571428571 0.17415730337078653
1 0.5797619047619048 0.1544943820224719 0.5761904761904761 0.175561797752809 0.6142857142857143 0.17837078651685392 0.6166666666666667 0.1601123595505618
1 0.8404761904761905 0.5393258426966292 0.8452380952380952 0.5617977528089888 0.8821428571428571 0.5547752808988764 0.8833333333333333 0.5365168539325843
1 0.8380952380952381 0.5182584269662921 0.8369047619047619 0.5337078651685393 0.8892857142857142 0.5337078651685393 0.8845238095238095 0.5126404494382022
1 0.8369047619047619 0.4943820224719101 0.8380952380952381 0.5126404494382022 0.8821428571428571 0.5126404494382022 0.8785714285714286 0.49157303370786515