1 0.6761904761904762 0.45224719101123595 0.6083333333333333 0.46769662921348315 0.6130952380952381 0.49157303370786515 0.6845238095238095 0.48174157303370785
1 0.794047619047619 0.4339887640449438 0.7904761904761904 0.46348314606741575 0.861904761904762 0.4691011235955056 0.8654761904761905 0.43679775280898875
1 0.794047619047619 0.38764044943820225 0.794047619047619 0.42134831460674155 0.8607142857142858 0.4143258426966292 0.8559523809523809 0.38202247191011235
1 0.780952380952381 0.34269662921348315 0.7797619047619048 0.36797752808988765 0.85 0.37219101123595505 0.8511904761904762 0.34831460674157305
1 0.775 0.2991573033707865 0.7773809523809524 0.33146067415730335 0.8607142857142858 0.3342696629213483 0.8571428571428571 0.2991573033707865
1 0.7654761904761904 0.24297752808988765 0.7690476190476191 0.2752808988764045 0.830952380952381 0.2752808988764045 0.8273809523809523 0.23735955056179775
1 0.7607142857142857 0.1952247191011236 0.763095238095238 0.2345505617977528 0.8345238095238096 0.23174157303370788 0.8345238095238096 0.18679775280898878
1 0.7702380952380953 0.14325842696629212 0.7714285714285715 0.1699438202247191 0.8535714285714285 0.17415730337078653 0.8547619047619047 0.1446629213483146
1 0.6035714285714285 0.13623595505617977 0.6047619047619047 0.16292134831460675 0.6678571428571428 0.1699438202247191 0.6702380952380952 0.13764044943820225
1 0.6035714285714285 0.17275280898876405 0.5988095238095238 0.2050561797752809 0.675 0.21629213483146068 0.6785714285714286 0.17837078651685392
1 0.6011904761904762 0.22331460674157302 0.6011904761904762 0.25140449438202245 0.6654761904761904 0.25702247191011235 0.6678571428571428 0.22752808988764045
1 0.6035714285714285 0.26825842696629215 0.6035714285714285 0.30196629213483145 0.675 0.30337078651685395 0.6761904761904762 0.2752808988764045
1 0.5988095238095238 0.37219101123595505 0.6 0.4044943820224719 0.6630952380952381 0.39747191011235955 0.6630952380952381 0.36657303370786515
1 0.5952380952380952 0.3258426966292135 0.5964285714285714 0.35674157303370785 0.6702380952380952 0.3595505617977528 0.669047619047619 0.32865168539325845
1 0.16666666666666666 0.425561797752809 0.17857142857142858 0.48735955056179775 0.20357142857142857 0.4747191011235955 0.19285714285714287 0.4143258426966292
1 0.15 0.4241573033707865 0.15476190476190477 0.4901685393258427 0.12976190476190477 0.4943820224719101 0.12261904761904761 0.425561797752809
1 0.1869047619047619 0.32865168539325845 0.18452380952380953 0.35814606741573035 0.23452380952380952 0.35814606741573035 0.2392857142857143 0.32724719101123595
1 0.20833333333333334 0.28651685393258425 0.20595238095238094 0.31320224719101125 0.26785714285714285 0.3146067415730337 0.26904761904761904 0.2851123595505618
1 0.18928571428571428 0.23174157303370788 0.18452380952380953 0.273876404494382 0.26071428571428573 0.273876404494382 0.2630952380952381 0.23174157303370788
1 0.19642857142857142 0.18398876404494383 0.19642857142857142 0.21348314606741572 0.2630952380952381 0.21348314606741572 0.2630952380952381 0.1797752808988764
1 0.18928571428571428 0.1306179775280899 0.18571428571428572 0.17134831460674158 0.26071428571428573 0.16853932584269662 0.26071428571428573 0.12640449438202248