1 0.4297619047619048 0.18258426966292135 0.4357142857142857 0.15168539325842698 0.42142857142857143 0.14887640449438203 0.4154761904761905 0.1797752808988764
1 0.42738095238095236 0.21910112359550563 0.430952380952381 0.1853932584269663 0.4166666666666667 0.18258426966292135 0.4107142857142857 0.21629213483146068
1 0.4238095238095238 0.2556179775280899 0.4297619047619048 0.22331460674157302 0.41309523809523807 0.21910112359550563 0.40714285714285714 0.2542134831460674
1 0.4226190476190476 0.29213483146067415 0.4238095238095238 0.2598314606741573 0.4083333333333333 0.25702247191011235 0.40714285714285714 0.29353932584269665
1 0.42023809523809524 0.33848314606741575 0.42857142857142855 0.29775280898876405 0.40714285714285714 0.2949438202247191 0.39880952380952384 0.33286516853932585
1 0.4107142857142857 0.37359550561797755 0.4154761904761905 0.33707865168539325 0.4 0.3356741573033708 0.3976190476190476 0.36797752808988765
1 0.4083333333333333 0.4101123595505618 0.4095238095238095 0.3806179775280899 0.4 0.3806179775280899 0.3952380952380952 0.40870786516853935
1 0.6523809523809524 0.15730337078651685 0.6773809523809524 0.13623595505617977 0.6654761904761904 0.12219101123595505 0.6404761904761904 0.13904494382022473
1 0.6488095238095238 0.18820224719101122 0.6773809523809524 0.20646067415730338 0.6892857142857143 0.1896067415730337 0.6607142857142857 0.1699438202247191
1 0.6523809523809524 0.22331460674157302 0.6785714285714286 0.23595505617977527 0.6845238095238095 0.22331460674157302 0.6619047619047619 0.20926966292134833
1 0.680952380952381 0.2598314606741573 0.6488095238095238 0.23595505617977527 0.6607142857142857 0.22331460674157302 0.6892857142857143 0.24719101123595505
1 0.6464285714285715 0.3160112359550562 0.6761904761904762 0.33286516853932585 0.6821428571428572 0.32162921348314605 0.6547619047619048 0.30196629213483145
1 0.675 0.324438202247191 0.65 0.351123595505618 0.6607142857142857 0.3707865168539326 0.6869047619047619 0.33707865168539325
1 0.6964285714285714 0.3609550561797753 0.6702380952380952 0.38342696629213485 0.6607142857142857 0.3707865168539326 0.6880952380952381 0.34691011235955055
1 0.6964285714285714 0.3904494382022472 0.669047619047619 0.4143258426966292 0.6547619047619048 0.4002808988764045 0.6845238095238095 0.37640449438202245
1 0.6988095238095238 0.41292134831460675 0.6738095238095239 0.43679775280898875 0.6595238095238095 0.42275280898876405 0.6857142857142857 0.4002808988764045
1 0.7 0.4438202247191011 0.669047619047619 0.46769662921348315 0.6583333333333333 0.4508426966292135 0.6904761904761905 0.4297752808988764
1 0.6083333333333333 0.4747191011235955 0.01904761904761905 0.042134831460674156
1 0.6059523809523809 0.3960674157303371 0.014285714285714285 0.033707865168539325
1 0.4035714285714286 0.4339887640449438 0.014285714285714285 0.03932584269662921
1 0.3494047619047619 0.46348314606741575 0.02023809523809524 0.042134831460674156
1 0.4023809523809524 0.5014044943820225 0.40714285714285714 0.4592696629213483 0.39166666666666666 0.45786516853932585 0.38571428571428573 0.49859550561797755
1 0.6511904761904762 0.5533707865168539 0.6488095238095238 0.5786516853932584 0.7011904761904761 0.5842696629213483 0.7023809523809523 0.5575842696629213
1 0.6190476190476191 0.5730337078651685 0.5988095238095238 0.5730337078651685 0.6 0.6221910112359551 0.6214285714285714 0.6221910112359551
1 0.5464285714285714 0.5835674157303371 0.01904761904761905 0.05196629213483146
1 0.3976190476190476 0.5449438202247191 0.37976190476190474 0.5449438202247191 0.37976190476190474 0.49859550561797755 0.3976190476190476 0.5
1 0.4011904761904762 0.6025280898876404 0.3773809523809524 0.6025280898876404 0.37857142857142856 0.547752808988764 0.4023809523809524 0.547752808988764
1 0.3880952380952381 0.651685393258427 0.36904761904761907 0.6474719101123596 0.37857142857142856 0.601123595505618 0.3964285714285714 0.6039325842696629
1 0.3380952380952381 0.6123595505617978 0.3476190476190476 0.5646067415730337 0.32857142857142857 0.5617977528089888 0.319047619047619 0.6067415730337079
1 0.6595238095238095 0.6039325842696629 0.7023809523809523 0.601123595505618 0.6988095238095238 0.5814606741573034 0.6571428571428571 0.5828651685393258
1 0.7511904761904762 0.5955056179775281 0.75 0.6404494382022472 0.7714285714285715 0.6404494382022472 0.7714285714285715 0.5941011235955056
1 0.6851190476190476 0.6200842696629213 0.04642857142857143 0.018258426966292134
1 0.6113095238095239 0.6474719101123596 0.02023809523809524 0.047752808988764044
1 0.7071428571428572 0.6601123595505618 0.6583333333333333 0.6643258426966292 0.6547619047619048 0.6418539325842697 0.7035714285714286 0.6376404494382022
1 0.7154761904761905 0.6938202247191011 0.6619047619047619 0.6966292134831461 0.6595238095238095 0.6713483146067416 0.7142857142857143 0.6685393258426966
1 0.38571428571428573 0.7050561797752809 0.3880952380952381 0.6573033707865169 0.36904761904761907 0.6573033707865169 0.3619047619047619 0.7050561797752809
1 0.3726190476190476 0.7338483146067416 0.02142857142857143 0.04915730337078652
1 0.6083333333333333 0.7099719101123596 0.016666666666666666 0.04353932584269663
1 0.6101190476190477 0.7724719101123596 0.025 0.056179775280898875
1 0.606547619047619 0.8286516853932584 0.02738095238095238 0.05337078651685393
1 0.6886904761904762 0.7099719101123596 0.05357142857142857 0.023876404494382022
1 0.6880952380952381 0.7408707865168539 0.05238095238095238 0.023876404494382022
1 0.6869047619047619 0.7703651685393258 0.05 0.02949438202247191
1 0.6857142857142857 0.8012640449438202 0.05238095238095238 0.023876404494382022
1 0.6922619047619047 0.8328651685393258 0.058333333333333334 0.028089887640449437
1 0.7678571428571429 0.7963483146067416 0.7726190476190476 0.851123595505618 0.8011904761904762 0.8497191011235955 0.7952380952380952 0.7949438202247191
1 0.7642857142857142 0.7443820224719101 0.7833333333333333 0.7457865168539326 0.7833333333333333 0.6952247191011236 0.7654761904761904 0.6952247191011236
1 0.305952380952381 0.7696629213483146 0.2619047619047619 0.7429775280898876 0.27380952380952384 0.7275280898876404 0.3142857142857143 0.7542134831460674
1 0.2976190476190476 0.8061797752808989 0.30357142857142855 0.7879213483146067 0.2642857142857143 0.7696629213483146 0.25595238095238093 0.7893258426966292
1 0.30833333333333335 0.8342696629213483 0.25476190476190474 0.8286516853932584 0.25952380952380955 0.800561797752809 0.3130952380952381 0.8033707865168539
1 0.2988095238095238 0.8342696629213483 0.3 0.8595505617977528 0.24285714285714285 0.8595505617977528 0.24642857142857144 0.8328651685393258