3 0.3119047619047619 0.7485955056179775 0.29285714285714287 0.7696629213483146 0.34285714285714286 0.8174157303370787 0.3595238095238095 0.7935393258426966
1 0.6404761904761904 0.7780898876404494 0.6047619047619047 0.8426966292134831 0.6273809523809524 0.8553370786516854 0.6630952380952381 0.7921348314606742
4 0.6154761904761905 0.7668539325842697 0.5785714285714286 0.824438202247191 0.5988095238095238 0.8384831460674157 0.6333333333333333 0.7808988764044944
3 0.5630952380952381 0.7205056179775281 0.5214285714285715 0.7851123595505618 0.5428571428571428 0.8033707865168539 0.5857142857142857 0.7359550561797753
3 0.5380952380952381 0.6980337078651685 0.49642857142857144 0.7626404494382022 0.5178571428571429 0.7808988764044944 0.5607142857142857 0.7134831460674157
3 0.5119047619047619 0.6797752808988764 0.47023809523809523 0.7443820224719101 0.49166666666666664 0.7626404494382022 0.5345238095238095 0.6952247191011236
3 0.4869047619047619 0.6601123595505618 0.4452380952380952 0.7247191011235955 0.4666666666666667 0.7429775280898876 0.5095238095238095 0.675561797752809
3 0.41785714285714287 0.7907303370786517 0.3738095238095238 0.8539325842696629 0.39285714285714285 0.8707865168539326 0.4357142857142857 0.8061797752808989
3 0.3773809523809524 0.6418539325842697 0.3607142857142857 0.6685393258426966 0.42142857142857143 0.7148876404494382 0.4357142857142857 0.6825842696629213
3 0.4011904761904762 0.6123595505617978 0.38452380952380955 0.6390449438202247 0.4452380952380952 0.6853932584269663 0.4595238095238095 0.6530898876404494
1 0.41785714285714287 0.5912921348314607 0.40595238095238095 0.6081460674157303 0.45 0.6404494382022472 0.46190476190476193 0.6207865168539326
3 0.475 0.5337078651685393 0.4392857142857143 0.5926966292134831 0.4607142857142857 0.6081460674157303 0.49523809523809526 0.5463483146067416
3 0.44642857142857145 0.5154494382022472 0.4107142857142857 0.574438202247191 0.43214285714285716 0.5898876404494382 0.4666666666666667 0.5280898876404494
3 0.3761904761904762 0.46207865168539325 0.33690476190476193 0.5210674157303371 0.35595238095238096 0.5351123595505618 0.3964285714285714 0.4747191011235955
3 0.35 0.45365168539325845 0.31547619047619047 0.5014044943820225 0.3345238095238095 0.5154494382022472 0.36904761904761907 0.46629213483146065
3 0.32857142857142857 0.4339887640449438 0.29404761904761906 0.48174157303370785 0.3130952380952381 0.4957865168539326 0.3476190476190476 0.44662921348314605
3 0.305952380952381 0.4157303370786517 0.2714285714285714 0.46348314606741575 0.2904761904761905 0.47752808988764045 0.325 0.42837078651685395
1 0.2869047619047619 0.398876404494382 0.2523809523809524 0.44662921348314605 0.2714285714285714 0.4606741573033708 0.305952380952381 0.41151685393258425
3 0.225 0.5112359550561798 0.20833333333333334 0.5379213483146067 0.2642857142857143 0.5800561797752809 0.2833333333333333 0.5547752808988764
3 0.2976190476190476 0.5393258426966292 0.2857142857142857 0.5646067415730337 0.3345238095238095 0.598314606741573 0.35 0.5758426966292135
3 0.27976190476190477 0.5660112359550562 0.2630952380952381 0.598314606741573 0.3119047619047619 0.6320224719101124 0.33214285714285713 0.6025280898876404
3 0.3607142857142857 0.5870786516853933 0.3202380952380952 0.648876404494382 0.3464285714285714 0.6629213483146067 0.38333333333333336 0.5997191011235955
4 0.2726190476190476 0.24157303370786518 0.2392857142857143 0.29213483146067415 0.25833333333333336 0.30337078651685395 0.2892857142857143 0.2556179775280899
4 0.3130952380952381 0.20224719101123595 0.28214285714285714 0.2401685393258427 0.3 0.2556179775280899 0.32857142857142857 0.21910112359550563
3 0.5011904761904762 0.21067415730337077 0.5607142857142857 0.24578651685393257 0.5452380952380952 0.27247191011235955 0.48333333333333334 0.23735955056179775
3 0.7464285714285714 0.3693820224719101 0.6880952380952381 0.3300561797752809 0.675 0.3539325842696629 0.7357142857142858 0.3904494382022472