1 0.4261904761904762 0.1896067415730337 0.48928571428571427 0.22752808988764045 0.4726190476190476 0.2542134831460674 0.41309523809523807 0.21910112359550563
1 0.5952380952380952 0.1348314606741573 0.6535714285714286 0.17275280898876405 0.6702380952380952 0.1446629213483146 0.6142857142857143 0.10814606741573034
1 0.825 0.14185393258426968 0.805952380952381 0.1699438202247191 0.8666666666666667 0.21067415730337077 0.8833333333333333 0.18117977528089887
1 0.5107142857142857 0.2893258426966292 0.5666666666666667 0.32865168539325845 0.580952380952381 0.30196629213483145 0.5261904761904762 0.2654494382022472
1 0.5119047619047619 0.31741573033707865 0.569047619047619 0.3539325842696629 0.5535714285714286 0.3806179775280899 0.4988095238095238 0.3441011235955056
1 0.4988095238095238 0.3539325842696629 0.5583333333333333 0.39185393258426965 0.5416666666666666 0.4199438202247191 0.4857142857142857 0.38342696629213485
1 0.4607142857142857 0.4241573033707865 0.444047619047619 0.4606741573033708 0.5107142857142857 0.49719101123595505 0.5261904761904762 0.46348314606741575
1 0.3964285714285714 0.5280898876404494 0.38095238095238093 0.5575842696629213 0.4523809523809524 0.5997191011235955 0.4666666666666667 0.5688202247191011
1 0.6916666666666667 0.38342696629213485 0.675 0.4143258426966292 0.7428571428571429 0.4550561797752809 0.7583333333333333 0.4241573033707865
1 0.6630952380952381 0.4199438202247191 0.6452380952380953 0.44803370786516855 0.7095238095238096 0.48735955056179775 0.725 0.45786516853932585
1 0.6345238095238095 0.46348314606741575 0.6273809523809524 0.4943820224719101 0.6976190476190476 0.5168539325842697 0.7035714285714286 0.4845505617977528
2 0.6178571428571429 0.5 0.6035714285714285 0.5308988764044944 0.6702380952380952 0.5674157303370787 0.6833333333333333 0.5379213483146067
1 0.6047619047619047 0.5421348314606742 0.5880952380952381 0.5730337078651685 0.6440476190476191 0.6039325842696629 0.6583333333333333 0.5758426966292135
1 0.5857142857142857 0.577247191011236 0.5666666666666667 0.6081460674157303 0.6309523809523809 0.6502808988764045 0.6452380952380953 0.6221910112359551
1 0.5345238095238095 0.672752808988764 0.5166666666666667 0.699438202247191 0.5785714285714286 0.7457865168539326 0.5952380952380952 0.7176966292134831
1 0.5178571428571429 0.7134831460674157 0.5047619047619047 0.7443820224719101 0.5642857142857143 0.7780898876404494 0.5761904761904761 0.75
1 0.4928571428571429 0.7542134831460674 0.4773809523809524 0.7837078651685393 0.5392857142857143 0.8216292134831461 0.5535714285714286 0.7935393258426966
0 0.8047619047619048 0.3904494382022472 0.7714285714285715 0.42837078651685395 0.861904761904762 0.5351123595505618 0.8964285714285715 0.49719101123595505