1 0.2488095238095238 0.25842696629213485 0.25476190476190474 0.3693820224719101 0.21071428571428572 0.37640449438202245 0.20952380952380953 0.26825842696629215
1 0.1988095238095238 0.2949438202247191 0.20595238095238094 0.40308988764044945 0.16547619047619047 0.40730337078651685 0.15833333333333333 0.30337078651685395
1 0.14166666666666666 0.34831460674157305 0.14166666666666666 0.4550561797752809 0.10833333333333334 0.4508426966292135 0.10833333333333334 0.34831460674157305
1 0.555952380952381 0.17837078651685392 0.6464285714285715 0.17837078651685392 0.6476190476190476 0.1404494382022472 0.5535714285714286 0.1404494382022472
1 0.513095238095238 0.22612359550561797 0.5988095238095238 0.23595505617977527 0.5988095238095238 0.19241573033707865 0.5214285714285715 0.17696629213483145
1 0.4714285714285714 0.26825842696629215 0.5630952380952381 0.2808988764044944 0.5619047619047619 0.23876404494382023 0.4738095238095238 0.22752808988764045
4 0.42023809523809524 0.3202247191011236 0.5071428571428571 0.3300561797752809 0.5059523809523809 0.2808988764044944 0.42142857142857143 0.27247191011235955
1 0.3678571428571429 0.3707865168539326 0.4726190476190476 0.3890449438202247 0.4797619047619048 0.34269662921348315 0.3738095238095238 0.324438202247191
1 0.325 0.42696629213483145 0.4238095238095238 0.4353932584269663 0.42738095238095236 0.38764044943820225 0.32857142857142857 0.3792134831460674
1 0.2785714285714286 0.4606741573033708 0.3726190476190476 0.4845505617977528 0.38571428571428573 0.4396067415730337 0.2892857142857143 0.41853932584269665
1 0.22738095238095238 0.5323033707865169 0.3261904761904762 0.5379213483146067 0.3261904761904762 0.4887640449438202 0.22738095238095238 0.4845505617977528
1 0.1869047619047619 0.5870786516853933 0.2773809523809524 0.5941011235955056 0.2761904761904762 0.5561797752808989 0.19047619047619047 0.547752808988764
1 0.11428571428571428 0.6474719101123596 0.21666666666666667 0.6671348314606742 0.2226190476190476 0.6165730337078652 0.12142857142857143 0.5997191011235955
1 0.09285714285714286 0.7219101123595506 0.16547619047619047 0.7275280898876404 0.16785714285714284 0.6839887640449438 0.09642857142857143 0.675561797752809
1 0.8583333333333333 0.6081460674157303 0.7726190476190476 0.7078651685393258 0.7416666666666667 0.6629213483146067 0.8261904761904761 0.5688202247191011