1 0.8857142857142857 0.7303370786516854 0.8369047619047619 0.7387640449438202 0.8404761904761905 0.7640449438202247 0.8892857142857142 0.7556179775280899
1 0.8511904761904762 0.702247191011236 0.8083333333333333 0.7191011235955056 0.8166666666666667 0.7443820224719101 0.8595238095238096 0.726123595505618
1 0.8214285714285714 0.6811797752808989 0.7714285714285715 0.6924157303370787 0.7773809523809524 0.7205056179775281 0.8273809523809523 0.7064606741573034
1 0.7869047619047619 0.6558988764044944 0.7416666666666667 0.6657303370786517 0.7464285714285714 0.6882022471910112 0.7916666666666666 0.6783707865168539
1 0.7595238095238095 0.6292134831460674 0.7095238095238096 0.6376404494382022 0.7142857142857143 0.6629213483146067 0.763095238095238 0.6544943820224719
1 0.7333333333333333 0.6095505617977528 0.6821428571428572 0.6151685393258427 0.6857142857142857 0.6446629213483146 0.7357142857142858 0.6390449438202247
1 0.7083333333333334 0.5463483146067416 0.75 0.5786516853932584 0.763095238095238 0.5575842696629213 0.7214285714285714 0.5252808988764045
1 0.7333333333333333 0.47331460674157305 0.7761904761904762 0.5042134831460674 0.7880952380952381 0.48174157303370785 0.7464285714285714 0.4550561797752809
1 0.6654761904761904 0.5674157303370787 0.6142857142857143 0.5674157303370787 0.6154761904761905 0.5941011235955056 0.6654761904761904 0.5941011235955056
1 0.6261904761904762 0.5365168539325843 0.5821428571428572 0.5533707865168539 0.5904761904761905 0.5758426966292135 0.6357142857142857 0.5603932584269663
1 0.5988095238095238 0.5168539325842697 0.5547619047619048 0.5393258426966292 0.5666666666666667 0.5589887640449438 0.6071428571428571 0.5365168539325843
1 0.5702380952380952 0.5028089887640449 0.5238095238095238 0.5056179775280899 0.5238095238095238 0.5252808988764045 0.5726190476190476 0.523876404494382
1 0.5297619047619048 0.47331460674157305 0.4857142857142857 0.47752808988764045 0.4857142857142857 0.49719101123595505 0.5297619047619048 0.49297752808988765
1 0.5011904761904762 0.45646067415730335 0.46190476190476193 0.46348314606741575 0.4630952380952381 0.48314606741573035 0.5047619047619047 0.476123595505618
1 0.4857142857142857 0.43679775280898875 0.444047619047619 0.4438202247191011 0.44761904761904764 0.46769662921348315 0.48928571428571427 0.4606741573033708
1 0.5154761904761904 0.4044943820224719 0.5392857142857143 0.42837078651685395 0.5535714285714286 0.4157303370786517 0.5273809523809524 0.3904494382022472
1 0.45357142857142857 0.4157303370786517 0.4083333333333333 0.4241573033707865 0.4107142857142857 0.44662921348314605 0.45595238095238094 0.43679775280898875
1 0.4142857142857143 0.3890449438202247 0.37857142857142856 0.4058988764044944 0.38452380952380955 0.4199438202247191 0.42023809523809524 0.4044943820224719
1 0.3273809523809524 0.3497191011235955 0.3535714285714286 0.37359550561797755 0.36547619047619045 0.36235955056179775 0.3392857142857143 0.33848314606741575
1 0.34285714285714286 0.33146067415730335 0.36904761904761907 0.351123595505618 0.37976190476190474 0.33707865168539325 0.35595238095238096 0.3188202247191011
1 0.37976190476190474 0.31179775280898875 0.4035714285714286 0.33286516853932585 0.4166666666666667 0.32162921348314605 0.39166666666666666 0.29775280898876405
1 0.42023809523809524 0.3342696629213483 0.444047619047619 0.3609550561797753 0.45714285714285713 0.3497191011235955 0.43333333333333335 0.32303370786516855
1 0.3238095238095238 0.2640449438202247 0.3535714285714286 0.2907303370786517 0.36904761904761907 0.2752808988764045 0.3392857142857143 0.24578651685393257
1 0.6476190476190476 0.40730337078651685 0.6797619047619048 0.4311797752808989 0.6928571428571428 0.4157303370786517 0.6607142857142857 0.3890449438202247
1 0.6833333333333333 0.43679775280898875 0.7154761904761905 0.4606741573033708 0.7285714285714285 0.4410112359550562 0.6952380952380952 0.41713483146067415
1 0.8726190476190476 0.46348314606741575 0.8476190476190476 0.49297752808988765 0.8642857142857143 0.5056179775280899 0.8869047619047619 0.4747191011235955
1 0.8452380952380952 0.44803370786516855 0.819047619047619 0.4789325842696629 0.8345238095238096 0.49297752808988765 0.8630952380952381 0.4592696629213483
1 0.825 0.43258426966292135 0.7952380952380952 0.46629213483146065 0.8130952380952381 0.48314606741573035 0.8452380952380952 0.44803370786516855
1 0.7976190476190477 0.41713483146067415 0.7761904761904762 0.4508426966292135 0.7928571428571428 0.4606741573033708 0.8142857142857143 0.42696629213483145
1 0.7488095238095238 0.3890449438202247 0.7238095238095238 0.425561797752809 0.7404761904761905 0.43679775280898875 0.7654761904761904 0.40308988764044945
1 0.7273809523809524 0.37359550561797755 0.6964285714285714 0.4044943820224719 0.7130952380952381 0.4199438202247191 0.7440476190476191 0.3890449438202247
1 0.7035714285714286 0.35252808988764045 0.6726190476190477 0.3806179775280899 0.6880952380952381 0.3946629213483146 0.7166666666666667 0.36797752808988765
1 0.6619047619047619 0.3356741573033708 0.6452380952380953 0.375 0.6642857142857143 0.3806179775280899 0.6785714285714286 0.3441011235955056
1 0.6964285714285714 0.3061797752808989 0.7285714285714285 0.32865168539325845 0.7392857142857143 0.3146067415730337 0.705952380952381 0.2893258426966292
1 0.7404761904761905 0.33848314606741575 0.775 0.3595505617977528 0.7833333333333333 0.34691011235955055 0.7523809523809524 0.32162921348314605
1 0.6297619047619047 0.31741573033707865 0.6130952380952381 0.3539325842696629 0.6261904761904762 0.3609550561797753 0.6416666666666667 0.324438202247191
1 0.6047619047619047 0.29775280898876405 0.5904761904761905 0.33707865168539325 0.6047619047619047 0.3441011235955056 0.6190476190476191 0.3047752808988764
1 0.5738095238095238 0.27668539325842695 0.5523809523809524 0.3103932584269663 0.5678571428571428 0.3188202247191011 0.5880952380952381 0.28651685393258425
1 0.5464285714285714 0.2612359550561798 0.5357142857142857 0.300561797752809 0.5523809523809524 0.3047752808988764 0.5607142857142857 0.2654494382022472
1 0.525 0.25 0.5119047619047619 0.2851123595505618 0.5285714285714286 0.2893258426966292 0.5380952380952381 0.2542134831460674
1 0.4607142857142857 0.2808988764044944 0.48928571428571427 0.2991573033707865 0.5011904761904762 0.28651685393258425 0.4726190476190476 0.2654494382022472
1 0.42738095238095236 0.25702247191011235 0.4488095238095238 0.27247191011235955 0.4595238095238095 0.2598314606741573 0.4369047619047619 0.24157303370786518
1 0.5059523809523809 0.23876404494382023 0.49047619047619045 0.26825842696629215 0.5071428571428571 0.273876404494382 0.5202380952380953 0.2443820224719101
1 0.4880952380952381 0.22191011235955055 0.46785714285714286 0.24719101123595505 0.48095238095238096 0.25702247191011235 0.5023809523809524 0.23314606741573032
1 0.49523809523809526 0.18398876404494383 0.5238095238095238 0.20646067415730338 0.5369047619047619 0.19241573033707865 0.5071428571428571 0.1699438202247191
1 0.3773809523809524 0.18820224719101122 0.4 0.21207865168539325 0.4142857142857143 0.19803370786516855 0.39166666666666666 0.17696629213483145
1 0.40476190476190477 0.1544943820224719 0.36904761904761907 0.1699438202247191 0.3607142857142857 0.15168539325842698 0.3976190476190476 0.13623595505617977
1 0.3880952380952381 0.17275280898876405 0.4095238095238095 0.19382022471910113 0.4226190476190476 0.18258426966292135 0.4023809523809524 0.1601123595505618