1 0.42023809523809524 0.29353932584269665 0.43333333333333335 0.3693820224719101 0.4654761904761905 0.3595505617977528 0.45 0.2893258426966292
1 0.5345238095238095 0.43679775280898875 0.5369047619047619 0.4859550561797753 0.6273809523809524 0.4747191011235955 0.6238095238095238 0.42696629213483145
1 0.6928571428571428 0.41713483146067415 0.6976190476190476 0.46207865168539325 0.794047619047619 0.44662921348314605 0.7892857142857143 0.40308988764044945
1 0.8392857142857143 0.39325842696629215 0.844047619047619 0.44241573033707865 0.9154761904761904 0.42837078651685395 0.9083333333333333 0.38202247191011235
1 0.44166666666666665 0.37359550561797755 0.4488095238095238 0.48174157303370785 0.48928571428571427 0.4803370786516854 0.4797619047619048 0.36797752808988765
1 0.4083333333333333 0.45224719101123595 0.4107142857142857 0.49719101123595505 0.3238095238095238 0.5070224719101124 0.32142857142857145 0.46348314606741575
1 0.3142857142857143 0.46348314606741575 0.31785714285714284 0.5042134831460674 0.225 0.5168539325842697 0.22142857142857142 0.4747191011235955
1 0.2130952380952381 0.47331460674157305 0.21428571428571427 0.5252808988764045 0.11785714285714285 0.5294943820224719 0.12142857142857143 0.47752808988764045
1 0.17023809523809524 0.6109550561797753 0.17023809523809524 0.7008426966292135 0.12738095238095237 0.7064606741573034 0.12857142857142856 0.6109550561797753
1 0.22738095238095238 0.5997191011235955 0.22976190476190475 0.6853932584269663 0.2714285714285714 0.6825842696629213 0.2702380952380952 0.5969101123595506
1 0.3261904761904762 0.5856741573033708 0.3333333333333333 0.6853932584269663 0.37142857142857144 0.6783707865168539 0.3619047619047619 0.5786516853932584
1 0.37976190476190474 0.5716292134831461 0.3821428571428571 0.6769662921348315 0.42142857142857143 0.6713483146067416 0.41785714285714287 0.5716292134831461
1 0.5261904761904762 0.5716292134831461 0.5345238095238095 0.6544943820224719 0.5714285714285714 0.648876404494382 0.5630952380952381 0.5674157303370787
1 0.569047619047619 0.5491573033707865 0.5797619047619048 0.6446629213483146 0.6166666666666667 0.6376404494382022 0.6071428571428571 0.5449438202247191
1 0.6178571428571429 0.547752808988764 0.6321428571428571 0.6376404494382022 0.6702380952380952 0.6292134831460674 0.6511904761904762 0.5379213483146067
1 0.669047619047619 0.5421348314606742 0.6785714285714286 0.6348314606741573 0.7178571428571429 0.6278089887640449 0.7035714285714286 0.5337078651685393
1 0.7654761904761904 0.5323033707865169 0.7761904761904762 0.6221910112359551 0.8178571428571428 0.6179775280898876 0.8035714285714286 0.526685393258427
1 0.719047619047619 0.5379213483146067 0.7321428571428571 0.6235955056179775 0.7654761904761904 0.6207865168539326 0.7488095238095238 0.5308988764044944
1 0.8142857142857143 0.526685393258427 0.8333333333333334 0.6193820224719101 0.8738095238095238 0.6081460674157303 0.8511904761904762 0.5182584269662921
1 0.8583333333333333 0.5154494382022472 0.875 0.6081460674157303 0.9083333333333333 0.598314606741573 0.8892857142857142 0.5084269662921348