1 0.3964285714285714 0.19803370786516855 0.43214285714285716 0.21067415730337077 0.4583333333333333 0.12640449438202248 0.4238095238095238 0.1151685393258427
1 0.4392857142857143 0.21348314606741572 0.46904761904761905 0.22612359550561797 0.49642857142857144 0.1404494382022472 0.4642857142857143 0.13202247191011235
1 0.475 0.22893258426966293 0.5035714285714286 0.2401685393258427 0.5238095238095238 0.16151685393258428 0.4976190476190476 0.15308988764044945
1 0.6190476190476191 0.22612359550561797 0.6476190476190476 0.23735955056179775 0.6726190476190477 0.16151685393258428 0.6440476190476191 0.1502808988764045
1 0.6654761904761904 0.22191011235955055 0.6964285714285714 0.23876404494382023 0.7261904761904762 0.15730337078651685 0.6964285714285714 0.14185393258426968
1 0.6392857142857142 0.30337078651685395 0.6666666666666666 0.3188202247191011 0.6964285714285714 0.24297752808988765 0.6678571428571428 0.22893258426966293
1 0.6880952380952381 0.30758426966292135 0.7119047619047619 0.32303370786516855 0.7440476190476191 0.24297752808988765 0.7154761904761905 0.22752808988764045
1 0.7214285714285714 0.22612359550561797 0.7476190476190476 0.23876404494382023 0.7678571428571429 0.1699438202247191 0.7404761904761905 0.16151685393258428
1 0.75 0.30337078651685395 0.7785714285714286 0.31320224719101125 0.7976190476190477 0.24157303370786518 0.7702380952380953 0.23174157303370788
1 0.7892857142857143 0.32865168539325845 0.8214285714285714 0.3455056179775281 0.8511904761904762 0.25842696629213485 0.819047619047619 0.2443820224719101
1 0.4773809523809524 0.3497191011235955 0.4988095238095238 0.37640449438202245 0.44642857142857145 0.43258426966292135 0.425 0.40308988764044945
1 0.5071428571428571 0.3806179775280899 0.530952380952381 0.4058988764044944 0.49166666666666664 0.45224719101123595 0.46785714285714286 0.42696629213483145
1 0.544047619047619 0.39747191011235955 0.5702380952380952 0.4199438202247191 0.525 0.476123595505618 0.5023809523809524 0.45224719101123595
1 0.5845238095238096 0.40168539325842695 0.6130952380952381 0.42837078651685395 0.5666666666666667 0.49157303370786515 0.544047619047619 0.46629213483146065
1 0.7273809523809524 0.4550561797752809 0.7559523809523809 0.48174157303370785 0.7095238095238096 0.5463483146067416 0.6821428571428572 0.5182584269662921
1 0.7702380952380953 0.47752808988764045 0.7952380952380952 0.5 0.7416666666666667 0.5702247191011236 0.7214285714285714 0.5463483146067416
1 0.8119047619047619 0.49157303370786515 0.8416666666666667 0.5154494382022472 0.7976190476190477 0.5814606741573034 0.7690476190476191 0.5533707865168539
1 0.8595238095238096 0.5084269662921348 0.8845238095238095 0.5351123595505618 0.8333333333333334 0.6067415730337079 0.8095238095238095 0.5828651685393258