1 0.4773809523809524 0.15870786516853932 0.5190476190476191 0.15870786516853932 0.5190476190476191 0.13904494382022473 0.475 0.13904494382022473
4 0.24761904761904763 0.35814606741573035 0.29285714285714287 0.3595505617977528 0.29404761904761906 0.3342696629213483 0.25 0.33146067415730335
1 0.11428571428571428 0.36657303370786515 0.15119047619047618 0.3693820224719101 0.15357142857142858 0.3398876404494382 0.11785714285714285 0.34129213483146065
1 0.20476190476190476 0.41151685393258425 0.1988095238095238 0.45365168539325845 0.1773809523809524 0.45365168539325845 0.18452380952380953 0.40730337078651685
1 0.25 0.4143258426966292 0.24642857142857144 0.45786516853932585 0.2261904761904762 0.45786516853932585 0.23095238095238096 0.41292134831460675
1 0.2869047619047619 0.4143258426966292 0.2845238095238095 0.45786516853932585 0.26666666666666666 0.45646067415730335 0.2654761904761905 0.41292134831460675
1 0.375 0.40870786516853935 0.3761904761904762 0.44241573033707865 0.3952380952380952 0.4410112359550562 0.39166666666666666 0.40730337078651685
1 0.44642857142857145 0.38764044943820225 0.44642857142857145 0.43679775280898875 0.46785714285714286 0.43679775280898875 0.46785714285714286 0.3904494382022472
1 0.5154761904761904 0.38342696629213485 0.5654761904761905 0.3946629213483146 0.5726190476190476 0.3707865168539326 0.5214285714285715 0.3609550561797753
1 0.5976190476190476 0.18679775280898878 0.5976190476190476 0.22331460674157302 0.5785714285714286 0.2247191011235955 0.5773809523809523 0.18679775280898878
1 0.5797619047619048 0.2303370786516854 0.5821428571428572 0.27808988764044945 0.6 0.27668539325842695 0.5964285714285714 0.23174157303370788
1 0.6035714285714285 0.2991573033707865 0.5761904761904761 0.3342696629213483 0.5607142857142857 0.32303370786516855 0.5880952380952381 0.28792134831460675
1 0.6071428571428571 0.3300561797752809 0.6083333333333333 0.37640449438202245 0.5916666666666667 0.3792134831460674 0.5904761904761905 0.32865168539325845
1 0.6357142857142857 0.29353932584269665 0.6452380952380953 0.34129213483146065 0.6654761904761904 0.3342696629213483 0.655952380952381 0.28792134831460675
1 0.6535714285714286 0.18258426966292135 0.6976190476190476 0.18258426966292135 0.6988095238095238 0.16151685393258428 0.655952380952381 0.1601123595505618
1 0.655952380952381 0.20224719101123595 0.6988095238095238 0.199438202247191 0.6988095238095238 0.175561797752809 0.655952380952381 0.175561797752809
1 0.6666666666666666 0.2556179775280899 0.7107142857142857 0.2556179775280899 0.7130952380952381 0.23174157303370788 0.669047619047619 0.2303370786516854
1 0.6595238095238095 0.20926966292134833 0.6630952380952381 0.23595505617977527 0.7083333333333334 0.2303370786516854 0.705952380952381 0.20786516853932585
1 0.6619047619047619 0.29775280898876405 0.7119047619047619 0.2991573033707865 0.7107142857142857 0.27808988764044945 0.6619047619047619 0.27808988764044945
1 0.6654761904761904 0.3160112359550562 0.7119047619047619 0.3300561797752809 0.719047619047619 0.3103932584269663 0.6726190476190477 0.2949438202247191
1 0.6773809523809524 0.3904494382022472 0.7309523809523809 0.3792134831460674 0.725 0.3553370786516854 0.6714285714285714 0.3651685393258427
1 0.6678571428571428 0.3342696629213483 0.6678571428571428 0.36235955056179775 0.7214285714285714 0.3637640449438202 0.7214285714285714 0.33707865168539325
4 0.736904761904762 0.3300561797752809 0.7547619047619047 0.33146067415730335 0.7571428571428571 0.37780898876404495 0.7380952380952381 0.37780898876404495
4 0.8023809523809524 0.32303370786516855 0.8023809523809524 0.37780898876404495 0.8202380952380952 0.37640449438202245 0.8178571428571428 0.32303370786516855
1 0.7666666666666667 0.3342696629213483 0.7714285714285715 0.38202247191011235 0.7904761904761904 0.38202247191011235 0.7869047619047619 0.3342696629213483
1 0.8380952380952381 0.39185393258426965 0.8773809523809524 0.37219101123595505 0.8714285714285714 0.3553370786516854 0.8321428571428572 0.375
1 0.7464285714285714 0.449438202247191 0.7857142857142857 0.476123595505618 0.7964285714285714 0.45646067415730335 0.7571428571428571 0.42837078651685395
1 0.7738095238095238 0.4353932584269663 0.8047619047619048 0.45646067415730335 0.8166666666666667 0.4353932584269663 0.7880952380952381 0.41292134831460675
1 0.5988095238095238 0.449438202247191 0.6214285714285714 0.449438202247191 0.6226190476190476 0.4943820224719101 0.5988095238095238 0.4957865168539326
4 0.5071428571428571 0.5182584269662921 0.5595238095238095 0.5196629213483146 0.5583333333333333 0.4859550561797753 0.5047619047619047 0.4887640449438202
1 0.48928571428571427 0.5575842696629213 0.5452380952380952 0.5519662921348315 0.5464285714285714 0.5140449438202247 0.48928571428571427 0.5210674157303371
1 0.5523809523809524 0.5688202247191011 0.6083333333333333 0.5632022471910112 0.6059523809523809 0.5365168539325843 0.5535714285714286 0.5365168539325843
1 0.5511904761904762 0.598314606741573 0.6059523809523809 0.5898876404494382 0.6047619047619047 0.5646067415730337 0.5488095238095239 0.5716292134831461
1 0.5464285714285714 0.6460674157303371 0.6083333333333333 0.6390449438202247 0.6035714285714285 0.6081460674157303 0.5476190476190477 0.6109550561797753
1 0.55 0.7303370786516854 0.6107142857142858 0.7247191011235955 0.6083333333333333 0.6966292134831461 0.5523809523809524 0.6966292134831461
1 0.5630952380952381 0.7780898876404494 0.5821428571428572 0.797752808988764 0.6261904761904762 0.7598314606741573 0.6071428571428571 0.7415730337078652
1 0.5821428571428572 0.8384831460674157 0.6333333333333333 0.8146067415730337 0.6226190476190476 0.7851123595505618 0.5726190476190476 0.8089887640449438
1 0.5464285714285714 0.8581460674157303 0.5488095238095239 0.8398876404494382 0.6178571428571429 0.8370786516853933 0.6178571428571429 0.8581460674157303
1 0.7380952380952381 0.8412921348314607 0.8 0.8567415730337079 0.805952380952381 0.8286516853932584 0.7476190476190476 0.8117977528089888
1 0.736904761904762 0.7401685393258427 0.7404761904761905 0.7696629213483146 0.7976190476190477 0.7626404494382022 0.794047619047619 0.7359550561797753
1 0.7273809523809524 0.6390449438202247 0.7726190476190476 0.6348314606741573 0.7702380952380953 0.6025280898876404 0.725 0.6081460674157303
1 0.7166666666666667 0.577247191011236 0.719047619047619 0.6039325842696629 0.7690476190476191 0.5969101123595506 0.7654761904761904 0.5758426966292135
1 0.7273809523809524 0.5435393258426966 0.7226190476190476 0.5730337078651685 0.7761904761904762 0.577247191011236 0.7761904761904762 0.547752808988764
1 0.7202380952380952 0.5168539325842697 0.7226190476190476 0.5435393258426966 0.7761904761904762 0.5421348314606742 0.7714285714285715 0.5126404494382022
1 0.6964285714285714 0.4943820224719101 0.6976190476190476 0.5182584269662921 0.7523809523809524 0.5140449438202247 0.7511904761904762 0.48735955056179775
1 0.7202380952380952 0.46348314606741575 0.7154761904761905 0.4845505617977528 0.7714285714285715 0.5014044943820225 0.7761904761904762 0.4803370786516854