4 0.34523809523809523 0.6699438202247191 0.3619047619047619 0.6334269662921348 0.34285714285714286 0.6221910112359551 0.32142857142857145 0.6615168539325843
4 0.3880952380952381 0.7317415730337079 0.3976190476190476 0.6966292134831461 0.38333333333333336 0.6882022471910112 0.36904761904761907 0.7219101123595506
4 0.4154761904761905 0.7457865168539326 0.42857142857142855 0.7078651685393258 0.40595238095238095 0.7008426966292135 0.39404761904761904 0.7345505617977528
3 0.6511904761904762 0.7331460674157303 0.6773809523809524 0.6573033707865169 0.6535714285714286 0.648876404494382 0.625 0.7162921348314607
3 0.5964285714285714 0.7668539325842697 0.6166666666666667 0.6853932584269663 0.594047619047619 0.6783707865168539 0.569047619047619 0.7626404494382022
3 0.49642857142857144 0.797752808988764 0.5 0.7654494382022472 0.4119047619047619 0.7626404494382022 0.4083333333333333 0.7991573033707865
3 0.5607142857142857 0.7528089887640449 0.5833333333333334 0.6713483146067416 0.5547619047619048 0.6615168539325843 0.5321428571428571 0.7443820224719101
3 0.4666666666666667 0.7191011235955056 0.49642857142857144 0.6446629213483146 0.4714285714285714 0.6362359550561798 0.4369047619047619 0.7134831460674157
2 0.5071428571428571 0.7415730337078652 0.5380952380952381 0.6573033707865169 0.5083333333333333 0.6432584269662921 0.4773809523809524 0.7331460674157303
3 0.24523809523809523 0.6629213483146067 0.28809523809523807 0.5842696629213483 0.2619047619047619 0.5730337078651685 0.21904761904761905 0.6474719101123596
2 0.20357142857142857 0.6320224719101124 0.24642857142857144 0.5379213483146067 0.2130952380952381 0.5252808988764045 0.17023809523809524 0.625
3 0.6821428571428572 0.5870786516853933 0.7 0.49719101123595505 0.6738095238095239 0.4901685393258427 0.6523809523809524 0.5814606741573034
3 0.7928571428571428 0.6221910112359551 0.8928571428571429 0.6502808988764045 0.8988095238095238 0.6193820224719101 0.7976190476190477 0.5941011235955056
3 0.6297619047619047 0.5828651685393258 0.6547619047619048 0.4845505617977528 0.6309523809523809 0.47752808988764045 0.6035714285714285 0.5688202247191011
3 0.5880952380952381 0.5702247191011236 0.6142857142857143 0.4747191011235955 0.5869047619047619 0.4691011235955056 0.5583333333333333 0.5617977528089888
3 0.45476190476190476 0.5294943820224719 0.49166666666666664 0.44241573033707865 0.4666666666666667 0.4339887640449438 0.4261904761904762 0.5126404494382022
3 0.4142857142857143 0.5084269662921348 0.45476190476190476 0.4339887640449438 0.4297619047619048 0.4241573033707865 0.3880952380952381 0.49859550561797755
3 0.3416666666666667 0.4901685393258427 0.37976190476190474 0.40730337078651685 0.35 0.398876404494382 0.30833333333333335 0.4803370786516854
3 0.805952380952381 0.550561797752809 0.7964285714285714 0.5898876404494382 0.9023809523809524 0.6137640449438202 0.9083333333333333 0.5730337078651685
3 0.830952380952381 0.5042134831460674 0.8178571428571428 0.5379213483146067 0.9107142857142857 0.5632022471910112 0.9214285714285714 0.5280898876404494
3 0.8428571428571429 0.46769662921348315 0.8321428571428572 0.4943820224719101 0.9238095238095239 0.5224719101123596 0.9321428571428572 0.4901685393258427
3 0.5357142857142857 0.5519662921348315 0.5678571428571428 0.4705056179775281 0.5392857142857143 0.4606741573033708 0.5071428571428571 0.5407303370786517
3 0.4988095238095238 0.5421348314606742 0.5273809523809524 0.45646067415730335 0.5 0.44662921348314605 0.4666666666666667 0.5337078651685393
3 0.3047619047619048 0.4691011235955056 0.3380952380952381 0.39185393258426965 0.3119047619047619 0.38202247191011235 0.27380952380952384 0.45786516853932585
3 0.7738095238095238 0.6137640449438202 0.7916666666666666 0.5407303370786517 0.7666666666666667 0.5337078651685393 0.7452380952380953 0.6081460674157303
2 0.825 0.3806179775280899 0.8535714285714285 0.28792134831460675 0.8202380952380952 0.27808988764044945 0.794047619047619 0.3707865168539326
2 0.7869047619047619 0.37219101123595505 0.8142857142857143 0.27808988764044945 0.7833333333333333 0.27247191011235955 0.7523809523809524 0.36235955056179775
2 0.7440476190476191 0.35674157303370785 0.7785714285714286 0.2696629213483146 0.7488095238095238 0.2612359550561798 0.7142857142857143 0.34831460674157305
2 0.7095238095238096 0.34691011235955055 0.7404761904761905 0.2612359550561798 0.7119047619047619 0.2556179775280899 0.6761904761904762 0.3300561797752809
2 0.6714285714285714 0.3398876404494382 0.7 0.25280898876404495 0.6642857142857143 0.24297752808988765 0.6345238095238095 0.32724719101123595
2 0.6261904761904762 0.3258426966292135 0.6607142857142857 0.24297752808988765 0.6345238095238095 0.2303370786516854 0.5976190476190476 0.31741573033707865
2 0.5916666666666667 0.3146067415730337 0.6285714285714286 0.23174157303370788 0.6035714285714285 0.2247191011235955 0.5619047619047619 0.30196629213483145
2 0.5523809523809524 0.30196629213483145 0.594047619047619 0.22612359550561797 0.5619047619047619 0.21348314606741572 0.5226190476190476 0.28792134831460675
2 0.5154761904761904 0.28792134831460675 0.555952380952381 0.21067415730337077 0.5273809523809524 0.20365168539325842 0.48928571428571427 0.2696629213483146
2 0.48095238095238096 0.27808988764044945 0.5202380952380953 0.20224719101123595 0.49523809523809526 0.1896067415730337 0.4523809523809524 0.26685393258426965
2 0.44642857142857145 0.2640449438202247 0.4869047619047619 0.19382022471910113 0.45714285714285713 0.1797752808988764 0.41785714285714287 0.25702247191011235
2 0.41309523809523807 0.2556179775280899 0.4523809523809524 0.1797752808988764 0.4226190476190476 0.17134831460674158 0.38333333333333336 0.2443820224719101
2 0.375 0.24719101123595505 0.4154761904761905 0.17275280898876405 0.39166666666666666 0.16151685393258428 0.3476190476190476 0.22893258426966293
1 0.18095238095238095 0.776685393258427 0.19047619047619047 0.7443820224719101 0.1392857142857143 0.7317415730337079 0.125 0.7584269662921348