1 0.1 0.5702247191011236 0.11904761904761904 0.6025280898876404 0.17261904761904762 0.5435393258426966 0.15119047619047618 0.5070224719101124
1 0.3726190476190476 0.28792134831460675 0.3976190476190476 0.31320224719101125 0.4392857142857143 0.2598314606741573 0.42023809523809524 0.2345505617977528
1 0.425 0.22893258426966293 0.44642857142857145 0.24859550561797752 0.49404761904761907 0.20084269662921347 0.46904761904761905 0.17275280898876405
1 0.475 0.16853932584269662 0.49523809523809526 0.19382022471910113 0.5345238095238095 0.14887640449438203 0.5166666666666667 0.1306179775280899
1 0.6869047619047619 0.17696629213483145 0.7035714285714286 0.19241573033707865 0.7464285714285714 0.14185393258426968 0.7202380952380952 0.12640449438202248
4 0.8011904761904762 0.1896067415730337 0.8511904761904762 0.2247191011235955 0.8690476190476191 0.19101123595505617 0.8202380952380952 0.15730337078651685
1 0.8142857142857143 0.8693820224719101 0.8428571428571429 0.8890449438202247 0.8916666666666667 0.8146067415730337 0.861904761904762 0.7907303370786517
1 0.6369047619047619 0.8455056179775281 0.6666666666666666 0.8721910112359551 0.7202380952380952 0.8019662921348315 0.6916666666666667 0.7780898876404494
1 0.5166666666666667 0.851123595505618 0.5392857142857143 0.8778089887640449 0.5928571428571429 0.8047752808988764 0.5666666666666667 0.7780898876404494
1 0.38452380952380955 0.8609550561797753 0.4035714285714286 0.8834269662921348 0.46785714285714286 0.8314606741573034 0.4392857142857143 0.7963483146067416
1 0.22976190476190475 0.848314606741573 0.25357142857142856 0.8778089887640449 0.31547619047619047 0.8132022471910112 0.2857142857142857 0.7808988764044944
1 0.11071428571428571 0.8174157303370787 0.12976190476190477 0.8441011235955056 0.18214285714285713 0.7879213483146067 0.1619047619047619 0.7612359550561798
1 0.8154761904761905 0.6264044943820225 0.844047619047619 0.6446629213483146 0.8869047619047619 0.5828651685393258 0.8607142857142858 0.5561797752808989
1 0.8345238095238096 0.5280898876404494 0.8642857142857143 0.550561797752809 0.905952380952381 0.48735955056179775 0.8821428571428571 0.4648876404494382
1 0.8154761904761905 0.40308988764044945 0.8464285714285714 0.42837078651685395 0.8869047619047619 0.37640449438202245 0.8607142857142858 0.3539325842696629
1 0.8261904761904761 0.32724719101123595 0.8547619047619047 0.34691011235955055 0.8916666666666667 0.29213483146067415 0.8654761904761905 0.27668539325842695
1 0.7654761904761904 0.2808988764044944 0.7880952380952381 0.300561797752809 0.8261904761904761 0.24578651685393257 0.8011904761904762 0.22752808988764045
1 0.7892857142857143 0.30758426966292135 0.8154761904761905 0.32724719101123595 0.8547619047619047 0.2696629213483146 0.8273809523809523 0.24859550561797752
1 0.6333333333333333 0.23174157303370788 0.6571428571428571 0.2556179775280899 0.6928571428571428 0.20646067415730338 0.6702380952380952 0.18679775280898878
1 0.5797619047619048 0.2907303370786517 0.6071428571428571 0.3160112359550562 0.6488095238095238 0.25702247191011235 0.6202380952380953 0.23174157303370788
1 0.5059523809523809 0.375 0.5297619047619048 0.39747191011235955 0.5761904761904761 0.3398876404494382 0.5583333333333333 0.3160112359550562
1 0.638095238095238 0.37359550561797755 0.6654761904761904 0.4002808988764045 0.705952380952381 0.34129213483146065 0.6821428571428572 0.3202247191011236
1 0.5869047619047619 0.4311797752808989 0.611904761904762 0.45365168539325845 0.6535714285714286 0.398876404494382 0.6309523809523809 0.37219101123595505
1 0.7202380952380952 0.3356741573033708 0.7440476190476191 0.3595505617977528 0.7797619047619048 0.30196629213483145 0.7559523809523809 0.2808988764044944
1 0.6738095238095239 0.39325842696629215 0.6964285714285714 0.42275280898876405 0.7404761904761905 0.3595505617977528 0.7214285714285714 0.3356741573033708
1 0.6238095238095238 0.46207865168539325 0.6488095238095238 0.4803370786516854 0.6892857142857143 0.4199438202247191 0.6666666666666666 0.40168539325842695
1 0.6535714285714286 0.4887640449438202 0.6761904761904762 0.5098314606741573 0.7178571428571429 0.44803370786516855 0.6988095238095238 0.4311797752808989
1 0.7011904761904761 0.4241573033707865 0.7226190476190476 0.44803370786516855 0.7654761904761904 0.3904494382022472 0.7440476190476191 0.37219101123595505
1 0.75 0.36657303370786515 0.7702380952380953 0.3848314606741573 0.8107142857142857 0.3300561797752809 0.7892857142857143 0.31320224719101125
1 0.7785714285714286 0.38342696629213485 0.8047619047619048 0.40870786516853935 0.8464285714285714 0.35252808988764045 0.8202380952380952 0.33146067415730335
1 0.7273809523809524 0.4508426966292135 0.7547619047619047 0.47331460674157305 0.7952380952380952 0.4143258426966292 0.775 0.39325842696629215
1 0.6833333333333333 0.5126404494382022 0.7107142857142857 0.5351123595505618 0.7523809523809524 0.47191011235955055 0.7321428571428571 0.4550561797752809
1 0.7678571428571429 0.4705056179775281 0.7916666666666666 0.49297752808988765 0.8369047619047619 0.4339887640449438 0.8119047619047619 0.41151685393258425
1 0.8023809523809524 0.4901685393258427 0.825 0.5168539325842697 0.875 0.45646067415730335 0.8488095238095238 0.4311797752808989
1 0.719047619047619 0.5379213483146067 0.7476190476190476 0.5589887640449438 0.7869047619047619 0.49859550561797755 0.763095238095238 0.47331460674157305
1 0.7476190476190476 0.5603932584269663 0.7726190476190476 0.5828651685393258 0.819047619047619 0.5182584269662921 0.7964285714285714 0.49719101123595505
1 0.7869047619047619 0.5912921348314607 0.8142857142857143 0.6151685393258427 0.8583333333333333 0.550561797752809 0.8333333333333334 0.5294943820224719
1 0.444047619047619 0.4396067415730337 0.4642857142857143 0.4606741573033708 0.5166666666666667 0.40730337078651685 0.49642857142857144 0.3848314606741573
1 0.38333333333333336 0.5070224719101124 0.4083333333333333 0.5351123595505618 0.4523809523809524 0.4789325842696629 0.42857142857142855 0.45365168539325845
1 0.3261904761904762 0.5688202247191011 0.3535714285714286 0.5969101123595506 0.39880952380952384 0.5435393258426966 0.37976190476190474 0.5196629213483146
1 0.2488095238095238 0.672752808988764 0.2702380952380952 0.6938202247191011 0.3202380952380952 0.6390449438202247 0.29523809523809524 0.6151685393258427
1 0.17142857142857143 0.7514044943820225 0.19404761904761905 0.7780898876404494 0.2511904761904762 0.7162921348314607 0.22738095238095238 0.6924157303370787
1 0.5428571428571428 0.5140449438202247 0.6059523809523809 0.5632022471910112 0.6202380952380953 0.5365168539325843 0.5619047619047619 0.48735955056179775
1 0.29642857142857143 0.7682584269662921 0.31666666666666665 0.7991573033707865 0.3726190476190476 0.7373595505617978 0.3523809523809524 0.7106741573033708
1 0.35595238095238096 0.7064606741573034 0.3773809523809524 0.7275280898876404 0.42857142857142855 0.6657303370786517 0.40595238095238095 0.6418539325842697
1 0.3273809523809524 0.8061797752808989 0.3488095238095238 0.8328651685393258 0.4035714285714286 0.7612359550561798 0.37976190476190474 0.7345505617977528
1 0.35595238095238096 0.8398876404494382 0.37857142857142856 0.8623595505617978 0.4357142857142857 0.7865168539325843 0.4083333333333333 0.7654494382022472
1 0.3821428571428571 0.7275280898876404 0.4107142857142857 0.7612359550561798 0.45595238095238094 0.6924157303370787 0.43333333333333335 0.6699438202247191
1 0.4107142857142857 0.6221910112359551 0.43452380952380953 0.6502808988764045 0.4869047619047619 0.5912921348314607 0.4642857142857143 0.5660112359550562
1 0.4726190476190476 0.5617977528089888 0.4988095238095238 0.5814606741573034 0.5428571428571428 0.5224719101123596 0.5166666666666667 0.5014044943820225
1 0.5011904761904762 0.5870786516853933 0.525 0.6123595505617978 0.569047619047619 0.5533707865168539 0.5464285714285714 0.5337078651685393
1 0.4357142857142857 0.6629213483146067 0.4630952380952381 0.6896067415730337 0.5154761904761904 0.6221910112359551 0.49404761904761907 0.5969101123595506
1 0.4142857142857143 0.7640449438202247 0.4392857142857143 0.7893258426966292 0.4880952380952381 0.7205056179775281 0.4583333333333333 0.6980337078651685
1 0.444047619047619 0.7949438202247191 0.4666666666666667 0.824438202247191 0.5214285714285715 0.7542134831460674 0.4988095238095238 0.723314606741573
1 0.47619047619047616 0.824438202247191 0.5023809523809524 0.8497191011235955 0.555952380952381 0.7780898876404494 0.5297619047619048 0.7570224719101124
1 0.475 0.6910112359550562 0.4976190476190476 0.7176966292134831 0.5476190476190477 0.651685393258427 0.5226190476190476 0.6264044943820225
1 0.5273809523809524 0.6193820224719101 0.555952380952381 0.6404494382022472 0.6023809523809524 0.5828651685393258 0.5797619047619048 0.5575842696629213
1 0.5035714285714286 0.7176966292134831 0.5297619047619048 0.7401685393258427 0.5797619047619048 0.6811797752808989 0.5511904761904762 0.6544943820224719
1 0.5571428571428572 0.6474719101123596 0.5880952380952381 0.675561797752809 0.6345238095238095 0.6095505617977528 0.6059523809523809 0.5842696629213483
1 0.5928571428571429 0.6783707865168539 0.6178571428571429 0.6980337078651685 0.6630952380952381 0.6306179775280899 0.6369047619047619 0.6081460674157303
1 0.6273809523809524 0.7092696629213483 0.655952380952381 0.7289325842696629 0.694047619047619 0.6643258426966292 0.6678571428571428 0.6418539325842697
1 0.6595238095238095 0.7331460674157303 0.6916666666666667 0.7570224719101124 0.7309523809523809 0.6910112359550562 0.7023809523809523 0.6643258426966292
1 0.6964285714285714 0.7612359550561798 0.725 0.7879213483146067 0.7714285714285715 0.7176966292134831 0.7440476190476191 0.6938202247191011
1 0.5369047619047619 0.75 0.5666666666666667 0.7794943820224719 0.6130952380952381 0.7064606741573034 0.5869047619047619 0.6853932584269663
1 0.575 0.7794943820224719 0.6035714285714285 0.8047752808988764 0.6452380952380953 0.7373595505617978 0.6202380952380953 0.7148876404494382
1 0.6107142857142858 0.8103932584269663 0.6404761904761904 0.8356741573033708 0.6857142857142857 0.7682584269662921 0.6583333333333333 0.7429775280898876
1 0.763095238095238 0.8202247191011236 0.7976190476190477 0.8525280898876404 0.8452380952380952 0.7794943820224719 0.8178571428571428 0.7485955056179775