1 0.4583333333333333 0.7036516853932584 0.45357142857142857 0.7584269662921348 0.4785714285714286 0.7584269662921348 0.48214285714285715 0.7050561797752809
1 0.444047619047619 0.7893258426966292 0.44285714285714284 0.8553370786516854 0.46904761904761905 0.8539325842696629 0.46904761904761905 0.7893258426966292
1 0.4630952380952381 0.651685393258427 0.4595238095238095 0.7036516853932584 0.4857142857142857 0.7036516853932584 0.48928571428571427 0.651685393258427
4 0.5 0.702247191011236 0.4988095238095238 0.7598314606741573 0.5226190476190476 0.7598314606741573 0.525 0.699438202247191
1 0.7511904761904762 0.6320224719101124 0.7547619047619047 0.6797752808988764 0.7773809523809524 0.6797752808988764 0.775 0.6306179775280899
1 0.7523809523809524 0.6910112359550562 0.7571428571428571 0.7457865168539326 0.780952380952381 0.7443820224719101 0.7761904761904762 0.6882022471910112
1 0.7595238095238095 0.7528089887640449 0.763095238095238 0.8033707865168539 0.7869047619047619 0.8033707865168539 0.7833333333333333 0.7528089887640449
1 0.763095238095238 0.8160112359550562 0.7642857142857142 0.8707865168539326 0.7928571428571428 0.8665730337078652 0.7892857142857143 0.8132022471910112
1 0.4738095238095238 0.31179775280898875 0.4726190476190476 0.35674157303370785 0.49166666666666664 0.3595505617977528 0.49166666666666664 0.31320224719101125
1 0.4738095238095238 0.2696629213483146 0.4738095238095238 0.3089887640449438 0.49166666666666664 0.3089887640449438 0.49166666666666664 0.26685393258426965
1 0.4785714285714286 0.2345505617977528 0.47619047619047616 0.2696629213483146 0.4928571428571429 0.2696629213483146 0.49523809523809526 0.2345505617977528
1 0.5226190476190476 0.22331460674157302 0.5226190476190476 0.26685393258426965 0.5416666666666666 0.2654494382022472 0.5392857142857143 0.22331460674157302
1 0.5619047619047619 0.17696629213483145 0.5619047619047619 0.21348314606741572 0.5785714285714286 0.2148876404494382 0.5785714285714286 0.17696629213483145
1 0.7178571428571429 0.3103932584269663 0.7214285714285714 0.3441011235955056 0.7380952380952381 0.3441011235955056 0.736904761904762 0.3089887640449438
1 0.7107142857142857 0.2696629213483146 0.7154761904761905 0.3047752808988764 0.7333333333333333 0.3047752808988764 0.7309523809523809 0.2696629213483146
1 0.7130952380952381 0.23174157303370788 0.7142857142857143 0.26685393258426965 0.7345238095238096 0.26685393258426965 0.7309523809523809 0.2303370786516854
1 0.7071428571428572 0.1952247191011236 0.7119047619047619 0.22752808988764045 0.7309523809523809 0.22612359550561797 0.7273809523809524 0.1952247191011236
1 0.7047619047619048 0.16432584269662923 0.705952380952381 0.19101123595505617 0.7238095238095238 0.19241573033707865 0.7214285714285714 0.16151685393258428
1 0.4797619047619048 0.19241573033707865 0.4785714285714286 0.22752808988764045 0.49642857142857144 0.23174157303370788 0.4976190476190476 0.19241573033707865
1 0.48333333333333334 0.15308988764044945 0.4785714285714286 0.19241573033707865 0.4976190476190476 0.19101123595505617 0.5023809523809524 0.1544943820224719
1 0.6988095238095238 0.1306179775280899 0.7047619047619048 0.16292134831460675 0.7214285714285714 0.1601123595505618 0.7166666666666667 0.12921348314606743
3 0.2261904761904762 0.3637640449438202 0.20952380952380953 0.44662921348314605 0.24523809523809523 0.44662921348314605 0.25833333333333336 0.3651685393258427