1 0.275 0.8117977528089888 0.2488095238095238 0.7710674157303371 0.2369047619047619 0.7808988764044944 0.2571428571428571 0.8216292134831461
1 0.4 0.726123595505618 0.4095238095238095 0.7092696629213483 0.38095238095238093 0.6839887640449438 0.36666666666666664 0.7008426966292135
1 0.4773809523809524 0.6685393258426966 0.4928571428571429 0.6544943820224719 0.45357142857142857 0.6151685393258427 0.44285714285714284 0.6292134831460674
1 0.5035714285714286 0.6544943820224719 0.5178571428571429 0.6404494382022472 0.4869047619047619 0.6039325842696629 0.47023809523809523 0.6179775280898876
1 0.5345238095238095 0.6362359550561798 0.5476190476190477 0.6235955056179775 0.5119047619047619 0.5828651685393258 0.49404761904761907 0.5969101123595506
1 0.5595238095238095 0.6193820224719101 0.575 0.6039325842696629 0.5428571428571428 0.5688202247191011 0.5273809523809524 0.5786516853932584
1 0.4 0.6221910112359551 0.41904761904761906 0.6109550561797753 0.3892857142857143 0.5716292134831461 0.37023809523809526 0.5842696629213483
1 0.41785714285714287 0.5617977528089888 0.44761904761904764 0.5969101123595506 0.42738095238095236 0.6109550561797753 0.4011904761904762 0.574438202247191
1 0.4488095238095238 0.5449438202247191 0.4714285714285714 0.5828651685393258 0.45 0.5955056179775281 0.43214285714285716 0.5575842696629213
1 0.4845238095238095 0.5786516853932584 0.5 0.5660112359550562 0.4726190476190476 0.526685393258427 0.4583333333333333 0.5407303370786517
1 0.5 0.5140449438202247 0.5214285714285715 0.5463483146067416 0.5071428571428571 0.5589887640449438 0.4785714285714286 0.5224719101123596
1 0.5678571428571428 0.5758426966292135 0.580952380952381 0.5617977528089888 0.55 0.5280898876404494 0.5357142857142857 0.5393258426966292
1 0.6345238095238095 0.5393258426966292 0.6476190476190476 0.526685393258427 0.6226190476190476 0.4887640449438202 0.6047619047619047 0.5056179775280899
1 0.5833333333333334 0.5182584269662921 0.6071428571428571 0.547752808988764 0.6190476190476191 0.5351123595505618 0.6 0.5042134831460674
1 0.594047619047619 0.5575842696629213 0.6047619047619047 0.547752808988764 0.5773809523809523 0.5196629213483146 0.569047619047619 0.5323033707865169
1 0.31547619047619047 0.5926966292134831 0.34523809523809523 0.577247191011236 0.3392857142857143 0.5617977528089888 0.3047619047619048 0.5786516853932584
1 0.4023809523809524 0.5379213483146067 0.3761904761904762 0.49719101123595505 0.35833333333333334 0.5098314606741573 0.3821428571428571 0.547752808988764
1 0.42857142857142855 0.526685393258427 0.4 0.47191011235955055 0.3821428571428571 0.48314606741573035 0.4107142857142857 0.5323033707865169
1 0.45714285714285713 0.5098314606741573 0.4261904761904762 0.46207865168539325 0.4095238095238095 0.46769662921348315 0.44047619047619047 0.5182584269662921
1 0.48214285714285715 0.49157303370786515 0.45 0.44241573033707865 0.43333333333333335 0.45646067415730335 0.4654761904761905 0.5014044943820225
1 0.5071428571428571 0.4803370786516854 0.4928571428571429 0.4845505617977528 0.46190476190476193 0.44241573033707865 0.4726190476190476 0.4311797752808989
1 0.4857142857142857 0.4353932584269663 0.5214285714285715 0.4157303370786517 0.5107142857142857 0.4002808988764045 0.475 0.41853932584269665
1 0.7345238095238096 0.5308988764044944 0.75 0.5098314606741573 0.7142857142857143 0.47331460674157305 0.6976190476190476 0.4887640449438202
1 0.7880952380952381 0.5140449438202247 0.8011904761904762 0.5 0.7619047619047619 0.45786516853932585 0.7452380952380953 0.46769662921348315
1 0.7202380952380952 0.41713483146067415 0.7523809523809524 0.45365168539325845 0.7380952380952381 0.4648876404494382 0.7023809523809523 0.42696629213483145
1 0.33095238095238094 0.5294943820224719 0.3392857142857143 0.547752808988764 0.2988095238095238 0.5688202247191011 0.28809523809523807 0.5547752808988764
1 0.2845238095238095 0.5323033707865169 0.319047619047619 0.5056179775280899 0.3273809523809524 0.526685393258427 0.2857142857142857 0.5491573033707865
1 0.2761904761904762 0.5056179775280899 0.3119047619047619 0.4901685393258427 0.319047619047619 0.5028089887640449 0.2833333333333333 0.523876404494382
1 0.25833333333333336 0.4901685393258427 0.2916666666666667 0.47191011235955055 0.2988095238095238 0.4845505617977528 0.26904761904761904 0.5028089887640449
1 0.24761904761904763 0.47191011235955055 0.2761904761904762 0.4550561797752809 0.2833333333333333 0.4691011235955056 0.25476190476190474 0.4845505617977528
1 0.24404761904761904 0.449438202247191 0.26904761904761904 0.4353932584269663 0.2773809523809524 0.44662921348314605 0.2523809523809524 0.4606741573033708
1 0.23095238095238096 0.41713483146067415 0.2654761904761905 0.4044943820224719 0.275 0.4199438202247191 0.24047619047619048 0.4353932584269663
1 0.3261904761904762 0.4550561797752809 0.35595238095238096 0.44241573033707865 0.34285714285714286 0.4241573033707865 0.31547619047619047 0.4410112359550562
1 0.3404761904761905 0.476123595505618 0.3738095238095238 0.46348314606741575 0.36666666666666664 0.44662921348314605 0.33095238095238094 0.46207865168539325
1 0.305952380952381 0.40730337078651685 0.3357142857142857 0.3904494382022472 0.32976190476190476 0.375 0.29404761904761906 0.38764044943820225
1 0.3869047619047619 0.3637640449438202 0.41785714285714287 0.34691011235955055 0.40595238095238095 0.3300561797752809 0.3738095238095238 0.3455056179775281
1 0.3738095238095238 0.3890449438202247 0.40595238095238095 0.37640449438202245 0.4011904761904762 0.3595505617977528 0.3678571428571429 0.375
1 0.46785714285714286 0.3792134831460674 0.48095238095238096 0.3693820224719101 0.45 0.33146067415730335 0.4380952380952381 0.34269662921348315
1 0.5011904761904762 0.35674157303370785 0.4785714285714286 0.32303370786516855 0.4654761904761905 0.3342696629213483 0.4857142857142857 0.36657303370786515
1 0.5321428571428571 0.37359550561797755 0.5452380952380952 0.36235955056179775 0.5202380952380953 0.32303370786516855 0.5071428571428571 0.33286516853932585
1 0.5595238095238095 0.3455056179775281 0.544047619047619 0.31320224719101125 0.5285714285714286 0.3188202247191011 0.5464285714285714 0.3553370786516854
1 0.4607142857142857 0.41853932584269665 0.5083333333333333 0.39325842696629215 0.5 0.37359550561797755 0.45 0.398876404494382
1 0.6333333333333333 0.36797752808988765 0.6666666666666666 0.34831460674157305 0.655952380952381 0.32724719101123595 0.6178571428571429 0.35674157303370785
1 0.23809523809523808 0.38342696629213485 0.22142857142857142 0.34831460674157305 0.20357142857142857 0.35814606741573035 0.21904761904761905 0.3904494382022472
1 0.2654761904761905 0.3693820224719101 0.25476190476190474 0.33286516853932585 0.22738095238095238 0.3398876404494382 0.24404761904761904 0.37359550561797755
1 0.26785714285714285 0.3258426966292135 0.25476190476190474 0.33286516853932585 0.26904761904761904 0.3651685393258427 0.2892857142857143 0.35674157303370785
1 0.28214285714285714 0.32162921348314605 0.2988095238095238 0.3146067415730337 0.3142857142857143 0.34269662921348315 0.2988095238095238 0.3539325842696629
1 0.325 0.34129213483146065 0.3416666666666667 0.33286516853932585 0.32261904761904764 0.300561797752809 0.305952380952381 0.3089887640449438
1 0.36428571428571427 0.324438202247191 0.34523809523809523 0.29213483146067415 0.32976190476190476 0.300561797752809 0.3476190476190476 0.33286516853932585
1 0.3892857142857143 0.3188202247191011 0.36904761904761907 0.28792134831460675 0.35595238095238096 0.2949438202247191 0.3761904761904762 0.32724719101123595
1 0.4107142857142857 0.30337078651685395 0.39166666666666666 0.27668539325842695 0.38095238095238093 0.2851123595505618 0.39880952380952384 0.3146067415730337
1 0.4392857142857143 0.300561797752809 0.41309523809523807 0.2598314606741573 0.39880952380952384 0.26825842696629215 0.4226190476190476 0.30758426966292135
1 0.4595238095238095 0.28370786516853935 0.4357142857142857 0.25702247191011235 0.425 0.26825842696629215 0.4488095238095238 0.29213483146067415
1 0.48095238095238096 0.27247191011235955 0.4595238095238095 0.24297752808988765 0.44761904761904764 0.25140449438202245 0.47023809523809523 0.28370786516853935
1 0.5059523809523809 0.2612359550561798 0.48214285714285715 0.22893258426966293 0.47023809523809523 0.2401685393258427 0.4928571428571429 0.2710674157303371
1 0.5226190476190476 0.24859550561797752 0.5011904761904762 0.21910112359550563 0.49047619047619045 0.22893258426966293 0.5107142857142857 0.25702247191011235
1 0.5678571428571428 0.23735955056179775 0.5428571428571428 0.20646067415730338 0.525 0.21348314606741572 0.5523809523809524 0.2443820224719101
1 0.5928571428571429 0.22752808988764045 0.5666666666666667 0.19382022471910113 0.5523809523809524 0.2050561797752809 0.575 0.23735955056179775
1 0.5821428571428572 0.175561797752809 0.5595238095238095 0.1502808988764045 0.5464285714285714 0.15589887640449437 0.5714285714285714 0.18398876404494383
1 0.5345238095238095 0.15589887640449437 0.5226190476190476 0.16292134831460675 0.5464285714285714 0.19241573033707865 0.5583333333333333 0.18258426966292135
1 0.5107142857142857 0.16432584269662923 0.5321428571428571 0.19241573033707865 0.5214285714285715 0.20224719101123595 0.4976190476190476 0.17275280898876405
1 0.475 0.18117977528089887 0.4988095238095238 0.20786516853932585 0.4857142857142857 0.21769662921348315 0.46190476190476193 0.19101123595505617
1 0.3726190476190476 0.2612359550561798 0.3821428571428571 0.25702247191011235 0.36428571428571427 0.22612359550561797 0.3535714285714286 0.2303370786516854
1 0.3476190476190476 0.273876404494382 0.35714285714285715 0.26685393258426965 0.34285714285714286 0.23314606741573032 0.3273809523809524 0.23595505617977527
1 0.2976190476190476 0.29353932584269665 0.31666666666666665 0.2851123595505618 0.2988095238095238 0.25140449438202245 0.2845238095238095 0.2598314606741573
1 0.2702380952380952 0.3061797752808989 0.2833333333333333 0.29634831460674155 0.2702380952380952 0.26264044943820225 0.2571428571428571 0.2696629213483146
1 0.24642857142857144 0.31320224719101125 0.2630952380952381 0.3061797752808989 0.24642857142857144 0.27247191011235955 0.23214285714285715 0.27808988764044945
1 0.2226190476190476 0.3258426966292135 0.2357142857142857 0.3188202247191011 0.22142857142857142 0.28230337078651685 0.20595238095238094 0.2893258426966292
1 0.2 0.34269662921348315 0.2154761904761905 0.3342696629213483 0.19642857142857142 0.30196629213483145 0.18214285714285713 0.3089887640449438
1 0.1869047619047619 0.28370786516853935 0.19642857142857142 0.2752808988764045 0.18571428571428572 0.24719101123595505 0.17142857142857143 0.2556179775280899
1 0.2119047619047619 0.23876404494382023 0.225 0.26825842696629215 0.20952380952380953 0.27247191011235955 0.19642857142857142 0.24157303370786518
1 0.23333333333333334 0.2345505617977528 0.2488095238095238 0.25702247191011235 0.23333333333333334 0.26264044943820225 0.22142857142857142 0.24157303370786518
1 0.2571428571428571 0.22612359550561797 0.2714285714285714 0.25 0.2571428571428571 0.2542134831460674 0.24523809523809523 0.23314606741573032
1 0.16428571428571428 0.23174157303370788 0.15 0.21067415730337077 0.1392857142857143 0.22191011235955055 0.15476190476190477 0.2401685393258427
1 0.23214285714285715 0.18117977528089887 0.25952380952380955 0.20365168539325842 0.24285714285714285 0.21067415730337077 0.225 0.19241573033707865
1 0.2523809523809524 0.17275280898876405 0.2833333333333333 0.19382022471910113 0.2654761904761905 0.20224719101123595 0.24166666666666667 0.18258426966292135
1 0.2773809523809524 0.16853932584269662 0.305952380952381 0.18398876404494383 0.2916666666666667 0.19382022471910113 0.26785714285714285 0.17696629213483145
1 0.28095238095238095 0.24297752808988765 0.2916666666666667 0.23595505617977527 0.28095238095238095 0.21769662921348315 0.2702380952380952 0.2205056179775281
1 0.30238095238095236 0.22893258426966293 0.3142857142857143 0.22331460674157302 0.3 0.2050561797752809 0.2892857142857143 0.21207865168539325
1 0.3238095238095238 0.20084269662921347 0.33690476190476193 0.21769662921348315 0.32261904761904764 0.2247191011235955 0.3130952380952381 0.20786516853932585
1 0.3416666666666667 0.19101123595505617 0.3607142857142857 0.20926966292134833 0.35 0.2148876404494382 0.33214285714285713 0.19803370786516855
1 0.6928571428571428 0.3398876404494382 0.7273809523809524 0.3188202247191011 0.7202380952380952 0.2991573033707865 0.6821428571428572 0.32162921348314605