1 0.3416666666666667 0.10533707865168539 0.3416666666666667 0.19662921348314608 0.30833333333333335 0.19662921348314608 0.305952380952381 0.10814606741573034
1 0.33690476190476193 0.2050561797752809 0.33690476190476193 0.3300561797752809 0.30357142857142855 0.32865168539325845 0.3 0.21067415730337077
1 0.3392857142857143 0.34831460674157305 0.33690476190476193 0.4648876404494382 0.2988095238095238 0.4648876404494382 0.2976190476190476 0.35252808988764045
1 0.32857142857142857 0.4859550561797753 0.3273809523809524 0.598314606741573 0.28809523809523807 0.598314606741573 0.29642857142857143 0.4845505617977528
1 0.3345238095238095 0.6109550561797753 0.3416666666666667 0.7317415730337079 0.2976190476190476 0.7373595505617978 0.2976190476190476 0.6109550561797753
1 0.3357142857142857 0.7429775280898876 0.3357142857142857 0.8539325842696629 0.2904761904761905 0.8581460674157303 0.2904761904761905 0.7457865168539326
1 0.7821428571428571 0.7682584269662921 0.7892857142857143 0.9044943820224719 0.8416666666666667 0.9030898876404494 0.8333333333333334 0.7626404494382022
1 0.7845238095238095 0.6193820224719101 0.7845238095238095 0.75 0.8321428571428572 0.7485955056179775 0.8321428571428572 0.6179775280898876
1 0.7619047619047619 0.5365168539325843 0.7678571428571429 0.6783707865168539 0.7214285714285714 0.6783707865168539 0.7178571428571429 0.5407303370786517
1 0.8226190476190476 0.4691011235955056 0.830952380952381 0.5828651685393258 0.7845238095238095 0.5898876404494382 0.7761904761904762 0.4691011235955056
1 0.8154761904761905 0.3441011235955056 0.8261904761904761 0.43820224719101125 0.7797619047619048 0.4438202247191011 0.7738095238095238 0.34269662921348315
1 0.7607142857142857 0.34269662921348315 0.7714285714285715 0.45224719101123595 0.7226190476190476 0.45224719101123595 0.7130952380952381 0.3455056179775281
1 0.8083333333333333 0.1699438202247191 0.8142857142857143 0.2696629213483146 0.7690476190476191 0.27668539325842695 0.7619047619047619 0.17275280898876405