1 0.8654761904761905 0.3398876404494382 0.8142857142857143 0.38342696629213485 0.8345238095238096 0.4058988764044944 0.8833333333333333 0.3651685393258427
1 0.8095238095238095 0.39185393258426965 0.7607142857142857 0.4353932584269663 0.7773809523809524 0.4592696629213483 0.8285714285714286 0.4199438202247191
1 0.7440476190476191 0.449438202247191 0.6928571428571428 0.4957865168539326 0.7130952380952381 0.5210674157303371 0.7607142857142857 0.47331460674157305
1 0.6773809523809524 0.5098314606741573 0.6226190476190476 0.5603932584269663 0.6428571428571429 0.5884831460674157 0.6964285714285714 0.5351123595505618
1 0.5761904761904761 0.601123595505618 0.5178571428571429 0.648876404494382 0.5369047619047619 0.6741573033707865 0.5916666666666667 0.6264044943820225
1 0.46904761904761905 0.6952247191011236 0.41309523809523807 0.7401685393258427 0.4261904761904762 0.7682584269662921 0.4845238095238095 0.7219101123595506
1 0.39285714285714285 0.7556179775280899 0.3345238095238095 0.8075842696629213 0.3523809523809524 0.8356741573033708 0.4083333333333333 0.7808988764044944
1 0.32142857142857145 0.8230337078651685 0.2642857142857143 0.8679775280898876 0.27976190476190477 0.8918539325842697 0.33690476190476193 0.8469101123595506
1 0.8214285714285714 0.16292134831460675 0.7702380952380953 0.21207865168539325 0.7904761904761904 0.23595505617977527 0.8452380952380952 0.18398876404494383
1 0.7642857142857142 0.21769662921348315 0.719047619047619 0.2443820224719101 0.7333333333333333 0.2710674157303371 0.7785714285714286 0.24157303370786518
1 0.7035714285714286 0.25280898876404495 0.65 0.30196629213483145 0.6738095238095239 0.32724719101123595 0.7261904761904762 0.27808988764044945
1 0.6369047619047619 0.3146067415730337 0.5857142857142857 0.35674157303370785 0.6035714285714285 0.38342696629213485 0.655952380952381 0.3441011235955056
1 0.569047619047619 0.3637640449438202 0.5095238095238095 0.41292134831460675 0.530952380952381 0.44241573033707865 0.5869047619047619 0.3946629213483146
1 0.4392857142857143 0.4747191011235955 0.3821428571428571 0.5280898876404494 0.4 0.5533707865168539 0.4583333333333333 0.5028089887640449
1 0.3678571428571429 0.5365168539325843 0.3 0.5898876404494382 0.32261904761904764 0.6207865168539326 0.3892857142857143 0.5632022471910112
1 0.21428571428571427 0.6601123595505618 0.15476190476190477 0.7148876404494382 0.16666666666666666 0.7415730337078652 0.23333333333333334 0.6924157303370787