1 0.14285714285714285 0.14606741573033707 0.125 0.17134831460674158 0.1738095238095238 0.20926966292134833 0.19047619047619047 0.18258426966292135
1 0.2226190476190476 0.21348314606741572 0.20476190476190476 0.23876404494382023 0.25833333333333336 0.2794943820224719 0.275 0.2542134831460674
1 0.3416666666666667 0.15168539325842698 0.325 0.17415730337078653 0.3821428571428571 0.2205056179775281 0.3976190476190476 0.19803370786516855
3 0.29523809523809524 0.26825842696629215 0.2785714285714286 0.29775280898876405 0.3416666666666667 0.34691011235955055 0.35714285714285715 0.31741573033707865
1 0.36547619047619045 0.32865168539325845 0.35 0.3539325842696629 0.4023809523809524 0.39185393258426965 0.41785714285714287 0.36797752808988765
1 0.4357142857142857 0.23174157303370788 0.4226190476190476 0.2556179775280899 0.4714285714285714 0.2907303370786517 0.4845238095238095 0.2654494382022472
1 0.49047619047619045 0.16432584269662923 0.5178571428571429 0.11797752808988764 0.5345238095238095 0.13342696629213482 0.5035714285714286 0.17696629213483145
4 0.5011904761904762 0.2443820224719101 0.5071428571428571 0.300561797752809 0.5297619047619048 0.29775280898876405 0.5238095238095238 0.24157303370786518
1 0.5928571428571429 0.15730337078651685 0.5619047619047619 0.20926966292134833 0.5857142857142857 0.22752808988764045 0.6095238095238096 0.17415730337078653
4 0.5857142857142857 0.34269662921348315 0.5821428571428572 0.37780898876404495 0.6476190476190476 0.38342696629213485 0.65 0.34831460674157305
1 0.5714285714285714 0.4058988764044944 0.5761904761904761 0.4396067415730337 0.6511904761904762 0.42696629213483145 0.6452380952380953 0.39185393258426965
1 0.6261904761904762 0.44803370786516855 0.6285714285714286 0.476123595505618 0.6988095238095238 0.47191011235955055 0.6964285714285714 0.4410112359550562
4 0.6761904761904762 0.48314606741573035 0.6773809523809524 0.5140449438202247 0.7345238095238096 0.5112359550561798 0.7321428571428571 0.4789325842696629
1 0.7226190476190476 0.5337078651685393 0.7321428571428571 0.5660112359550562 0.8 0.547752808988764 0.7928571428571428 0.5154494382022472
1 0.780952380952381 0.5674157303370787 0.7892857142857143 0.5969101123595506 0.8476190476190476 0.5786516853932584 0.8392857142857143 0.5463483146067416
1 0.7928571428571428 0.6446629213483146 0.775 0.672752808988764 0.8357142857142857 0.7205056179775281 0.8511904761904762 0.6896067415730337
1 0.7047619047619048 0.5800561797752809 0.6869047619047619 0.6137640449438202 0.7559523809523809 0.6643258426966292 0.775 0.6320224719101124
3 0.6190476190476191 0.5112359550561798 0.6023809523809524 0.5435393258426966 0.6726190476190477 0.5926966292134831 0.6892857142857143 0.5589887640449438
3 0.45595238095238094 0.38764044943820225 0.4369047619047619 0.42134831460674155 0.544047619047619 0.49859550561797755 0.5607142857142857 0.46348314606741575
1 0.25476190476190474 0.44662921348314605 0.23809523809523808 0.47331460674157305 0.29642857142857143 0.5154494382022472 0.3107142857142857 0.4887640449438202
4 0.36904761904761907 0.5337078651685393 0.35119047619047616 0.5617977528089888 0.41785714285714287 0.6123595505617978 0.43452380952380953 0.5856741573033708
1 0.5071428571428571 0.6530898876404494 0.49166666666666664 0.6825842696629213 0.5607142857142857 0.7303370786516854 0.575 0.7008426966292135
1 0.6214285714285714 0.7331460674157303 0.6047619047619047 0.7612359550561798 0.669047619047619 0.8103932584269663 0.6857142857142857 0.7837078651685393