3 0.4107142857142857 0.5421348314606742 0.5523809523809524 0.6910112359550562 0.5214285714285715 0.7359550561797753 0.3726190476190476 0.5800561797752809
3 0.3678571428571429 0.6081460674157303 0.5238095238095238 0.7570224719101124 0.4869047619047619 0.8061797752808989 0.32976190476190476 0.6573033707865169
3 0.29523809523809524 0.4241573033707865 0.38333333333333336 0.5337078651685393 0.35595238095238096 0.5674157303370787 0.2619047619047619 0.46207865168539325
3 0.10238095238095238 0.3609550561797753 0.2630952380952381 0.5337078651685393 0.22857142857142856 0.5800561797752809 0.06190476190476191 0.40870786516853935
1 0.7928571428571428 0.425561797752809 0.8738095238095238 0.48735955056179775 0.8488095238095238 0.5252808988764045 0.7726190476190476 0.45365168539325845
4 0.7142857142857143 0.34129213483146065 0.7726190476190476 0.39747191011235955 0.7535714285714286 0.425561797752809 0.6892857142857143 0.3693820224719101
1 0.6142857142857143 0.24157303370786518 0.6904761904761905 0.30337078651685395 0.6678571428571428 0.34269662921348315 0.5916666666666667 0.27247191011235955
4 0.544047619047619 0.17415730337078653 0.6011904761904762 0.22893258426966293 0.5773809523809523 0.2598314606741573 0.5214285714285715 0.2050561797752809
1 0.475 0.10814606741573034 0.5273809523809524 0.15308988764044945 0.5023809523809524 0.18679775280898878 0.44642857142857145 0.1306179775280899
1 0.805952380952381 0.1896067415730337 0.7761904761904762 0.22893258426966293 0.8642857142857143 0.30196629213483145 0.8904761904761904 0.26264044943820225
1 0.6916666666666667 0.14185393258426968 0.7654761904761904 0.21348314606741572 0.7928571428571428 0.17415730337078653 0.7202380952380952 0.11235955056179775