1 0.675 0.14887640449438203 0.6130952380952381 0.19101123595505617 0.625 0.21910112359550563 0.6845238095238095 0.175561797752809
1 0.775 0.1896067415730337 0.7690476190476191 0.22191011235955055 0.8226190476190476 0.2345505617977528 0.8297619047619048 0.2050561797752809
1 0.7452380952380953 0.23735955056179775 0.7285714285714285 0.3188202247191011 0.7559523809523809 0.32162921348314605 0.7678571428571429 0.24297752808988765
1 0.7273809523809524 0.3258426966292135 0.7083333333333334 0.40730337078651685 0.7321428571428571 0.4143258426966292 0.7523809523809524 0.3356741573033708
1 0.7119047619047619 0.42275280898876405 0.6928571428571428 0.49719101123595505 0.7214285714285714 0.5084269662921348 0.736904761904762 0.4339887640449438
1 0.6952380952380952 0.523876404494382 0.675 0.5997191011235955 0.7011904761904761 0.6109550561797753 0.719047619047619 0.5308988764044944
1 0.7702380952380953 0.7528089887640449 0.694047619047619 0.7808988764044944 0.6821428571428572 0.7401685393258427 0.7607142857142857 0.7134831460674157
1 0.7464285714285714 0.7823033707865169 0.6642857142857143 0.8075842696629213 0.6726190476190477 0.8469101123595506 0.7559523809523809 0.8216292134831461
1 0.4845238095238095 0.7570224719101124 0.475 0.7837078651685393 0.5321428571428571 0.8061797752808989 0.5404761904761904 0.776685393258427
1 0.6738095238095239 0.625 0.6583333333333333 0.6924157303370787 0.6845238095238095 0.6980337078651685 0.6964285714285714 0.6320224719101124
1 0.594047619047619 0.2640449438202247 0.5880952380952381 0.28792134831460675 0.6416666666666667 0.3103932584269663 0.6488095238095238 0.28230337078651685
1 0.5833333333333334 0.31741573033707865 0.575 0.34691011235955055 0.6309523809523809 0.36797752808988765 0.6357142857142857 0.33707865168539325
1 0.5773809523809523 0.3651685393258427 0.5702380952380952 0.3946629213483146 0.6309523809523809 0.41713483146067415 0.6392857142857142 0.38764044943820225
1 0.5464285714285714 0.47331460674157305 0.5404761904761904 0.5042134831460674 0.5952380952380952 0.5168539325842697 0.6023809523809524 0.4845505617977528
1 0.22857142857142856 0.6882022471910112 0.29523809523809524 0.702247191011236 0.29285714285714287 0.7429775280898876 0.2226190476190476 0.7275280898876404
1 0.25833333333333336 0.1853932584269663 0.25 0.2148876404494382 0.3047619047619048 0.22612359550561797 0.30952380952380953 0.1952247191011236
1 0.24404761904761904 0.22612359550561797 0.23809523809523808 0.2542134831460674 0.29285714285714287 0.2654494382022472 0.3 0.23735955056179775
1 0.23333333333333334 0.27668539325842695 0.22857142857142856 0.3089887640449438 0.2857142857142857 0.31320224719101125 0.28809523809523807 0.28230337078651685
1 0.2261904761904762 0.3146067415730337 0.22142857142857142 0.3497191011235955 0.2785714285714286 0.3609550561797753 0.28095238095238095 0.32724719101123595
1 0.21428571428571427 0.3609550561797753 0.2119047619047619 0.39325842696629215 0.26666666666666666 0.398876404494382 0.2702380952380952 0.36797752808988765
1 0.20476190476190476 0.4058988764044944 0.19642857142857142 0.43679775280898875 0.2523809523809524 0.45646067415730335 0.25952380952380955 0.42275280898876405
1 0.19523809523809524 0.449438202247191 0.18452380952380953 0.48314606741573035 0.2392857142857143 0.5014044943820225 0.2511904761904762 0.4691011235955056
1 0.11666666666666667 0.14747191011235955 0.10833333333333334 0.175561797752809 0.18571428571428572 0.19803370786516855 0.19285714285714287 0.1699438202247191
1 0.11428571428571428 0.18679775280898878 0.10833333333333334 0.2148876404494382 0.16547619047619047 0.2345505617977528 0.17261904761904762 0.20365168539325842
1 0.11785714285714285 0.2303370786516854 0.11071428571428571 0.2612359550561798 0.16428571428571428 0.27668539325842695 0.17023809523809524 0.24578651685393257
1 0.10952380952380952 0.2752808988764045 0.10476190476190476 0.30758426966292135 0.15119047619047618 0.32162921348314605 0.15833333333333333 0.28651685393258425