4 0.16904761904761906 0.3707865168539326 0.21666666666666667 0.36797752808988765 0.21666666666666667 0.398876404494382 0.16785714285714284 0.398876404494382
4 0.20714285714285716 0.14606741573033707 0.2488095238095238 0.14606741573033707 0.24761904761904763 0.17275280898876405 0.20476190476190476 0.17134831460674158
1 0.19285714285714287 0.21207865168539325 0.24166666666666667 0.20926966292134833 0.24285714285714285 0.2345505617977528 0.19404761904761905 0.23735955056179775
1 0.17142857142857143 0.3061797752808989 0.22142857142857142 0.27808988764044945 0.22976190476190475 0.300561797752809 0.18095238095238095 0.32865168539325845
1 0.1773809523809524 0.3356741573033708 0.2369047619047619 0.3356741573033708 0.2369047619047619 0.3637640449438202 0.175 0.36235955056179775
1 0.15476190476190477 0.42275280898876405 0.18095238095238095 0.47191011235955055 0.20476190476190476 0.45646067415730335 0.1773809523809524 0.40870786516853935
2 0.25833333333333336 0.15870786516853932 0.24761904761904763 0.3693820224719101 0.28214285714285714 0.3707865168539326 0.2904761904761905 0.15870786516853932
1 0.4154761904761905 0.46348314606741575 0.4154761904761905 0.5280898876404494 0.4380952380952381 0.5294943820224719 0.4369047619047619 0.46348314606741575
1 0.3619047619047619 0.6587078651685393 0.3607142857142857 0.7317415730337079 0.3892857142857143 0.7331460674157303 0.3892857142857143 0.6587078651685393
1 0.6071428571428571 0.14887640449438203 0.6130952380952381 0.1952247191011236 0.6357142857142857 0.19382022471910113 0.6297619047619047 0.1446629213483146
1 0.6476190476190476 0.19662921348314608 0.65 0.2443820224719101 0.6726190476190477 0.2443820224719101 0.6678571428571428 0.19382022471910113
1 0.6416666666666667 0.25842696629213485 0.6476190476190476 0.3202247191011236 0.6726190476190477 0.31741573033707865 0.6654761904761904 0.2556179775280899
1 0.6726190476190477 0.25842696629213485 0.6773809523809524 0.31179775280898875 0.6988095238095238 0.3103932584269663 0.6928571428571428 0.25842696629213485
1 0.6845238095238095 0.31320224719101125 0.6488095238095238 0.3497191011235955 0.6630952380952381 0.3651685393258427 0.6988095238095238 0.32724719101123595
1 0.625 0.3595505617977528 0.6273809523809524 0.41292134831460675 0.6464285714285715 0.41292134831460675 0.6440476190476191 0.35814606741573035
1 0.669047619047619 0.4101123595505618 0.6904761904761905 0.46207865168539325 0.7142857142857143 0.45224719101123595 0.6928571428571428 0.398876404494382
1 0.7797619047619048 0.4058988764044944 0.7821428571428571 0.4691011235955056 0.8095238095238095 0.4691011235955056 0.805952380952381 0.4058988764044944
1 0.6452380952380953 0.476123595505618 0.65 0.5224719101123596 0.6702380952380952 0.5196629213483146 0.6630952380952381 0.47331460674157305
1 0.6988095238095238 0.49719101123595505 0.7011904761904761 0.5463483146067416 0.725 0.5449438202247191 0.7214285714285714 0.49719101123595505
1 0.6976190476190476 0.577247191011236 0.7107142857142857 0.6446629213483146 0.7380952380952381 0.6376404494382022 0.7261904761904762 0.5716292134831461
4 0.830952380952381 0.48314606741573035 0.8345238095238096 0.5435393258426966 0.861904761904762 0.5421348314606742 0.8571428571428571 0.48174157303370785
2 0.7523809523809524 0.4789325842696629 0.7702380952380953 0.5716292134831461 0.8071428571428572 0.5632022471910112 0.7904761904761904 0.4691011235955056
1 0.8488095238095238 0.6657303370786517 0.8452380952380952 0.6938202247191011 0.9 0.7008426966292135 0.9011904761904762 0.6741573033707865
1 0.8535714285714285 0.7148876404494382 0.9 0.7162921348314607 0.8976190476190476 0.7443820224719101 0.8523809523809524 0.7415730337078652
1 0.8 0.7921348314606742 0.8678571428571429 0.7794943820224719 0.8714285714285714 0.8117977528089888 0.8047619047619048 0.8230337078651685