1 0.11071428571428571 0.4845505617977528 0.16428571428571428 0.4410112359550562 0.17976190476190476 0.4648876404494382 0.11904761904761904 0.5084269662921348
1 0.1773809523809524 0.4297752808988764 0.23452380952380952 0.3848314606741573 0.2488095238095238 0.4101123595505618 0.1869047619047619 0.45646067415730335
1 0.2392857142857143 0.3792134831460674 0.2904761904761905 0.3356741573033708 0.3047619047619048 0.36657303370786515 0.2523809523809524 0.4044943820224719
1 0.2988095238095238 0.32724719101123595 0.3488095238095238 0.2851123595505618 0.3630952380952381 0.3089887640449438 0.3119047619047619 0.35252808988764045
1 0.35714285714285715 0.28230337078651685 0.4119047619047619 0.2345505617977528 0.42738095238095236 0.25842696629213485 0.3678571428571429 0.3047752808988764
1 0.41904761904761906 0.22893258426966293 0.4714285714285714 0.18258426966292135 0.4880952380952381 0.21207865168539325 0.430952380952381 0.25280898876404495
1 0.48095238095238096 0.17415730337078653 0.530952380952381 0.1348314606741573 0.5476190476190477 0.1601123595505618 0.49404761904761907 0.199438202247191
1 0.08214285714285714 0.7415730337078652 0.12976190476190477 0.6980337078651685 0.14642857142857144 0.726123595505618 0.09523809523809523 0.7724719101123596
1 0.14642857142857144 0.6825842696629213 0.20952380952380953 0.6292134831460674 0.2261904761904762 0.6558988764044944 0.16071428571428573 0.7092696629213483
1 0.23333333333333334 0.5969101123595506 0.29523809523809524 0.547752808988764 0.3142857142857143 0.5828651685393258 0.25 0.6292134831460674
1 0.30952380952380953 0.5351123595505618 0.36666666666666664 0.4845505617977528 0.38452380952380955 0.5224719101123596 0.32142857142857145 0.5660112359550562
1 0.3869047619047619 0.4691011235955056 0.4380952380952381 0.4199438202247191 0.45595238095238094 0.45224719101123595 0.4011904761904762 0.4957865168539326
1 0.4511904761904762 0.40730337078651685 0.5071428571428571 0.3497191011235955 0.5273809523809524 0.38202247191011235 0.46785714285714286 0.43258426966292135
1 0.5321428571428571 0.3398876404494382 0.5869047619047619 0.2949438202247191 0.6047619047619047 0.3188202247191011 0.5428571428571428 0.3651685393258427
1 0.5964285714285714 0.2808988764044944 0.6488095238095238 0.2345505617977528 0.6619047619047619 0.2598314606741573 0.6130952380952381 0.3061797752808989
1 0.6607142857142857 0.22612359550561797 0.7035714285714286 0.18398876404494383 0.7214285714285714 0.21067415730337077 0.675 0.24578651685393257
1 0.7464285714285714 0.14887640449438203 0.7869047619047619 0.10955056179775281 0.8023809523809524 0.13764044943820225 0.7619047619047619 0.17275280898876405
1 0.17976190476190476 0.851123595505618 0.25476190476190474 0.7823033707865169 0.275 0.8132022471910112 0.20595238095238094 0.8806179775280899
1 0.20833333333333334 0.8890449438202247 0.2773809523809524 0.8230337078651685 0.29285714285714287 0.8539325842696629 0.22380952380952382 0.9157303370786517
1 0.28095238095238095 0.6966292134831461 0.32976190476190476 0.7556179775280899 0.30714285714285716 0.776685393258427 0.2630952380952381 0.7191011235955056
1 0.31666666666666665 0.6643258426966292 0.37857142857142856 0.6109550561797753 0.39880952380952384 0.6390449438202247 0.3380952380952381 0.6882022471910112
1 0.34285714285714286 0.7050561797752809 0.4023809523809524 0.6460674157303371 0.42023809523809524 0.6713483146067416 0.35833333333333334 0.7317415730337079
1 0.37023809523809526 0.7373595505617978 0.4261904761904762 0.6783707865168539 0.4488095238095238 0.702247191011236 0.3904761904761905 0.7612359550561798
1 0.39404761904761904 0.7724719101123596 0.45357142857142857 0.7092696629213483 0.4714285714285714 0.7401685393258427 0.4154761904761905 0.797752808988764
1 0.4142857142857143 0.8160112359550562 0.47619047619047616 0.7443820224719101 0.49523809523809526 0.7780898876404494 0.44047619047619047 0.8384831460674157
1 0.4392857142857143 0.8441011235955056 0.5071428571428571 0.7808988764044944 0.5297619047619048 0.8103932584269663 0.4654761904761905 0.8679775280898876
1 0.4785714285714286 0.8876404494382022 0.5369047619047619 0.8258426966292135 0.5511904761904762 0.8553370786516854 0.49523809523809526 0.9044943820224719
1 0.3821428571428571 0.5969101123595506 0.43452380952380953 0.550561797752809 0.4488095238095238 0.5758426966292135 0.39880952380952384 0.6292134831460674
1 0.40476190476190477 0.6348314606741573 0.46190476190476193 0.5800561797752809 0.48095238095238096 0.6039325842696629 0.4238095238095238 0.6615168539325843
1 0.430952380952381 0.6713483146067416 0.4880952380952381 0.6109550561797753 0.5059523809523809 0.6376404494382022 0.45476190476190476 0.6924157303370787
1 0.4630952380952381 0.7050561797752809 0.5190476190476191 0.6446629213483146 0.5392857142857143 0.675561797752809 0.48214285714285715 0.726123595505618
1 0.4869047619047619 0.7415730337078652 0.5428571428571428 0.6811797752808989 0.5642857142857143 0.7092696629213483 0.5071428571428571 0.7654494382022472
1 0.5142857142857142 0.7696629213483146 0.5714285714285714 0.7106741573033708 0.5928571428571429 0.7401685393258427 0.5333333333333333 0.800561797752809
1 0.5476190476190477 0.8033707865168539 0.6023809523809524 0.7401685393258427 0.6238095238095238 0.7696629213483146 0.5678571428571428 0.8258426966292135
1 0.5642857142857143 0.8469101123595506 0.6309523809523809 0.7794943820224719 0.6452380952380953 0.8089887640449438 0.5845238095238096 0.8792134831460674
1 0.6142857142857143 0.8721910112359551 0.6642857142857143 0.8132022471910112 0.6857142857142857 0.8384831460674157 0.6321428571428571 0.8876404494382022
1 0.44285714285714284 0.5393258426966292 0.5 0.49719101123595505 0.5107142857142857 0.523876404494382 0.4595238095238095 0.5632022471910112
1 0.4666666666666667 0.5758426966292135 0.525 0.5252808988764045 0.5380952380952381 0.550561797752809 0.48214285714285715 0.5955056179775281
1 0.4988095238095238 0.6067415730337079 0.55 0.5533707865168539 0.5678571428571428 0.577247191011236 0.513095238095238 0.625
1 0.5214285714285715 0.6418539325842697 0.5761904761904761 0.5856741573033708 0.5964285714285714 0.6067415730337079 0.5404761904761904 0.6643258426966292
1 0.5511904761904762 0.6713483146067416 0.6059523809523809 0.6151685393258427 0.6273809523809524 0.6418539325842697 0.5702380952380952 0.6952247191011236
1 0.5773809523809523 0.7092696629213483 0.6345238095238095 0.6502808988764045 0.6535714285714286 0.6783707865168539 0.5976190476190476 0.7317415730337079
1 0.611904761904762 0.7359550561797753 0.6666666666666666 0.6797752808988764 0.6904761904761905 0.7092696629213483 0.6261904761904762 0.7640449438202247
1 0.6345238095238095 0.7682584269662921 0.694047619047619 0.7162921348314607 0.7154761904761905 0.7471910112359551 0.6464285714285715 0.7963483146067416
1 0.6726190476190477 0.8033707865168539 0.7273809523809524 0.7401685393258427 0.7488095238095238 0.7696629213483146 0.6880952380952381 0.827247191011236
1 0.6952380952380952 0.8384831460674157 0.7595238095238095 0.776685393258427 0.7785714285714286 0.8089887640449438 0.7166666666666667 0.8567415730337079
1 0.7392857142857143 0.8665730337078652 0.7964285714285714 0.8033707865168539 0.819047619047619 0.8328651685393258 0.763095238095238 0.8848314606741573
1 0.5142857142857142 0.4803370786516854 0.5702380952380952 0.43258426966292135 0.5845238095238096 0.4606741573033708 0.530952380952381 0.5028089887640449
1 0.530952380952381 0.5224719101123596 0.5857142857142857 0.46629213483146065 0.6011904761904762 0.4845505617977528 0.544047619047619 0.5435393258426966
1 0.5583333333333333 0.5449438202247191 0.611904761904762 0.4887640449438202 0.6321428571428571 0.5126404494382022 0.5773809523809523 0.5688202247191011
1 0.5833333333333334 0.5758426966292135 0.6357142857142857 0.523876404494382 0.6523809523809524 0.547752808988764 0.6011904761904762 0.5997191011235955
1 0.6083333333333333 0.6067415730337079 0.6619047619047619 0.5533707865168539 0.680952380952381 0.5786516853932584 0.6273809523809524 0.6320224719101124
1 0.6416666666666667 0.6404494382022472 0.6952380952380952 0.5814606741573034 0.7178571428571429 0.6067415730337079 0.6619047619047619 0.6629213483146067
1 0.6702380952380952 0.6643258426966292 0.7273809523809524 0.6109550561797753 0.7464285714285714 0.6418539325842697 0.6857142857142857 0.6952247191011236
1 0.6964285714285714 0.6966292134831461 0.7595238095238095 0.6460674157303371 0.7773809523809524 0.6797752808988764 0.7107142857142857 0.726123595505618
1 0.7380952380952381 0.7415730337078652 0.794047619047619 0.6783707865168539 0.8166666666666667 0.7050561797752809 0.7559523809523809 0.7696629213483146
1 0.7726190476190476 0.7794943820224719 0.8297619047619048 0.7120786516853933 0.8559523809523809 0.7415730337078652 0.794047619047619 0.800561797752809
1 0.8142857142857143 0.8146067415730337 0.861904761904762 0.7528089887640449 0.8904761904761904 0.776685393258427 0.8380952380952381 0.8398876404494382
1 0.8452380952380952 0.8497191011235955 0.8964285714285715 0.7879213483146067 0.9178571428571428 0.824438202247191 0.8702380952380953 0.8764044943820225
1 0.6083333333333333 0.4101123595505618 0.6654761904761904 0.3595505617977528 0.6845238095238095 0.3792134831460674 0.6261904761904762 0.4396067415730337
1 0.6738095238095239 0.35252808988764045 0.7297619047619047 0.3061797752808989 0.7452380952380953 0.3342696629213483 0.6916666666666667 0.37359550561797755
1 0.7214285714285714 0.3637640449438202 0.7738095238095238 0.31320224719101125 0.7916666666666666 0.33707865168539325 0.7380952380952381 0.3862359550561798
1 0.6547619047619048 0.41853932584269665 0.7095238095238096 0.37219101123595505 0.7273809523809524 0.3904494382022472 0.6738095238095239 0.44662921348314605
1 0.6821428571428572 0.45365168539325845 0.7333333333333333 0.398876404494382 0.7583333333333333 0.42275280898876405 0.7011904761904761 0.47752808988764045
1 0.7154761904761905 0.4789325842696629 0.7690476190476191 0.42696629213483145 0.7880952380952381 0.44662921348314605 0.7333333333333333 0.5056179775280899
1 0.7392857142857143 0.5140449438202247 0.7964285714285714 0.4550561797752809 0.8166666666666667 0.4803370786516854 0.7571428571428571 0.5393258426966292
1 0.7714285714285715 0.5393258426966292 0.830952380952381 0.48174157303370785 0.85 0.5070224719101124 0.7892857142857143 0.5617977528089888
1 0.7952380952380952 0.5898876404494382 0.8511904761904762 0.5280898876404494 0.8690476190476191 0.5519662921348315 0.8119047619047619 0.6109550561797753
1 0.8369047619047619 0.6095505617977528 0.9023809523809524 0.5519662921348315 0.919047619047619 0.5856741573033708 0.8571428571428571 0.6390449438202247
1 0.7392857142857143 0.29353932584269665 0.7892857142857143 0.23876404494382023 0.805952380952381 0.25702247191011235 0.7583333333333333 0.31320224719101125
1 0.794047619047619 0.2345505617977528 0.8464285714285714 0.18398876404494383 0.861904761904762 0.21348314606741572 0.8083333333333333 0.2556179775280899
1 0.8 0.3398876404494382 0.8642857142857143 0.2794943820224719 0.8797619047619047 0.3061797752808989 0.8166666666666667 0.36235955056179775
1 0.7773809523809524 0.425561797752809 0.8261904761904761 0.37359550561797755 0.844047619047619 0.3946629213483146 0.7928571428571428 0.44241573033707865
1 0.8071428571428572 0.45646067415730335 0.8535714285714285 0.40730337078651685 0.8726190476190476 0.4297752808988764 0.8261904761904761 0.4747191011235955
1 0.8630952380952381 0.398876404494382 0.8928571428571429 0.3609550561797753 0.9119047619047619 0.38342696629213485 0.8773809523809524 0.41853932584269665