1 0.16785714285714284 0.1348314606741573 0.16785714285714284 0.15168539325842698 0.2154761904761905 0.15168539325842698 0.21666666666666667 0.13342696629213482
1 0.16785714285714284 0.15870786516853932 0.16428571428571428 0.1797752808988764 0.20595238095238094 0.18679775280898878 0.20952380952380953 0.16432584269662923
1 0.16785714285714284 0.2050561797752809 0.16666666666666666 0.2247191011235955 0.21071428571428572 0.2247191011235955 0.21071428571428572 0.2050561797752809
1 0.15714285714285714 0.24578651685393257 0.15714285714285714 0.26685393258426965 0.19642857142857142 0.26685393258426965 0.1976190476190476 0.24578651685393257
1 0.27976190476190477 0.21067415730337077 0.2785714285714286 0.23174157303370788 0.31785714285714284 0.2303370786516854 0.31785714285714284 0.20926966292134833
1 0.15357142857142858 0.26685393258426965 0.15119047619047618 0.2851123595505618 0.19047619047619047 0.2851123595505618 0.19285714285714287 0.26685393258426965
1 0.14285714285714285 0.3146067415730337 0.14285714285714285 0.33707865168539325 0.1880952380952381 0.3342696629213483 0.1880952380952381 0.31320224719101125
3 0.12857142857142856 0.3497191011235955 0.125 0.3693820224719101 0.1773809523809524 0.375 0.18214285714285713 0.35252808988764045
1 0.2654761904761905 0.2949438202247191 0.2654761904761905 0.3160112359550562 0.30833333333333335 0.3160112359550562 0.30833333333333335 0.2949438202247191
1 0.26071428571428573 0.3160112359550562 0.26071428571428573 0.34129213483146065 0.30357142857142855 0.3398876404494382 0.3047619047619048 0.31741573033707865
1 0.25833333333333336 0.3441011235955056 0.25833333333333336 0.3637640449438202 0.3 0.36235955056179775 0.3 0.34269662921348315
4 0.28214285714285714 0.16151685393258428 0.28214285714285714 0.18820224719101122 0.3202380952380952 0.18679775280898878 0.3202380952380952 0.16151685393258428
1 0.13333333333333333 0.375 0.12857142857142856 0.3904494382022472 0.17261904761904762 0.3960674157303371 0.1761904761904762 0.3792134831460674
1 0.12738095238095237 0.3904494382022472 0.1261904761904762 0.4143258426966292 0.16785714285714284 0.4143258426966292 0.16904761904761906 0.3946629213483146
1 0.125 0.41853932584269665 0.125 0.4438202247191011 0.16904761904761906 0.44241573033707865 0.16904761904761906 0.4199438202247191
1 0.2226190476190476 0.5814606741573034 0.21904761904761905 0.6039325842696629 0.2702380952380952 0.6067415730337079 0.2726190476190476 0.5828651685393258
1 0.2130952380952381 0.6713483146067416 0.21071428571428572 0.6924157303370787 0.25476190476190474 0.6952247191011236 0.25833333333333336 0.672752808988764
2 0.2011904761904762 0.7092696629213483 0.20476190476190476 0.7373595505617978 0.26071428571428573 0.7275280898876404 0.25833333333333336 0.699438202247191
1 0.5321428571428571 0.13764044943820225 0.5321428571428571 0.1544943820224719 0.5785714285714286 0.15589887640449437 0.5785714285714286 0.13764044943820225
1 0.530952380952381 0.16853932584269662 0.530952380952381 0.1896067415730337 0.5714285714285714 0.1896067415730337 0.5714285714285714 0.16853932584269662
3 0.6369047619047619 0.1404494382022472 0.638095238095238 0.16573033707865167 0.6869047619047619 0.16573033707865167 0.6869047619047619 0.1404494382022472
4 0.530952380952381 0.2148876404494382 0.5321428571428571 0.24157303370786518 0.5797619047619048 0.23876404494382023 0.5797619047619048 0.2148876404494382
4 0.6833333333333333 0.8286516853932584 0.6833333333333333 0.8567415730337079 0.7321428571428571 0.8567415730337079 0.7321428571428571 0.8286516853932584
1 0.6392857142857142 0.18398876404494383 0.6404761904761904 0.21067415730337077 0.6869047619047619 0.21067415730337077 0.6857142857142857 0.18398876404494383
1 0.655952380952381 0.21348314606741572 0.6571428571428571 0.2303370786516854 0.6880952380952381 0.23174157303370788 0.6880952380952381 0.21067415730337077
1 0.6547619047619048 0.2345505617977528 0.6547619047619048 0.2556179775280899 0.6904761904761905 0.25702247191011235 0.6916666666666667 0.2345505617977528
1 0.5261904761904762 0.3553370786516854 0.5261904761904762 0.38202247191011235 0.5797619047619048 0.3792134831460674 0.5797619047619048 0.35252808988764045
1 0.6607142857142857 0.3061797752808989 0.6607142857142857 0.3300561797752809 0.7023809523809523 0.3300561797752809 0.7035714285714286 0.3089887640449438
1 0.655952380952381 0.33146067415730335 0.655952380952381 0.3553370786516854 0.7023809523809523 0.3553370786516854 0.7023809523809523 0.33146067415730335
1 0.6607142857142857 0.35252808988764045 0.6619047619047619 0.375 0.7011904761904761 0.37359550561797755 0.7011904761904761 0.351123595505618
1 0.5261904761904762 0.3890449438202247 0.5273809523809524 0.4157303370786517 0.5773809523809523 0.4157303370786517 0.5773809523809523 0.3890449438202247
1 0.5297619047619048 0.4143258426966292 0.5297619047619048 0.4396067415730337 0.5761904761904761 0.4396067415730337 0.5773809523809523 0.4143258426966292
1 0.669047619047619 0.40308988764044945 0.669047619047619 0.425561797752809 0.7130952380952381 0.425561797752809 0.7130952380952381 0.40308988764044945
1 0.6666666666666666 0.43258426966292135 0.6666666666666666 0.4550561797752809 0.7142857142857143 0.45646067415730335 0.7154761904761905 0.43258426966292135
1 0.5214285714285715 0.5730337078651685 0.5238095238095238 0.5969101123595506 0.575 0.5912921348314607 0.5714285714285714 0.5674157303370787
1 0.5285714285714286 0.601123595505618 0.5273809523809524 0.6235955056179775 0.5785714285714286 0.6264044943820225 0.5797619047619048 0.5997191011235955
1 0.5261904761904762 0.6292134831460674 0.5273809523809524 0.6530898876404494 0.5773809523809523 0.6502808988764045 0.575 0.6235955056179775
1 0.525 0.6587078651685393 0.5261904761904762 0.6867977528089888 0.5845238095238096 0.6825842696629213 0.5833333333333334 0.6544943820224719
1 0.5333333333333333 0.6853932584269663 0.5321428571428571 0.7134831460674157 0.5821428571428572 0.7134831460674157 0.5833333333333334 0.6882022471910112
1 0.5321428571428571 0.7556179775280899 0.530952380952381 0.7794943820224719 0.575 0.7794943820224719 0.575 0.7584269662921348
1 0.5261904761904762 0.7794943820224719 0.525 0.8075842696629213 0.5714285714285714 0.8075842696629213 0.5714285714285714 0.7837078651685393
1 0.5321428571428571 0.8160112359550562 0.5297619047619048 0.8441011235955056 0.5880952380952381 0.8441011235955056 0.5892857142857143 0.8174157303370787
1 0.675 0.7162921348314607 0.675 0.7443820224719101 0.7285714285714285 0.7443820224719101 0.7297619047619047 0.7176966292134831
1 0.6821428571428572 0.6853932584269663 0.6821428571428572 0.7092696629213483 0.7285714285714285 0.7092696629213483 0.7285714285714285 0.6853932584269663
1 0.6797619047619048 0.5674157303370787 0.680952380952381 0.5941011235955056 0.7226190476190476 0.5941011235955056 0.7226190476190476 0.5660112359550562