1 0.2916666666666667 0.2654494382022472 0.2916666666666667 0.2907303370786517 0.3535714285714286 0.2851123595505618 0.3523809523809524 0.2542134831460674
1 0.2785714285714286 0.15168539325842698 0.26904761904761904 0.18679775280898878 0.3357142857142857 0.19382022471910113 0.34523809523809523 0.15870786516853932
1 0.37023809523809526 0.16573033707865167 0.3619047619047619 0.1952247191011236 0.42738095238095236 0.199438202247191 0.43214285714285716 0.16853932584269662
1 0.4511904761904762 0.17415730337078653 0.44761904761904764 0.20084269662921347 0.5071428571428571 0.20926966292134833 0.5119047619047619 0.17837078651685392
2 0.24047619047619048 0.48735955056179775 0.24047619047619048 0.5323033707865169 0.3238095238095238 0.5351123595505618 0.3238095238095238 0.48735955056179775
3 0.21428571428571427 0.31320224719101125 0.2130952380952381 0.34269662921348315 0.2904761904761905 0.34129213483146065 0.2892857142857143 0.3089887640449438
3 0.21071428571428572 0.34269662921348315 0.20714285714285716 0.37640449438202245 0.2869047619047619 0.375 0.2892857142857143 0.3455056179775281
3 0.20238095238095238 0.375 0.2011904761904762 0.4101123595505618 0.28214285714285714 0.4101123595505618 0.2833333333333333 0.3792134831460674
3 0.30833333333333335 0.3146067415730337 0.305952380952381 0.34269662921348315 0.37976190476190474 0.34691011235955055 0.38333333333333336 0.31179775280898875
3 0.30238095238095236 0.34691011235955055 0.30238095238095236 0.38202247191011235 0.3773809523809524 0.3848314606741573 0.37857142857142856 0.3497191011235955
3 0.3 0.3862359550561798 0.2976190476190476 0.41713483146067415 0.37857142857142856 0.4241573033707865 0.37976190476190474 0.39185393258426965
3 0.39404761904761904 0.31320224719101125 0.3904761904761905 0.34691011235955055 0.475 0.35252808988764045 0.475 0.31179775280898875
3 0.3892857142857143 0.34691011235955055 0.3869047619047619 0.3862359550561798 0.475 0.39185393258426965 0.4738095238095238 0.3497191011235955
3 0.3869047619047619 0.38764044943820225 0.38571428571428573 0.425561797752809 0.4726190476190476 0.43258426966292135 0.47023809523809523 0.39325842696629215
3 0.2702380952380952 0.44662921348314605 0.2726190476190476 0.48174157303370785 0.34285714285714286 0.48314606741573035 0.34404761904761905 0.44662921348314605