1 0.14047619047619048 0.43820224719101125 0.15476190476190477 0.45646067415730335 0.1130952380952381 0.4803370786516854 0.10238095238095238 0.4592696629213483
1 0.1869047619047619 0.5042134831460674 0.1988095238095238 0.5252808988764045 0.15 0.5519662921348315 0.1392857142857143 0.5294943820224719
1 0.20238095238095238 0.5323033707865169 0.21428571428571427 0.550561797752809 0.16785714285714284 0.574438202247191 0.15595238095238095 0.5547752808988764
1 0.16904761904761906 0.7345505617977528 0.18452380952380953 0.7556179775280899 0.13095238095238096 0.7893258426966292 0.11904761904761904 0.7640449438202247
1 0.41785714285714287 0.7162921348314607 0.4357142857142857 0.7415730337078652 0.38095238095238093 0.7724719101123596 0.36547619047619045 0.7443820224719101
1 0.47619047619047616 0.8033707865168539 0.49166666666666664 0.824438202247191 0.44047619047619047 0.8623595505617978 0.4238095238095238 0.8384831460674157
1 0.5023809523809524 0.8328651685393258 0.5178571428571429 0.8553370786516854 0.47023809523809523 0.8778089887640449 0.4595238095238095 0.8553370786516854
1 0.4642857142857143 0.4887640449438202 0.4785714285714286 0.5056179775280899 0.5226190476190476 0.47752808988764045 0.5071428571428571 0.4606741573033708
1 0.44285714285714284 0.19101123595505617 0.4607142857142857 0.21207865168539325 0.42023809523809524 0.2345505617977528 0.40714285714285714 0.21629213483146068
1 0.4583333333333333 0.21348314606741572 0.4738095238095238 0.22893258426966293 0.42738095238095236 0.25280898876404495 0.4166666666666667 0.23595505617977527
1 0.4726190476190476 0.22752808988764045 0.48928571428571427 0.23876404494382023 0.4523809523809524 0.26685393258426965 0.4369047619047619 0.2556179775280899
1 0.49523809523809526 0.23876404494382023 0.5107142857142857 0.25702247191011235 0.46904761904761905 0.2851123595505618 0.45476190476190476 0.2710674157303371
1 0.5678571428571428 0.16713483146067415 0.580952380952381 0.1797752808988764 0.6166666666666667 0.15308988764044945 0.6011904761904762 0.14325842696629212
1 0.5857142857142857 0.175561797752809 0.5988095238095238 0.18820224719101122 0.6309523809523809 0.16432584269662923 0.6142857142857143 0.1544943820224719
1 0.6880952380952381 0.17415730337078653 0.7202380952380952 0.20084269662921347 0.7345238095238096 0.1896067415730337 0.7047619047619048 0.16432584269662923
1 0.7273809523809524 0.21067415730337077 0.7595238095238095 0.23595505617977527 0.7738095238095238 0.22191011235955055 0.7428571428571429 0.199438202247191
1 0.8047619047619048 0.3202247191011236 0.8214285714285714 0.3342696629213483 0.8535714285714285 0.3146067415730337 0.8369047619047619 0.2991573033707865
1 0.8464285714285714 0.2991573033707865 0.8607142857142858 0.31179775280898875 0.8904761904761904 0.28370786516853935 0.8761904761904762 0.27247191011235955