1 0.45476190476190476 0.7893258426966292 0.41309523809523807 0.8202247191011236 0.42142857142857143 0.8426966292134831 0.4666666666666667 0.8117977528089888
1 0.4154761904761905 0.7373595505617978 0.3738095238095238 0.7682584269662921 0.3821428571428571 0.7907303370786517 0.42738095238095236 0.7598314606741573
1 0.4095238095238095 0.7078651685393258 0.3678571428571429 0.7387640449438202 0.3761904761904762 0.7612359550561798 0.42142857142857143 0.7303370786516854
1 0.3904761904761905 0.6797752808988764 0.3488095238095238 0.7106741573033708 0.35714285714285715 0.7331460674157303 0.4023809523809524 0.702247191011236
1 0.3761904761904762 0.6544943820224719 0.3345238095238095 0.6853932584269663 0.34285714285714286 0.7078651685393258 0.3880952380952381 0.6769662921348315
1 0.3416666666666667 0.6053370786516854 0.3 0.6362359550561798 0.30833333333333335 0.6587078651685393 0.3535714285714286 0.6278089887640449
1 0.3273809523809524 0.5828651685393258 0.2857142857142857 0.6137640449438202 0.29404761904761906 0.6362359550561798 0.3392857142857143 0.6053370786516854
1 0.2976190476190476 0.5407303370786517 0.25595238095238093 0.5716292134831461 0.2642857142857143 0.5941011235955056 0.30952380952380953 0.5632022471910112
1 0.2857142857142857 0.5154494382022472 0.24404761904761904 0.5463483146067416 0.2523809523809524 0.5688202247191011 0.2976190476190476 0.5379213483146067
1 0.275 0.49719101123595505 0.23333333333333334 0.5280898876404494 0.24166666666666667 0.550561797752809 0.2869047619047619 0.5196629213483146
1 0.25952380952380955 0.4747191011235955 0.21785714285714286 0.5056179775280899 0.2261904761904762 0.5280898876404494 0.2714285714285714 0.49719101123595505
1 0.24761904761904763 0.4550561797752809 0.20595238095238094 0.4859550561797753 0.21428571428571427 0.5084269662921348 0.25952380952380955 0.47752808988764045
1 0.17142857142857143 0.5393258426966292 0.12976190476190477 0.5702247191011236 0.1380952380952381 0.5926966292134831 0.18333333333333332 0.5617977528089888
1 0.17857142857142858 0.5758426966292135 0.13690476190476192 0.6067415730337079 0.14523809523809525 0.6292134831460674 0.19047619047619047 0.598314606741573
1 0.20833333333333334 0.6137640449438202 0.16666666666666666 0.6446629213483146 0.175 0.6671348314606742 0.22023809523809523 0.6362359550561798
1 0.23452380952380952 0.6615168539325843 0.19285714285714287 0.6924157303370787 0.2011904761904762 0.7148876404494382 0.24642857142857144 0.6839887640449438
1 0.25 0.6882022471910112 0.20833333333333334 0.7191011235955056 0.21666666666666667 0.7415730337078652 0.2619047619047619 0.7106741573033708
1 0.26904761904761904 0.7106741573033708 0.22738095238095238 0.7415730337078652 0.2357142857142857 0.7640449438202247 0.28095238095238095 0.7331460674157303
1 0.28095238095238095 0.7471910112359551 0.2392857142857143 0.7780898876404494 0.24761904761904763 0.800561797752809 0.29285714285714287 0.7696629213483146
1 0.3130952380952381 0.797752808988764 0.2714285714285714 0.8286516853932584 0.27976190476190477 0.851123595505618 0.325 0.8202247191011236
1 0.2261904761904762 0.43258426966292135 0.24166666666666667 0.43820224719101125 0.2261904761904762 0.48174157303370785 0.20833333333333334 0.46769662921348315
1 0.18095238095238095 0.36657303370786515 0.16666666666666666 0.37640449438202245 0.18333333333333332 0.4157303370786517 0.20238095238095238 0.4044943820224719
1 0.15 0.37780898876404495 0.1357142857142857 0.38764044943820225 0.1523809523809524 0.42696629213483145 0.17142857142857143 0.4157303370786517
1 0.13095238095238096 0.33286516853932585 0.11666666666666667 0.34269662921348315 0.13333333333333333 0.38202247191011235 0.1523809523809524 0.3707865168539326
1 0.11190476190476191 0.34691011235955055 0.09761904761904762 0.35674157303370785 0.11428571428571428 0.3960674157303371 0.13333333333333333 0.3848314606741573
1 0.125 0.3946629213483146 0.11071428571428571 0.4044943820224719 0.12738095238095237 0.4438202247191011 0.14642857142857144 0.43258426966292135
1 0.8238095238095238 0.7682584269662921 0.7880952380952381 0.7991573033707865 0.8011904761904762 0.8174157303370787 0.8380952380952381 0.7879213483146067
1 0.763095238095238 0.8202247191011236 0.7273809523809524 0.851123595505618 0.7404761904761905 0.8693820224719101 0.7773809523809524 0.8398876404494382
1 0.8178571428571428 0.702247191011236 0.8107142857142857 0.7275280898876404 0.8583333333333333 0.7429775280898876 0.8642857142857143 0.7176966292134831
1 0.8452380952380952 0.675561797752809 0.8380952380952381 0.7008426966292135 0.8857142857142857 0.7162921348314607 0.8916666666666667 0.6910112359550562
1 0.7226190476190476 0.6292134831460674 0.7416666666666667 0.6418539325842697 0.7357142857142858 0.6867977528089888 0.7130952380952381 0.6741573033707865
1 0.8452380952380952 0.6334269662921348 0.8011904761904762 0.6390449438202247 0.8035714285714286 0.6643258426966292 0.8523809523809524 0.6558988764044944
1 0.8214285714285714 0.6081460674157303 0.7773809523809524 0.6137640449438202 0.7797619047619048 0.6390449438202247 0.8285714285714286 0.6306179775280899
1 0.8071428571428572 0.5814606741573034 0.763095238095238 0.5870786516853933 0.7654761904761904 0.6123595505617978 0.8142857142857143 0.6039325842696629
1 0.7785714285714286 0.5561797752808989 0.7345238095238096 0.5617977528089888 0.736904761904762 0.5870786516853933 0.7857142857142857 0.5786516853932584
1 0.7488095238095238 0.5252808988764045 0.7047619047619048 0.5308988764044944 0.7071428571428572 0.5561797752808989 0.7559523809523809 0.547752808988764
1 0.7202380952380952 0.5014044943820225 0.6761904761904762 0.5070224719101124 0.6785714285714286 0.5323033707865169 0.7273809523809524 0.523876404494382
1 0.6773809523809524 0.45224719101123595 0.6333333333333333 0.45786516853932585 0.6357142857142857 0.48314606741573035 0.6845238095238095 0.4747191011235955
1 0.6476190476190476 0.4101123595505618 0.6035714285714285 0.4157303370786517 0.6059523809523809 0.4410112359550562 0.6547619047619048 0.43258426966292135
1 0.6285714285714286 0.39185393258426965 0.5845238095238096 0.39747191011235955 0.5869047619047619 0.42275280898876405 0.6357142857142857 0.4143258426966292
1 0.6035714285714285 0.3651685393258427 0.5595238095238095 0.3707865168539326 0.5619047619047619 0.3960674157303371 0.6107142857142858 0.38764044943820225
1 0.575 0.32865168539325845 0.530952380952381 0.3342696629213483 0.5333333333333333 0.3595505617977528 0.5821428571428572 0.351123595505618
1 0.5619047619047619 0.30337078651685395 0.5178571428571429 0.3089887640449438 0.5202380952380953 0.3342696629213483 0.569047619047619 0.3258426966292135
1 0.5023809523809524 0.2640449438202247 0.4714285714285714 0.2851123595505618 0.4797619047619048 0.30196629213483145 0.5142857142857142 0.2808988764044944
1 0.48928571428571427 0.24157303370786518 0.4583333333333333 0.26264044943820225 0.4666666666666667 0.2794943820224719 0.5011904761904762 0.25842696629213485
1 0.4523809523809524 0.19803370786516855 0.42142857142857143 0.21910112359550563 0.4297619047619048 0.23595505617977527 0.4642857142857143 0.2148876404494382
1 0.43214285714285716 0.18258426966292135 0.4011904761904762 0.20365168539325842 0.4095238095238095 0.2205056179775281 0.444047619047619 0.199438202247191
1 0.4166666666666667 0.16853932584269662 0.38571428571428573 0.1896067415730337 0.39404761904761904 0.20646067415730338 0.42857142857142855 0.1853932584269663
1 0.39285714285714285 0.13904494382022473 0.3619047619047619 0.1601123595505618 0.37023809523809526 0.17696629213483145 0.40476190476190477 0.15589887640449437