1 0.34285714285714286 0.273876404494382 0.32976190476190476 0.3609550561797753 0.3630952380952381 0.36235955056179775 0.3738095238095238 0.2752808988764045
1 0.3011904761904762 0.523876404494382 0.2892857142857143 0.6235955056179775 0.32976190476190476 0.6278089887640449 0.3404761904761905 0.5252808988764045
1 0.28809523809523807 0.6530898876404494 0.2785714285714286 0.7598314606741573 0.32142857142857145 0.7612359550561798 0.3273809523809524 0.6558988764044944
1 0.6035714285714285 0.1404494382022472 0.5988095238095238 0.17275280898876405 0.6702380952380952 0.17415730337078653 0.6738095238095239 0.14185393258426968
1 0.6023809523809524 0.175561797752809 0.5988095238095238 0.20786516853932585 0.669047619047619 0.20926966292134833 0.6726190476190477 0.175561797752809
1 0.5964285714285714 0.28792134831460675 0.594047619047619 0.324438202247191 0.6678571428571428 0.3258426966292135 0.669047619047619 0.28792134831460675
1 0.5892857142857143 0.375 0.5869047619047619 0.4101123595505618 0.669047619047619 0.4101123595505618 0.669047619047619 0.375
1 0.6702380952380952 0.41292134831460675 0.669047619047619 0.4550561797752809 0.580952380952381 0.4508426966292135 0.5833333333333334 0.41151685393258425
1 0.580952380952381 0.45365168539325845 0.580952380952381 0.5014044943820225 0.6666666666666666 0.5028089887640449 0.6678571428571428 0.4550561797752809
1 0.5845238095238096 0.547752808988764 0.580952380952381 0.5884831460674157 0.6738095238095239 0.5941011235955056 0.6726190476190477 0.5519662921348315
1 0.575 0.5969101123595506 0.5726190476190476 0.6404494382022472 0.6702380952380952 0.6460674157303371 0.6726190476190477 0.6039325842696629
1 0.5714285714285714 0.6924157303370787 0.5678571428571428 0.7359550561797753 0.6607142857142857 0.7457865168539326 0.6642857142857143 0.7036516853932584
1 0.6642857142857143 0.7556179775280899 0.6583333333333333 0.8019662921348315 0.569047619047619 0.7907303370786517 0.575 0.7471910112359551
1 0.6547619047619048 0.8103932584269663 0.6571428571428571 0.8581460674157303 0.5619047619047619 0.8581460674157303 0.5619047619047619 0.8089887640449438
1 0.7452380952380953 0.49297752808988765 0.7416666666666667 0.5828651685393258 0.7773809523809524 0.5842696629213483 0.7785714285714286 0.49157303370786515
1 0.7928571428571428 0.45224719101123595 0.8083333333333333 0.49157303370786515 0.8773809523809524 0.4648876404494382 0.8642857142857143 0.4241573033707865
1 0.819047619047619 0.26825842696629215 0.825 0.3455056179775281 0.8571428571428571 0.34831460674157305 0.85 0.2654494382022472