1 0.3345238095238095 0.8300561797752809 0.3880952380952381 0.726123595505618 0.3476190476190476 0.702247191011236 0.29642857142857143 0.8019662921348315
1 0.45 0.6193820224719101 0.4869047619047619 0.523876404494382 0.4523809523809524 0.5070224719101124 0.4083333333333333 0.601123595505618
1 0.5154761904761904 0.3946629213483146 0.555952380952381 0.41713483146067415 0.6083333333333333 0.3061797752808989 0.5738095238095238 0.28651685393258425
1 0.6273809523809524 0.2654494382022472 0.6785714285714286 0.16573033707865167 0.6440476190476191 0.14185393258426968 0.5952380952380952 0.23876404494382023
1 0.8369047619047619 0.41151685393258425 0.875 0.4297752808988764 0.9107142857142857 0.33848314606741575 0.8714285714285714 0.3188202247191011
1 0.7476190476190476 0.5870786516853933 0.7869047619047619 0.6095505617977528 0.8345238095238096 0.5196629213483146 0.7976190476190477 0.48735955056179775
1 0.14523809523809525 0.4845505617977528 0.16904761904761906 0.44241573033707865 0.10238095238095238 0.3960674157303371 0.07976190476190476 0.4339887640449438
1 0.1261904761904762 0.32162921348314605 0.20714285714285716 0.37219101123595505 0.23095238095238096 0.3300561797752809 0.15714285714285714 0.27247191011235955
1 0.1488095238095238 0.2654494382022472 0.2357142857142857 0.32162921348314605 0.2571428571428571 0.27808988764044945 0.175 0.22331460674157302
1 0.18333333333333332 0.21067415730337077 0.275 0.2640449438202247 0.3 0.2205056179775281 0.21071428571428572 0.16713483146067415
1 0.22380952380952382 0.15870786516853932 0.30238095238095236 0.20926966292134833 0.32857142857142857 0.16853932584269662 0.25476190476190474 0.12359550561797752
4 0.6892857142857143 0.7247191011235955 0.7297619047619047 0.7485955056179775 0.7678571428571429 0.6587078651685393 0.7345238095238096 0.6320224719101124