1 0.5845238095238096 0.3806179775280899 0.6476190476190476 0.3553370786516854 0.6392857142857142 0.3300561797752809 0.5773809523809523 0.35814606741573035
1 0.49523809523809526 0.48174157303370785 0.5511904761904762 0.5337078651685393 0.5369047619047619 0.5575842696629213 0.48095238095238096 0.5042134831460674
4 0.525 0.5828651685393258 0.5523809523809524 0.6376404494382022 0.5738095238095238 0.6221910112359551 0.5464285714285714 0.5660112359550562
4 0.35119047619047616 0.5014044943820225 0.2833333333333333 0.526685393258427 0.2892857142857143 0.5561797752808989 0.35714285714285715 0.5308988764044944
1 0.20952380952380953 0.773876404494382 0.1380952380952381 0.8132022471910112 0.15119047619047618 0.8455056179775281 0.22142857142857142 0.8075842696629213
1 0.17976190476190476 0.6615168539325843 0.1380952380952381 0.6980337078651685 0.1261904761904762 0.6699438202247191 0.16785714285714284 0.6390449438202247
1 0.16547619047619047 0.7317415730337079 0.11547619047619048 0.7289325842696629 0.11904761904761904 0.699438202247191 0.16785714285714284 0.7036516853932584
1 0.4642857142857143 0.6390449438202247 0.4607142857142857 0.7092696629213483 0.4869047619047619 0.7106741573033708 0.48928571428571427 0.6390449438202247
1 0.39404761904761904 0.5421348314606742 0.4095238095238095 0.6025280898876404 0.43333333333333335 0.5955056179775281 0.4154761904761905 0.5337078651685393
2 0.5107142857142857 0.2443820224719101 0.5511904761904762 0.34831460674157305 0.5190476190476191 0.3637640449438202 0.4797619047619048 0.25842696629213485
3 0.7547619047619047 0.15308988764044945 0.6785714285714286 0.18398876404494383 0.6916666666666667 0.21910112359550563 0.7678571428571429 0.19101123595505617