1 0.5071428571428571 0.7823033707865169 0.5011904761904762 0.8890449438202247 0.544047619047619 0.8862359550561798 0.5452380952380952 0.7823033707865169
1 0.5166666666666667 0.6390449438202247 0.5107142857142857 0.7514044943820225 0.5523809523809524 0.7584269662921348 0.5630952380952381 0.6376404494382022
1 0.5178571428571429 0.5056179775280899 0.5154761904761904 0.6348314606741573 0.5630952380952381 0.6376404494382022 0.555952380952381 0.5126404494382022
1 0.6297619047619047 0.7865168539325843 0.6642857142857143 0.8258426966292135 0.7154761904761905 0.7303370786516854 0.6892857142857143 0.702247191011236
1 0.6321428571428571 0.6587078651685393 0.6702380952380952 0.6896067415730337 0.7202380952380952 0.6039325842696629 0.6928571428571428 0.577247191011236
1 0.6357142857142857 0.5589887640449438 0.6666666666666666 0.5898876404494382 0.7202380952380952 0.5070224719101124 0.6976190476190476 0.47752808988764045
1 0.6916666666666667 0.38764044943820225 0.6357142857142857 0.4648876404494382 0.675 0.4957865168539326 0.7202380952380952 0.41151685393258425
1 0.6988095238095238 0.2851123595505618 0.6369047619047619 0.3693820224719101 0.6738095238095239 0.39325842696629215 0.7285714285714285 0.31179775280898875
1 0.7011904761904761 0.19662921348314608 0.6404761904761904 0.27808988764044945 0.6738095238095239 0.3061797752808989 0.7309523809523809 0.2303370786516854
1 0.5345238095238095 0.3693820224719101 0.5285714285714286 0.476123595505618 0.5619047619047619 0.48314606741573035 0.5738095238095238 0.37780898876404495
4 0.5416666666666666 0.2401685393258427 0.5404761904761904 0.34129213483146065 0.580952380952381 0.3455056179775281 0.5821428571428572 0.24719101123595505
1 0.5547619047619048 0.11376404494382023 0.5464285714285714 0.20646067415730338 0.5857142857142857 0.21348314606741572 0.5928571428571429 0.11657303370786516
1 0.45357142857142857 0.17134831460674158 0.4452380952380952 0.26264044943820225 0.4773809523809524 0.27247191011235955 0.49047619047619045 0.16713483146067415
1 0.3 0.13623595505617977 0.3 0.22893258426966293 0.33095238095238094 0.2345505617977528 0.3392857142857143 0.13342696629213482
1 0.3 0.2556179775280899 0.29642857142857143 0.35674157303370785 0.33214285714285713 0.3595505617977528 0.3333333333333333 0.25702247191011235
1 0.28095238095238095 0.36657303370786515 0.27976190476190477 0.4803370786516854 0.3202380952380952 0.4803370786516854 0.3238095238095238 0.3693820224719101
1 0.1988095238095238 0.4901685393258427 0.1976190476190476 0.5435393258426966 0.2857142857142857 0.5379213483146067 0.2904761904761905 0.4887640449438202
1 0.2654761904761905 0.5603932584269663 0.25833333333333336 0.6587078651685393 0.3047619047619048 0.6615168539325843 0.3047619047619048 0.5575842696629213
1 0.25476190476190474 0.6783707865168539 0.25 0.7851123595505618 0.29404761904761906 0.7907303370786517 0.29285714285714287 0.6741573033707865