1 0.48928571428571427 0.7106741573033708 0.4666666666666667 0.7752808988764045 0.4988095238095238 0.7879213483146067 0.5178571428571429 0.7205056179775281
1 0.5238095238095238 0.6137640449438202 0.4976190476190476 0.6938202247191011 0.5273809523809524 0.7050561797752809 0.5523809523809524 0.6235955056179775
1 0.55 0.5154494382022472 0.5321428571428571 0.5800561797752809 0.5571428571428572 0.5898876404494382 0.5785714285714286 0.5252808988764045
1 0.5714285714285714 0.44803370786516855 0.5571428571428572 0.5 0.5797619047619048 0.5098314606741573 0.5952380952380952 0.45646067415730335
1 0.5976190476190476 0.3890449438202247 0.5773809523809523 0.45224719101123595 0.6 0.46207865168539325 0.6226190476190476 0.39747191011235955
1 0.575 0.7823033707865169 0.5607142857142857 0.8174157303370787 0.6392857142857142 0.8384831460674157 0.6523809523809524 0.8047752808988764
1 0.6273809523809524 0.6278089887640449 0.6107142857142858 0.6685393258426966 0.6892857142857143 0.6882022471910112 0.7047619047619048 0.6502808988764045
1 0.6333333333333333 0.5898876404494382 0.6226190476190476 0.625 0.7023809523809523 0.6502808988764045 0.7107142857142857 0.6095505617977528
1 0.6571428571428571 0.526685393258427 0.6488095238095238 0.5589887640449438 0.7119047619047619 0.5786516853932584 0.719047619047619 0.5435393258426966
1 0.6595238095238095 0.49297752808988765 0.6511904761904762 0.5252808988764045 0.7261904761904762 0.5449438202247191 0.7345238095238096 0.5112359550561798
1 0.6797619047619048 0.425561797752809 0.6678571428571428 0.46629213483146065 0.7428571428571429 0.48735955056179775 0.7547619047619047 0.4438202247191011
1 0.6916666666666667 0.39747191011235955 0.6857142857142857 0.42837078651685395 0.7535714285714286 0.4410112359550562 0.7559523809523809 0.41292134831460675
1 0.6964285714285714 0.37219101123595505 0.6904761904761905 0.40308988764044945 0.7583333333333333 0.4157303370786517 0.7607142857142857 0.38764044943820225
1 0.7142857142857143 0.31741573033707865 0.7071428571428572 0.34691011235955055 0.775 0.3595505617977528 0.7785714285714286 0.32865168539325845
1 0.7333333333333333 0.2640449438202247 0.7261904761904762 0.29353932584269665 0.7845238095238095 0.3061797752808989 0.7892857142857143 0.2752808988764045
1 0.7440476190476191 0.21629213483146068 0.736904761904762 0.24578651685393257 0.8011904761904762 0.25702247191011235 0.8047619047619048 0.22752808988764045
1 0.7476190476190476 0.18820224719101122 0.7404761904761905 0.21629213483146068 0.8047619047619048 0.22752808988764045 0.8107142857142857 0.20224719101123595
1 0.6369047619047619 0.2696629213483146 0.6226190476190476 0.32303370786516855 0.6452380952380953 0.33286516853932585 0.6619047619047619 0.27668539325842695
1 0.6547619047619048 0.2148876404494382 0.6428571428571429 0.2654494382022472 0.6654761904761904 0.27247191011235955 0.6797619047619048 0.22191011235955055
1 0.669047619047619 0.1699438202247191 0.6583333333333333 0.21207865168539325 0.6797619047619048 0.22191011235955055 0.694047619047619 0.17696629213483145