1 0.1988095238095238 0.19382022471910113 0.1976190476190476 0.16853932584269662 0.13452380952380952 0.17134831460674158 0.1380952380952381 0.199438202247191
1 0.19166666666666668 0.23314606741573032 0.19404761904761905 0.21207865168539325 0.14047619047619048 0.21067415730337077 0.1380952380952381 0.23174157303370788
1 0.19642857142857142 0.27247191011235955 0.19523809523809524 0.25 0.14285714285714285 0.25280898876404495 0.14404761904761904 0.27808988764044945
1 0.13452380952380952 0.32162921348314605 0.14523809523809525 0.29213483146067415 0.0988095238095238 0.26685393258426965 0.0869047619047619 0.2893258426966292
1 0.17857142857142858 0.40870786516853935 0.18095238095238095 0.38202247191011235 0.12023809523809524 0.3806179775280899 0.11904761904761904 0.4044943820224719
1 0.17023809523809524 0.47752808988764045 0.16785714285714284 0.44662921348314605 0.11785714285714285 0.4508426966292135 0.11666666666666667 0.4747191011235955
1 0.17976190476190476 0.5323033707865169 0.18095238095238095 0.5084269662921348 0.12023809523809524 0.5028089887640449 0.11666666666666667 0.5351123595505618
1 0.1738095238095238 0.5800561797752809 0.1761904761904762 0.550561797752809 0.12261904761904761 0.5449438202247191 0.12023809523809524 0.5716292134831461
1 0.17142857142857143 0.6221910112359551 0.17142857142857143 0.5941011235955056 0.11428571428571428 0.5926966292134831 0.11428571428571428 0.6193820224719101
1 0.1523809523809524 0.7036516853932584 0.15595238095238095 0.6741573033707865 0.09166666666666666 0.6783707865168539 0.09047619047619047 0.7064606741573034
1 0.24166666666666667 0.6783707865168539 0.26904761904761904 0.6362359550561798 0.25357142857142856 0.6193820224719101 0.22142857142857142 0.6615168539325843
1 0.23452380952380952 0.5379213483146067 0.25357142857142856 0.5252808988764045 0.2773809523809524 0.5941011235955056 0.25595238095238093 0.6053370786516854
1 0.7035714285714286 0.8089887640449438 0.6988095238095238 0.7823033707865169 0.625 0.7907303370786517 0.6273809523809524 0.8202247191011236
1 0.861904761904762 0.776685393258427 0.8607142857142858 0.7471910112359551 0.7964285714285714 0.7584269662921348 0.8047619047619048 0.7935393258426966
1 0.6821428571428572 0.7443820224719101 0.6785714285714286 0.7134831460674157 0.6345238095238095 0.7148876404494382 0.6309523809523809 0.7415730337078652
1 0.6785714285714286 0.7036516853932584 0.6773809523809524 0.6741573033707865 0.6309523809523809 0.6741573033707865 0.6297619047619047 0.7064606741573034
1 0.6904761904761905 0.6685393258426966 0.6892857142857143 0.6376404494382022 0.6214285714285714 0.6376404494382022 0.6202380952380953 0.6643258426966292
1 0.6821428571428572 0.6151685393258427 0.6821428571428572 0.5842696629213483 0.6178571428571429 0.5856741573033708 0.6178571428571429 0.6151685393258427
1 0.6761904761904762 0.577247191011236 0.6726190476190477 0.5491573033707865 0.6095238095238096 0.5491573033707865 0.6095238095238096 0.577247191011236
1 0.6773809523809524 0.5280898876404494 0.675 0.49859550561797755 0.6071428571428571 0.5014044943820225 0.6083333333333333 0.5280898876404494
3 0.6678571428571428 0.4845505617977528 0.6654761904761904 0.45646067415730335 0.6178571428571429 0.45646067415730335 0.6178571428571429 0.48314606741573035
4 0.8261904761904761 0.5561797752808989 0.8357142857142857 0.5351123595505618 0.7964285714285714 0.5168539325842697 0.7869047619047619 0.5365168539325843
1 0.780952380952381 0.46769662921348315 0.8261904761904761 0.4311797752808989 0.8083333333333333 0.41151685393258425 0.7642857142857142 0.44803370786516855
1 0.6666666666666666 0.4396067415730337 0.6678571428571428 0.41151685393258425 0.6130952380952381 0.41853932584269665 0.6142857142857143 0.4438202247191011
1 0.6714285714285714 0.4058988764044944 0.6738095238095239 0.3806179775280899 0.6107142857142858 0.3806179775280899 0.6107142857142858 0.4058988764044944
1 0.6678571428571428 0.3693820224719101 0.6678571428571428 0.3441011235955056 0.6071428571428571 0.3441011235955056 0.6095238095238096 0.3693820224719101
1 0.6654761904761904 0.32724719101123595 0.6654761904761904 0.29634831460674155 0.6059523809523809 0.30196629213483145 0.6083333333333333 0.33146067415730335
3 0.6761904761904762 0.2794943820224719 0.6726190476190477 0.25140449438202245 0.611904761904762 0.25140449438202245 0.6142857142857143 0.2794943820224719
1 0.6654761904761904 0.24719101123595505 0.6619047619047619 0.22191011235955055 0.6059523809523809 0.22612359550561797 0.611904761904762 0.25
1 0.6654761904761904 0.21207865168539325 0.6619047619047619 0.18398876404494383 0.6071428571428571 0.1853932584269663 0.6071428571428571 0.20926966292134833
1 0.6619047619047619 0.17134831460674158 0.6619047619047619 0.14606741573033707 0.6059523809523809 0.14747191011235955 0.6071428571428571 0.17696629213483145