4 0.34404761904761905 0.776685393258427 0.40714285714285714 0.7991573033707865 0.39404761904761904 0.8314606741573034 0.3345238095238095 0.8075842696629213
4 0.49642857142857144 0.8019662921348315 0.555952380952381 0.8230337078651685 0.5404761904761904 0.8609550561797753 0.4869047619047619 0.8356741573033708
4 0.5869047619047619 0.21348314606741572 0.5214285714285715 0.19101123595505617 0.5345238095238095 0.1544943820224719 0.5988095238095238 0.1896067415730337
4 0.5976190476190476 0.19101123595505617 0.5369047619047619 0.15589887640449437 0.55 0.11938202247191011 0.6071428571428571 0.15589887640449437
4 0.7357142857142858 0.16151685393258428 0.7904761904761904 0.16853932584269662 0.7845238095238095 0.20084269662921347 0.7321428571428571 0.19241573033707865
4 0.7261904761904762 0.19662921348314608 0.7821428571428571 0.19803370786516855 0.7773809523809524 0.2303370786516854 0.7214285714285714 0.22191011235955055
4 0.7130952380952381 0.2205056179775281 0.7785714285714286 0.2205056179775281 0.7726190476190476 0.25842696629213485 0.7142857142857143 0.24859550561797752
4 0.7142857142857143 0.25 0.7738095238095238 0.25842696629213485 0.7666666666666667 0.29353932584269665 0.7107142857142857 0.27808988764044945
4 0.6988095238095238 0.27668539325842695 0.7583333333333333 0.28230337078651685 0.7595238095238095 0.3160112359550562 0.6976190476190476 0.3089887640449438
4 0.6928571428571428 0.3047752808988764 0.7476190476190476 0.3202247191011236 0.7404761904761905 0.35674157303370785 0.6821428571428572 0.3356741573033708
4 0.6797619047619048 0.3398876404494382 0.7321428571428571 0.35674157303370785 0.7238095238095238 0.38764044943820225 0.6726190476190477 0.3707865168539326
4 0.6666666666666666 0.3707865168539326 0.7309523809523809 0.3904494382022472 0.7178571428571429 0.42134831460674155 0.6642857142857143 0.398876404494382
4 0.6547619047619048 0.40168539325842695 0.7142857142857143 0.42275280898876405 0.705952380952381 0.45646067415730335 0.6511904761904762 0.4339887640449438
4 0.6369047619047619 0.4353932584269663 0.6964285714285714 0.4550561797752809 0.6892857142857143 0.4859550561797753 0.6297619047619047 0.4705056179775281
4 0.5273809523809524 0.19662921348314608 0.5821428571428572 0.2205056179775281 0.5726190476190476 0.24719101123595505 0.5238095238095238 0.2345505617977528
4 0.5119047619047619 0.25842696629213485 0.5630952380952381 0.28651685393258425 0.5523809523809524 0.3103932584269663 0.4988095238095238 0.29353932584269665
1 0.6142857142857143 0.47752808988764045 0.680952380952381 0.49719101123595505 0.6714285714285714 0.5308988764044944 0.6047619047619047 0.5084269662921348
1 0.6035714285714285 0.5182584269662921 0.6714285714285714 0.5435393258426966 0.655952380952381 0.5814606741573034 0.5928571428571429 0.550561797752809
1 0.5976190476190476 0.5674157303370787 0.6404761904761904 0.5800561797752809 0.6309523809523809 0.6165730337078652 0.5833333333333334 0.5898876404494382
1 0.5738095238095238 0.6039325842696629 0.6440476190476191 0.6221910112359551 0.6404761904761904 0.648876404494382 0.5702380952380952 0.6320224719101124
1 0.5488095238095239 0.6376404494382022 0.6261904761904762 0.6629213483146067 0.6178571428571429 0.6952247191011236 0.5392857142857143 0.6699438202247191
1 0.5369047619047619 0.675561797752809 0.6107142857142858 0.7008426966292135 0.5988095238095238 0.7303370786516854 0.5238095238095238 0.702247191011236
1 0.525 0.7176966292134831 0.5964285714285714 0.7345505617977528 0.5880952380952381 0.7710674157303371 0.5142857142857142 0.7542134831460674
1 0.5154761904761904 0.7584269662921348 0.5880952380952381 0.7879213483146067 0.5761904761904761 0.8216292134831461 0.5059523809523809 0.7921348314606742
1 0.35833333333333334 0.7219101123595506 0.4392857142857143 0.7528089887640449 0.4261904761904762 0.7935393258426966 0.3476190476190476 0.7612359550561798
1 0.38333333333333336 0.6713483146067416 0.4452380952380952 0.6952247191011236 0.430952380952381 0.7303370786516854 0.37023809523809526 0.6980337078651685
1 0.3904761904761905 0.6292134831460674 0.45595238095238094 0.648876404494382 0.44761904761904764 0.6811797752808989 0.37976190476190474 0.6601123595505618
1 0.40714285714285714 0.5912921348314607 0.4714285714285714 0.6151685393258427 0.46190476190476193 0.6432584269662921 0.4 0.6207865168539326
1 0.41785714285714287 0.5533707865168539 0.475 0.5688202247191011 0.46785714285714286 0.6039325842696629 0.41309523809523807 0.5786516853932584
1 0.425 0.5182584269662921 0.48928571428571427 0.5365168539325843 0.475 0.5632022471910112 0.41904761904761906 0.5407303370786517
1 0.43452380952380953 0.48174157303370785 0.49404761904761907 0.4957865168539326 0.49047619047619045 0.5224719101123596 0.42857142857142855 0.5084269662921348
1 0.4642857142857143 0.4508426966292135 0.5095238095238095 0.46348314606741575 0.5059523809523809 0.4901685393258427 0.45595238095238094 0.476123595505618
1 0.45357142857142857 0.4101123595505618 0.5238095238095238 0.42696629213483145 0.5142857142857142 0.45365168539325845 0.44642857142857145 0.4396067415730337
1 0.4642857142857143 0.3651685393258427 0.5261904761904762 0.38764044943820225 0.5202380952380953 0.41853932584269665 0.45476190476190476 0.398876404494382
1 0.4797619047619048 0.34129213483146065 0.5380952380952381 0.36657303370786515 0.5273809523809524 0.3960674157303371 0.46904761904761905 0.37219101123595505
1 0.49642857142857144 0.3047752808988764 0.5535714285714286 0.32724719101123595 0.544047619047619 0.35252808988764045 0.4880952380952381 0.32724719101123595
1 0.26071428571428573 0.6699438202247191 0.33214285714285713 0.6882022471910112 0.319047619047619 0.7275280898876404 0.24523809523809523 0.7106741573033708