1 0.6797619047619048 0.31741573033707865 0.680952380952381 0.33848314606741575 0.725 0.3342696629213483 0.7238095238095238 0.31320224719101125
1 0.6880952380952381 0.33848314606741575 0.6892857142857143 0.35814606741573035 0.7357142857142858 0.3553370786516854 0.7333333333333333 0.3356741573033708
1 0.6797619047619048 0.3637640449438202 0.6833333333333333 0.3806179775280899 0.7273809523809524 0.3707865168539326 0.725 0.3539325842696629
1 0.6892857142857143 0.38202247191011235 0.694047619047619 0.4044943820224719 0.7404761904761905 0.39185393258426965 0.736904761904762 0.3707865168539326
1 0.7416666666666667 0.7851123595505618 0.7559523809523809 0.8441011235955056 0.7785714285714286 0.8370786516853933 0.7642857142857142 0.7780898876404494
1 0.39285714285714285 0.7556179775280899 0.39166666666666666 0.8328651685393258 0.41785714285714287 0.8342696629213483 0.4166666666666667 0.7556179775280899
1 0.7803571428571429 0.6657303370786517 0.05119047619047619 0.02247191011235955
4 0.8119047619047619 0.7036516853932584 0.7607142857142857 0.7303370786516854 0.7464285714285714 0.7064606741573034 0.8011904761904762 0.6769662921348315
1 0.8226190476190476 0.7345505617977528 0.8130952380952381 0.7120786516853933 0.7666666666666667 0.7317415730337079 0.7726190476190476 0.7584269662921348
1 0.2488095238095238 0.7724719101123596 0.023809523809523808 0.056179775280898875
1 0.25476190476190474 0.6467696629213483 0.02142857142857143 0.04915730337078652
1 0.2511904761904762 0.5962078651685393 0.01904761904761905 0.04915730337078652
1 0.25476190476190474 0.5470505617977528 0.01904761904761905 0.04353932584269663
1 0.26071428571428573 0.49508426966292135 0.01904761904761905 0.04353932584269663