4 0.2976190476190476 0.4339887640449438 0.325 0.42134831460674155 0.35 0.47752808988764045 0.32261904761904764 0.4901685393258427
4 0.11785714285714285 0.24297752808988765 0.1261904761904762 0.273876404494382 0.18214285714285713 0.2556179775280899 0.17261904761904762 0.2247191011235955
4 0.6273809523809524 0.5323033707865169 0.6428571428571429 0.5561797752808989 0.7011904761904761 0.5337078651685393 0.6857142857142857 0.5
4 0.6964285714285714 0.5379213483146067 0.638095238095238 0.5603932584269663 0.6523809523809524 0.5898876404494382 0.7119047619047619 0.5674157303370787
1 0.5345238095238095 0.49157303370786515 0.5583333333333333 0.476123595505618 0.5797619047619048 0.5294943820224719 0.5535714285714286 0.5379213483146067
1 0.6142857142857143 0.39185393258426965 0.5964285714285714 0.4002808988764045 0.6261904761904762 0.44241573033707865 0.6452380952380953 0.4297752808988764
1 0.6488095238095238 0.42275280898876405 0.6238095238095238 0.44241573033707865 0.6607142857142857 0.49157303370786515 0.6892857142857143 0.47752808988764045
1 0.6428571428571429 0.37219101123595505 0.625 0.39185393258426965 0.6678571428571428 0.4452247191011236 0.6904761904761905 0.42696629213483145
1 0.6678571428571428 0.3539325842696629 0.6476190476190476 0.36797752808988765 0.6833333333333333 0.41853932584269665 0.7083333333333334 0.4002808988764045
1 0.7464285714285714 0.3862359550561798 0.6916666666666667 0.4157303370786517 0.7071428571428572 0.43679775280898875 0.7619047619047619 0.4157303370786517
1 0.7071428571428572 0.3398876404494382 0.6821428571428572 0.35674157303370785 0.7214285714285714 0.40168539325842695 0.7464285714285714 0.3862359550561798
1 0.7202380952380952 0.32865168539325845 0.7452380952380953 0.3539325842696629 0.7976190476190477 0.3188202247191011 0.7797619047619048 0.29353932584269665
1 0.7583333333333333 0.3497191011235955 0.736904761904762 0.3637640449438202 0.7821428571428571 0.41853932584269665 0.8119047619047619 0.398876404494382
1 0.7976190476190477 0.32865168539325845 0.7690476190476191 0.3455056179775281 0.8119047619047619 0.39747191011235955 0.8416666666666667 0.38342696629213485
1 0.8035714285714286 0.24157303370786518 0.7785714285714286 0.25140449438202245 0.8178571428571428 0.31320224719101125 0.8428571428571429 0.2991573033707865
1 0.8166666666666667 0.3398876404494382 0.8357142857142857 0.3595505617977528 0.8869047619047619 0.3356741573033708 0.8714285714285714 0.31179775280898875
1 0.8392857142857143 0.3693820224719101 0.8654761904761905 0.3960674157303371 0.9107142857142857 0.3609550561797753 0.8964285714285715 0.33707865168539325
1 0.8321428571428572 0.23735955056179775 0.8095238095238095 0.25140449438202245 0.8547619047619047 0.30196629213483145 0.8761904761904762 0.2808988764044944