1 0.805952380952381 0.5603932584269663 0.7714285714285715 0.6334269662921348 0.8107142857142857 0.651685393258427 0.8404761904761905 0.5800561797752809
1 0.6095238095238096 0.7050561797752809 0.6071428571428571 0.7443820224719101 0.694047619047619 0.75 0.6928571428571428 0.7064606741573034
1 0.6107142857142858 0.6573033707865169 0.6083333333333333 0.6980337078651685 0.6928571428571428 0.7008426966292135 0.6916666666666667 0.6587078651685393
1 0.6071428571428571 0.6081460674157303 0.6035714285714285 0.648876404494382 0.6892857142857143 0.6558988764044944 0.6916666666666667 0.6137640449438202
1 0.6130952380952381 0.5533707865168539 0.6095238095238096 0.5955056179775281 0.7 0.6025280898876404 0.7023809523809523 0.5660112359550562
1 0.6202380952380953 0.5070224719101124 0.6178571428571429 0.5407303370786517 0.7035714285714286 0.5519662921348315 0.705952380952381 0.5168539325842697
1 0.6178571428571429 0.46207865168539325 0.6166666666666667 0.5014044943820225 0.7011904761904761 0.5126404494382022 0.7035714285714286 0.47191011235955055
1 0.775 0.41151685393258425 0.7654761904761904 0.4957865168539326 0.8047619047619048 0.49859550561797755 0.8083333333333333 0.4157303370786517
1 0.8142857142857143 0.44241573033707865 0.8142857142857143 0.4901685393258427 0.8845238095238095 0.48174157303370785 0.8845238095238095 0.4396067415730337
1 0.7678571428571429 0.3356741573033708 0.7773809523809524 0.40730337078651685 0.8083333333333333 0.39747191011235955 0.7988095238095239 0.32724719101123595
1 0.7690476190476191 0.24859550561797752 0.7702380952380953 0.32162921348314605 0.8035714285714286 0.32162921348314605 0.8035714285714286 0.24719101123595505
1 0.6130952380952381 0.3342696629213483 0.6154761904761905 0.37359550561797755 0.694047619047619 0.3707865168539326 0.6916666666666667 0.33286516853932585
1 0.6226190476190476 0.2598314606741573 0.6214285714285714 0.29353932584269665 0.6976190476190476 0.2949438202247191 0.6964285714285714 0.2598314606741573
1 0.6214285714285714 0.21910112359550563 0.6226190476190476 0.2542134831460674 0.7035714285714286 0.2542134831460674 0.7 0.2148876404494382
1 0.6238095238095238 0.18117977528089887 0.6130952380952381 0.21348314606741572 0.6916666666666667 0.2205056179775281 0.6952380952380952 0.19101123595505617
1 0.8392857142857143 0.14747191011235955 0.7880952380952381 0.19101123595505617 0.8083333333333333 0.2205056179775281 0.8654761904761905 0.16713483146067415
1 0.7511904761904762 0.125 0.75 0.1853932584269663 0.7785714285714286 0.1853932584269663 0.7785714285714286 0.12640449438202248
1 0.7130952380952381 0.12921348314606743 0.7119047619047619 0.19803370786516855 0.736904761904762 0.20084269662921347 0.7404761904761905 0.12780898876404495