1 0.24166666666666667 0.16151685393258428 0.24166666666666667 0.18679775280898878 0.3011904761904762 0.18679775280898878 0.3 0.1601123595505618
1 0.29642857142857143 0.21348314606741572 0.29285714285714287 0.2401685393258427 0.23214285714285715 0.23876404494382023 0.2369047619047619 0.21348314606741572
1 0.2261904761904762 0.300561797752809 0.2261904761904762 0.3258426966292135 0.2904761904761905 0.3258426966292135 0.28809523809523807 0.300561797752809
1 0.14285714285714285 0.2443820224719101 0.1630952380952381 0.25842696629213485 0.12380952380952381 0.31320224719101125 0.10595238095238095 0.29353932584269665
1 0.125 0.324438202247191 0.12261904761904761 0.3792134831460674 0.15119047619047618 0.37780898876404495 0.15119047619047618 0.32303370786516855
1 0.22738095238095238 0.3342696629213483 0.2261904761904762 0.3637640449438202 0.2857142857142857 0.3651685393258427 0.2857142857142857 0.3356741573033708
1 0.21904761904761905 0.37780898876404495 0.21666666666666667 0.4058988764044944 0.2869047619047619 0.40730337078651685 0.2869047619047619 0.3806179775280899
1 0.22380952380952382 0.41713483146067415 0.225 0.44241573033707865 0.275 0.43679775280898875 0.2714285714285714 0.4143258426966292
1 0.2154761904761905 0.4606741573033708 0.21666666666666667 0.49157303370786515 0.2833333333333333 0.48735955056179775 0.27976190476190477 0.45786516853932585
1 0.20714285714285716 0.550561797752809 0.23214285714285715 0.5688202247191011 0.2773809523809524 0.5098314606741573 0.2511904761904762 0.4957865168539326
1 0.25833333333333336 0.5533707865168539 0.2857142857142857 0.5660112359550562 0.3202380952380952 0.5028089887640449 0.2916666666666667 0.49157303370786515
1 0.3404761904761905 0.5702247191011236 0.3630952380952381 0.5828651685393258 0.3976190476190476 0.5196629213483146 0.3738095238095238 0.5070224719101124
3 0.3952380952380952 0.5589887640449438 0.4226190476190476 0.5814606741573034 0.48333333333333334 0.5168539325842697 0.45476190476190476 0.49297752808988765
1 0.4785714285714286 0.5463483146067416 0.5023809523809524 0.5632022471910112 0.5333333333333333 0.5154494382022472 0.5071428571428571 0.5
1 0.5190476190476191 0.5589887640449438 0.5511904761904762 0.5758426966292135 0.5857142857142857 0.5112359550561798 0.5535714285714286 0.49719101123595505
1 0.8130952380952381 0.5112359550561798 0.8142857142857143 0.5407303370786517 0.8809523809523809 0.5407303370786517 0.8785714285714286 0.5112359550561798
1 0.7571428571428571 0.4157303370786517 0.7559523809523809 0.4438202247191011 0.8202380952380952 0.44241573033707865 0.8166666666666667 0.41713483146067415
1 0.7690476190476191 0.37640449438202245 0.7690476190476191 0.40308988764044945 0.8273809523809523 0.4044943820224719 0.8238095238095238 0.37780898876404495
1 0.7583333333333333 0.34269662921348315 0.7571428571428571 0.3707865168539326 0.8238095238095238 0.37359550561797755 0.8214285714285714 0.3455056179775281
1 0.7559523809523809 0.30758426966292135 0.7559523809523809 0.33286516853932585 0.8214285714285714 0.33286516853932585 0.8178571428571428 0.3061797752808989
1 0.7583333333333333 0.21769662921348315 0.7619047619047619 0.23876404494382023 0.8166666666666667 0.23595505617977527 0.8119047619047619 0.21629213483146068
4 0.7511904761904762 0.1797752808988764 0.7547619047619047 0.2050561797752809 0.8214285714285714 0.20224719101123595 0.8154761904761905 0.17837078651685392
4 0.7535714285714286 0.14747191011235955 0.7559523809523809 0.17415730337078653 0.8154761904761905 0.17415730337078653 0.8095238095238095 0.14606741573033707