0 0.5488095238095239 0.3539325842696629 0.5321428571428571 0.5294943820224719 0.5761904761904761 0.5337078651685393 0.5857142857142857 0.35814606741573035
0 0.6404761904761904 0.36797752808988765 0.6202380952380953 0.5449438202247191 0.6642857142857143 0.5463483146067416 0.675 0.37359550561797755
0 0.2488095238095238 0.29213483146067415 0.20833333333333334 0.46207865168539325 0.2571428571428571 0.46348314606741575 0.2845238095238095 0.300561797752809
0 0.20238095238095238 0.24297752808988765 0.1595238095238095 0.4044943820224719 0.20833333333333334 0.41713483146067415 0.24761904761904763 0.24578651685393257
0 0.16547619047619047 0.16853932584269662 0.12380952380952381 0.3188202247191011 0.17261904761904762 0.3342696629213483 0.2154761904761905 0.17696629213483145
3 0.49047619047619045 0.4438202247191011 0.45595238095238094 0.4438202247191011 0.45595238095238094 0.5491573033707865 0.49404761904761907 0.547752808988764
3 0.8666666666666667 0.45224719101123595 0.8345238095238096 0.44803370786516855 0.830952380952381 0.5491573033707865 0.8666666666666667 0.5491573033707865
1 0.7261904761904762 0.4410112359550562 0.6952380952380952 0.4410112359550562 0.694047619047619 0.5168539325842697 0.725 0.5182584269662921
1 0.8523809523809524 0.6896067415730337 0.8202380952380952 0.6924157303370787 0.825 0.7837078651685393 0.8571428571428571 0.7851123595505618
1 0.7904761904761904 0.6783707865168539 0.7595238095238095 0.6811797752808989 0.7619047619047619 0.7415730337078652 0.7952380952380952 0.7415730337078652
1 0.6916666666666667 0.672752808988764 0.6702380952380952 0.6741573033707865 0.6619047619047619 0.7457865168539326 0.6964285714285714 0.7485955056179775
1 0.6488095238095238 0.6629213483146067 0.6214285714285714 0.6587078651685393 0.6226190476190476 0.7443820224719101 0.6523809523809524 0.7401685393258427
1 0.6345238095238095 0.7443820224719101 0.6047619047619047 0.7443820224719101 0.6059523809523809 0.8132022471910112 0.6333333333333333 0.8146067415730337
1 0.5988095238095238 0.7598314606741573 0.569047619047619 0.7598314606741573 0.5666666666666667 0.8258426966292135 0.594047619047619 0.8300561797752809
1 0.555952380952381 0.7289325842696629 0.5261904761904762 0.7289325842696629 0.5214285714285715 0.8188202247191011 0.5511904761904762 0.8202247191011236
1 0.5023809523809524 0.7794943820224719 0.4726190476190476 0.7794943820224719 0.46785714285714286 0.8693820224719101 0.4976190476190476 0.8707865168539326
1 0.4607142857142857 0.7794943820224719 0.4357142857142857 0.7724719101123596 0.42023809523809524 0.8567415730337079 0.45357142857142857 0.8623595505617978
1 0.4142857142857143 0.75 0.38095238095238093 0.7443820224719101 0.37142857142857144 0.8455056179775281 0.4107142857142857 0.8497191011235955
1 0.44761904761904764 0.4803370786516854 0.41785714285714287 0.47752808988764045 0.4083333333333333 0.5533707865168539 0.44047619047619047 0.5617977528089888
1 0.4 0.4508426966292135 0.37023809523809526 0.44803370786516855 0.3607142857142857 0.523876404494382 0.39404761904761904 0.5294943820224719
1 0.3535714285714286 0.49719101123595505 0.3238095238095238 0.4943820224719101 0.305952380952381 0.5730337078651685 0.3380952380952381 0.5814606741573034
1 0.3678571428571429 0.4157303370786517 0.34404761904761905 0.4143258426966292 0.3333333333333333 0.4845505617977528 0.3607142857142857 0.4901685393258427
1 0.43333333333333335 0.40870786516853935 0.4095238095238095 0.40730337078651685 0.4023809523809524 0.46348314606741575 0.430952380952381 0.4705056179775281
1 0.25952380952380955 0.6474719101123596 0.18571428571428572 0.6278089887640449 0.175 0.6629213483146067 0.2523809523809524 0.6811797752808989
1 0.1773809523809524 0.5575842696629213 0.11785714285714285 0.5323033707865169 0.10238095238095238 0.5575842696629213 0.1630952380952381 0.5926966292134831