1 0.2017857142857143 0.3967696629213483 0.04404761904761905 0.021067415730337078
1 0.20238095238095238 0.44030898876404495 0.04523809523809524 0.021067415730337078
1 0.2630952380952381 0.49087078651685395 0.047619047619047616 0.021067415730337078
1 0.20416666666666666 0.6193820224719101 0.04642857142857143 0.02247191011235955
1 0.2 0.6474719101123596 0.05 0.02247191011235955
2 0.37916666666666665 0.6193820224719101 0.025 0.07865168539325842
2 0.32142857142857145 0.5400280898876404 0.06428571428571428 0.04073033707865169
1 0.44761904761904764 0.5252808988764045 0.4297619047619048 0.5379213483146067 0.4511904761904762 0.577247191011236 0.47023809523809523 0.5660112359550562
1 0.5232142857142857 0.29634831460674155 0.02023809523809524 0.03651685393258427
2 0.525 0.18609550561797752 0.02142857142857143 0.054775280898876406
1 0.7464285714285714 0.2303370786516854 0.7583333333333333 0.24297752808988765 0.7297619047619047 0.26825842696629215 0.7166666666666667 0.2542134831460674
1 0.7892857142857143 0.199438202247191 0.763095238095238 0.21348314606741572 0.7761904761904762 0.2303370786516854 0.8011904761904762 0.21348314606741572
1 0.819047619047619 0.17837078651685392 0.7964285714285714 0.19662921348314608 0.8083333333333333 0.20786516853932585 0.8297619047619048 0.18820224719101122
1 0.7130952380952381 0.2598314606741573 0.6845238095238095 0.2794943820224719 0.6976190476190476 0.2949438202247191 0.7261904761904762 0.273876404494382
1 0.6738095238095239 0.28651685393258425 0.6416666666666667 0.30337078651685395 0.6523809523809524 0.3202247191011236 0.6821428571428572 0.30337078651685395
1 0.6464285714285715 0.32162921348314605 0.6166666666666667 0.34831460674157305 0.6011904761904762 0.33286516853932585 0.6321428571428571 0.30758426966292135
1 0.6392857142857142 0.35814606741573035 0.6023809523809524 0.3862359550561798 0.5869047619047619 0.3637640449438202 0.6226190476190476 0.33707865168539325
1 0.6547619047619048 0.3904494382022472 0.6166666666666667 0.41853932584269665 0.6035714285714285 0.39747191011235955 0.6416666666666667 0.3707865168539326
1 0.6833333333333333 0.351123595505618 0.6523809523809524 0.36797752808988765 0.6654761904761904 0.38342696629213485 0.6952380952380952 0.3651685393258427
0 0.7202380952380952 0.3160112359550562 0.7357142857142858 0.3342696629213483 0.7678571428571429 0.3103932584269663 0.7535714285714286 0.29353932584269665
1 0.7130952380952381 0.3300561797752809 0.725 0.3455056179775281 0.7011904761904761 0.3609550561797753 0.6892857142857143 0.3455056179775281
1 0.7845238095238095 0.273876404494382 0.7595238095238095 0.2907303370786517 0.7714285714285715 0.30758426966292135 0.7952380952380952 0.2893258426966292
1 0.8214285714285714 0.24859550561797752 0.794047619047619 0.26685393258426965 0.805952380952381 0.28230337078651685 0.8321428571428572 0.2612359550561798
1 0.8571428571428571 0.22331460674157302 0.830952380952381 0.23876404494382023 0.844047619047619 0.25280898876404495 0.8690476190476191 0.23595505617977527
1 0.6059523809523809 0.6797752808988764 0.016666666666666666 0.0449438202247191
1 0.5964285714285714 0.6081460674157303 0.5845238095238096 0.6179775280898876 0.6071428571428571 0.6446629213483146 0.6178571428571429 0.6348314606741573
1 0.6095238095238096 0.5575842696629213 0.5952380952380952 0.5589887640449438 0.5892857142857143 0.523876404494382 0.6047619047619047 0.523876404494382
1 0.6416666666666667 0.4887640449438202 0.6476190476190476 0.5308988764044944 0.6678571428571428 0.5294943820224719 0.6630952380952381 0.4887640449438202
1 0.638095238095238 0.4452247191011236 0.6297619047619047 0.46207865168539325 0.6678571428571428 0.4789325842696629 0.6738095238095239 0.4606741573033708
1 0.6785714285714286 0.39185393258426965 0.6880952380952381 0.41151685393258425 0.655952380952381 0.42696629213483145 0.6440476190476191 0.4058988764044944
1 0.5523809523809524 0.4747191011235955 0.5488095238095239 0.49297752808988765 0.5964285714285714 0.5028089887640449 0.5988095238095238 0.48314606741573035
1 0.6535714285714286 0.6587078651685393 0.6714285714285714 0.6558988764044944 0.6773809523809524 0.7120786516853933 0.6583333333333333 0.7148876404494382
1 0.7148809523809524 0.7148876404494382 0.04404761904761905 0.02247191011235955
1 0.7744047619047619 0.7120786516853933 0.041666666666666664 0.02247191011235955
1 0.6285714285714286 0.7542134831460674 0.6238095238095238 0.7780898876404494 0.6726190476190477 0.7893258426966292 0.675 0.7654494382022472
1 0.6291666666666667 0.8075842696629213 0.055952380952380955 0.025280898876404494
1 0.575 0.8153089887640449 0.02142857142857143 0.05196629213483146
1 0.6309523809523809 0.839185393258427 0.05238095238095238 0.026685393258426966
1 0.6904761904761905 0.8146067415730337 0.6869047619047619 0.8637640449438202 0.6654761904761904 0.8609550561797753 0.6702380952380952 0.8117977528089888