1 0.27380952380952384 0.3651685393258427 0.25476190476190474 0.4339887640449438 0.28809523809523807 0.4396067415730337 0.3047619047619048 0.3693820224719101
1 0.15833333333333333 0.7064606741573034 0.13690476190476192 0.7682584269662921 0.16904761904761906 0.773876404494382 0.18571428571428572 0.7134831460674157
1 0.7142857142857143 0.2542134831460674 0.705952380952381 0.2991573033707865 0.7285714285714285 0.2991573033707865 0.7345238095238096 0.2542134831460674
1 0.5869047619047619 0.2893258426966292 0.5869047619047619 0.3160112359550562 0.6369047619047619 0.3188202247191011 0.6404761904761904 0.2893258426966292
1 0.4976190476190476 0.15168539325842698 0.48928571428571427 0.19101123595505617 0.55 0.19662921348314608 0.555952380952381 0.16432584269662923
3 0.5523809523809524 0.37219101123595505 0.5535714285714286 0.42837078651685395 0.7595238095238095 0.4297752808988764 0.7583333333333333 0.37780898876404495
3 0.48333333333333334 0.6938202247191011 0.475 0.7584269662921348 0.7428571428571429 0.7879213483146067 0.7476190476190476 0.726123595505618
3 0.4666666666666667 0.7528089887640449 0.4583333333333333 0.8258426966292135 0.7345238095238096 0.8609550561797753 0.7392857142857143 0.8033707865168539
2 0.7523809523809524 0.25702247191011235 0.7619047619047619 0.32724719101123595 0.9678571428571429 0.3061797752808989 0.9607142857142857 0.2303370786516854
2 0.7964285714285714 0.35674157303370785 0.8630952380952381 0.5884831460674157 0.925 0.5716292134831461 0.8476190476190476 0.3455056179775281
2 0.5154761904761904 0.5365168539325843 0.5083333333333333 0.6137640449438202 0.7654761904761904 0.6601123595505618 0.7773809523809524 0.5716292134831461
2 0.5404761904761904 0.49297752808988765 0.5380952380952381 0.5589887640449438 0.7833333333333333 0.5898876404494382 0.7821428571428571 0.5224719101123596
2 0.5357142857142857 0.4199438202247191 0.5380952380952381 0.48735955056179775 0.7666666666666667 0.4887640449438202 0.7678571428571429 0.42275280898876405
3 0.5345238095238095 0.47331460674157305 0.5297619047619048 0.5154494382022472 0.7666666666666667 0.5421348314606742 0.7714285714285715 0.48174157303370785
3 0.13214285714285715 0.19662921348314608 0.11190476190476191 0.21910112359550563 0.16428571428571428 0.26685393258426965 0.19047619047619047 0.24157303370786518
1 0.11666666666666667 0.24578651685393257 0.10238095238095238 0.27247191011235955 0.15476190476190477 0.2949438202247191 0.17261904761904762 0.26685393258426965