1 0.15476190476190477 0.6348314606741573 0.13690476190476192 0.6362359550561798 0.13333333333333333 0.5828651685393258 0.15357142857142858 0.5828651685393258
1 0.12857142857142856 0.6622191011235955 0.04047619047619048 0.021067415730337078
1 0.6047619047619047 0.5639044943820225 0.01904761904761905 0.037921348314606744
1 0.5988095238095238 0.5126404494382022 0.5702380952380952 0.5351123595505618 0.5607142857142857 0.5196629213483146 0.5857142857142857 0.5
1 0.5273809523809524 0.5498595505617978 0.01904761904761905 0.04915730337078652
1 0.6654761904761904 0.7134831460674157 0.6476190476190476 0.7556179775280899 0.6321428571428571 0.7471910112359551 0.6488095238095238 0.7050561797752809
1 0.8238095238095238 0.32724719101123595 0.0380952380952381 0.016853932584269662
1 0.5797619047619048 0.44241573033707865 0.5714285714285714 0.4550561797752809 0.5333333333333333 0.43820224719101125 0.5404761904761904 0.4241573033707865
1 0.5595238095238095 0.4648876404494382 0.04523809523809524 0.016853932584269662
1 0.530952380952381 0.37359550561797755 0.5261904761904762 0.39185393258426965 0.5761904761904761 0.4002808988764045 0.5785714285714286 0.3806179775280899
1 0.1869047619047619 0.16292134831460675 0.1488095238095238 0.14606741573033707 0.16071428571428573 0.1306179775280899 0.19642857142857142 0.1446629213483146