1 0.3952380952380952 0.22331460674157302 0.38095238095238093 0.3103932584269663 0.41309523809523807 0.31179775280898875 0.4261904761904762 0.22331460674157302
1 0.5761904761904761 0.1348314606741573 0.5726190476190476 0.17275280898876405 0.65 0.1797752808988764 0.6523809523809524 0.1404494382022472
1 0.6511904761904762 0.1797752808988764 0.6488095238095238 0.21769662921348315 0.575 0.21348314606741572 0.5797619047619048 0.17696629213483145
1 0.6476190476190476 0.2205056179775281 0.6452380952380953 0.26264044943820225 0.5678571428571428 0.2612359550561798 0.5726190476190476 0.21910112359550563
1 0.5702380952380952 0.26264044943820225 0.5642857142857143 0.29775280898876405 0.6476190476190476 0.30758426966292135 0.6511904761904762 0.2696629213483146
1 0.6440476190476191 0.3202247191011236 0.6297619047619047 0.3539325842696629 0.5583333333333333 0.33286516853932585 0.575 0.2991573033707865
1 0.6 0.5154494382022472 0.6726190476190477 0.5674157303370787 0.6988095238095238 0.5308988764044944 0.6226190476190476 0.48174157303370785
1 0.305952380952381 0.5196629213483146 0.30714285714285716 0.5575842696629213 0.3880952380952381 0.5561797752808989 0.3869047619047619 0.5182584269662921
1 0.23214285714285715 0.5449438202247191 0.2714285714285714 0.5547752808988764 0.24166666666666667 0.6615168539325843 0.20238095238095238 0.648876404494382
1 0.26666666666666666 0.6264044943820225 0.25595238095238093 0.723314606741573 0.29404761904761906 0.726123595505618 0.30238095238095236 0.6292134831460674
1 0.2488095238095238 0.7598314606741573 0.2357142857142857 0.8623595505617978 0.2785714285714286 0.8637640449438202 0.2892857142857143 0.7598314606741573
2 0.6345238095238095 0.702247191011236 0.6345238095238095 0.7457865168539326 0.5654761904761905 0.7443820224719101 0.5678571428571428 0.7008426966292135
1 0.5535714285714286 0.7415730337078652 0.5464285714285714 0.7837078651685393 0.6345238095238095 0.8019662921348315 0.6428571428571429 0.7626404494382022
1 0.544047619047619 0.8047752808988764 0.5404761904761904 0.8469101123595506 0.6345238095238095 0.8581460674157303 0.638095238095238 0.8132022471910112
1 0.719047619047619 0.5969101123595506 0.7178571428571429 0.6952247191011236 0.7583333333333333 0.6966292134831461 0.7559523809523809 0.5969101123595506
1 0.7142857142857143 0.6980337078651685 0.7154761904761905 0.8047752808988764 0.7523809523809524 0.8019662921348315 0.7523809523809524 0.6980337078651685
1 0.7226190476190476 0.8103932584269663 0.7226190476190476 0.8974719101123596 0.7595238095238095 0.8974719101123596 0.7595238095238095 0.8103932584269663