1 0.48333333333333334 0.29353932584269665 0.4583333333333333 0.29353932584269665 0.46190476190476193 0.375 0.49047619047619045 0.3707865168539326
1 0.36666666666666664 0.29213483146067415 0.3142857142857143 0.2851123595505618 0.30714285714285716 0.3146067415730337 0.3619047619047619 0.324438202247191
1 0.2785714285714286 0.27668539325842695 0.20952380952380953 0.2893258426966292 0.2130952380952381 0.32303370786516855 0.2845238095238095 0.3103932584269663
1 0.1988095238095238 0.40870786516853935 0.17857142857142858 0.40870786516853935 0.1738095238095238 0.46769662921348315 0.1988095238095238 0.46629213483146065
1 0.17261904761904762 0.3960674157303371 0.14404761904761904 0.39325842696629215 0.1357142857142857 0.46629213483146065 0.1630952380952381 0.46769662921348315
1 0.5369047619047619 0.4508426966292135 0.5166666666666667 0.4396067415730337 0.4869047619047619 0.5070224719101124 0.5119047619047619 0.523876404494382
1 0.5714285714285714 0.4550561797752809 0.5511904761904762 0.4438202247191011 0.5214285714285715 0.5112359550561798 0.5464285714285714 0.5280898876404494
1 0.6107142857142858 0.46207865168539325 0.5904761904761905 0.4508426966292135 0.555952380952381 0.5154494382022472 0.5821428571428572 0.526685393258427
1 0.6488095238095238 0.4705056179775281 0.6285714285714286 0.4592696629213483 0.6 0.5140449438202247 0.6226190476190476 0.5308988764044944
1 0.7202380952380952 0.476123595505618 0.7 0.4648876404494382 0.669047619047619 0.5337078651685393 0.6952380952380952 0.5449438202247191
1 0.7607142857142857 0.48314606741573035 0.7357142857142858 0.4705056179775281 0.7047619047619048 0.5393258426966292 0.7309523809523809 0.550561797752809
1 0.8023809523809524 0.4859550561797753 0.7773809523809524 0.47331460674157305 0.7440476190476191 0.5463483146067416 0.7726190476190476 0.5575842696629213
1 0.8738095238095238 0.27808988764044945 0.8166666666666667 0.3146067415730337 0.830952380952381 0.351123595505618 0.8928571428571429 0.31741573033707865
1 0.8404761904761905 0.20926966292134833 0.7869047619047619 0.2401685393258427 0.7988095238095239 0.26825842696629215 0.8535714285714285 0.23735955056179775
1 0.8202380952380952 0.1404494382022472 0.7619047619047619 0.16853932584269662 0.7738095238095238 0.19662921348314608 0.8333333333333334 0.17134831460674158