4 0.24404761904761904 0.40308988764044945 0.24047619047619048 0.43820224719101125 0.18333333333333332 0.43820224719101125 0.18452380952380953 0.40308988764044945
1 0.12380952380952381 0.3862359550561798 0.15119047619047618 0.4452247191011236 0.175 0.4339887640449438 0.14761904761904762 0.37359550561797755
1 0.23095238095238096 0.3539325842696629 0.26666666666666666 0.4101123595505618 0.2904761904761905 0.39747191011235955 0.25595238095238093 0.3398876404494382
1 0.12023809523809524 0.24297752808988765 0.13333333333333333 0.273876404494382 0.20357142857142857 0.24157303370786518 0.19047619047619047 0.21348314606741572
1 0.23095238095238096 0.14887640449438203 0.24523809523809523 0.18258426966292135 0.3238095238095238 0.14185393258426968 0.3047619047619048 0.11376404494382023
1 0.3357142857142857 0.29213483146067415 0.3630952380952381 0.34831460674157305 0.3869047619047619 0.33707865168539325 0.3595238095238095 0.2794943820224719
1 0.38333333333333336 0.2556179775280899 0.4107142857142857 0.3146067415730337 0.43333333333333335 0.3061797752808989 0.40595238095238095 0.24578651685393257
1 0.4488095238095238 0.22893258426966293 0.4714285714285714 0.28230337078651685 0.49523809523809526 0.2710674157303371 0.47023809523809523 0.21769662921348315
1 0.4785714285714286 0.21348314606741572 0.5083333333333333 0.2654494382022472 0.5297619047619048 0.25702247191011235 0.5 0.20365168539325842
1 0.5107142857142857 0.2050561797752809 0.5357142857142857 0.25 0.555952380952381 0.24157303370786518 0.530952380952381 0.19382022471910113
1 0.5345238095238095 0.1853932584269663 0.5702380952380952 0.24719101123595505 0.594047619047619 0.23314606741573032 0.5583333333333333 0.17134831460674158
1 0.5714285714285714 0.15870786516853932 0.6 0.21629213483146068 0.625 0.2050561797752809 0.5952380952380952 0.14747191011235955
1 0.6035714285714285 0.14747191011235955 0.6321428571428571 0.20365168539325842 0.6583333333333333 0.19101123595505617 0.6261904761904762 0.13764044943820225
1 0.725 0.2247191011235955 0.763095238095238 0.2851123595505618 0.7880952380952381 0.27247191011235955 0.75 0.21207865168539325
1 0.7535714285714286 0.20365168539325842 0.7904761904761904 0.25842696629213485 0.8154761904761905 0.24578651685393257 0.7785714285714286 0.19101123595505617
1 0.7988095238095239 0.2696629213483146 0.8380952380952381 0.3300561797752809 0.861904761904762 0.31741573033707865 0.8226190476190476 0.2542134831460674
1 0.7357142857142858 0.3047752808988764 0.7666666666666667 0.36657303370786515 0.7928571428571428 0.3539325842696629 0.7607142857142857 0.2907303370786517
1 0.7 0.324438202247191 0.7333333333333333 0.38764044943820225 0.7595238095238095 0.375 0.7261904761904762 0.3103932584269663
1 0.6547619047619048 0.25702247191011235 0.6916666666666667 0.32162921348314605 0.7154761904761905 0.30758426966292135 0.6785714285714286 0.24719101123595505
1 0.625 0.27668539325842695 0.6583333333333333 0.33848314606741575 0.6833333333333333 0.32724719101123595 0.6476190476190476 0.2640449438202247
1 0.5952380952380952 0.29353932584269665 0.6285714285714286 0.3553370786516854 0.6535714285714286 0.3441011235955056 0.6190476190476191 0.28230337078651685
1 0.5619047619047619 0.3103932584269663 0.594047619047619 0.3693820224719101 0.6190476190476191 0.35674157303370785 0.5857142857142857 0.2991573033707865
1 0.6678571428571428 0.34269662921348315 0.7023809523809523 0.4058988764044944 0.7273809523809524 0.39325842696629215 0.6928571428571428 0.3300561797752809
1 0.6333333333333333 0.3609550561797753 0.6714285714285714 0.4241573033707865 0.6952380952380952 0.4101123595505618 0.6571428571428571 0.3455056179775281
1 0.44761904761904764 0.38764044943820225 0.48095238095238096 0.4438202247191011 0.5011904761904762 0.4311797752808989 0.46904761904761905 0.375
1 0.4107142857142857 0.40308988764044945 0.44285714285714284 0.4592696629213483 0.46785714285714286 0.44662921348314605 0.4369047619047619 0.3904494382022472
1 0.6488095238095238 0.5294943820224719 0.6857142857142857 0.5912921348314607 0.7119047619047619 0.577247191011236 0.675 0.5140449438202247
1 0.680952380952381 0.5056179775280899 0.719047619047619 0.5702247191011236 0.7428571428571429 0.5561797752808989 0.7071428571428572 0.4943820224719101
1 0.7142857142857143 0.4901685393258427 0.7523809523809524 0.550561797752809 0.7773809523809524 0.5365168539325843 0.7392857142857143 0.476123595505618
1 0.75 0.47331460674157305 0.7833333333333333 0.5337078651685393 0.8107142857142857 0.5168539325842697 0.7726190476190476 0.45786516853932585
1 0.7845238095238095 0.44662921348314605 0.8226190476190476 0.5098314606741573 0.8464285714285714 0.4957865168539326 0.8083333333333333 0.4353932584269663
1 0.8154761904761905 0.4297752808988764 0.8547619047619047 0.49297752808988765 0.8761904761904762 0.4789325842696629 0.8380952380952381 0.41713483146067415
1 0.8452380952380952 0.4143258426966292 0.8845238095238095 0.4747191011235955 0.9071428571428571 0.46348314606741575 0.8690476190476191 0.40308988764044945
1 0.8404761904761905 0.523876404494382 0.8773809523809524 0.5856741573033708 0.9023809523809524 0.5716292134831461 0.8642857142857143 0.5098314606741573
1 0.8095238095238095 0.5365168539325843 0.8464285714285714 0.6081460674157303 0.8738095238095238 0.5941011235955056 0.8345238095238096 0.5224719101123596
1 0.7761904761904762 0.5533707865168539 0.8154761904761905 0.6221910112359551 0.8392857142857143 0.6095505617977528 0.8 0.5393258426966292
1 0.7511904761904762 0.5814606741573034 0.7833333333333333 0.6446629213483146 0.8119047619047619 0.6292134831460674 0.7738095238095238 0.5688202247191011
1 0.7166666666666667 0.598314606741573 0.7523809523809524 0.6629213483146067 0.7761904761904762 0.648876404494382 0.7416666666666667 0.5842696629213483
1 0.7023809523809523 0.8089887640449438 0.7464285714285714 0.875 0.7738095238095238 0.8581460674157303 0.7285714285714285 0.7907303370786517
1 0.6678571428571428 0.8258426966292135 0.7071428571428572 0.8848314606741573 0.7309523809523809 0.8665730337078652 0.6928571428571428 0.8089887640449438
1 0.44642857142857145 0.6474719101123596 0.4773809523809524 0.7176966292134831 0.5023809523809524 0.7036516853932584 0.46785714285714286 0.6348314606741573
1 0.41785714285714287 0.773876404494382 0.4583333333333333 0.8412921348314607 0.48214285714285715 0.8258426966292135 0.44166666666666665 0.7584269662921348
1 0.3488095238095238 0.8174157303370787 0.38095238095238093 0.8820224719101124 0.40595238095238095 0.8665730337078652 0.3738095238095238 0.8019662921348315
1 0.23333333333333334 0.7696629213483146 0.26666666666666666 0.8469101123595506 0.29642857142857143 0.8314606741573034 0.26071428571428573 0.7584269662921348