1 0.17857142857142858 0.20926966292134833 0.1761904761904762 0.2345505617977528 0.2261904761904762 0.23595505617977527 0.22976190476190475 0.20786516853932585
1 0.1380952380952381 0.26264044943820225 0.14047619047619048 0.2851123595505618 0.18333333333333332 0.2808988764044944 0.18095238095238095 0.2556179775280899
1 0.12857142857142856 0.28370786516853935 0.1261904761904762 0.3061797752808989 0.1761904761904762 0.30196629213483145 0.1773809523809524 0.2794943820224719
1 0.2869047619047619 0.3188202247191011 0.30952380952380953 0.3342696629213483 0.33214285714285713 0.3047752808988764 0.3119047619047619 0.28651685393258425
1 0.24404761904761904 0.3707865168539326 0.26785714285714285 0.38764044943820225 0.2976190476190476 0.34831460674157305 0.275 0.3300561797752809
1 0.10476190476190476 0.523876404494382 0.12380952380952381 0.5407303370786517 0.14761904761904762 0.5070224719101124 0.13214285714285715 0.4887640449438202
2 0.1392857142857143 0.4747191011235955 0.1595238095238095 0.49297752808988765 0.2 0.4438202247191011 0.17857142857142858 0.4241573033707865
4 0.8154761904761905 0.7064606741573034 0.8202380952380952 0.7528089887640449 0.8464285714285714 0.7528089887640449 0.8404761904761905 0.702247191011236
4 0.844047619047619 0.8328651685393258 0.8285714285714286 0.8721910112359551 0.8476190476190476 0.8806179775280899 0.8642857142857143 0.8398876404494382
1 0.3880952380952381 0.6601123595505618 0.41309523809523807 0.6769662921348315 0.44285714285714284 0.6334269662921348 0.41785714285714287 0.6137640449438202
1 0.39404761904761904 0.5126404494382022 0.4095238095238095 0.5617977528089888 0.43214285714285716 0.5533707865168539 0.4154761904761905 0.5042134831460674
1 0.44166666666666665 0.5323033707865169 0.4488095238095238 0.5702247191011236 0.4630952380952381 0.574438202247191 0.4583333333333333 0.5280898876404494
1 0.475 0.5449438202247191 0.4845238095238095 0.5941011235955056 0.5035714285714286 0.5884831460674157 0.49404761904761907 0.5407303370786517
1 0.5880952380952381 0.5870786516853933 0.5964285714285714 0.6404494382022472 0.6214285714285714 0.6376404494382022 0.6154761904761905 0.5842696629213483
1 0.7178571428571429 0.6544943820224719 0.719047619047619 0.7064606741573034 0.7392857142857143 0.7092696629213483 0.7380952380952381 0.6558988764044944
1 0.75 0.6797752808988764 0.7523809523809524 0.7134831460674157 0.7738095238095238 0.7134831460674157 0.7714285714285715 0.6769662921348315
1 0.775 0.6797752808988764 0.7833333333333333 0.7359550561797753 0.8119047619047619 0.7331460674157303 0.805952380952381 0.6783707865168539
1 0.7869047619047619 0.8693820224719101 0.8130952380952381 0.8806179775280899 0.8297619047619048 0.8328651685393258 0.805952380952381 0.8202247191011236
1 0.7523809523809524 0.8609550561797753 0.7821428571428571 0.8735955056179775 0.8035714285714286 0.8188202247191011 0.7833333333333333 0.8033707865168539
1 0.4107142857142857 0.672752808988764 0.4369047619047619 0.6882022471910112 0.4654761904761905 0.6432584269662921 0.44166666666666665 0.6278089887640449
1 0.43333333333333335 0.6853932584269663 0.4595238095238095 0.702247191011236 0.4869047619047619 0.6558988764044944 0.4630952380952381 0.6404494382022472
1 0.4714285714285714 0.7050561797752809 0.49404761904761907 0.7162921348314607 0.5178571428571429 0.6671348314606742 0.4976190476190476 0.6544943820224719
1 0.5059523809523809 0.7176966292134831 0.5345238095238095 0.7303370786516854 0.5607142857142857 0.6825842696629213 0.5357142857142857 0.6699438202247191
1 0.5369047619047619 0.7401685393258427 0.5642857142857143 0.7514044943820225 0.5928571428571429 0.7008426966292135 0.569047619047619 0.6825842696629213
1 0.5642857142857143 0.7514044943820225 0.5904761904761905 0.7682584269662921 0.6202380952380953 0.7191011235955056 0.5928571428571429 0.7036516853932584
1 0.5928571428571429 0.7696629213483146 0.6178571428571429 0.7808988764044944 0.6428571428571429 0.7387640449438202 0.6202380952380953 0.723314606741573
1 0.6214285714285714 0.7907303370786517 0.6440476190476191 0.800561797752809 0.6738095238095239 0.7542134831460674 0.6547619047619048 0.7387640449438202
1 0.6916666666666667 0.8230337078651685 0.7166666666666667 0.8370786516853933 0.7428571428571429 0.7893258426966292 0.7166666666666667 0.7724719101123596
1 0.719047619047619 0.8426966292134831 0.7476190476190476 0.8553370786516854 0.7738095238095238 0.800561797752809 0.7476190476190476 0.7837078651685393