4 0.16904761904761906 0.5884831460674157 0.16785714285714284 0.6811797752808989 0.21071428571428572 0.6797752808988764 0.20952380952380953 0.5856741573033708
1 0.11666666666666667 0.23595505617977527 0.15 0.23595505617977527 0.15 0.17415730337078653 0.11547619047619048 0.17275280898876405
1 0.1595238095238095 0.2556179775280899 0.1976190476190476 0.25702247191011235 0.19523809523809524 0.1699438202247191 0.1630952380952381 0.16573033707865167
1 0.20238095238095238 0.25 0.23214285714285715 0.25 0.24047619047619048 0.175561797752809 0.20714285714285716 0.17415730337078653
1 0.45357142857142857 0.2205056179775281 0.48214285714285715 0.2205056179775281 0.4785714285714286 0.16292134831460675 0.45 0.16432584269662923
1 0.6440476190476191 0.21067415730337077 0.6761904761904762 0.20926966292134833 0.669047619047619 0.14606741573033707 0.6416666666666667 0.14606741573033707
1 0.6071428571428571 0.2148876404494382 0.6404761904761904 0.21207865168539325 0.6333333333333333 0.15308988764044945 0.6023809523809524 0.15730337078651685
1 0.29285714285714287 0.22612359550561797 0.31547619047619047 0.22612359550561797 0.319047619047619 0.1699438202247191 0.29285714285714287 0.1699438202247191
1 0.3607142857142857 0.22191011235955055 0.39285714285714285 0.2247191011235955 0.39285714285714285 0.17134831460674158 0.36428571428571427 0.17134831460674158
1 0.4142857142857143 0.22612359550561797 0.44047619047619047 0.22612359550561797 0.4392857142857143 0.175561797752809 0.4166666666666667 0.17415730337078653
1 0.49047619047619045 0.22331460674157302 0.5214285714285715 0.2205056179775281 0.513095238095238 0.1544943820224719 0.4857142857142857 0.16573033707865167
1 0.5261904761904762 0.21207865168539325 0.5547619047619048 0.2148876404494382 0.5511904761904762 0.15308988764044945 0.5226190476190476 0.15168539325842698
1 0.5654761904761905 0.199438202247191 0.5857142857142857 0.19662921348314608 0.5833333333333334 0.15308988764044945 0.5595238095238095 0.1544943820224719
1 0.85 0.20646067415730338 0.8809523809523809 0.20365168539325842 0.8738095238095238 0.13904494382022473 0.8452380952380952 0.14185393258426968
1 0.8107142857142857 0.21348314606741572 0.8404761904761905 0.20926966292134833 0.8345238095238096 0.14887640449438203 0.8023809523809524 0.14887640449438203
1 0.7714285714285715 0.21348314606741572 0.8 0.21207865168539325 0.794047619047619 0.1502808988764045 0.7666666666666667 0.1544943820224719
1 0.7297619047619047 0.21769662921348315 0.7595238095238095 0.21769662921348315 0.7523809523809524 0.15870786516853932 0.7166666666666667 0.16432584269662923
1 0.6892857142857143 0.2247191011235955 0.7154761904761905 0.22612359550561797 0.7095238095238096 0.16432584269662923 0.6833333333333333 0.16573033707865167
1 0.24642857142857144 0.2247191011235955 0.2726190476190476 0.22752808988764045 0.275 0.17134831460674158 0.2523809523809524 0.1699438202247191