1 0.19285714285714287 0.23314606741573032 0.14761904761904762 0.2752808988764045 0.17023809523809524 0.300561797752809 0.20952380952380953 0.25842696629213485
1 0.22142857142857142 0.24859550561797752 0.17023809523809524 0.3089887640449438 0.1988095238095238 0.32724719101123595 0.2392857142857143 0.2612359550561798
1 0.2571428571428571 0.26685393258426965 0.20952380952380953 0.3258426966292135 0.2369047619047619 0.33848314606741575 0.275 0.2851123595505618
1 0.2833333333333333 0.29353932584269665 0.24166666666666667 0.34691011235955055 0.2630952380952381 0.3707865168539326 0.305952380952381 0.3146067415730337
1 0.319047619047619 0.3188202247191011 0.2714285714285714 0.37640449438202245 0.29285714285714287 0.3904494382022472 0.3392857142857143 0.3342696629213483
1 0.34523809523809523 0.34129213483146065 0.2988095238095238 0.4002808988764045 0.3273809523809524 0.42837078651685395 0.3726190476190476 0.36657303370786515
1 0.3726190476190476 0.37640449438202245 0.3357142857142857 0.43258426966292135 0.35595238095238096 0.4550561797752809 0.3952380952380952 0.3904494382022472
1 0.41904761904761906 0.3960674157303371 0.37023809523809526 0.4550561797752809 0.3904761904761905 0.47752808988764045 0.4392857142857143 0.41713483146067415
1 0.45 0.42134831460674155 0.4035714285714286 0.47331460674157305 0.4261904761904762 0.49297752808988765 0.4666666666666667 0.43820224719101125
1 0.5142857142857142 0.45646067415730335 0.46904761904761905 0.523876404494382 0.49404761904761907 0.5421348314606742 0.5369047619047619 0.4803370786516854
1 0.5452380952380952 0.4887640449438202 0.5059523809523809 0.5547752808988764 0.5321428571428571 0.577247191011236 0.569047619047619 0.5140449438202247
1 0.5869047619047619 0.5014044943820225 0.5380952380952381 0.5730337078651685 0.5642857142857143 0.5912921348314607 0.611904761904762 0.5196629213483146
1 0.6226190476190476 0.5393258426966292 0.5738095238095238 0.6179775280898876 0.5988095238095238 0.6404494382022472 0.6464285714285715 0.5589887640449438
1 0.655952380952381 0.5730337078651685 0.6059523809523809 0.6390449438202247 0.6309523809523809 0.6629213483146067 0.6773809523809524 0.5926966292134831
1 0.6916666666666667 0.5941011235955056 0.6476190476190476 0.6699438202247191 0.6785714285714286 0.6839887640449438 0.7154761904761905 0.6039325842696629
1 0.725 0.6207865168539326 0.6833333333333333 0.6882022471910112 0.7095238095238096 0.7078651685393258 0.7511904761904762 0.6460674157303371
1 0.7642857142857142 0.6404494382022472 0.7238095238095238 0.7148876404494382 0.7464285714285714 0.7345505617977528 0.7880952380952381 0.6629213483146067
1 0.16071428571428573 0.8370786516853933 0.10595238095238095 0.7808988764044944 0.08571428571428572 0.8174157303370787 0.14166666666666666 0.8609550561797753