1 0.7761904761904762 0.8202247191011236 0.08333333333333333 0.042134831460674156
1 0.7714285714285715 0.7780898876404494 0.08571428571428572 0.042134831460674156
1 0.7625 0.7345505617977528 0.07976190476190476 0.03651685393258427
1 0.7559523809523809 0.6910112359550562 0.08095238095238096 0.03651685393258427
1 0.6303571428571428 0.8455056179775281 0.08214285714285714 0.03932584269662921
1 0.6273809523809524 0.8061797752808989 0.07857142857142857 0.03932584269662921
1 0.6232142857142857 0.7675561797752809 0.07738095238095238 0.04073033707865169
1 0.5357142857142857 0.8103932584269663 0.08333333333333333 0.042134831460674156
1 0.5369047619047619 0.7303370786516854 0.08095238095238096 0.03651685393258427
1 0.3863095238095238 0.8125 0.08452380952380953 0.04073033707865169
1 0.3821428571428571 0.7696629213483146 0.08333333333333333 0.03651685393258427
1 0.40476190476190477 0.6924157303370787 0.07380952380952381 0.03651685393258427
1 0.5607142857142857 0.6193820224719101 0.07857142857142857 0.03651685393258427
1 0.37916666666666665 0.6151685393258427 0.075 0.03932584269662921
1 0.2845238095238095 0.610252808988764 0.07380952380952381 0.0351123595505618
1 0.7202380952380952 0.6060393258426966 0.07142857142857142 0.04353932584269663
1 0.718452380952381 0.5617977528089888 0.08452380952380953 0.03651685393258427
1 0.7130952380952381 0.5210674157303371 0.07380952380952381 0.03651685393258427
1 0.7089285714285715 0.48314606741573035 0.07738095238095238 0.03932584269662921
1 0.7136904761904762 0.4452247191011236 0.07738095238095238 0.033707865168539325
1 0.7125 0.4101123595505618 0.07261904761904762 0.033707865168539325
1 0.7095238095238096 0.37570224719101125 0.06904761904761905 0.0351123595505618
1 0.705952380952381 0.3398876404494382 0.06666666666666667 0.028089887640449437
1 0.6988095238095238 0.2830056179775281 0.06904761904761905 0.032303370786516857
1 0.5630952380952381 0.5344101123595506 0.07142857142857142 0.032303370786516857
1 0.5714285714285714 0.49859550561797755 0.07380952380952381 0.033707865168539325
1 0.5726190476190476 0.46558988764044945 0.07380952380952381 0.0351123595505618
1 0.5720238095238095 0.42907303370786515 0.075 0.0351123595505618
1 0.5720238095238095 0.3960674157303371 0.07261904761904762 0.033707865168539325
1 0.5738095238095238 0.3342696629213483 0.06666666666666667 0.03089887640449438
1 0.5744047619047619 0.30337078651685395 0.07023809523809524 0.028089887640449437
1 0.575 0.27247191011235955 0.06190476190476191 0.028089887640449437
1 0.575 0.24297752808988765 0.06190476190476191 0.028089887640449437
1 0.4226190476190476 0.25491573033707865 0.06904761904761905 0.0351123595505618
1 0.36428571428571427 0.4199438202247191 0.430952380952381 0.42837078651685395 0.42738095238095236 0.4648876404494382 0.3607142857142857 0.45646067415730335
1 0.37023809523809526 0.38764044943820225 0.4369047619047619 0.3960674157303371 0.43333333333333335 0.43258426966292135 0.36666666666666664 0.4241573033707865
1 0.3738095238095238 0.3539325842696629 0.44047619047619047 0.36235955056179775 0.4369047619047619 0.398876404494382 0.37023809523809526 0.3904494382022472
1 0.3761904761904762 0.32724719101123595 0.44285714285714284 0.3356741573033708 0.4392857142857143 0.37219101123595505 0.3726190476190476 0.3637640449438202
1 0.375 0.2907303370786517 0.44166666666666665 0.2991573033707865 0.44166666666666665 0.3342696629213483 0.37023809523809526 0.324438202247191
1 0.2785714285714286 0.43820224719101125 0.3464285714285714 0.43258426966292135 0.34523809523809523 0.46629213483146065 0.2785714285714286 0.4705056179775281
1 0.2833333333333333 0.4002808988764045 0.35119047619047616 0.3946629213483146 0.35 0.42837078651685395 0.2833333333333333 0.43258426966292135
1 0.2916666666666667 0.36657303370786515 0.3595238095238095 0.3609550561797753 0.35833333333333334 0.3946629213483146 0.2916666666666667 0.398876404494382
1 0.29285714285714287 0.3300561797752809 0.3607142857142857 0.3300561797752809 0.3619047619047619 0.3609550561797753 0.2916666666666667 0.3595505617977528
1 0.2988095238095238 0.300561797752809 0.37023809523809526 0.2991573033707865 0.3678571428571429 0.32724719101123595 0.3011904761904762 0.33286516853932585
1 0.30952380952380953 0.26685393258426965 0.3678571428571429 0.2640449438202247 0.37023809523809526 0.2991573033707865 0.305952380952381 0.2991573033707865
1 0.3547619047619048 0.1348314606741573 0.35119047619047616 0.16292134831460675 0.4142857142857143 0.1699438202247191 0.41785714285714287 0.1404494382022472
1 0.24285714285714285 0.18820224719101122 0.30714285714285716 0.199438202247191 0.3011904761904762 0.22893258426966293 0.23809523809523808 0.21769662921348315
1 0.24761904761904763 0.16292134831460675 0.3119047619047619 0.17415730337078653 0.305952380952381 0.20365168539325842 0.24285714285714285 0.19241573033707865
1 0.25476190476190474 0.1348314606741573 0.319047619047619 0.14606741573033707 0.3130952380952381 0.175561797752809 0.25 0.16432584269662923