4 0.819047619047619 0.1601123595505618 0.8071428571428572 0.19382022471910113 0.8238095238095238 0.19803370786516855 0.8333333333333334 0.16853932584269662
1 0.8428571428571429 0.1699438202247191 0.830952380952381 0.20365168539325842 0.8464285714285714 0.20786516853932585 0.8595238095238096 0.17415730337078653
2 0.3547619047619048 0.49859550561797755 0.4166666666666667 0.5323033707865169 0.43452380952380953 0.4887640449438202 0.36428571428571427 0.45786516853932585
2 0.555952380952381 0.5224719101123596 0.5523809523809524 0.5660112359550562 0.6273809523809524 0.5969101123595506 0.6416666666666667 0.5561797752808989
4 0.2785714285714286 0.5070224719101124 0.25952380952380955 0.5435393258426966 0.2785714285714286 0.5589887640449438 0.3 0.5182584269662921
3 0.46190476190476193 0.5126404494382022 0.44761904761904764 0.5421348314606742 0.4928571428571429 0.5646067415730337 0.5059523809523809 0.5379213483146067
1 0.28809523809523807 0.6278089887640449 0.2761904761904762 0.6502808988764045 0.32261904761904764 0.6769662921348315 0.33690476190476193 0.651685393258427
1 0.27380952380952384 0.6530898876404494 0.2619047619047619 0.6825842696629213 0.3011904761904762 0.7064606741573034 0.31666666666666665 0.6811797752808989
1 0.23809523809523808 0.7092696629213483 0.22142857142857142 0.7373595505617978 0.26904761904761904 0.7696629213483146 0.2892857142857143 0.7443820224719101
1 0.21904761904761905 0.7401685393258427 0.20238095238095238 0.7654494382022472 0.2571428571428571 0.7991573033707865 0.26904761904761904 0.773876404494382
1 0.43214285714285716 0.8061797752808989 0.42023809523809524 0.8398876404494382 0.4773809523809524 0.8651685393258427 0.4857142857142857 0.8314606741573034
1 0.46190476190476193 0.7710674157303371 0.44761904761904764 0.7991573033707865 0.49523809523809526 0.8286516853932584 0.5107142857142857 0.7963483146067416
1 0.4714285714285714 0.7373595505617978 0.4595238095238095 0.7654494382022472 0.5166666666666667 0.7963483146067416 0.5285714285714286 0.7626404494382022
1 0.4773809523809524 0.7106741573033708 0.4666666666666667 0.7373595505617978 0.5166666666666667 0.7584269662921348 0.5297619047619048 0.7345505617977528
1 0.4988095238095238 0.672752808988764 0.4857142857142857 0.7008426966292135 0.5345238095238095 0.7289325842696629 0.5476190476190477 0.702247191011236
1 0.5261904761904762 0.6699438202247191 0.5404761904761904 0.7008426966292135 0.5928571428571429 0.6713483146067416 0.5833333333333334 0.6446629213483146