1 0.39166666666666666 0.6207865168539326 0.4154761904761905 0.6165730337078652 0.425 0.6938202247191011 0.3964285714285714 0.6938202247191011
1 0.39166666666666666 0.39185393258426965 0.39166666666666666 0.42134831460674155 0.33214285714285713 0.4241573033707865 0.34285714285714286 0.38764044943820225
1 0.3416666666666667 0.3637640449438202 0.3416666666666667 0.38764044943820225 0.3892857142857143 0.3862359550561798 0.3904761904761905 0.3651685393258427
1 0.35 0.3342696629213483 0.34523809523809523 0.35814606741573035 0.4023809523809524 0.3651685393258427 0.4035714285714286 0.3398876404494382
1 0.3595238095238095 0.30196629213483145 0.3547619047619048 0.32724719101123595 0.4107142857142857 0.33286516853932585 0.4142857142857143 0.3047752808988764
1 0.5226190476190476 0.49719101123595505 0.5476190476190477 0.4901685393258427 0.5523809523809524 0.5603932584269663 0.5285714285714286 0.5646067415730337
1 0.5773809523809523 0.5028089887640449 0.6047619047619047 0.5028089887640449 0.6095238095238096 0.5800561797752809 0.5773809523809523 0.5800561797752809
1 0.6273809523809524 0.5379213483146067 0.6535714285714286 0.5393258426966292 0.6535714285714286 0.5955056179775281 0.625 0.5969101123595506
1 0.8119047619047619 0.49297752808988765 0.8380952380952381 0.49297752808988765 0.8428571428571429 0.547752808988764 0.8166666666666667 0.550561797752809
1 0.8541666666666666 0.39115168539325845 0.0630952380952381 0.032303370786516857
1 0.8178571428571428 0.2991573033707865 0.8226190476190476 0.32724719101123595 0.8821428571428571 0.33146067415730335 0.8773809523809524 0.30196629213483145
1 0.8083333333333333 0.26264044943820225 0.8130952380952381 0.2949438202247191 0.8761904761904762 0.2893258426966292 0.861904761904762 0.2598314606741573
1 0.8095238095238095 0.24157303370786518 0.8154761904761905 0.2612359550561798 0.8607142857142858 0.2598314606741573 0.8607142857142858 0.23735955056179775
1 0.8107142857142857 0.21067415730337077 0.8166666666666667 0.23735955056179775 0.8583333333333333 0.2345505617977528 0.8559523809523809 0.20926966292134833
1 0.4976190476190476 0.38764044943820225 0.5035714285714286 0.41292134831460675 0.5595238095238095 0.4101123595505618 0.5547619047619048 0.3693820224719101
1 0.4988095238095238 0.34691011235955055 0.5 0.37640449438202245 0.555952380952381 0.3693820224719101 0.5523809523809524 0.351123595505618
1 0.5011904761904762 0.324438202247191 0.5011904761904762 0.34691011235955055 0.5452380952380952 0.34831460674157305 0.55 0.3258426966292135
1 0.4988095238095238 0.30196629213483145 0.5011904761904762 0.32724719101123595 0.5595238095238095 0.32303370786516855 0.5595238095238095 0.2991573033707865
1 0.5011904761904762 0.2808988764044944 0.5011904761904762 0.2991573033707865 0.5571428571428572 0.2991573033707865 0.5571428571428572 0.2794943820224719
1 0.4976190476190476 0.24719101123595505 0.4976190476190476 0.2710674157303371 0.5583333333333333 0.27247191011235955 0.5583333333333333 0.24859550561797752
1 0.5059523809523809 0.2247191011235955 0.5047619047619047 0.2443820224719101 0.5488095238095239 0.24297752808988765 0.55 0.2247191011235955
1 0.4976190476190476 0.20365168539325842 0.4988095238095238 0.22331460674157302 0.5547619047619048 0.22331460674157302 0.5535714285714286 0.20084269662921347
1 0.5023809523809524 0.175561797752809 0.5 0.1952247191011236 0.5523809523809524 0.20084269662921347 0.555952380952381 0.1797752808988764
1 0.4988095238095238 0.15870786516853932 0.4988095238095238 0.18117977528089887 0.5535714285714286 0.18117977528089887 0.5535714285714286 0.15870786516853932
1 0.5035714285714286 0.13764044943820225 0.5035714285714286 0.1601123595505618 0.5523809523809524 0.1601123595505618 0.5523809523809524 0.13764044943820225
1 0.36904761904761907 0.18117977528089887 0.36904761904761907 0.20365168539325842 0.42142857142857143 0.2050561797752809 0.42023809523809524 0.18258426966292135
1 0.3630952380952381 0.20646067415730338 0.3607142857142857 0.2303370786516854 0.4083333333333333 0.23174157303370788 0.4107142857142857 0.20786516853932585
1 0.3607142857142857 0.22893258426966293 0.35833333333333334 0.25842696629213485 0.4083333333333333 0.25842696629213485 0.4119047619047619 0.23876404494382023