1 0.7666666666666667 0.6404494382022472 0.7095238095238096 0.6390449438202247 0.7095238095238096 0.6783707865168539 0.7690476190476191 0.6783707865168539
1 0.6773809523809524 0.6348314606741573 0.6 0.6418539325842697 0.6 0.675561797752809 0.6785714285714286 0.6741573033707865
1 0.5726190476190476 0.6376404494382022 0.49523809523809526 0.6446629213483146 0.49523809523809526 0.6783707865168539 0.5738095238095238 0.6769662921348315
1 0.4738095238095238 0.6306179775280899 0.4011904761904762 0.6348314606741573 0.4011904761904762 0.6685393258426966 0.4726190476190476 0.6657303370786517
1 0.38095238095238093 0.6264044943820225 0.30357142857142855 0.6334269662921348 0.30357142857142855 0.6671348314606742 0.3821428571428571 0.6657303370786517
1 0.2857142857142857 0.625 0.2119047619047619 0.6292134831460674 0.2119047619047619 0.6657303370786517 0.2869047619047619 0.6643258426966292
1 0.2642857142857143 0.23595505617977527 0.19285714285714287 0.23876404494382023 0.19285714285714287 0.27247191011235955 0.2642857142857143 0.26825842696629215
1 0.7023809523809523 0.12359550561797752 0.625 0.1306179775280899 0.6261904761904762 0.16713483146067415 0.7035714285714286 0.16292134831460675
3 0.4726190476190476 0.29353932584269665 0.24404761904761904 0.29634831460674155 0.2488095238095238 0.36657303370786515 0.475 0.351123595505618
3 0.6178571428571429 0.3595505617977528 0.3416666666666667 0.3398876404494382 0.3392857142857143 0.41853932584269665 0.6154761904761905 0.43258426966292135
3 0.7333333333333333 0.3356741573033708 0.48333333333333334 0.2851123595505618 0.48214285714285715 0.35814606741573035 0.7261904761904762 0.3890449438202247
2 0.6702380952380952 0.23876404494382023 0.5761904761904761 0.23735955056179775 0.5761904761904761 0.29775280898876405 0.6773809523809524 0.300561797752809