1 0.2988095238095238 0.24859550561797752 0.33214285714285713 0.22331460674157302 0.32142857142857145 0.20646067415730338 0.2857142857142857 0.23174157303370788
1 0.3119047619047619 0.2710674157303371 0.35 0.24859550561797752 0.3416666666666667 0.22752808988764045 0.2976190476190476 0.2556179775280899
1 0.33214285714285713 0.2907303370786517 0.37142857142857144 0.26264044943820225 0.3607142857142857 0.24578651685393257 0.31785714285714284 0.273876404494382
1 0.4488095238095238 0.2401685393258427 0.4607142857142857 0.22752808988764045 0.44047619047619047 0.19803370786516855 0.425 0.20646067415730338
1 0.4976190476190476 0.26825842696629215 0.5154761904761904 0.26685393258426965 0.5095238095238095 0.22752808988764045 0.49047619047619045 0.2303370786516854
1 0.5523809523809524 0.2556179775280899 0.5678571428571428 0.24157303370786518 0.5369047619047619 0.21348314606741572 0.5190476190476191 0.22331460674157302
1 0.580952380952381 0.4002808988764045 0.6214285714285714 0.37359550561797755 0.6095238095238096 0.35814606741573035 0.5678571428571428 0.38202247191011235
1 0.6023809523809524 0.425561797752809 0.6392857142857142 0.3946629213483146 0.6273809523809524 0.37780898876404495 0.5857142857142857 0.4101123595505618
1 0.6261904761904762 0.44241573033707865 0.669047619047619 0.4199438202247191 0.6595238095238095 0.40168539325842695 0.6154761904761905 0.425561797752809
1 0.4869047619047619 0.5168539325842697 0.5261904761904762 0.4845505617977528 0.5154761904761904 0.4705056179775281 0.4773809523809524 0.5
1 0.5023809523809524 0.5379213483146067 0.5380952380952381 0.5098314606741573 0.5273809523809524 0.49297752808988765 0.4857142857142857 0.5182584269662921
1 0.5142857142857142 0.5660112359550562 0.5547619047619048 0.5323033707865169 0.5428571428571428 0.5168539325842697 0.5035714285714286 0.5407303370786517
1 0.544047619047619 0.5926966292134831 0.5785714285714286 0.5519662921348315 0.5607142857142857 0.5393258426966292 0.5261904761904762 0.577247191011236
1 0.6285714285714286 0.6025280898876404 0.638095238095238 0.577247191011236 0.580952380952381 0.5617977528089888 0.5738095238095238 0.5856741573033708
1 0.5642857142857143 0.6544943820224719 0.5321428571428571 0.6151685393258427 0.5154761904761904 0.6264044943820225 0.544047619047619 0.6671348314606742
1 0.7464285714285714 0.5196629213483146 0.7607142857142857 0.5042134831460674 0.7321428571428571 0.4747191011235955 0.7142857142857143 0.4887640449438202
1 0.7785714285714286 0.5084269662921348 0.794047619047619 0.49157303370786515 0.7654761904761904 0.4592696629213483 0.7464285714285714 0.4705056179775281
1 0.8380952380952381 0.6867977528089888 0.8833333333333333 0.6629213483146067 0.8666666666666667 0.6418539325842697 0.8202380952380952 0.6685393258426966
1 0.861904761904762 0.7247191011235955 0.9071428571428571 0.6924157303370787 0.888095238095238 0.6685393258426966 0.8428571428571429 0.7036516853932584
1 0.3821428571428571 0.7907303370786517 0.39285714285714285 0.7696629213483146 0.3464285714285714 0.7415730337078652 0.33095238095238094 0.7570224719101124
1 0.3464285714285714 0.8188202247191011 0.3607142857142857 0.7963483146067416 0.3119047619047619 0.7654494382022472 0.29404761904761906 0.7907303370786517
1 0.3119047619047619 0.8455056179775281 0.32261904761904764 0.8216292134831461 0.2702380952380952 0.7949438202247191 0.25595238095238093 0.8188202247191011
1 0.7821428571428571 0.8497191011235955 0.8238095238095238 0.8132022471910112 0.7976190476190477 0.797752808988764 0.7619047619047619 0.8286516853932584