1 0.5178571428571429 0.7752808988764045 0.49047619047619045 0.7752808988764045 0.4880952380952381 0.8455056179775281 0.5214285714285715 0.8441011235955056
1 0.5202380952380953 0.6938202247191011 0.49404761904761907 0.6924157303370787 0.49166666666666664 0.7626404494382022 0.5226190476190476 0.7584269662921348
1 0.5226190476190476 0.6025280898876404 0.49642857142857144 0.601123595505618 0.49404761904761907 0.6699438202247191 0.5202380952380953 0.6699438202247191
1 0.5238095238095238 0.5154494382022472 0.4976190476190476 0.5140449438202247 0.49523809523809526 0.5828651685393258 0.5214285714285715 0.5828651685393258
1 0.5238095238095238 0.40870786516853935 0.4976190476190476 0.40730337078651685 0.49523809523809526 0.476123595505618 0.5214285714285715 0.476123595505618
1 0.5261904761904762 0.34691011235955055 0.5 0.3455056179775281 0.5 0.4058988764044944 0.525 0.4058988764044944
1 0.525 0.273876404494382 0.4988095238095238 0.27247191011235955 0.4988095238095238 0.33286516853932585 0.5238095238095238 0.33286516853932585
1 0.525 0.18820224719101122 0.4988095238095238 0.18679775280898878 0.4988095238095238 0.24719101123595505 0.5238095238095238 0.24719101123595505
1 0.5273809523809524 0.12219101123595505 0.5011904761904762 0.12078651685393259 0.5011904761904762 0.18117977528089887 0.5261904761904762 0.18117977528089887
1 0.3952380952380952 0.1502808988764045 0.36904761904761907 0.14887640449438203 0.36428571428571427 0.20926966292134833 0.3880952380952381 0.20786516853932585
1 0.3892857142857143 0.21348314606741572 0.3630952380952381 0.21207865168539325 0.36428571428571427 0.2640449438202247 0.3880952380952381 0.26685393258426965
1 0.38571428571428573 0.2640449438202247 0.3595238095238095 0.26264044943820225 0.35833333333333334 0.324438202247191 0.38571428571428573 0.32303370786516855
1 0.38333333333333336 0.3300561797752809 0.35714285714285715 0.32865168539325845 0.35595238095238096 0.3904494382022472 0.38333333333333336 0.3890449438202247
1 0.38095238095238093 0.39325842696629215 0.3547619047619048 0.39185393258426965 0.3535714285714286 0.45365168539325845 0.37857142857142856 0.45786516853932585
1 0.3773809523809524 0.4592696629213483 0.35119047619047616 0.45786516853932585 0.35 0.5323033707865169 0.38095238095238093 0.5323033707865169
1 0.3761904761904762 0.5407303370786517 0.35 0.5393258426966292 0.3488095238095238 0.6081460674157303 0.3773809523809524 0.6067415730337079
4 0.42857142857142855 0.651685393258427 0.3964285714285714 0.651685393258427 0.39166666666666666 0.7710674157303371 0.42738095238095236 0.7710674157303371
1 0.6678571428571428 0.6264044943820225 0.6047619047619047 0.6264044943820225 0.6035714285714285 0.6601123595505618 0.6714285714285714 0.6601123595505618
1 0.6345238095238095 0.24719101123595505 0.5773809523809523 0.25280898876404495 0.5773809523809523 0.28651685393258425 0.638095238095238 0.27668539325842695
1 0.6095238095238096 0.7471910112359551 0.5821428571428572 0.7457865168539326 0.580952380952381 0.827247191011236 0.6107142857142858 0.827247191011236
1 0.611904761904762 0.6643258426966292 0.5845238095238096 0.6629213483146067 0.5857142857142857 0.7373595505617978 0.6107142857142858 0.7401685393258427
1 0.6440476190476191 0.6699438202247191 0.6166666666666667 0.6685393258426966 0.6178571428571429 0.7429775280898876 0.6488095238095238 0.7443820224719101
1 0.6440476190476191 0.7485955056179775 0.6166666666666667 0.7471910112359551 0.6202380952380953 0.8328651685393258 0.6488095238095238 0.8300561797752809
1 0.680952380952381 0.75 0.6535714285714286 0.7485955056179775 0.6571428571428571 0.8342696629213483 0.6857142857142857 0.8314606741573034
1 0.6773809523809524 0.6671348314606742 0.65 0.6657303370786517 0.6535714285714286 0.7514044943820225 0.6821428571428572 0.7485955056179775
1 0.7130952380952381 0.6685393258426966 0.6857142857142857 0.6671348314606742 0.6904761904761905 0.7443820224719101 0.719047619047619 0.7457865168539326
1 0.719047619047619 0.7514044943820225 0.6916666666666667 0.75 0.6964285714285714 0.827247191011236 0.725 0.8286516853932584
1 0.7583333333333333 0.75 0.7309523809523809 0.7485955056179775 0.7345238095238096 0.8300561797752809 0.7666666666666667 0.8300561797752809
1 0.7511904761904762 0.6643258426966292 0.7238095238095238 0.6629213483146067 0.7273809523809524 0.7443820224719101 0.7547619047619047 0.7443820224719101
1 0.7869047619047619 0.6699438202247191 0.7595238095238095 0.6685393258426966 0.7678571428571429 0.7485955056179775 0.7976190476190477 0.7485955056179775
1 0.7964285714285714 0.75 0.7690476190476191 0.7485955056179775 0.7773809523809524 0.8286516853932584 0.8071428571428572 0.8286516853932584
1 0.8357142857142857 0.75 0.8083333333333333 0.7485955056179775 0.8166666666666667 0.8286516853932584 0.8464285714285714 0.8286516853932584
1 0.8226190476190476 0.6629213483146067 0.7952380952380952 0.6615168539325843 0.8035714285714286 0.7415730337078652 0.8333333333333334 0.7415730337078652
1 0.8571428571428571 0.6615168539325843 0.8297619047619048 0.6601123595505618 0.8380952380952381 0.7401685393258427 0.8678571428571429 0.7401685393258427
1 0.8773809523809524 0.7542134831460674 0.85 0.7528089887640449 0.8583333333333333 0.8328651685393258 0.888095238095238 0.8328651685393258
1 0.8583333333333333 0.5014044943820225 0.830952380952381 0.5 0.8333333333333334 0.574438202247191 0.8630952380952381 0.5730337078651685
1 0.8226190476190476 0.4957865168539326 0.7952380952380952 0.4943820224719101 0.7976190476190477 0.5688202247191011 0.8273809523809523 0.5674157303370787
1 0.7845238095238095 0.4943820224719101 0.7571428571428571 0.49297752808988765 0.7595238095238095 0.5674157303370787 0.7892857142857143 0.5660112359550562
1 0.7488095238095238 0.49859550561797755 0.7214285714285714 0.49719101123595505 0.7238095238095238 0.5716292134831461 0.7535714285714286 0.5702247191011236
1 0.719047619047619 0.5042134831460674 0.6916666666666667 0.5028089887640449 0.694047619047619 0.577247191011236 0.7238095238095238 0.5758426966292135
1 0.6821428571428572 0.5042134831460674 0.6547619047619048 0.5028089887640449 0.6571428571428571 0.577247191011236 0.6869047619047619 0.5758426966292135
1 0.6476190476190476 0.5028089887640449 0.6202380952380953 0.5014044943820225 0.6226190476190476 0.5758426966292135 0.6523809523809524 0.574438202247191
1 0.6107142857142858 0.5042134831460674 0.5833333333333334 0.5028089887640449 0.5857142857142857 0.577247191011236 0.6154761904761905 0.5758426966292135
1 0.611904761904762 0.43258426966292135 0.5845238095238096 0.4311797752808989 0.5869047619047619 0.5056179775280899 0.6166666666666667 0.5042134831460674
1 0.6476190476190476 0.42696629213483145 0.6202380952380953 0.425561797752809 0.6226190476190476 0.49859550561797755 0.6488095238095238 0.49719101123595505
1 0.6785714285714286 0.43258426966292135 0.6511904761904762 0.4311797752808989 0.6547619047619048 0.5028089887640449 0.6797619047619048 0.5028089887640449
1 0.7130952380952381 0.4311797752808989 0.6857142857142857 0.4297752808988764 0.6892857142857143 0.5014044943820225 0.7142857142857143 0.5014044943820225
1 0.7452380952380953 0.42696629213483145 0.7178571428571429 0.425561797752809 0.7214285714285714 0.49719101123595505 0.7464285714285714 0.49719101123595505
1 0.7797619047619048 0.42134831460674155 0.7523809523809524 0.4199438202247191 0.7559523809523809 0.49157303370786515 0.780952380952381 0.49157303370786515
1 0.8178571428571428 0.425561797752809 0.7904761904761904 0.4241573033707865 0.794047619047619 0.4957865168539326 0.819047619047619 0.4957865168539326
1 0.8523809523809524 0.42837078651685395 0.825 0.42696629213483145 0.8285714285714286 0.49859550561797755 0.8535714285714285 0.49859550561797755
1 0.8380952380952381 0.3637640449438202 0.8142857142857143 0.3693820224719101 0.8214285714285714 0.42837078651685395 0.8464285714285714 0.42696629213483145
1 0.875 0.3637640449438202 0.8511904761904762 0.3693820224719101 0.8583333333333333 0.42837078651685395 0.8833333333333333 0.42696629213483145
1 0.8690476190476191 0.2949438202247191 0.8452380952380952 0.300561797752809 0.8523809523809524 0.3595505617977528 0.8773809523809524 0.35814606741573035
1 0.8345238095238096 0.29213483146067415 0.8107142857142857 0.29775280898876405 0.8178571428571428 0.35674157303370785 0.8428571428571429 0.3553370786516854
1 0.8023809523809524 0.2907303370786517 0.7785714285714286 0.29634831460674155 0.7821428571428571 0.35674157303370785 0.8107142857142857 0.3539325842696629
1 0.7654761904761904 0.29213483146067415 0.7416666666666667 0.29775280898876405 0.7452380952380953 0.35814606741573035 0.7738095238095238 0.3553370786516854
1 0.7761904761904762 0.35674157303370785 0.7523809523809524 0.36235955056179775 0.7559523809523809 0.42275280898876405 0.7845238095238095 0.4199438202247191
1 0.805952380952381 0.3595505617977528 0.7821428571428571 0.3651685393258427 0.7857142857142857 0.425561797752809 0.8142857142857143 0.42275280898876405
1 0.7404761904761905 0.36235955056179775 0.7119047619047619 0.3637640449438202 0.7154761904761905 0.4241573033707865 0.7440476190476191 0.42134831460674155
1 0.7083333333333334 0.36657303370786515 0.6797619047619048 0.36797752808988765 0.6833333333333333 0.42837078651685395 0.7119047619047619 0.425561797752809
1 0.6761904761904762 0.3693820224719101 0.6476190476190476 0.3707865168539326 0.6511904761904762 0.4311797752808989 0.6797619047619048 0.42837078651685395
1 0.6392857142857142 0.3651685393258427 0.6107142857142858 0.36657303370786515 0.6142857142857143 0.42696629213483145 0.6428571428571429 0.4241573033707865
1 0.6333333333333333 0.300561797752809 0.6047619047619047 0.30196629213483145 0.6083333333333333 0.36235955056179775 0.6369047619047619 0.3595505617977528
1 0.6678571428571428 0.3061797752808989 0.6392857142857142 0.30758426966292135 0.6428571428571429 0.36797752808988765 0.6714285714285714 0.3651685393258427
1 0.7047619047619048 0.30196629213483145 0.6761904761904762 0.30337078651685395 0.6797619047619048 0.3637640449438202 0.7083333333333334 0.3609550561797753
1 0.736904761904762 0.29634831460674155 0.7083333333333334 0.29775280898876405 0.7119047619047619 0.35814606741573035 0.7404761904761905 0.3553370786516854
1 0.7273809523809524 0.1699438202247191 0.7011904761904761 0.17134831460674158 0.7047619047619048 0.2303370786516854 0.7309523809523809 0.22893258426966293
1 0.7571428571428571 0.16432584269662923 0.7309523809523809 0.16573033707865167 0.736904761904762 0.23174157303370788 0.7607142857142857 0.23174157303370788
1 0.7904761904761904 0.16573033707865167 0.7642857142857142 0.16713483146067415 0.7666666666666667 0.22893258426966293 0.794047619047619 0.2303370786516854
1 0.8226190476190476 0.15870786516853932 0.7964285714285714 0.1601123595505618 0.7988095238095239 0.22191011235955055 0.8261904761904761 0.22331460674157302
1 0.8523809523809524 0.1544943820224719 0.8261904761904761 0.15589887640449437 0.8285714285714286 0.21769662921348315 0.8559523809523809 0.21910112359550563
1 0.8821428571428571 0.14887640449438203 0.8559523809523809 0.1502808988764045 0.8583333333333333 0.21207865168539325 0.8857142857142857 0.21348314606741572
1 0.6952380952380952 0.16432584269662923 0.669047619047619 0.16573033707865167 0.6714285714285714 0.22752808988764045 0.6988095238095238 0.22893258426966293
1 0.6357142857142857 0.16432584269662923 0.6095238095238096 0.16573033707865167 0.611904761904762 0.22752808988764045 0.6392857142857142 0.22893258426966293
1 0.6035714285714285 0.16713483146067415 0.5773809523809523 0.16853932584269662 0.5797619047619048 0.2303370786516854 0.6071428571428571 0.23174157303370788
1 0.6333333333333333 0.16151685393258428 0.6071428571428571 0.16292134831460675 0.6095238095238096 0.2247191011235955 0.6369047619047619 0.22612359550561797