3 0.40595238095238095 0.6165730337078652 0.37023809523809526 0.6502808988764045 0.5357142857142857 0.8623595505617978 0.5773809523809523 0.827247191011236
3 0.5654761904761905 0.46769662921348315 0.5202380952380953 0.5168539325842697 0.7083333333333334 0.7008426966292135 0.7464285714285714 0.6573033707865169
3 0.6083333333333333 0.44241573033707865 0.5678571428571428 0.4747191011235955 0.7428571428571429 0.6544943820224719 0.7773809523809524 0.6207865168539326
3 0.7452380952380953 0.27668539325842695 0.7202380952380952 0.30196629213483145 0.8404761904761905 0.37780898876404495 0.8630952380952381 0.33146067415730335
3 0.7023809523809523 0.13764044943820225 0.5773809523809523 0.2710674157303371 0.6238095238095238 0.29213483146067415 0.7416666666666667 0.1544943820224719
3 0.6404761904761904 0.11095505617977527 0.5107142857142857 0.23595505617977527 0.5452380952380952 0.2612359550561798 0.6738095238095239 0.13202247191011235
1 0.8428571428571429 0.4410112359550562 0.7976190476190477 0.48735955056179775 0.8178571428571428 0.5042134831460674 0.8642857142857143 0.46348314606741575
1 0.16071428571428573 0.41151685393258425 0.19285714285714287 0.4550561797752809 0.20952380952380953 0.4410112359550562 0.18333333333333332 0.3946629213483146
1 0.30238095238095236 0.598314606741573 0.28214285714285714 0.6151685393258427 0.3202380952380952 0.6699438202247191 0.3476190476190476 0.6558988764044944
1 0.24642857142857144 0.21910112359550563 0.19642857142857142 0.2443820224719101 0.2119047619047619 0.2654494382022472 0.26666666666666666 0.2345505617977528
1 0.2630952380952381 0.22893258426966293 0.20833333333333334 0.26264044943820225 0.2226190476190476 0.28370786516853935 0.2833333333333333 0.2556179775280899
1 0.1988095238095238 0.26685393258426965 0.1523809523809524 0.29775280898876405 0.17023809523809524 0.3160112359550562 0.2119047619047619 0.28792134831460675
1 0.33214285714285713 0.15730337078651685 0.31547619047619047 0.18679775280898878 0.3630952380952381 0.21629213483146068 0.38095238095238093 0.1896067415730337
1 0.6166666666666667 0.37780898876404495 0.6011904761904762 0.3960674157303371 0.6464285714285715 0.4410112359550562 0.6619047619047619 0.41853932584269665
3 0.7095238095238096 0.4353932584269663 0.6726190476190477 0.46348314606741575 0.75 0.5547752808988764 0.7833333333333333 0.5182584269662921
3 0.794047619047619 0.5168539325842697 0.7607142857142857 0.5617977528089888 0.8797619047619047 0.6587078651685393 0.9071428571428571 0.6039325842696629