1 0.8154761904761905 0.7191011235955056 0.8226190476190476 0.8286516853932584 0.8559523809523809 0.8300561797752809 0.8535714285714285 0.7205056179775281
1 0.6619047619047619 0.7584269662921348 0.6571428571428571 0.8693820224719101 0.6964285714285714 0.8707865168539326 0.7011904761904761 0.7584269662921348
1 0.6714285714285714 0.6053370786516854 0.6678571428571428 0.7289325842696629 0.7011904761904761 0.7303370786516854 0.7071428571428572 0.6081460674157303
1 0.6773809523809524 0.4887640449438202 0.7166666666666667 0.4887640449438202 0.7130952380952381 0.5969101123595506 0.675 0.5955056179775281
1 0.6821428571428572 0.37359550561797755 0.6845238095238095 0.4747191011235955 0.7154761904761905 0.47331460674157305 0.7142857142857143 0.37359550561797755
1 0.8166666666666667 0.4143258426966292 0.8142857142857143 0.5196629213483146 0.85 0.5224719101123596 0.8559523809523809 0.4199438202247191
1 0.8226190476190476 0.2696629213483146 0.8607142857142858 0.26825842696629215 0.8583333333333333 0.36797752808988765 0.8285714285714286 0.3651685393258427
1 0.8321428571428572 0.15168539325842698 0.8678571428571429 0.14887640449438203 0.8654761904761905 0.2443820224719101 0.830952380952381 0.24297752808988765
4 0.8130952380952381 0.5674157303370787 0.8535714285714285 0.5660112359550562 0.8488095238095238 0.6882022471910112 0.8107142857142857 0.6853932584269663
2 0.6857142857142857 0.21067415730337077 0.7309523809523809 0.20786516853932585 0.7238095238095238 0.33848314606741575 0.6821428571428572 0.3356741573033708
1 0.4023809523809524 0.7219101123595506 0.4357142857142857 0.7247191011235955 0.42857142857142855 0.824438202247191 0.39166666666666666 0.8230337078651685
1 0.42023809523809524 0.5912921348314607 0.45476190476190476 0.5912921348314607 0.44285714285714284 0.6966292134831461 0.4083333333333333 0.6896067415730337
1 0.42142857142857143 0.44241573033707865 0.46190476190476193 0.4452247191011236 0.4523809523809524 0.550561797752809 0.4119047619047619 0.5435393258426966
1 0.4369047619047619 0.3146067415730337 0.4726190476190476 0.31741573033707865 0.4666666666666667 0.4143258426966292 0.42738095238095236 0.41151685393258425
1 0.4511904761904762 0.19662921348314608 0.4785714285714286 0.19803370786516855 0.4666666666666667 0.3061797752808989 0.4357142857142857 0.29634831460674155
4 0.22142857142857142 0.19803370786516855 0.25952380952380955 0.1896067415730337 0.25833333333333336 0.3188202247191011 0.22380952380952382 0.31741573033707865
1 0.20714285714285716 0.6306179775280899 0.2392857142857143 0.6348314606741573 0.22976190476190475 0.7359550561797753 0.19285714285714287 0.7331460674157303
1 0.19047619047619047 0.7415730337078652 0.2261904761904762 0.7457865168539326 0.21071428571428572 0.8553370786516854 0.17857142857142858 0.8525280898876404
4 0.2369047619047619 0.43820224719101125 0.27380952380952384 0.4452247191011236 0.25833333333333336 0.5435393258426966 0.225 0.5351123595505618