1 0.2571428571428571 0.14185393258426968 0.32142857142857145 0.2050561797752809 0.3464285714285714 0.16713483146067415 0.2773809523809524 0.10533707865168539
1 0.3476190476190476 0.22331460674157302 0.4095238095238095 0.2949438202247191 0.43333333333333335 0.2710674157303371 0.37023809523809526 0.19803370786516855
1 0.4166666666666667 0.3047752808988764 0.48333333333333334 0.3792134831460674 0.5107142857142857 0.3455056179775281 0.4452380952380952 0.2710674157303371
1 0.5369047619047619 0.41151685393258425 0.6178571428571429 0.4859550561797753 0.6464285714285715 0.44803370786516855 0.5666666666666667 0.37640449438202245
1 0.7428571428571429 0.5800561797752809 0.7892857142857143 0.5926966292134831 0.8047619047619048 0.5014044943820225 0.7642857142857142 0.49297752808988765
1 0.6714285714285714 0.8665730337078652 0.7107142857142857 0.8974719101123596 0.7726190476190476 0.8075842696629213 0.7309523809523809 0.7710674157303371
1 0.6190476190476191 0.8230337078651685 0.6511904761904762 0.8595505617977528 0.7226190476190476 0.7668539325842697 0.6892857142857143 0.7373595505617978
1 0.5738095238095238 0.776685393258427 0.6083333333333333 0.8132022471910112 0.6761904761904762 0.7219101123595506 0.6440476190476191 0.6924157303370787
1 0.5357142857142857 0.7331460674157303 0.5678571428571428 0.7668539325842697 0.638095238095238 0.6671348314606742 0.6011904761904762 0.6362359550561798
1 0.4869047619047619 0.6825842696629213 0.5238095238095238 0.7247191011235955 0.5904761904761905 0.6418539325842697 0.5547619047619048 0.6025280898876404
1 0.45714285714285713 0.6418539325842697 0.4880952380952381 0.672752808988764 0.5511904761904762 0.5884831460674157 0.5166666666666667 0.5632022471910112
1 0.4119047619047619 0.6025280898876404 0.444047619047619 0.6306179775280899 0.5083333333333333 0.5491573033707865 0.4797619047619048 0.5182584269662921
1 0.3761904761904762 0.5617977528089888 0.40595238095238095 0.5941011235955056 0.4726190476190476 0.5098314606741573 0.4392857142857143 0.4803370786516854
1 0.3404761904761905 0.5168539325842697 0.37023809523809526 0.547752808988764 0.4357142857142857 0.45646067415730335 0.4035714285714286 0.42837078651685395
4 0.3 0.4789325842696629 0.33214285714285713 0.5154494382022472 0.3904761904761905 0.43679775280898875 0.3607142857142857 0.4044943820224719
1 0.24523809523809523 0.41713483146067415 0.28095238095238095 0.45365168539325845 0.35 0.3693820224719101 0.32142857142857145 0.33707865168539325
4 0.20714285714285716 0.37780898876404495 0.23452380952380952 0.41151685393258425 0.3107142857142857 0.30758426966292135 0.28095238095238095 0.2794943820224719
1 0.09166666666666666 0.2401685393258427 0.11904761904761904 0.273876404494382 0.19166666666666668 0.20365168539325842 0.15595238095238095 0.1699438202247191
1 0.12261904761904761 0.2907303370786517 0.15714285714285714 0.32162921348314605 0.22380952380952382 0.24297752808988765 0.1880952380952381 0.21207865168539325
1 0.1630952380952381 0.33848314606741575 0.19285714285714287 0.3707865168539326 0.2619047619047619 0.2907303370786517 0.23333333333333334 0.26264044943820225