1 0.18571428571428572 0.6348314606741573 0.18095238095238095 0.672752808988764 0.2511904761904762 0.675561797752809 0.25357142857142856 0.6404494382022472
1 0.32976190476190476 0.6432584269662921 0.2654761904761905 0.6432584269662921 0.2630952380952381 0.672752808988764 0.33214285714285713 0.672752808988764
1 0.35 0.6404494382022472 0.3547619047619048 0.6783707865168539 0.4238095238095238 0.675561797752809 0.42142857142857143 0.6404494382022472
1 0.4976190476190476 0.5379213483146067 0.5297619047619048 0.5393258426966292 0.5357142857142857 0.625 0.4928571428571429 0.6179775280898876
1 0.4630952380952381 0.5168539325842697 0.4845238095238095 0.5168539325842697 0.48333333333333334 0.577247191011236 0.46190476190476193 0.577247191011236
1 0.5107142857142857 0.41292134831460675 0.5392857142857143 0.41292134831460675 0.5345238095238095 0.4859550561797753 0.5035714285714286 0.48174157303370785
1 0.4714285714285714 0.44803370786516855 0.4988095238095238 0.45224719101123595 0.49523809523809526 0.5210674157303371 0.46190476190476193 0.5126404494382022
1 0.46904761904761905 0.37640449438202245 0.49642857142857144 0.37640449438202245 0.49166666666666664 0.44241573033707865 0.46904761904761905 0.43820224719101125
1 0.47023809523809523 0.32162921348314605 0.49166666666666664 0.3188202247191011 0.49166666666666664 0.375 0.4666666666666667 0.3707865168539326
1 0.4666666666666667 0.2640449438202247 0.49166666666666664 0.26264044943820225 0.48928571428571427 0.324438202247191 0.4607142857142857 0.3188202247191011
1 0.3880952380952381 0.3300561797752809 0.39404761904761904 0.35674157303370785 0.45357142857142857 0.3455056179775281 0.44761904761904764 0.3188202247191011
1 0.40595238095238095 0.2907303370786517 0.40595238095238095 0.32162921348314605 0.46190476190476193 0.324438202247191 0.4630952380952381 0.29775280898876405
1 0.4488095238095238 0.24859550561797752 0.39285714285714285 0.27808988764044945 0.40595238095238095 0.30196629213483145 0.4642857142857143 0.2710674157303371
1 0.3333333333333333 0.2696629213483146 0.3333333333333333 0.29634831460674155 0.4 0.2949438202247191 0.39880952380952384 0.2640449438202247
1 0.3119047619047619 0.2640449438202247 0.2845238095238095 0.27808988764044945 0.319047619047619 0.34269662921348315 0.3476190476190476 0.32724719101123595
1 0.26071428571428573 0.28792134831460675 0.2845238095238095 0.2893258426966292 0.28095238095238095 0.3497191011235955 0.2523809523809524 0.351123595505618
1 0.22857142857142856 0.2808988764044944 0.19642857142857142 0.33146067415730335 0.22380952380952382 0.34831460674157305 0.2523809523809524 0.29213483146067415
1 0.2011904761904762 0.2640449438202247 0.16904761904761906 0.31741573033707865 0.19523809523809524 0.3356741573033708 0.22738095238095238 0.27808988764044945
1 0.14166666666666666 0.27668539325842695 0.11785714285714285 0.28230337078651685 0.13214285714285715 0.34691011235955055 0.16071428571428573 0.3398876404494382
1 0.27380952380952384 0.17696629213483145 0.2761904761904762 0.21348314606741572 0.3333333333333333 0.21207865168539325 0.3345238095238095 0.18117977528089887
1 0.2226190476190476 0.18117977528089887 0.22142857142857142 0.20365168539325842 0.2702380952380952 0.20646067415730338 0.27380952380952384 0.17837078651685392
1 0.2714285714285714 0.23595505617977527 0.21785714285714286 0.24157303370786518 0.2226190476190476 0.26685393258426965 0.2726190476190476 0.26264044943820225
1 0.15595238095238095 0.17696629213483145 0.15357142857142858 0.2050561797752809 0.21785714285714286 0.2050561797752809 0.22142857142857142 0.17275280898876405
1 0.34285714285714286 0.18398876404494383 0.34404761904761905 0.21207865168539325 0.39880952380952384 0.21629213483146068 0.39880952380952384 0.18398876404494383
1 0.3333333333333333 0.1151685393258427 0.33095238095238094 0.16853932584269662 0.35119047619047616 0.16853932584269662 0.35714285714285715 0.1151685393258427
1 0.37142857142857144 0.10955056179775281 0.36666666666666664 0.1699438202247191 0.3892857142857143 0.1699438202247191 0.39404761904761904 0.11235955056179775
1 0.4107142857142857 0.1853932584269663 0.4119047619047619 0.2205056179775281 0.4726190476190476 0.2148876404494382 0.4666666666666667 0.18258426966292135
1 0.49047619047619045 0.12640449438202248 0.46785714285714286 0.18820224719101122 0.49404761904761907 0.20084269662921347 0.513095238095238 0.1348314606741573
1 0.6083333333333333 0.1601123595505618 0.6369047619047619 0.15730337078651685 0.638095238095238 0.22191011235955055 0.6142857142857143 0.22612359550561797
1 0.6523809523809524 0.1853932584269663 0.6738095238095239 0.18398876404494383 0.6726190476190477 0.24578651685393257 0.65 0.24719101123595505
1 0.5726190476190476 0.28230337078651685 0.6 0.28370786516853935 0.5976190476190476 0.3595505617977528 0.5714285714285714 0.34129213483146065
1 0.5714285714285714 0.35814606741573035 0.5976190476190476 0.35674157303370785 0.5976190476190476 0.41853932584269665 0.5738095238095238 0.41853932584269665
1 0.5726190476190476 0.4241573033707865 0.5964285714285714 0.4241573033707865 0.594047619047619 0.4943820224719101 0.5726190476190476 0.4887640449438202
1 0.5726190476190476 0.5014044943820225 0.5988095238095238 0.5 0.6023809523809524 0.5702247191011236 0.5714285714285714 0.5688202247191011
1 0.575 0.577247191011236 0.6071428571428571 0.5800561797752809 0.6071428571428571 0.6530898876404494 0.575 0.6530898876404494
1 0.6333333333333333 0.6573033707865169 0.6452380952380953 0.6938202247191011 0.705952380952381 0.6783707865168539 0.694047619047619 0.6418539325842697
1 0.7654761904761904 0.6502808988764045 0.7666666666666667 0.6910112359550562 0.8416666666666667 0.6839887640449438 0.8285714285714286 0.6502808988764045
0 0.7130952380952381 0.16151685393258428 0.7440476190476191 0.16151685393258428 0.7440476190476191 0.3188202247191011 0.705952380952381 0.3146067415730337
0 0.8011904761904762 0.16432584269662923 0.8380952380952381 0.16432584269662923 0.8404761904761905 0.3188202247191011 0.7976190476190477 0.3160112359550562
0 0.8476190476190476 0.16573033707865167 0.8857142857142857 0.16573033707865167 0.888095238095238 0.31741573033707865 0.8523809523809524 0.3160112359550562