1 0.2869047619047619 0.2696629213483146 0.26666666666666666 0.28230337078651685 0.2892857142857143 0.3398876404494382 0.31547619047619047 0.3258426966292135
1 0.35119047619047616 0.22893258426966293 0.33095238095238094 0.24297752808988765 0.35833333333333334 0.2991573033707865 0.38095238095238093 0.28370786516853935
1 0.430952380952381 0.3651685393258427 0.3821428571428571 0.3946629213483146 0.3952380952380952 0.42134831460674155 0.44642857142857145 0.39185393258426965
1 0.47619047619047616 0.45224719101123595 0.4238095238095238 0.476123595505618 0.4380952380952381 0.5084269662921348 0.49047619047619045 0.47191011235955055
1 0.5107142857142857 0.5182584269662921 0.4595238095238095 0.5449438202247191 0.47619047619047616 0.5702247191011236 0.5238095238095238 0.5407303370786517
1 0.7023809523809523 0.125 0.655952380952381 0.1544943820224719 0.6702380952380952 0.18398876404494383 0.7178571428571429 0.15308988764044945
1 0.719047619047619 0.16432584269662923 0.675 0.18679775280898878 0.6904761904761905 0.21629213483146068 0.7357142857142858 0.1853932584269663
1 0.7261904761904762 0.19382022471910113 0.6892857142857143 0.21629213483146068 0.7 0.23735955056179775 0.7380952380952381 0.21207865168539325
1 0.7559523809523809 0.21348314606741572 0.7095238095238096 0.23735955056179775 0.7214285714285714 0.2654494382022472 0.7714285714285715 0.23876404494382023
1 0.825 0.21067415730337077 0.7738095238095238 0.24157303370786518 0.7892857142857143 0.2640449438202247 0.8380952380952381 0.22893258426966293
1 0.85 0.22752808988764045 0.8011904761904762 0.2598314606741573 0.8178571428571428 0.28370786516853935 0.8642857142857143 0.24859550561797752
1 0.7785714285714286 0.2556179775280899 0.7309523809523809 0.2794943820224719 0.7464285714285714 0.30196629213483145 0.794047619047619 0.27808988764044945
1 0.7892857142857143 0.28792134831460675 0.7476190476190476 0.3103932584269663 0.7607142857142857 0.33146067415730335 0.8071428571428572 0.30758426966292135
1 0.8345238095238096 0.34269662921348315 0.794047619047619 0.36797752808988765 0.8071428571428572 0.3946629213483146 0.8547619047619047 0.36235955056179775
1 0.888095238095238 0.2991573033707865 0.8476190476190476 0.33286516853932585 0.8642857142857143 0.351123595505618 0.9011904761904762 0.324438202247191
1 0.8642857142857143 0.36797752808988765 0.8166666666666667 0.39747191011235955 0.8285714285714286 0.4241573033707865 0.8821428571428571 0.3890449438202247
3 0.8261904761904761 0.3047752808988764 0.7666666666666667 0.3356741573033708 0.7880952380952381 0.3651685393258427 0.8428571428571429 0.33286516853932585
0 0.23214285714285715 0.25702247191011235 0.1988095238095238 0.2710674157303371 0.26904761904761904 0.41151685393258425 0.3047619047619048 0.3862359550561798
0 0.18571428571428572 0.2808988764044944 0.15714285714285714 0.29634831460674155 0.225 0.4396067415730337 0.2619047619047619 0.41853932584269665
0 0.14047619047619048 0.2991573033707865 0.10833333333333334 0.3146067415730337 0.1738095238095238 0.4592696629213483 0.2130952380952381 0.4396067415730337
0 0.44642857142857145 0.5870786516853933 0.35714285714285715 0.4508426966292135 0.3261904761904762 0.47752808988764045 0.4083333333333333 0.6109550561797753
0 0.4845238095238095 0.5884831460674157 0.45 0.6081460674157303 0.5261904761904762 0.75 0.5607142857142857 0.726123595505618
0 0.4380952380952381 0.625 0.40714285714285714 0.6432584269662921 0.4928571428571429 0.7935393258426966 0.525 0.7710674157303371
0 0.3964285714285714 0.648876404494382 0.36428571428571427 0.6699438202247191 0.44642857142857145 0.8314606741573034 0.48095238095238096 0.8132022471910112
0 0.3547619047619048 0.6797752808988764 0.32142857142857145 0.7008426966292135 0.3964285714285714 0.8609550561797753 0.4357142857142857 0.8356741573033708
0 0.3107142857142857 0.7092696629213483 0.28095238095238095 0.7275280898876404 0.3464285714285714 0.8764044943820225 0.38571428571428573 0.8581460674157303
0 0.26785714285714285 0.7317415730337079 0.23809523809523808 0.7542134831460674 0.3 0.9115168539325843 0.33690476190476193 0.8918539325842697
0 0.21904761904761905 0.7654494382022472 0.18452380952380953 0.7879213483146067 0.24761904761904763 0.9367977528089888 0.2857142857142857 0.9143258426966292