1 0.18333333333333332 0.273876404494382 0.17261904761904762 0.35674157303370785 0.20714285714285716 0.35674157303370785 0.2154761904761905 0.27668539325842695
1 0.15 0.3848314606741573 0.1392857142857143 0.47191011235955055 0.175 0.47191011235955055 0.18333333333333332 0.3862359550561798
1 0.10476190476190476 0.39325842696629215 0.13690476190476192 0.3946629213483146 0.12857142857142856 0.4747191011235955 0.09523809523809523 0.47331460674157305
1 0.1988095238095238 0.3946629213483146 0.19285714285714287 0.4789325842696629 0.2226190476190476 0.4789325842696629 0.22976190476190475 0.3946629213483146
1 0.24166666666666667 0.3960674157303371 0.23452380952380952 0.47752808988764045 0.26666666666666666 0.47752808988764045 0.2702380952380952 0.3960674157303371
1 0.2833333333333333 0.3960674157303371 0.2761904761904762 0.48174157303370785 0.30714285714285716 0.48314606741573035 0.3119047619047619 0.39747191011235955
1 0.3273809523809524 0.39747191011235955 0.319047619047619 0.4845505617977528 0.35 0.4845505617977528 0.3547619047619048 0.39747191011235955
1 0.37142857142857144 0.39747191011235955 0.35595238095238096 0.4859550561797753 0.3892857142857143 0.49157303370786515 0.4011904761904762 0.40168539325842695
1 0.40714285714285714 0.39747191011235955 0.39880952380952384 0.48314606741573035 0.4261904761904762 0.4845505617977528 0.43452380952380953 0.40308988764044945
1 0.44642857142857145 0.4002808988764045 0.44047619047619047 0.4789325842696629 0.4726190476190476 0.4803370786516854 0.4773809523809524 0.4002808988764045
1 0.48928571428571427 0.40308988764044945 0.4797619047619048 0.4803370786516854 0.5083333333333333 0.4859550561797753 0.5178571428571429 0.40730337078651685
1 0.5273809523809524 0.40730337078651685 0.5202380952380953 0.4901685393258427 0.55 0.49297752808988765 0.5547619047619048 0.4101123595505618
1 0.5619047619047619 0.40730337078651685 0.5619047619047619 0.4901685393258427 0.5916666666666667 0.49157303370786515 0.5904761904761905 0.40730337078651685
1 0.5964285714285714 0.550561797752809 0.5952380952380952 0.6334269662921348 0.6261904761904762 0.6334269662921348 0.6261904761904762 0.5519662921348315
1 0.5964285714285714 0.6320224719101124 0.5952380952380952 0.723314606741573 0.6273809523809524 0.723314606741573 0.625 0.6334269662921348
1 0.555952380952381 0.5561797752808989 0.5571428571428572 0.6362359550561798 0.5857142857142857 0.6376404494382022 0.5833333333333334 0.5561797752808989
1 0.5547619047619048 0.6390449438202247 0.5535714285714286 0.7401685393258427 0.5845238095238096 0.7401685393258427 0.5845238095238096 0.6404494382022472
1 0.5095238095238095 0.6418539325842697 0.5119047619047619 0.7275280898876404 0.544047619047619 0.7289325842696629 0.5416666666666666 0.6418539325842697
1 0.5107142857142857 0.5561797752808989 0.5071428571428571 0.6362359550561798 0.5392857142857143 0.6376404494382022 0.5404761904761904 0.5575842696629213
1 0.46904761904761905 0.5617977528089888 0.4654761904761905 0.6390449438202247 0.4976190476190476 0.6390449438202247 0.4976190476190476 0.5617977528089888
1 0.4726190476190476 0.6446629213483146 0.47023809523809523 0.7359550561797753 0.5011904761904762 0.7359550561797753 0.5011904761904762 0.6460674157303371
1 0.430952380952381 0.6376404494382022 0.430952380952381 0.7219101123595506 0.4607142857142857 0.723314606741573 0.4583333333333333 0.6376404494382022
1 0.430952380952381 0.5547752808988764 0.42857142857142855 0.6376404494382022 0.4595238095238095 0.6362359550561798 0.4595238095238095 0.5547752808988764
1 0.3869047619047619 0.5617977528089888 0.3869047619047619 0.6460674157303371 0.4154761904761905 0.6460674157303371 0.4154761904761905 0.5632022471910112
1 0.38571428571428573 0.6446629213483146 0.38571428571428573 0.7317415730337079 0.41904761904761906 0.7303370786516854 0.4166666666666667 0.6460674157303371
1 0.3416666666666667 0.6460674157303371 0.34285714285714286 0.7289325842696629 0.375 0.7289325842696629 0.37142857142857144 0.6460674157303371
1 0.3464285714285714 0.5646067415730337 0.3392857142857143 0.6418539325842697 0.37023809523809526 0.6418539325842697 0.3726190476190476 0.5660112359550562
1 0.30357142857142855 0.5660112359550562 0.2916666666666667 0.6390449438202247 0.3238095238095238 0.6432584269662921 0.3333333333333333 0.5702247191011236
1 0.2988095238095238 0.6446629213483146 0.29642857142857143 0.7317415730337079 0.32857142857142857 0.7317415730337079 0.32857142857142857 0.6446629213483146
1 0.2511904761904762 0.6474719101123596 0.24761904761904763 0.7359550561797753 0.28214285714285714 0.7345505617977528 0.28214285714285714 0.6474719101123596
1 0.26071428571428573 0.5575842696629213 0.2511904761904762 0.6404494382022472 0.2833333333333333 0.6404494382022472 0.2904761904761905 0.5603932584269663
1 0.21785714285714286 0.5561797752808989 0.21071428571428572 0.6404494382022472 0.24285714285714285 0.6404494382022472 0.2488095238095238 0.5575842696629213
1 0.16904761904761906 0.5575842696629213 0.16428571428571428 0.6376404494382022 0.1988095238095238 0.6376404494382022 0.1988095238095238 0.5575842696629213
1 0.1261904761904762 0.5646067415730337 0.1130952380952381 0.6460674157303371 0.1488095238095238 0.6460674157303371 0.1595238095238095 0.5660112359550562
1 0.11904761904761904 0.6474719101123596 0.10357142857142858 0.7443820224719101 0.14166666666666666 0.7457865168539326 0.15357142857142858 0.6502808988764045
1 0.1619047619047619 0.6432584269662921 0.15357142857142858 0.7401685393258427 0.1880952380952381 0.7401685393258427 0.19523809523809524 0.6446629213483146
1 0.20833333333333334 0.648876404494382 0.2011904761904762 0.7429775280898876 0.23452380952380952 0.7415730337078652 0.23809523809523808 0.648876404494382
1 0.7107142857142857 0.6741573033707865 0.7142857142857143 0.7626404494382022 0.7476190476190476 0.7626404494382022 0.7440476190476191 0.6741573033707865
1 0.705952380952381 0.601123595505618 0.7071428571428572 0.6685393258426966 0.7380952380952381 0.6671348314606742 0.7345238095238096 0.601123595505618
1 0.7488095238095238 0.5969101123595506 0.7511904761904762 0.675561797752809 0.7845238095238095 0.675561797752809 0.780952380952381 0.5969101123595506
1 0.7595238095238095 0.6783707865168539 0.7583333333333333 0.7752808988764045 0.794047619047619 0.7780898876404494 0.7928571428571428 0.6797752808988764
1 0.7964285714285714 0.5926966292134831 0.8 0.6882022471910112 0.8321428571428572 0.6882022471910112 0.8285714285714286 0.5941011235955056
1 0.8416666666666667 0.5969101123595506 0.844047619047619 0.6811797752808989 0.8797619047619047 0.6811797752808989 0.8738095238095238 0.5969101123595506
1 0.85 0.6853932584269663 0.8559523809523809 0.7823033707865169 0.8964285714285715 0.7837078651685393 0.8904761904761904 0.6867977528089888
1 0.7011904761904761 0.4143258426966292 0.7071428571428572 0.5042134831460674 0.7404761904761905 0.5028089887640449 0.7309523809523809 0.4143258426966292
1 0.7440476190476191 0.41713483146067415 0.7523809523809524 0.5014044943820225 0.7821428571428571 0.5014044943820225 0.775 0.41713483146067415
1 0.7845238095238095 0.4143258426966292 0.7928571428571428 0.49719101123595505 0.825 0.49719101123595505 0.8154761904761905 0.4143258426966292
1 0.8297619047619048 0.4143258426966292 0.8369047619047619 0.5 0.8702380952380953 0.5 0.8595238095238096 0.4143258426966292
1 0.7738095238095238 0.3188202247191011 0.7761904761904762 0.40168539325842695 0.8095238095238095 0.40308988764044945 0.8047619047619048 0.3202247191011236
1 0.8226190476190476 0.3089887640449438 0.8261904761904761 0.40168539325842695 0.8607142857142858 0.40168539325842695 0.8547619047619047 0.3089887640449438
1 0.7738095238095238 0.2443820224719101 0.7761904761904762 0.3188202247191011 0.8071428571428572 0.3188202247191011 0.8035714285714286 0.24297752808988765
1 0.8178571428571428 0.2303370786516854 0.8202380952380952 0.3047752808988764 0.8523809523809524 0.30337078651685395 0.8476190476190476 0.2303370786516854
1 0.7702380952380953 0.1502808988764045 0.7726190476190476 0.23876404494382023 0.805952380952381 0.23876404494382023 0.8011904761904762 0.1502808988764045
1 0.5416666666666666 0.3103932584269663 0.544047619047619 0.33848314606741575 0.4726190476190476 0.33707865168539325 0.4738095238095238 0.3089887640449438
1 0.5285714285714286 0.2443820224719101 0.5297619047619048 0.27808988764044945 0.45714285714285713 0.2752808988764045 0.4595238095238095 0.2401685393258427
1 0.44642857142857145 0.2247191011235955 0.444047619047619 0.2556179775280899 0.37976190476190474 0.25 0.38095238095238093 0.21769662921348315
1 0.45714285714285713 0.1896067415730337 0.45595238095238094 0.21910112359550563 0.38571428571428573 0.21207865168539325 0.3880952380952381 0.18258426966292135
1 0.5 0.199438202247191 0.5 0.2303370786516854 0.5702380952380952 0.23174157303370788 0.5678571428571428 0.20224719101123595
1 0.5738095238095238 0.12921348314606743 0.5738095238095238 0.15730337078651685 0.5023809523809524 0.1544943820224719 0.5023809523809524 0.12640449438202248