1 0.18095238095238095 0.6573033707865169 0.15476190476190477 0.7373595505617978 0.125 0.723314606741573 0.1523809523809524 0.6432584269662921
1 0.21666666666666667 0.75 0.19047619047619047 0.827247191011236 0.1630952380952381 0.8103932584269663 0.19166666666666668 0.7359550561797753
1 0.4452380952380952 0.7710674157303371 0.4261904761904762 0.848314606741573 0.3892857142857143 0.8314606741573034 0.4119047619047619 0.7556179775280899
3 0.35119047619047616 0.6306179775280899 0.2392857142857143 0.898876404494382 0.17857142857142858 0.8707865168539326 0.2916666666666667 0.6025280898876404
3 0.41904761904761906 0.6418539325842697 0.3130952380952381 0.9129213483146067 0.24642857142857144 0.8918539325842697 0.36428571428571427 0.6235955056179775
3 0.5238095238095238 0.6587078651685393 0.45357142857142857 0.8918539325842697 0.5107142857142857 0.9129213483146067 0.5797619047619048 0.6671348314606742
3 0.5892857142857143 0.6825842696629213 0.5226190476190476 0.9143258426966292 0.5821428571428572 0.9269662921348315 0.6392857142857142 0.7036516853932584
3 0.6928571428571428 0.6910112359550562 0.6488095238095238 0.925561797752809 0.7035714285714286 0.9382022471910112 0.7511904761904762 0.6952247191011236
3 0.7678571428571429 0.7191011235955056 0.7321428571428571 0.9424157303370787 0.7880952380952381 0.9452247191011236 0.8226190476190476 0.7303370786516854
1 0.6571428571428571 0.7050561797752809 0.6345238095238095 0.7808988764044944 0.6666666666666666 0.7935393258426966 0.6880952380952381 0.7162921348314607
4 0.8238095238095238 0.8033707865168539 0.8166666666666667 0.8778089887640449 0.8523809523809524 0.8904494382022472 0.861904761904762 0.8117977528089888
4 0.09523809523809523 0.2752808988764045 0.15595238095238095 0.29353932584269665 0.17023809523809524 0.24859550561797752 0.10833333333333334 0.2345505617977528
1 0.11785714285714285 0.21067415730337077 0.11428571428571428 0.2345505617977528 0.16666666666666666 0.24719101123595505 0.175 0.22191011235955055
1 0.1357142857142857 0.17696629213483145 0.12976190476190477 0.20224719101123595 0.18452380952380953 0.22191011235955055 0.19523809523809524 0.19101123595505617
1 0.1630952380952381 0.14606741573033707 0.15714285714285714 0.17134831460674158 0.21428571428571427 0.18117977528089887 0.22023809523809523 0.15589887640449437
3 0.42738095238095236 0.12359550561797752 0.36547619047619045 0.26685393258426965 0.31547619047619047 0.25280898876404495 0.38452380952380955 0.10112359550561797
3 0.47023809523809523 0.1348314606741573 0.4119047619047619 0.3061797752808989 0.45595238095238094 0.3202247191011236 0.5083333333333333 0.1348314606741573
3 0.5595238095238095 0.1404494382022472 0.5154761904761904 0.33286516853932585 0.5630952380952381 0.34269662921348315 0.6011904761904762 0.14606741573033707
3 0.6488095238095238 0.1502808988764045 0.6071428571428571 0.3300561797752809 0.5654761904761905 0.3202247191011236 0.611904761904762 0.13904494382022473
3 0.6928571428571428 0.15589887640449437 0.6583333333333333 0.3398876404494382 0.6142857142857143 0.33286516853932585 0.6547619047619048 0.1502808988764045
3 0.6988095238095238 0.15730337078651685 0.6607142857142857 0.35674157303370785 0.7023809523809523 0.3595505617977528 0.7440476190476191 0.1601123595505618
3 0.780952380952381 0.18820224719101122 0.7583333333333333 0.3707865168539326 0.7154761904761905 0.3637640449438202 0.7488095238095238 0.18117977528089887