1 0.7238095238095238 0.6348314606741573 0.7047619047619048 0.6587078651685393 0.7535714285714286 0.7219101123595506 0.7773809523809524 0.6952247191011236
1 0.6595238095238095 0.7317415730337079 0.6345238095238095 0.7485955056179775 0.6857142857142857 0.8146067415730337 0.7083333333333334 0.7823033707865169
1 0.6 0.6671348314606742 0.580952380952381 0.6867977528089888 0.6285714285714286 0.7373595505617978 0.6464285714285715 0.7162921348314607
1 0.5452380952380952 0.6025280898876404 0.5238095238095238 0.625 0.5726190476190476 0.6783707865168539 0.5892857142857143 0.6573033707865169
1 0.4857142857142857 0.5393258426966292 0.4654761904761905 0.5589887640449438 0.513095238095238 0.6109550561797753 0.5333333333333333 0.5926966292134831
1 0.35119047619047616 0.38342696629213485 0.3333333333333333 0.39747191011235955 0.3726190476190476 0.44662921348314605 0.39404761904761904 0.4297752808988764
1 0.29523809523809524 0.3188202247191011 0.2761904761904762 0.3356741573033708 0.3142857142857143 0.3848314606741573 0.33214285714285713 0.36797752808988765
1 0.21785714285714286 0.2345505617977528 0.2 0.25280898876404495 0.24047619047619048 0.29775280898876405 0.25952380952380955 0.27668539325842695
1 0.16547619047619047 0.17837078651685392 0.14761904761904762 0.18820224719101122 0.18571428571428572 0.23876404494382023 0.20357142857142857 0.2247191011235955
1 0.12738095238095237 0.12640449438202248 0.11190476190476191 0.1404494382022472 0.14285714285714285 0.18258426966292135 0.1619047619047619 0.16713483146067415
0 0.4035714285714286 0.42275280898876405 0.3773809523809524 0.45224719101123595 0.4452380952380952 0.526685393258427 0.47023809523809523 0.5042134831460674
2 0.825 0.3960674157303371 0.7952380952380952 0.4311797752808989 0.8607142857142858 0.5014044943820225 0.8940476190476191 0.46207865168539325