1 0.2702380952380952 0.1348314606741573 0.2369047619047619 0.16151685393258428 0.25 0.18258426966292135 0.2869047619047619 0.15168539325842698
1 0.22738095238095238 0.16713483146067415 0.19166666666666668 0.19241573033707865 0.20238095238095238 0.21910112359550563 0.24761904761904763 0.18398876404494383
1 0.2523809523809524 0.21207865168539325 0.2154761904761905 0.24859550561797752 0.23333333333333334 0.26685393258426965 0.2702380952380952 0.22612359550561797
1 0.2833333333333333 0.2247191011235955 0.24642857142857144 0.26685393258426965 0.2630952380952381 0.28651685393258425 0.3 0.24157303370786518
1 0.3 0.24578651685393257 0.26666666666666666 0.28230337078651685 0.2869047619047619 0.29775280898876405 0.31785714285714284 0.2598314606741573
1 0.3273809523809524 0.25702247191011235 0.2892857142857143 0.2949438202247191 0.3047619047619048 0.3103932584269663 0.3345238095238095 0.2808988764044944
1 0.34523809523809523 0.2794943820224719 0.305952380952381 0.3188202247191011 0.3273809523809524 0.33286516853932585 0.3630952380952381 0.2949438202247191
1 0.3773809523809524 0.31741573033707865 0.3392857142857143 0.3539325842696629 0.35714285714285715 0.375 0.39404761904761904 0.33707865168539325
1 0.4107142857142857 0.3300561797752809 0.3630952380952381 0.375 0.38452380952380955 0.39325842696629215 0.41904761904761906 0.35252808988764045
1 0.33214285714285713 0.449438202247191 0.3523809523809524 0.449438202247191 0.3476190476190476 0.5126404494382022 0.32857142857142857 0.5070224719101124
1 0.15833333333333333 0.6320224719101124 0.11071428571428571 0.6980337078651685 0.14047619047619048 0.7162921348314607 0.18214285714285713 0.651685393258427
1 0.16666666666666666 0.6783707865168539 0.1357142857142857 0.7331460674157303 0.15595238095238095 0.75 0.1880952380952381 0.6924157303370787
1 0.2357142857142857 0.7485955056179775 0.19166666666666668 0.7935393258426966 0.20595238095238094 0.8160112359550562 0.2511904761904762 0.7668539325842697
1 0.26785714285714285 0.7851123595505618 0.2119047619047619 0.8342696629213483 0.23809523809523808 0.8609550561797753 0.2845238095238095 0.8033707865168539
1 0.305952380952381 0.7991573033707865 0.2654761904761905 0.8370786516853933 0.2833333333333333 0.8581460674157303 0.32142857142857145 0.8216292134831461
1 0.6083333333333333 0.6685393258426966 0.5726190476190476 0.7092696629213483 0.5952380952380952 0.7275280898876404 0.6261904761904762 0.6839887640449438
1 0.7333333333333333 0.6137640449438202 0.6833333333333333 0.6657303370786517 0.7083333333333334 0.6882022471910112 0.7511904761904762 0.6320224719101124
1 0.7571428571428571 0.6502808988764045 0.7202380952380952 0.6924157303370787 0.7380952380952381 0.7120786516853933 0.7773809523809524 0.6685393258426966
1 0.7821428571428571 0.6699438202247191 0.7523809523809524 0.7120786516853933 0.7761904761904762 0.7331460674157303 0.805952380952381 0.6853932584269663
1 0.8261904761904761 0.7036516853932584 0.7869047619047619 0.75 0.8095238095238095 0.7710674157303371 0.8511904761904762 0.7205056179775281
1 0.8380952380952381 0.6165730337078652 0.805952380952381 0.6741573033707865 0.830952380952381 0.6966292134831461 0.8654761904761905 0.6306179775280899
1 0.8928571428571429 0.6797752808988764 0.8464285714285714 0.7373595505617978 0.8714285714285714 0.7556179775280899 0.9142857142857143 0.7036516853932584
1 0.2726190476190476 0.3890449438202247 0.2392857142857143 0.4143258426966292 0.25357142857142856 0.42837078651685395 0.2845238095238095 0.4058988764044944
1 0.37142857142857144 0.47752808988764045 0.3904761904761905 0.4887640449438202 0.36666666666666664 0.5365168539325843 0.35 0.5210674157303371
1 0.6011904761904762 0.5028089887640449 0.569047619047619 0.5463483146067416 0.5904761904761905 0.5688202247191011 0.6226190476190476 0.5210674157303371
1 0.655952380952381 0.5435393258426966 0.6202380952380953 0.577247191011236 0.6392857142857142 0.5955056179775281 0.669047619047619 0.5589887640449438
1 0.6738095238095239 0.5688202247191011 0.6321428571428571 0.6137640449438202 0.6547619047619048 0.6334269662921348 0.6916666666666667 0.5898876404494382
1 0.8023809523809524 0.5589887640449438 0.75 0.625 0.7738095238095238 0.6474719101123596 0.8273809523809523 0.5758426966292135
1 0.7607142857142857 0.5547752808988764 0.7309523809523809 0.5997191011235955 0.7523809523809524 0.6179775280898876 0.7869047619047619 0.5716292134831461
1 0.7464285714285714 0.5182584269662921 0.7035714285714286 0.577247191011236 0.7285714285714285 0.5912921348314607 0.7654761904761904 0.5379213483146067
1 0.719047619047619 0.5056179775280899 0.6785714285714286 0.5589887640449438 0.7 0.577247191011236 0.7380952380952381 0.526685393258427
1 0.6726190476190477 0.4789325842696629 0.6309523809523809 0.5224719101123596 0.655952380952381 0.5449438202247191 0.6916666666666667 0.5
1 0.65 0.45646067415730335 0.6095238095238096 0.49157303370786515 0.6226190476190476 0.5154494382022472 0.669047619047619 0.4747191011235955
1 0.6761904761904762 0.44803370786516855 0.6666666666666666 0.46629213483146065 0.7083333333333334 0.49297752808988765 0.7214285714285714 0.4691011235955056
1 0.6440476190476191 0.3890449438202247 0.6238095238095238 0.40168539325842695 0.6452380952380953 0.45646067415730335 0.6678571428571428 0.44241573033707865
1 0.7071428571428572 0.3342696629213483 0.6880952380952381 0.34831460674157305 0.7273809523809524 0.3960674157303371 0.7392857142857143 0.37640449438202245
1 0.6916666666666667 0.29353932584269665 0.655952380952381 0.324438202247191 0.6738095238095239 0.34691011235955055 0.7119047619047619 0.3103932584269663
2 0.6071428571428571 0.34691011235955055 0.5726190476190476 0.35252808988764045 0.5976190476190476 0.4410112359550562 0.6226190476190476 0.43820224719101125
1 0.5738095238095238 0.4044943820224719 0.544047619047619 0.42837078651685395 0.5595238095238095 0.4508426966292135 0.5880952380952381 0.41853932584269665
1 0.6047619047619047 0.2050561797752809 0.5666666666666667 0.24578651685393257 0.5880952380952381 0.26264044943820225 0.6238095238095238 0.21910112359550563
1 0.5833333333333334 0.1896067415730337 0.5452380952380952 0.22331460674157302 0.5630952380952381 0.2401685393258427 0.6011904761904762 0.20365168539325842
1 0.5654761904761905 0.17275280898876405 0.5297619047619048 0.20084269662921347 0.5476190476190477 0.21910112359550563 0.5821428571428572 0.1853932584269663
1 0.5511904761904762 0.15308988764044945 0.5071428571428571 0.175561797752809 0.5202380952380953 0.19662921348314608 0.5642857142857143 0.17415730337078653
1 0.5238095238095238 0.1404494382022472 0.49047619047619045 0.15870786516853932 0.5 0.17837078651685392 0.5369047619047619 0.1601123595505618
1 0.47023809523809523 0.39747191011235955 0.43214285714285716 0.4311797752808989 0.4488095238095238 0.45365168539325845 0.4880952380952381 0.4143258426966292
1 0.5107142857142857 0.28370786516853935 0.5345238095238095 0.28651685393258425 0.5404761904761904 0.3595505617977528 0.5154761904761904 0.3595505617977528
1 0.3738095238095238 0.17837078651685392 0.39404761904761904 0.17415730337078653 0.40476190476190477 0.22893258426966293 0.3761904761904762 0.22893258426966293
1 0.49166666666666664 0.33146067415730335 0.45357142857142857 0.36657303370786515 0.47619047619047616 0.3806179775280899 0.5059523809523809 0.3497191011235955
1 0.4523809523809524 0.37219101123595505 0.40714285714285714 0.4101123595505618 0.42857142857142855 0.4241573033707865 0.46904761904761905 0.39325842696629215
1 0.47023809523809523 0.31179775280898875 0.43333333333333335 0.351123595505618 0.45357142857142857 0.36235955056179775 0.4857142857142857 0.3258426966292135
1 0.4488095238095238 0.2893258426966292 0.4095238095238095 0.32865168539325845 0.4261904761904762 0.34691011235955055 0.46904761904761905 0.30758426966292135
1 0.4261904761904762 0.27808988764044945 0.3821428571428571 0.31179775280898875 0.4 0.3342696629213483 0.44047619047619047 0.29634831460674155
1 0.4107142857142857 0.2612359550561798 0.36904761904761907 0.2949438202247191 0.3821428571428571 0.3103932584269663 0.42142857142857143 0.27808988764044945
1 0.3880952380952381 0.2401685393258427 0.3547619047619048 0.27668539325842695 0.3726190476190476 0.2907303370786517 0.40714285714285714 0.25140449438202245
1 0.36904761904761907 0.22331460674157302 0.3273809523809524 0.2556179775280899 0.34523809523809523 0.2752808988764045 0.3821428571428571 0.24297752808988765
1 0.34404761904761905 0.20224719101123595 0.305952380952381 0.23735955056179775 0.32261904761904764 0.2556179775280899 0.3619047619047619 0.2205056179775281
1 0.3202380952380952 0.18820224719101122 0.2869047619047619 0.21769662921348315 0.30357142857142855 0.23735955056179775 0.34285714285714286 0.20224719101123595
1 0.30714285714285716 0.17275280898876405 0.26666666666666666 0.20224719101123595 0.2857142857142857 0.22331460674157302 0.3261904761904762 0.18820224719101122
1 0.28809523809523807 0.15308988764044945 0.2523809523809524 0.1853932584269663 0.26904761904761904 0.20646067415730338 0.305952380952381 0.17134831460674158