2 0.7285714285714285 0.29213483146067415 0.7357142857142858 0.25702247191011235 0.6595238095238095 0.25 0.6547619047619048 0.2851123595505618
2 0.430952380952381 0.29775280898876405 0.42142857142857143 0.37780898876404495 0.4452380952380952 0.37780898876404495 0.4523809523809524 0.29634831460674155
2 0.7023809523809523 0.6811797752808989 0.675 0.773876404494382 0.7035714285714286 0.7893258426966292 0.7321428571428571 0.6924157303370787
1 0.625 0.29775280898876405 0.6095238095238096 0.33848314606741575 0.6321428571428571 0.3441011235955056 0.6440476190476191 0.3061797752808989
1 0.48333333333333334 0.28230337078651685 0.4773809523809524 0.2991573033707865 0.5202380952380953 0.3103932584269663 0.5261904761904762 0.29353932584269665
1 0.4797619047619048 0.3047752808988764 0.475 0.32162921348314605 0.5202380952380953 0.3300561797752809 0.5238095238095238 0.3103932584269663
1 0.5285714285714286 0.33707865168539325 0.5190476190476191 0.3609550561797753 0.4738095238095238 0.3455056179775281 0.4845238095238095 0.324438202247191
1 0.5011904761904762 0.3848314606741573 0.45476190476190476 0.37780898876404495 0.45714285714285713 0.3595505617977528 0.5047619047619047 0.3651685393258427
1 0.4928571428571429 0.40730337078651685 0.45 0.40168539325842695 0.45357142857142857 0.3806179775280899 0.4988095238095238 0.38342696629213485
1 0.44047619047619047 0.42134831460674155 0.49523809523809526 0.4396067415730337 0.5011904761904762 0.41713483146067415 0.44642857142857145 0.4002808988764045
1 0.4226190476190476 0.4410112359550562 0.46904761904761905 0.45224719101123595 0.4738095238095238 0.4339887640449438 0.425 0.4241573033707865
1 0.41309523809523807 0.4648876404494382 0.4642857142857143 0.476123595505618 0.46785714285714286 0.4606741573033708 0.41785714285714287 0.4508426966292135
1 0.40714285714285714 0.49157303370786515 0.4607142857142857 0.49719101123595505 0.46190476190476193 0.476123595505618 0.4083333333333333 0.4705056179775281
1 0.4011904761904762 0.5182584269662921 0.45357142857142857 0.5337078651685393 0.4583333333333333 0.5112359550561798 0.4119047619047619 0.49719101123595505
1 0.3869047619047619 0.5463483146067416 0.44285714285714284 0.5533707865168539 0.44642857142857145 0.5294943820224719 0.3904761904761905 0.5182584269662921
1 0.3892857142857143 0.5688202247191011 0.4357142857142857 0.5828651685393258 0.44285714285714284 0.5575842696629213 0.3952380952380952 0.5449438202247191
1 0.36904761904761907 0.601123595505618 0.42738095238095236 0.6109550561797753 0.42857142857142855 0.5856741573033708 0.37023809523809526 0.5786516853932584
1 0.3773809523809524 0.6235955056179775 0.42738095238095236 0.6348314606741573 0.430952380952381 0.6137640449438202 0.3821428571428571 0.6025280898876404
1 0.36666666666666664 0.699438202247191 0.4107142857142857 0.7359550561797753 0.42738095238095236 0.7148876404494382 0.37976190476190474 0.6783707865168539
1 0.3119047619047619 0.723314606741573 0.3595238095238095 0.7471910112359551 0.37142857142857144 0.723314606741573 0.32261904761904764 0.7008426966292135
1 0.14404761904761904 0.7387640449438202 0.20476190476190476 0.7528089887640449 0.2130952380952381 0.7176966292134831 0.15119047619047618 0.7064606741573034
1 0.23095238095238096 0.7598314606741573 0.2833333333333333 0.776685393258427 0.28809523809523807 0.7429775280898876 0.2392857142857143 0.7275280898876404
1 0.29642857142857143 0.7780898876404494 0.35714285714285715 0.7991573033707865 0.3619047619047619 0.7710674157303371 0.30357142857142855 0.7528089887640449
1 0.6440476190476191 0.37640449438202245 0.7 0.3890449438202247 0.7011904761904761 0.3693820224719101 0.6488095238095238 0.35674157303370785
1 0.6345238095238095 0.4058988764044944 0.680952380952381 0.41151685393258425 0.6833333333333333 0.3890449438202247 0.6357142857142857 0.3848314606741573
1 0.6190476190476191 0.42837078651685395 0.6642857142857143 0.43820224719101125 0.6678571428571428 0.41713483146067415 0.6261904761904762 0.4101123595505618
1 0.6214285714285714 0.45646067415730335 0.6678571428571428 0.47331460674157305 0.675 0.45365168539325845 0.6297619047619047 0.4339887640449438
1 0.6107142857142858 0.4943820224719101 0.6666666666666666 0.4957865168539326 0.6654761904761904 0.47331460674157305 0.6107142857142858 0.46769662921348315
1 0.6035714285714285 0.5154494382022472 0.6488095238095238 0.5252808988764045 0.6511904761904762 0.49719101123595505 0.6083333333333333 0.4901685393258427
1 0.6047619047619047 0.5463483146067416 0.6654761904761904 0.5660112359550562 0.675 0.5407303370786517 0.6130952380952381 0.5182584269662921
1 0.6035714285714285 0.5856741573033708 0.6607142857142857 0.601123595505618 0.669047619047619 0.5688202247191011 0.6083333333333333 0.5519662921348315
1 0.580952380952381 0.6137640449438202 0.638095238095238 0.6320224719101124 0.6464285714285715 0.6025280898876404 0.5880952380952381 0.5842696629213483
1 0.5654761904761905 0.6432584269662921 0.6190476190476191 0.6544943820224719 0.6226190476190476 0.625 0.5678571428571428 0.6151685393258427
1 0.555952380952381 0.6741573033707865 0.6154761904761905 0.6882022471910112 0.6226190476190476 0.6587078651685393 0.5607142857142857 0.6418539325842697
1 0.5654761904761905 0.7092696629213483 0.6202380952380953 0.7219101123595506 0.6238095238095238 0.6896067415730337 0.5702380952380952 0.6783707865168539
1 0.5476190476190477 0.7429775280898876 0.6047619047619047 0.7471910112359551 0.6071428571428571 0.7162921348314607 0.5511904761904762 0.7148876404494382
1 0.7392857142857143 0.4058988764044944 0.7333333333333333 0.4311797752808989 0.7761904761904762 0.4438202247191011 0.780952380952381 0.41713483146067415
1 0.719047619047619 0.43258426966292135 0.7107142857142857 0.45365168539325845 0.7642857142857142 0.46348314606741575 0.7702380952380953 0.4452247191011236
1 0.7166666666666667 0.47752808988764045 0.7559523809523809 0.48735955056179775 0.7607142857142857 0.4691011235955056 0.7226190476190476 0.45786516853932585
1 0.6976190476190476 0.5014044943820225 0.7547619047619047 0.5140449438202247 0.7595238095238095 0.4943820224719101 0.7023809523809523 0.4803370786516854
1 0.6916666666666667 0.5294943820224719 0.7511904761904762 0.5463483146067416 0.7595238095238095 0.5182584269662921 0.6964285714285714 0.5042134831460674
1 0.6916666666666667 0.5688202247191011 0.7392857142857143 0.574438202247191 0.7440476190476191 0.550561797752809 0.6916666666666667 0.5421348314606742
1 0.6845238095238095 0.5969101123595506 0.7416666666666667 0.6137640449438202 0.7488095238095238 0.5912921348314607 0.6892857142857143 0.5716292134831461
1 0.675 0.6278089887640449 0.736904761904762 0.6418539325842697 0.7416666666666667 0.6165730337078652 0.6761904761904762 0.598314606741573
1 0.6666666666666666 0.6601123595505618 0.7130952380952381 0.6699438202247191 0.719047619047619 0.6376404494382022 0.6738095238095239 0.6278089887640449
1 0.6571428571428571 0.6867977528089888 0.719047619047619 0.699438202247191 0.7238095238095238 0.675561797752809 0.6607142857142857 0.6615168539325843
1 0.8523809523809524 0.4606741573033708 0.8369047619047619 0.5098314606741573 0.8654761904761905 0.5182584269662921 0.8761904761904762 0.4648876404494382
1 0.8154761904761905 0.5884831460674157 0.8 0.6418539325842697 0.825 0.6530898876404494 0.8380952380952381 0.5955056179775281
1 0.7511904761904762 0.7654494382022472 0.7452380952380953 0.7963483146067416 0.8071428571428572 0.8146067415730337 0.8130952380952381 0.7823033707865169
1 0.8273809523809523 0.800561797752809 0.8202380952380952 0.824438202247191 0.8773809523809524 0.8384831460674157 0.8809523809523809 0.8132022471910112