1 0.7553571428571428 0.6573033707865169 0.02023809523809524 0.0449438202247191
1 0.8089285714285714 0.6671348314606742 0.02023809523809524 0.042134831460674156
1 0.8494047619047619 0.5828651685393258 0.02023809523809524 0.033707865168539325
1 0.8630952380952381 0.5491573033707865 0.8678571428571429 0.5154494382022472 0.8488095238095238 0.5140449438202247 0.844047619047619 0.5449438202247191
1 0.7071428571428572 0.6741573033707865 0.7142857142857143 0.6320224719101124 0.6952380952380952 0.6292134831460674 0.6869047619047619 0.6699438202247191
1 0.43333333333333335 0.6081460674157303 0.44642857142857145 0.5702247191011236 0.4261904761904762 0.5660112359550562 0.4166666666666667 0.6039325842696629
1 0.40714285714285714 0.6025280898876404 0.4154761904761905 0.5646067415730337 0.3976190476190476 0.5603932584269663 0.3904761904761905 0.598314606741573
1 0.34285714285714286 0.550561797752809 0.32857142857142857 0.5435393258426966 0.3107142857142857 0.5828651685393258 0.32857142857142857 0.5884831460674157
1 0.31785714285714284 0.5449438202247191 0.30357142857142855 0.5407303370786517 0.2892857142857143 0.574438202247191 0.30238095238095236 0.5800561797752809
1 0.2916666666666667 0.5421348314606742 0.27380952380952384 0.5365168539325843 0.25833333333333336 0.5716292134831461 0.275 0.5786516853932584
1 0.2654761904761905 0.5337078651685393 0.2523809523809524 0.5280898876404494 0.2357142857142857 0.5646067415730337 0.24761904761904763 0.5702247191011236
1 0.2369047619047619 0.5365168539325843 0.22142857142857142 0.5308988764044944 0.2119047619047619 0.5589887640449438 0.225 0.5646067415730337
1 0.19047619047619047 0.5224719101123596 0.1738095238095238 0.5182584269662921 0.1619047619047619 0.5519662921348315 0.1773809523809524 0.5589887640449438
1 0.14047619047619048 0.5140449438202247 0.1261904761904762 0.5070224719101124 0.10714285714285714 0.5407303370786517 0.12261904761904761 0.5491573033707865
1 0.16785714285714284 0.4592696629213483 0.15 0.45365168539325845 0.1357142857142857 0.4901685393258427 0.15119047619047618 0.4957865168539326
1 0.25476190476190474 0.44803370786516855 0.2369047619047619 0.4438202247191011 0.22738095238095238 0.4747191011235955 0.24166666666666667 0.4803370786516854
1 0.27380952380952384 0.45224719101123595 0.2619047619047619 0.44662921348314605 0.2523809523809524 0.476123595505618 0.2642857142857143 0.48174157303370785
1 0.325 0.46207865168539325 0.30833333333333335 0.4550561797752809 0.2976190476190476 0.48735955056179775 0.3119047619047619 0.49157303370786515
1 0.34404761904761905 0.4648876404494382 0.33095238095238094 0.46207865168539325 0.3202380952380952 0.4943820224719101 0.33690476190476193 0.5
1 0.3726190476190476 0.4705056179775281 0.35833333333333334 0.4648876404494382 0.3464285714285714 0.5 0.3595238095238095 0.5070224719101124
1 0.39880952380952384 0.4747191011235955 0.38333333333333336 0.4691011235955056 0.3726190476190476 0.5056179775280899 0.3869047619047619 0.5098314606741573
1 0.41785714285714287 0.4803370786516854 0.40595238095238095 0.476123595505618 0.39285714285714285 0.5098314606741573 0.40714285714285714 0.5140449438202247
1 0.444047619047619 0.48174157303370785 0.4297619047619048 0.47752808988764045 0.41904761904761906 0.5042134831460674 0.43214285714285716 0.5098314606741573
1 0.46904761904761905 0.4859550561797753 0.4523809523809524 0.48174157303370785 0.4452380952380952 0.5168539325842697 0.46190476190476193 0.5210674157303371
1 0.49523809523809526 0.49297752808988765 0.48095238095238096 0.48735955056179775 0.4714285714285714 0.5224719101123596 0.4857142857142857 0.526685393258427
1 0.544047619047619 0.5014044943820225 0.5238095238095238 0.49859550561797755 0.5190476190476191 0.5365168539325843 0.5357142857142857 0.5379213483146067
1 0.6190476190476191 0.5196629213483146 0.6011904761904762 0.5140449438202247 0.5904761904761905 0.5617977528089888 0.6107142857142858 0.5646067415730337
1 0.20476190476190476 0.3890449438202247 0.22023809523809523 0.35814606741573035 0.20238095238095238 0.35252808988764045 0.18928571428571428 0.38202247191011235
1 0.2357142857142857 0.32162921348314605 0.2226190476190476 0.3146067415730337 0.20714285714285716 0.3441011235955056 0.2261904761904762 0.351123595505618
1 0.2630952380952381 0.2696629213483146 0.24404761904761904 0.2640449438202247 0.23452380952380952 0.2893258426966292 0.24642857142857144 0.29775280898876405
1 0.29523809523809524 0.2893258426966292 0.27976190476190477 0.2808988764044944 0.2642857142857143 0.3160112359550562 0.2785714285714286 0.3202247191011236
1 0.3142857142857143 0.1601123595505618 0.3 0.1544943820224719 0.28809523809523807 0.1797752808988764 0.3011904761904762 0.18820224719101122
1 0.25595238095238093 0.43820224719101125 0.26785714285714285 0.40730337078651685 0.2511904761904762 0.40308988764044945 0.2392857142857143 0.4311797752808989
1 0.29404761904761906 0.4101123595505618 0.2785714285714286 0.40308988764044945 0.2654761904761905 0.43820224719101125 0.27976190476190477 0.4438202247191011
1 0.3142857142857143 0.4157303370786517 0.3011904761904762 0.4101123595505618 0.28809523809523807 0.4396067415730337 0.2988095238095238 0.44803370786516855
1 0.3380952380952381 0.42275280898876405 0.3238095238095238 0.41713483146067415 0.3107142857142857 0.4452247191011236 0.3238095238095238 0.45224719101123595
1 0.3821428571428571 0.4297752808988764 0.36904761904761907 0.425561797752809 0.35833333333333334 0.45646067415730335 0.3738095238095238 0.4592696629213483
1 0.41309523809523807 0.4311797752808989 0.39404761904761904 0.42696629213483145 0.3869047619047619 0.45646067415730335 0.4023809523809524 0.46207865168539325
1 0.4380952380952381 0.4353932584269663 0.425 0.4311797752808989 0.41309523809523807 0.4592696629213483 0.42738095238095236 0.4648876404494382
1 0.46785714285714286 0.4438202247191011 0.45357142857142857 0.4396067415730337 0.44642857142857145 0.47191011235955055 0.4607142857142857 0.47331460674157305
1 0.5357142857142857 0.4550561797752809 0.5178571428571429 0.449438202247191 0.5071428571428571 0.48314606741573035 0.525 0.48735955056179775
1 0.5845238095238096 0.46769662921348315 0.5678571428571428 0.4606741573033708 0.5607142857142857 0.4943820224719101 0.5761904761904761 0.49859550561797755
1 0.655952380952381 0.4859550561797753 0.638095238095238 0.4789325842696629 0.6297619047619047 0.5140449438202247 0.6488095238095238 0.5196629213483146
1 0.7047619047619048 0.4887640449438202 0.6892857142857143 0.4845505617977528 0.6821428571428572 0.5210674157303371 0.6964285714285714 0.523876404494382
1 0.7261904761904762 0.5294943820224719 0.7333333333333333 0.4901685393258427 0.7178571428571429 0.48735955056179775 0.7119047619047619 0.5224719101123596
1 0.8142857142857143 0.46348314606741575 0.8214285714285714 0.42696629213483145 0.805952380952381 0.4241573033707865 0.7976190476190477 0.46207865168539325
1 0.6773809523809524 0.4002808988764045 0.6607142857142857 0.3946629213483146 0.655952380952381 0.4297752808988764 0.6714285714285714 0.4339887640449438
1 0.6476190476190476 0.3960674157303371 0.6333333333333333 0.39325842696629215 0.6309523809523809 0.42696629213483145 0.6452380952380953 0.4297752808988764
1 0.5916666666666667 0.41853932584269665 0.5964285714285714 0.3890449438202247 0.5821428571428572 0.38764044943820225 0.5773809523809523 0.4157303370786517
1 0.5583333333333333 0.37780898876404495 0.544047619047619 0.375 0.5369047619047619 0.4044943820224719 0.5488095238095239 0.4101123595505618
1 0.5345238095238095 0.37359550561797755 0.5202380952380953 0.3707865168539326 0.5119047619047619 0.40168539325842695 0.525 0.40168539325842695
1 0.5083333333333333 0.36797752808988765 0.4928571428571429 0.36657303370786515 0.4869047619047619 0.39325842696629215 0.5035714285714286 0.3960674157303371
1 0.425 0.39185393258426965 0.4357142857142857 0.35674157303370785 0.41904761904761906 0.3553370786516854 0.4095238095238095 0.3890449438202247
1 0.4107142857142857 0.3539325842696629 0.3976190476190476 0.351123595505618 0.3880952380952381 0.3806179775280899 0.4011904761904762 0.3848314606741573
1 0.39166666666666666 0.351123595505618 0.3773809523809524 0.34269662921348315 0.36666666666666664 0.375 0.37976190476190474 0.37780898876404495
1 0.36904761904761907 0.34831460674157305 0.3547619047619048 0.3441011235955056 0.34523809523809523 0.36797752808988765 0.35595238095238096 0.3707865168539326
1 0.3464285714285714 0.34129213483146065 0.3345238095238095 0.3356741573033708 0.32142857142857145 0.3595505617977528 0.33214285714285713 0.3651685393258427
1 0.325 0.33707865168539325 0.30952380952380953 0.3300561797752809 0.3 0.35814606741573035 0.3130952380952381 0.36235955056179775
1 0.33690476190476193 0.30337078651685395 0.3238095238095238 0.29634831460674155 0.3107142857142857 0.3188202247191011 0.325 0.324438202247191
1 0.36428571428571427 0.30337078651685395 0.3476190476190476 0.29775280898876405 0.33690476190476193 0.32303370786516855 0.35 0.3300561797752809
1 0.3869047619047619 0.3089887640449438 0.3738095238095238 0.30196629213483145 0.3607142857142857 0.3300561797752809 0.3726190476190476 0.3342696629213483
1 0.40476190476190477 0.3160112359550562 0.39166666666666666 0.31179775280898875 0.3821428571428571 0.3356741573033708 0.3952380952380952 0.34129213483146065
1 0.425 0.3202247191011236 0.4142857142857143 0.3146067415730337 0.4011904761904762 0.34269662921348315 0.4142857142857143 0.34691011235955055
1 0.4523809523809524 0.32162921348314605 0.4369047619047619 0.3160112359550562 0.425 0.3455056179775281 0.4392857142857143 0.35252808988764045
1 0.4714285714285714 0.324438202247191 0.45595238095238094 0.32303370786516855 0.4511904761904762 0.3539325842696629 0.4654761904761905 0.3553370786516854
1 0.49642857142857144 0.33146067415730335 0.4845238095238095 0.324438202247191 0.4738095238095238 0.351123595505618 0.4845238095238095 0.35674157303370785
1 0.5226190476190476 0.33146067415730335 0.5047619047619047 0.32865168539325845 0.4988095238095238 0.3553370786516854 0.5142857142857142 0.3609550561797753
1 0.5452380952380952 0.3356741573033708 0.530952380952381 0.33146067415730335 0.5226190476190476 0.3637640449438202 0.5345238095238095 0.36797752808988765
1 0.5892857142857143 0.3455056179775281 0.5726190476190476 0.34129213483146065 0.5678571428571428 0.37359550561797755 0.5797619047619048 0.37640449438202245
1 0.6130952380952381 0.3497191011235955 0.5976190476190476 0.3441011235955056 0.5904761904761905 0.3792134831460674 0.6047619047619047 0.38342696629213485
1 0.3535714285714286 0.23174157303370788 0.3595238095238095 0.20224719101123595 0.34404761904761905 0.20224719101123595 0.3357142857142857 0.2303370786516854
1 0.35714285714285715 0.23735955056179775 0.3416666666666667 0.2345505617977528 0.3345238095238095 0.2640449438202247 0.35119047619047616 0.26685393258426965
1 0.38333333333333336 0.2050561797752809 0.36904761904761907 0.20224719101123595 0.3607142857142857 0.22752808988764045 0.3738095238095238 0.23314606741573032
1 0.3821428571428571 0.2345505617977528 0.3678571428571429 0.23314606741573032 0.35833333333333334 0.26264044943820225 0.375 0.2696629213483146
1 0.4083333333333333 0.2148876404494382 0.39404761904761904 0.20926966292134833 0.38452380952380955 0.23314606741573032 0.39880952380952384 0.23735955056179775
1 0.4095238095238095 0.23876404494382023 0.3952380952380952 0.2345505617977528 0.3821428571428571 0.26825842696629215 0.39880952380952384 0.27668539325842695
1 0.4261904761904762 0.28230337078651685 0.43452380952380953 0.24578651685393257 0.4154761904761905 0.24157303370786518 0.40595238095238095 0.27808988764044945
1 0.4452380952380952 0.21910112359550563 0.4297619047619048 0.21348314606741572 0.42142857142857143 0.2401685393258427 0.4357142857142857 0.24578651685393257
1 0.4666666666666667 0.2247191011235955 0.4523809523809524 0.21769662921348315 0.444047619047619 0.24719101123595505 0.45714285714285713 0.25280898876404495
1 0.4880952380952381 0.22612359550561797 0.475 0.22191011235955055 0.4654761904761905 0.24578651685393257 0.4773809523809524 0.25280898876404495
1 0.5154761904761904 0.2247191011235955 0.4976190476190476 0.2205056179775281 0.4880952380952381 0.24578651685393257 0.5047619047619047 0.25140449438202245
1 0.4988095238095238 0.25702247191011235 0.48333333333333334 0.25140449438202245 0.475 0.28370786516853935 0.49047619047619045 0.2893258426966292
1 0.5416666666666666 0.2612359550561798 0.5488095238095239 0.23174157303370788 0.5321428571428571 0.22752808988764045 0.5261904761904762 0.25702247191011235
1 0.569047619047619 0.2640449438202247 0.575 0.23314606741573032 0.555952380952381 0.23174157303370788 0.55 0.25842696629213485
1 0.5666666666666667 0.27247191011235955 0.5488095238095239 0.2654494382022472 0.5428571428571428 0.300561797752809 0.5595238095238095 0.30337078651685395
1 0.5916666666666667 0.2696629213483146 0.5976190476190476 0.23735955056179775 0.580952380952381 0.23595505617977527 0.5761904761904761 0.2640449438202247
1 0.6190476190476191 0.24297752808988765 0.6035714285714285 0.2401685393258427 0.5988095238095238 0.26685393258426965 0.6142857142857143 0.27247191011235955
1 0.6428571428571429 0.25 0.6261904761904762 0.2443820224719101 0.6214285714285714 0.2710674157303371 0.6369047619047619 0.27668539325842695
1 0.6130952380952381 0.27808988764044945 0.594047619047619 0.273876404494382 0.5857142857142857 0.3089887640449438 0.6023809523809524 0.3146067415730337
1 0.6297619047619047 0.31320224719101125 0.638095238095238 0.28230337078651685 0.6202380952380953 0.27668539325842695 0.6130952380952381 0.3103932584269663
1 0.6595238095238095 0.2794943820224719 0.6666666666666666 0.25140449438202245 0.65 0.24719101123595505 0.6428571428571429 0.27668539325842695
1 0.6821428571428572 0.28370786516853935 0.6880952380952381 0.25702247191011235 0.6714285714285714 0.2542134831460674 0.6678571428571428 0.2794943820224719
1 0.7011904761904761 0.28792134831460675 0.7083333333333334 0.2612359550561798 0.6904761904761905 0.25702247191011235 0.6869047619047619 0.2851123595505618
1 0.7261904761904762 0.29353932584269665 0.7309523809523809 0.2640449438202247 0.7142857142857143 0.2612359550561798 0.7107142857142857 0.29353932584269665
1 0.719047619047619 0.32865168539325845 0.7273809523809524 0.2991573033707865 0.7083333333333334 0.2949438202247191 0.7047619047619048 0.32303370786516855
1 0.45357142857142857 0.18679775280898878 0.4583333333333333 0.17275280898876405 0.4166666666666667 0.16573033707865167 0.4142857142857143 0.18258426966292135
1 0.5059523809523809 0.18398876404494383 0.46785714285714286 0.17415730337078653 0.46190476190476193 0.19241573033707865 0.5035714285714286 0.20084269662921347
1 0.5523809523809524 0.20786516853932585 0.5583333333333333 0.1896067415730337 0.5154761904761904 0.18258426966292135 0.5107142857142857 0.19803370786516855
1 0.6095238095238096 0.2148876404494382 0.6130952380952381 0.19662921348314608 0.569047619047619 0.18820224719101122 0.5642857142857143 0.20786516853932585
1 0.6630952380952381 0.2247191011235955 0.6702380952380952 0.20646067415730338 0.6238095238095238 0.19662921348314608 0.6190476190476191 0.21769662921348315
1 0.7083333333333334 0.23174157303370788 0.7130952380952381 0.21348314606741572 0.6738095238095239 0.20646067415730338 0.6702380952380952 0.2247191011235955
1 0.7642857142857142 0.2401685393258427 0.7690476190476191 0.2205056179775281 0.7273809523809524 0.21348314606741572 0.7226190476190476 0.23174157303370788
1 0.8154761904761905 0.24859550561797752 0.8178571428571428 0.2303370786516854 0.7785714285714286 0.2205056179775281 0.7738095238095238 0.2401685393258427
1 0.7761904761904762 0.26685393258426965 0.7714285714285715 0.29634831460674155 0.7559523809523809 0.2949438202247191 0.7595238095238095 0.26685393258426965
1 0.7928571428571428 0.30196629213483145 0.7976190476190477 0.2696629213483146 0.780952380952381 0.2696629213483146 0.7797619047619048 0.30196629213483145
1 0.819047619047619 0.3061797752808989 0.819047619047619 0.2710674157303371 0.8 0.27247191011235955 0.8035714285714286 0.3061797752808989
1 0.8833333333333333 0.3595505617977528 0.8857142857142857 0.32724719101123595 0.8714285714285714 0.324438202247191 0.8678571428571429 0.35814606741573035
1 0.875 0.28651685393258425 0.875 0.26685393258426965 0.8357142857142857 0.2612359550561798 0.8357142857142857 0.2808988764044944
1 0.3476190476190476 0.5898876404494382 0.3595238095238095 0.5617977528089888 0.3464285714285714 0.5547752808988764 0.3380952380952381 0.5828651685393258