4 0.24285714285714285 0.15730337078651685 0.23452380952380952 0.199438202247191 0.32142857142857145 0.22191011235955055 0.32976190476190476 0.18117977528089887
4 0.19404761904761905 0.31179775280898875 0.1880952380952381 0.3553370786516854 0.2702380952380952 0.3707865168539326 0.2761904761904762 0.32865168539325845
2 0.40476190476190477 0.39325842696629215 0.39880952380952384 0.4438202247191011 0.28214285714285714 0.42837078651685395 0.2857142857142857 0.3792134831460674
1 0.3357142857142857 0.18258426966292135 0.32976190476190476 0.22191011235955055 0.4154761904761905 0.23595505617977527 0.4238095238095238 0.19662921348314608
1 0.2392857142857143 0.20365168539325842 0.22380952380952382 0.2443820224719101 0.3130952380952381 0.2794943820224719 0.32857142857142857 0.23876404494382023
1 0.3345238095238095 0.2345505617977528 0.32857142857142857 0.273876404494382 0.42023809523809524 0.28792134831460675 0.4238095238095238 0.24578651685393257
1 0.22380952380952382 0.273876404494382 0.22023809523809523 0.3160112359550562 0.3142857142857143 0.3258426966292135 0.31666666666666665 0.2851123595505618
1 0.3273809523809524 0.28651685393258425 0.32142857142857145 0.3356741573033708 0.42023809523809524 0.34831460674157305 0.425 0.30196629213483145
1 0.18333333333333332 0.3848314606741573 0.18095238095238095 0.42837078651685395 0.2761904761904762 0.4297752808988764 0.2761904761904762 0.3848314606741573
1 0.5142857142857142 0.5688202247191011 0.5202380952380953 0.6095505617977528 0.6035714285714285 0.5898876404494382 0.594047619047619 0.5533707865168539
1 0.5238095238095238 0.4803370786516854 0.5107142857142857 0.5182584269662921 0.6 0.5491573033707865 0.6107142857142858 0.5126404494382022
1 0.5214285714285715 0.42696629213483145 0.5178571428571429 0.4691011235955056 0.6107142857142858 0.4803370786516854 0.6154761904761905 0.4396067415730337
1 0.5214285714285715 0.37780898876404495 0.5202380952380953 0.41713483146067415 0.611904761904762 0.41713483146067415 0.6107142857142858 0.37780898876404495
1 0.5261904761904762 0.3188202247191011 0.5261904761904762 0.3609550561797753 0.625 0.3595505617977528 0.6214285714285714 0.32162921348314605
1 0.5380952380952381 0.26825842696629215 0.5345238095238095 0.30758426966292135 0.6238095238095238 0.3146067415730337 0.6238095238095238 0.27668539325842695
1 0.5357142857142857 0.2205056179775281 0.5380952380952381 0.2640449438202247 0.6321428571428571 0.2612359550561798 0.6273809523809524 0.2205056179775281
1 0.5380952380952381 0.15870786516853932 0.5369047619047619 0.20365168539325842 0.6392857142857142 0.20926966292134833 0.638095238095238 0.16151685393258428