1 0.6369047619047619 0.2893258426966292 0.6059523809523809 0.28651685393258425 0.5916666666666667 0.34831460674157305 0.6226190476190476 0.3553370786516854
1 0.6583333333333333 0.2851123595505618 0.6357142857142857 0.28792134831460675 0.6416666666666667 0.3539325842696629 0.6666666666666666 0.3497191011235955
1 0.8666666666666667 0.26685393258426965 0.8416666666666667 0.2696629213483146 0.8476190476190476 0.33848314606741575 0.8761904761904762 0.33707865168539325
1 0.7488095238095238 0.15870786516853932 0.6785714285714286 0.16432584269662923 0.6833333333333333 0.199438202247191 0.7559523809523809 0.19101123595505617
1 0.8261904761904761 0.1404494382022472 0.7571428571428571 0.14887640449438203 0.7595238095238095 0.18258426966292135 0.830952380952381 0.17275280898876405
1 0.24523809523809523 0.13202247191011235 0.22380952380952382 0.1348314606741573 0.22857142857142856 0.19101123595505617 0.25357142857142856 0.18679775280898878
1 0.24523809523809523 0.1896067415730337 0.22380952380952382 0.19241573033707865 0.22857142857142856 0.24859550561797752 0.25357142857142856 0.2443820224719101
1 0.2488095238095238 0.24859550561797752 0.225 0.2542134831460674 0.22976190476190475 0.31320224719101125 0.25476190476190474 0.31179775280898875
1 0.21071428571428572 0.25 0.1869047619047619 0.2556179775280899 0.18571428571428572 0.3202247191011236 0.2130952380952381 0.3202247191011236
1 0.18333333333333332 0.1544943820224719 0.1595238095238095 0.1601123595505618 0.15833333333333333 0.2247191011235955 0.18571428571428572 0.2247191011235955
1 0.14642857142857144 0.16151685393258428 0.12261904761904761 0.16713483146067415 0.12142857142857143 0.23174157303370788 0.1488095238095238 0.23174157303370788
1 0.23214285714285715 0.6460674157303371 0.1761904761904762 0.6544943820224719 0.1761904761904762 0.6811797752808989 0.23452380952380952 0.6741573033707865
1 0.4392857142857143 0.6235955056179775 0.4166666666666667 0.6264044943820225 0.41904761904761906 0.6867977528089888 0.44285714285714284 0.6839887640449438
1 0.4880952380952381 0.6207865168539326 0.4654761904761905 0.6235955056179775 0.46785714285714286 0.6839887640449438 0.49166666666666664 0.6811797752808989
1 0.525 0.6165730337078652 0.5023809523809524 0.6193820224719101 0.5047619047619047 0.6797752808988764 0.5285714285714286 0.6769662921348315
1 0.5583333333333333 0.6123595505617978 0.5357142857142857 0.6151685393258427 0.5392857142857143 0.6797752808988764 0.5642857142857143 0.6769662921348315
1 0.5916666666666667 0.6137640449438202 0.569047619047619 0.6165730337078652 0.5726190476190476 0.6811797752808989 0.5976190476190476 0.6783707865168539
1 0.6285714285714286 0.6053370786516854 0.6059523809523809 0.6081460674157303 0.6095238095238096 0.672752808988764 0.6345238095238095 0.6699438202247191
1 0.6595238095238095 0.6053370786516854 0.6369047619047619 0.6081460674157303 0.6404761904761904 0.672752808988764 0.6654761904761904 0.6699438202247191
1 0.6952380952380952 0.6025280898876404 0.6726190476190477 0.6053370786516854 0.6761904761904762 0.6699438202247191 0.7011904761904761 0.6671348314606742
1 0.7273809523809524 0.5997191011235955 0.7047619047619048 0.6025280898876404 0.7142857142857143 0.6699438202247191 0.7416666666666667 0.6657303370786517
1 0.7619047619047619 0.598314606741573 0.7392857142857143 0.601123595505618 0.7488095238095238 0.6685393258426966 0.7761904761904762 0.6643258426966292
1 0.7952380952380952 0.598314606741573 0.7726190476190476 0.601123595505618 0.7821428571428571 0.6685393258426966 0.8095238095238095 0.6643258426966292
1 0.8321428571428572 0.5926966292134831 0.8095238095238095 0.5955056179775281 0.819047619047619 0.6629213483146067 0.8464285714285714 0.6587078651685393
1 0.8678571428571429 0.5898876404494382 0.8452380952380952 0.5926966292134831 0.8547619047619047 0.6601123595505618 0.8821428571428571 0.6558988764044944
1 0.8726190476190476 0.6825842696629213 0.85 0.6853932584269663 0.8595238095238096 0.7528089887640449 0.8869047619047619 0.7485955056179775
1 0.8392857142857143 0.6811797752808989 0.8095238095238095 0.6825842696629213 0.8202380952380952 0.7598314606741573 0.8511904761904762 0.7598314606741573
1 0.8535714285714285 0.7654494382022472 0.8238095238095238 0.7668539325842697 0.8345238095238096 0.8441011235955056 0.8654761904761905 0.8441011235955056
1 0.7976190476190477 0.6938202247191011 0.7761904761904762 0.6966292134831461 0.7845238095238095 0.7570224719101124 0.8107142857142857 0.7542134831460674
1 0.8119047619047619 0.7640449438202247 0.7833333333333333 0.7696629213483146 0.794047619047619 0.8539325842696629 0.8238095238095238 0.8455056179775281
1 0.7642857142857142 0.6811797752808989 0.7357142857142858 0.6867977528089888 0.7440476190476191 0.7682584269662921 0.7738095238095238 0.7682584269662921
1 0.7761904761904762 0.7668539325842697 0.7476190476190476 0.7724719101123596 0.7559523809523809 0.8539325842696629 0.7857142857142857 0.8539325842696629
1 0.7380952380952381 0.7780898876404494 0.7095238095238096 0.7837078651685393 0.7178571428571429 0.8651685393258427 0.7476190476190476 0.8651685393258427
1 0.7273809523809524 0.6811797752808989 0.6988095238095238 0.6867977528089888 0.7071428571428572 0.7682584269662921 0.736904761904762 0.7682584269662921
1 0.6916666666666667 0.6896067415730337 0.6630952380952381 0.6952247191011236 0.6714285714285714 0.7654494382022472 0.7011904761904761 0.7654494382022472
1 0.7 0.7668539325842697 0.6714285714285714 0.7724719101123596 0.6785714285714286 0.8525280898876404 0.7107142857142857 0.8469101123595506
1 0.6547619047619048 0.6980337078651685 0.6261904761904762 0.7036516853932584 0.6345238095238095 0.7724719101123596 0.6642857142857143 0.7710674157303371
1 0.6607142857142857 0.7724719101123596 0.6321428571428571 0.7780898876404494 0.6416666666666667 0.8581460674157303 0.6714285714285714 0.8539325842696629
1 0.625 0.773876404494382 0.5964285714285714 0.7794943820224719 0.6059523809523809 0.8595505617977528 0.6357142857142857 0.8553370786516854
1 0.5869047619047619 0.7851123595505618 0.5583333333333333 0.7907303370786517 0.5678571428571428 0.8707865168539326 0.5976190476190476 0.8665730337078652
1 0.5511904761904762 0.7879213483146067 0.5226190476190476 0.7935393258426966 0.5321428571428571 0.8735955056179775 0.5619047619047619 0.8693820224719101
1 0.5178571428571429 0.7907303370786517 0.48928571428571427 0.7963483146067416 0.4988095238095238 0.8764044943820225 0.5285714285714286 0.8721910112359551
1 0.475 0.7851123595505618 0.44642857142857145 0.7907303370786517 0.45595238095238094 0.8707865168539326 0.4857142857142857 0.8665730337078652
1 0.4738095238095238 0.7050561797752809 0.44761904761904764 0.7050561797752809 0.45 0.7794943820224719 0.47619047619047616 0.7794943820224719
1 0.513095238095238 0.7050561797752809 0.4869047619047619 0.7050561797752809 0.4869047619047619 0.7879213483146067 0.5154761904761904 0.7893258426966292
1 0.5464285714285714 0.702247191011236 0.5202380952380953 0.702247191011236 0.5202380952380953 0.7851123595505618 0.5488095238095239 0.7865168539325843
1 0.5821428571428572 0.702247191011236 0.555952380952381 0.702247191011236 0.5595238095238095 0.7837078651685393 0.5892857142857143 0.7837078651685393
1 0.6202380952380953 0.6966292134831461 0.594047619047619 0.6966292134831461 0.5976190476190476 0.7780898876404494 0.6273809523809524 0.7780898876404494