1 0.20238095238095238 0.29353932584269665 0.1869047619047619 0.36235955056179775 0.15357142857142858 0.3553370786516854 0.1738095238095238 0.28792134831460675
1 0.275 0.3061797752808989 0.26071428571428573 0.375 0.2892857142857143 0.38342696629213485 0.3047619047619048 0.3160112359550562
1 0.22142857142857142 0.375 0.20952380952380953 0.44662921348314605 0.24047619047619048 0.45365168539325845 0.25357142857142856 0.37640449438202245
1 0.28809523809523807 0.39185393258426965 0.27380952380952384 0.4592696629213483 0.24404761904761904 0.4508426966292135 0.25952380952380955 0.3806179775280899
1 0.325 0.39747191011235955 0.3130952380952381 0.4691011235955056 0.28214285714285714 0.4648876404494382 0.29523809523809524 0.3904494382022472
1 0.36666666666666664 0.40308988764044945 0.35714285714285715 0.4803370786516854 0.3238095238095238 0.47191011235955055 0.3357142857142857 0.3946629213483146
1 0.16071428571428573 0.46629213483146065 0.15595238095238095 0.5407303370786517 0.1261904761904762 0.5407303370786517 0.13095238095238096 0.46348314606741575
1 0.17023809523809524 0.4606741573033708 0.16071428571428573 0.5393258426966292 0.19047619047619047 0.5379213483146067 0.1988095238095238 0.4606741573033708
1 0.2369047619047619 0.46629213483146065 0.2226190476190476 0.5449438202247191 0.18928571428571428 0.5379213483146067 0.20595238095238094 0.4592696629213483
1 0.26904761904761904 0.4789325842696629 0.25476190476190474 0.5519662921348315 0.2226190476190476 0.5421348314606742 0.23809523809523808 0.4705056179775281
1 0.3107142857142857 0.48735955056179775 0.29642857142857143 0.5617977528089888 0.2654761904761905 0.5519662921348315 0.28095238095238095 0.476123595505618
1 0.32142857142857145 0.48314606741573035 0.3107142857142857 0.5632022471910112 0.34404761904761905 0.5688202247191011 0.35119047619047616 0.4887640449438202
1 0.36904761904761907 0.4957865168539326 0.35595238095238096 0.5688202247191011 0.3869047619047619 0.574438202247191 0.3952380952380952 0.5042134831460674
1 0.44761904761904764 0.5168539325842697 0.4357142857142857 0.5941011235955056 0.40595238095238095 0.5870786516853933 0.4166666666666667 0.5126404494382022
1 0.4726190476190476 0.526685393258427 0.45714285714285713 0.601123595505618 0.4880952380952381 0.6123595505617978 0.5023809523809524 0.5379213483146067
1 0.5154761904761904 0.5308988764044944 0.5059523809523809 0.6025280898876404 0.5357142857142857 0.6109550561797753 0.544047619047619 0.5351123595505618
1 0.5857142857142857 0.5519662921348315 0.5738095238095238 0.6306179775280899 0.5404761904761904 0.625 0.555952380952381 0.5449438202247191
1 0.6226190476190476 0.5589887640449438 0.6130952380952381 0.6390449438202247 0.5845238095238096 0.6348314606741573 0.594047619047619 0.5533707865168539
1 0.6404761904761904 0.5646067415730337 0.6261904761904762 0.6432584269662921 0.655952380952381 0.6530898876404494 0.6726190476190477 0.5702247191011236
1 0.6869047619047619 0.5828651685393258 0.675 0.6530898876404494 0.705952380952381 0.6615168539325843 0.7166666666666667 0.5870786516853933
1 0.7559523809523809 0.6025280898876404 0.7452380952380953 0.672752808988764 0.7166666666666667 0.6643258426966292 0.7261904761904762 0.5941011235955056
1 0.7666666666666667 0.5941011235955056 0.7619047619047619 0.6797752808988764 0.7964285714285714 0.6811797752808989 0.7976190476190477 0.5969101123595506
1 0.844047619047619 0.6137640449438202 0.8380952380952381 0.6910112359550562 0.8047619047619048 0.6839887640449438 0.8095238095238095 0.6081460674157303
1 0.8511904761904762 0.6783707865168539 0.8380952380952381 0.7598314606741573 0.8714285714285714 0.7682584269662921 0.8833333333333333 0.6882022471910112
1 0.6511904761904762 0.7837078651685393 0.7214285714285714 0.8216292134831461 0.705952380952381 0.8567415730337079 0.6369047619047619 0.8188202247191011
1 0.33095238095238094 0.7837078651685393 0.29285714285714287 0.8665730337078652 0.25952380952380955 0.8426966292134831 0.2988095238095238 0.7682584269662921
1 0.15119047619047618 0.8174157303370787 0.21428571428571427 0.7682584269662921 0.19642857142857142 0.7373595505617978 0.1357142857142857 0.7879213483146067
1 0.1392857142857143 0.577247191011236 0.20714285714285716 0.5898876404494382 0.21428571428571427 0.5547752808988764 0.14523809523809525 0.5407303370786517
1 0.10476190476190476 0.7205056179775281 0.1773809523809524 0.6783707865168539 0.16547619047619047 0.648876404494382 0.09523809523809523 0.6882022471910112
1 0.09166666666666666 0.6671348314606742 0.1595238095238095 0.6432584269662921 0.15 0.6081460674157303 0.08333333333333333 0.6362359550561798