1 0.15357142857142858 0.5519662921348315 0.1595238095238095 0.5126404494382022 0.13690476190476192 0.5098314606741573 0.12738095238095237 0.5463483146067416
1 0.1773809523809524 0.5589887640449438 0.1869047619047619 0.5098314606741573 0.16666666666666666 0.5070224719101124 0.15357142857142858 0.5589887640449438
1 0.2119047619047619 0.5603932584269663 0.21428571428571427 0.5098314606741573 0.19285714285714287 0.5112359550561798 0.18571428571428572 0.5589887640449438
1 0.24047619047619048 0.5603932584269663 0.24523809523809523 0.5070224719101124 0.22142857142857142 0.5070224719101124 0.21428571428571427 0.5575842696629213
1 0.26785714285714285 0.5491573033707865 0.2714285714285714 0.5098314606741573 0.25 0.5098314606741573 0.24642857142857144 0.5463483146067416
1 0.2976190476190476 0.5519662921348315 0.3011904761904762 0.5098314606741573 0.2785714285714286 0.5098314606741573 0.27380952380952384 0.5491573033707865
1 0.325 0.5491573033707865 0.3333333333333333 0.5028089887640449 0.30714285714285716 0.5014044943820225 0.2988095238095238 0.547752808988764
1 0.3761904761904762 0.5463483146067416 0.3738095238095238 0.49719101123595505 0.3523809523809524 0.49859550561797755 0.35 0.547752808988764
1 0.40476190476190477 0.550561797752809 0.40714285714285714 0.5014044943820225 0.38571428571428573 0.5014044943820225 0.3821428571428571 0.5519662921348315
1 0.4357142857142857 0.5561797752808989 0.4380952380952381 0.5028089887640449 0.4119047619047619 0.5014044943820225 0.4095238095238095 0.5533707865168539
1 0.4654761904761905 0.5491573033707865 0.4666666666666667 0.5056179775280899 0.4452380952380952 0.5070224719101124 0.444047619047619 0.5519662921348315
1 0.49523809523809526 0.5519662921348315 0.49642857142857144 0.5042134831460674 0.4714285714285714 0.5042134831460674 0.47023809523809523 0.5533707865168539
1 0.525 0.5561797752808989 0.5226190476190476 0.5056179775280899 0.4976190476190476 0.5070224719101124 0.5011904761904762 0.5575842696629213
1 0.5547619047619048 0.5519662921348315 0.5547619047619048 0.5014044943820225 0.530952380952381 0.5014044943820225 0.5333333333333333 0.5519662921348315
1 0.6023809523809524 0.5449438202247191 0.6035714285714285 0.5014044943820225 0.5785714285714286 0.5028089887640449 0.5785714285714286 0.547752808988764
1 0.6345238095238095 0.550561797752809 0.6333333333333333 0.5028089887640449 0.6095238095238096 0.5028089887640449 0.6107142857142858 0.5519662921348315
1 0.6619047619047619 0.5519662921348315 0.6619047619047619 0.5084269662921348 0.6369047619047619 0.5098314606741573 0.638095238095238 0.5533707865168539
1 0.6916666666666667 0.5575842696629213 0.6904761904761905 0.5098314606741573 0.669047619047619 0.5112359550561798 0.6714285714285714 0.5603932584269663
1 0.725 0.5561797752808989 0.7226190476190476 0.5042134831460674 0.6976190476190476 0.5056179775280899 0.7023809523809523 0.5589887640449438
1 0.7523809523809524 0.5449438202247191 0.75 0.5042134831460674 0.7226190476190476 0.5042134831460674 0.7285714285714285 0.5463483146067416
1 0.7821428571428571 0.5407303370786517 0.7785714285714286 0.49859550561797755 0.7547619047619047 0.5014044943820225 0.7583333333333333 0.5407303370786517
1 0.830952380952381 0.5533707865168539 0.825 0.5070224719101124 0.8011904761904762 0.5070224719101124 0.8083333333333333 0.5547752808988764
1 0.8595238095238096 0.5519662921348315 0.8511904761904762 0.5 0.8261904761904761 0.5014044943820225 0.8380952380952381 0.5519662921348315
1 0.8690476190476191 0.550561797752809 0.888095238095238 0.547752808988764 0.8785714285714286 0.5 0.8571428571428571 0.5028089887640449
3 0.39166666666666666 0.3609550561797753 0.4869047619047619 0.3553370786516854 0.4857142857142857 0.3103932584269663 0.3904761904761905 0.31320224719101125