1 0.3607142857142857 0.14185393258426968 0.3547619047619048 0.19382022471910113 0.37857142857142856 0.199438202247191 0.39166666666666666 0.14747191011235955
1 0.3523809523809524 0.1952247191011236 0.37857142857142856 0.199438202247191 0.3738095238095238 0.25280898876404495 0.34404761904761905 0.24859550561797752
1 0.35 0.2542134831460674 0.3761904761904762 0.2542134831460674 0.36904761904761907 0.3146067415730337 0.34523809523809523 0.31320224719101125
1 0.3404761904761905 0.31320224719101125 0.36547619047619045 0.3160112359550562 0.3630952380952381 0.38202247191011235 0.33690476190476193 0.37219101123595505
1 0.33214285714285713 0.38764044943820225 0.3547619047619048 0.38764044943820225 0.35714285714285715 0.45365168539325845 0.32857142857142857 0.4508426966292135
1 0.32857142857142857 0.45365168539325845 0.35119047619047616 0.4550561797752809 0.3476190476190476 0.5084269662921348 0.325 0.5056179775280899
1 0.3261904761904762 0.5168539325842697 0.35119047619047616 0.5168539325842697 0.3464285714285714 0.5800561797752809 0.32142857142857145 0.5800561797752809
1 0.30357142857142855 0.6867977528089888 0.32857142857142857 0.6867977528089888 0.3333333333333333 0.7570224719101124 0.29642857142857143 0.7626404494382022
1 0.2976190476190476 0.7654494382022472 0.32976190476190476 0.7668539325842697 0.325 0.8553370786516854 0.2857142857142857 0.851123595505618
1 0.705952380952381 0.7471910112359551 0.7380952380952381 0.7429775280898876 0.7476190476190476 0.8146067415730337 0.7083333333333334 0.8188202247191011
1 0.694047619047619 0.6601123595505618 0.7238095238095238 0.6587078651685393 0.7309523809523809 0.7289325842696629 0.7023809523809523 0.7303370786516854
1 0.6892857142857143 0.5758426966292135 0.7130952380952381 0.5716292134831461 0.7226190476190476 0.6446629213483146 0.6904761904761905 0.6432584269662921
1 0.6523809523809524 0.13623595505617977 0.655952380952381 0.18398876404494383 0.6797619047619048 0.18679775280898878 0.6785714285714286 0.13764044943820225
1 0.6595238095238095 0.2556179775280899 0.6642857142857143 0.29353932584269665 0.6869047619047619 0.2893258426966292 0.6821428571428572 0.2556179775280899
1 0.669047619047619 0.3103932584269663 0.6726190476190477 0.3539325842696629 0.694047619047619 0.351123595505618 0.6880952380952381 0.31179775280898875
1 0.6773809523809524 0.3792134831460674 0.6785714285714286 0.4297752808988764 0.705952380952381 0.4297752808988764 0.7071428571428572 0.37780898876404495
1 0.6773809523809524 0.44803370786516855 0.7035714285714286 0.4410112359550562 0.7119047619047619 0.5 0.6845238095238095 0.5028089887640449