1 0.4220238095238095 0.7998595505617978 0.025 0.05196629213483146
1 0.4238095238095238 0.7127808988764045 0.02619047619047619 0.05758426966292135
1 0.4232142857142857 0.6123595505617978 0.02023809523809524 0.047752808988764044
1 0.43214285714285716 0.35674157303370785 0.01904761904761905 0.03651685393258427
1 0.6369047619047619 0.7219101123595506 0.6464285714285715 0.7429775280898876 0.5964285714285714 0.7668539325842697 0.5892857142857143 0.7443820224719101
1 0.6291666666666667 0.7085674157303371 0.04404761904761905 0.023876404494382022
1 0.6386904761904761 0.6804775280898876 0.055952380952380955 0.032303370786516857
1 0.6273809523809524 0.6278089887640449 0.6190476190476191 0.651685393258427 0.6726190476190477 0.6685393258426966 0.6761904761904762 0.6418539325842697
1 0.6523809523809524 0.6137640449438202 0.0380952380952381 0.019662921348314606
1 0.736904761904762 0.601123595505618 0.7440476190476191 0.6474719101123596 0.7666666666666667 0.6460674157303371 0.7583333333333333 0.598314606741573
1 0.7261904761904762 0.5365168539325843 0.7321428571428571 0.5842696629213483 0.7523809523809524 0.5828651685393258 0.7464285714285714 0.5337078651685393
1 0.7404761904761905 0.5084269662921348 0.719047619047619 0.5084269662921348 0.7166666666666667 0.46348314606741575 0.7380952380952381 0.46207865168539325
1 0.6529761904761905 0.577247191011236 0.04404761904761905 0.025280898876404494
1 0.6505952380952381 0.5428370786516854 0.04404761904761905 0.021067415730337078
1 0.6553571428571429 0.5049157303370787 0.041666666666666664 0.018258426966292134
1 0.6482142857142857 0.4803370786516854 0.04642857142857143 0.019662921348314606
1 0.7226190476190476 0.4101123595505618 0.02142857142857143 0.0449438202247191
1 0.7166666666666667 0.36025280898876405 0.01904761904761905 0.04353932584269663
1 0.5488095238095239 0.3497191011235955 0.5535714285714286 0.3862359550561798 0.5702380952380952 0.38202247191011235 0.5666666666666667 0.34691011235955055
1 0.5476190476190477 0.300561797752809 0.5642857142857143 0.29775280898876405 0.569047619047619 0.33146067415730335 0.55 0.3342696629213483
1 0.6190476190476191 0.300561797752809 0.6178571428571429 0.324438202247191 0.6642857142857143 0.33286516853932585 0.6678571428571428 0.3089887640449438
1 0.6339285714285714 0.3532303370786517 0.04404761904761905 0.021067415730337078
1 0.638095238095238 0.3848314606741573 0.04047619047619048 0.025280898876404494
1 0.5880952380952381 0.2478932584269663 0.014285714285714285 0.0351123595505618
1 0.4226190476190476 0.2303370786516854 0.42142857142857143 0.2598314606741573 0.4369047619047619 0.2598314606741573 0.4380952380952381 0.2303370786516854
1 0.4738095238095238 0.21629213483146068 0.01904761904761905 0.03932584269662921
1 0.4297619047619048 0.1720505617977528 0.01904761904761905 0.04073033707865169
1 0.5797619047619048 0.1404494382022472 0.569047619047619 0.17415730337078653 0.5833333333333334 0.1797752808988764 0.594047619047619 0.14747191011235955
1 0.6797619047619048 0.16151685393258428 0.6833333333333333 0.20084269662921347 0.7 0.199438202247191 0.6964285714285714 0.1601123595505618
1 0.6333333333333333 0.20084269662921347 0.5952380952380952 0.19382022471910113 0.5976190476190476 0.17696629213483145 0.6357142857142857 0.18398876404494383
1 0.5976190476190476 0.15589887640449437 0.5964285714285714 0.17415730337078653 0.6369047619047619 0.18117977528089887 0.638095238095238 0.16151685393258428
1 0.6369047619047619 0.13623595505617977 0.6333333333333333 0.1544943820224719 0.5976190476190476 0.14887640449438203 0.6011904761904762 0.12921348314606743
1 0.6416666666666667 0.24157303370786518 0.6440476190476191 0.22752808988764045 0.6142857142857143 0.22191011235955055 0.6130952380952381 0.23595505617977527
1 0.6535714285714286 0.2640449438202247 0.6535714285714286 0.24719101123595505 0.6190476190476191 0.24578651685393257 0.6178571428571429 0.26264044943820225
1 0.6476190476190476 0.2851123595505618 0.6476190476190476 0.26825842696629215 0.6166666666666667 0.26825842696629215 0.6166666666666667 0.2851123595505618