1 0.3869047619047619 0.38202247191011235 0.37976190476190474 0.40308988764044945 0.41785714285714287 0.4143258426966292 0.425 0.39325842696629215
1 0.5535714285714286 0.37219101123595505 0.55 0.3890449438202247 0.5857142857142857 0.3960674157303371 0.5892857142857143 0.3792134831460674
1 0.6297619047619047 0.3455056179775281 0.6226190476190476 0.3637640449438202 0.655952380952381 0.37780898876404495 0.6619047619047619 0.3595505617977528
1 0.6309523809523809 0.2851123595505618 0.6440476190476191 0.300561797752809 0.6107142857142858 0.3202247191011236 0.6 0.30337078651685395
1 0.6666666666666666 0.30196629213483145 0.6357142857142857 0.3146067415730337 0.6440476190476191 0.33286516853932585 0.6726190476190477 0.32162921348314605
1 0.6261904761904762 0.22331460674157302 0.6392857142857142 0.23876404494382023 0.6095238095238096 0.26264044943820225 0.5964285714285714 0.24578651685393257
1 0.6619047619047619 0.2050561797752809 0.6309523809523809 0.2205056179775281 0.6452380952380953 0.23876404494382023 0.6726190476190477 0.22191011235955055
1 0.7035714285714286 0.18117977528089887 0.6714285714285714 0.19803370786516855 0.6845238095238095 0.21629213483146068 0.7130952380952381 0.199438202247191
1 0.6297619047619047 0.27668539325842695 0.594047619047619 0.29634831460674155 0.580952380952381 0.2752808988764045 0.6190476190476191 0.2542134831460674
1 0.5220238095238096 0.21558988764044945 0.017857142857142856 0.0351123595505618
1 0.7047619047619048 0.17837078651685392 0.719047619047619 0.19241573033707865 0.7464285714285714 0.1699438202247191 0.7345238095238096 0.1544943820224719
1 0.7654761904761904 0.15589887640449437 0.7892857142857143 0.12921348314606743 0.7761904761904762 0.1151685393258427 0.7523809523809524 0.14325842696629212
2 0.3351190476190476 0.4318820224719101 0.058333333333333334 0.0351123595505618
2 0.39107142857142857 0.49929775280898875 0.02023809523809524 0.07162921348314606
1 0.22380952380952382 0.3441011235955056 0.03571428571428571 0.019662921348314606
1 0.14166666666666666 0.4101123595505618 0.13214285714285715 0.4241573033707865 0.11190476190476191 0.4044943820224719 0.12261904761904761 0.39325842696629215
1 0.1363095238095238 0.3455056179775281 0.02976190476190476 0.016853932584269662
1 0.21666666666666667 0.3047752808988764 0.04047619047619048 0.016853932584269662
1 0.23095238095238096 0.5028089887640449 0.04047619047619048 0.019662921348314606
1 0.14761904761904762 0.5056179775280899 0.13214285714285715 0.5210674157303371 0.10952380952380952 0.4957865168539326 0.12380952380952381 0.48174157303370785
1 0.5833333333333334 0.42837078651685395 0.6 0.4241573033707865 0.6107142857142858 0.4592696629213483 0.594047619047619 0.46348314606741575
1 0.6470238095238096 0.40730337078651685 0.017857142857142856 0.03651685393258427
1 0.669047619047619 0.577247191011236 0.6488095238095238 0.5786516853932584 0.6464285714285715 0.5365168539325843 0.6666666666666666 0.5351123595505618
1 0.6107142857142858 0.5632022471910112 0.5928571428571429 0.5632022471910112 0.5904761904761905 0.5252808988764045 0.6083333333333333 0.523876404494382
1 0.7011904761904761 0.5842696629213483 0.04047619047619048 0.019662921348314606
1 0.7601190476190476 0.5814606741573034 0.041666666666666664 0.019662921348314606
1 0.6321428571428571 0.6165730337078652 0.625 0.6348314606741573 0.6595238095238095 0.648876404494382 0.6666666666666666 0.6292134831460674
1 0.6702380952380952 0.6952247191011236 0.01904761904761905 0.05056179775280899
1 0.625 0.663623595505618 0.05 0.023876404494382022
1 0.6244047619047619 0.6917134831460674 0.04880952380952381 0.026685393258426966
1 0.6202380952380953 0.7198033707865169 0.05238095238095238 0.026685393258426966
1 0.6619047619047619 0.7549157303370787 0.01904761904761905 0.04353932584269663
1 0.5327380952380952 0.7394662921348315 0.02261904761904762 0.04915730337078652
1 0.5744047619047619 0.6734550561797753 0.015476190476190477 0.04073033707865169
1 0.6077380952380952 0.7577247191011236 0.060714285714285714 0.021067415730337078
1 0.6238095238095238 0.7900280898876404 0.05238095238095238 0.023876404494382022
1 0.6214285714285714 0.8181179775280899 0.05476190476190476 0.023876404494382022
1 0.6202380952380953 0.8504213483146067 0.05714285714285714 0.021067415730337078