2 0.07023809523809524 0.41292134831460675 0.14047619047619048 0.4943820224719101 0.16547619047619047 0.4606741573033708 0.09761904761904762 0.38342696629213485
2 0.10714285714285714 0.3806179775280899 0.17023809523809524 0.4592696629213483 0.20238095238095238 0.4410112359550562 0.13214285714285715 0.3539325842696629
2 0.1380952380952381 0.35252808988764045 0.20833333333333334 0.4410112359550562 0.2369047619047619 0.4157303370786517 0.17142857142857143 0.3398876404494382
2 0.175 0.3342696629213483 0.23809523809523808 0.41151685393258425 0.2702380952380952 0.39185393258426965 0.2011904761904762 0.3146067415730337
2 0.21071428571428572 0.31320224719101125 0.26785714285714285 0.39325842696629215 0.3047619047619048 0.3707865168539326 0.24166666666666667 0.29775280898876405
2 0.24285714285714285 0.2991573033707865 0.305952380952381 0.3637640449438202 0.33214285714285713 0.3455056179775281 0.26666666666666666 0.27808988764044945
2 0.275 0.2794943820224719 0.3380952380952381 0.34831460674157305 0.36904761904761907 0.32724719101123595 0.2976190476190476 0.2598314606741573
2 0.30833333333333335 0.2598314606741573 0.3726190476190476 0.3300561797752809 0.4 0.3089887640449438 0.325 0.24297752808988765
2 0.33214285714285713 0.2401685393258427 0.4035714285714286 0.3061797752808989 0.425 0.2851123595505618 0.3619047619047619 0.21910112359550563
2 0.36547619047619045 0.2205056179775281 0.42023809523809524 0.2794943820224719 0.44761904761904764 0.2640449438202247 0.38452380952380955 0.20224719101123595
2 0.39285714285714285 0.2050561797752809 0.45357142857142857 0.26264044943820225 0.4773809523809524 0.24157303370786518 0.4119047619047619 0.18679775280898878
2 0.4154761904761905 0.18398876404494383 0.4738095238095238 0.24578651685393257 0.5059523809523809 0.22331460674157302 0.44166666666666665 0.16573033707865167
3 0.275 0.6067415730337079 0.3357142857142857 0.6783707865168539 0.36666666666666664 0.6558988764044944 0.30714285714285716 0.574438202247191
3 0.3119047619047619 0.577247191011236 0.3773809523809524 0.651685393258427 0.4166666666666667 0.6235955056179775 0.3404761904761905 0.5463483146067416
3 0.37976190476190474 0.5323033707865169 0.44761904761904764 0.5997191011235955 0.47619047619047616 0.5702247191011236 0.4083333333333333 0.4943820224719101
3 0.4154761904761905 0.4957865168539326 0.48095238095238096 0.5688202247191011 0.5119047619047619 0.547752808988764 0.44166666666666665 0.4705056179775281
3 0.45 0.47331460674157305 0.5071428571428571 0.5435393258426966 0.5333333333333333 0.5210674157303371 0.47023809523809523 0.4550561797752809
3 0.4797619047619048 0.45365168539325845 0.5357142857142857 0.5224719101123596 0.5642857142857143 0.5014044943820225 0.5011904761904762 0.42837078651685395
3 0.5023809523809524 0.425561797752809 0.5738095238095238 0.49157303370786515 0.6059523809523809 0.46207865168539325 0.5297619047619048 0.39747191011235955
3 0.5369047619047619 0.39747191011235955 0.6071428571428571 0.4648876404494382 0.6309523809523809 0.43679775280898875 0.5547619047619048 0.375
3 0.5607142857142857 0.3707865168539326 0.6309523809523809 0.4311797752808989 0.655952380952381 0.40870786516853935 0.5857142857142857 0.351123595505618
3 0.625 0.29213483146067415 0.6880952380952381 0.24297752808988765 0.6583333333333333 0.21207865168539325 0.6 0.26685393258426965
3 0.6595238095238095 0.3188202247191011 0.7166666666666667 0.26825842696629215 0.6904761904761905 0.24297752808988765 0.6321428571428571 0.2851123595505618
3 0.6333333333333333 0.34129213483146065 0.6797619047619048 0.3806179775280899 0.6988095238095238 0.36235955056179775 0.6464285714285715 0.31320224719101125
2 0.6916666666666667 0.3398876404494382 0.75 0.28651685393258425 0.7214285714285714 0.2654494382022472 0.669047619047619 0.31741573033707865
2 0.725 0.3693820224719101 0.7952380952380952 0.3089887640449438 0.763095238095238 0.28230337078651685 0.7 0.3455056179775281
3 0.3952380952380952 0.7457865168539326 0.4845238095238095 0.8300561797752809 0.5083333333333333 0.7949438202247191 0.4238095238095238 0.7106741573033708
3 0.4630952380952381 0.723314606741573 0.5273809523809524 0.7907303370786517 0.555952380952381 0.7710674157303371 0.4928571428571429 0.699438202247191
2 0.5488095238095239 0.6783707865168539 0.5892857142857143 0.7162921348314607 0.6095238095238096 0.6966292134831461 0.569047619047619 0.6587078651685393
3 0.6226190476190476 0.5828651685393258 0.6880952380952381 0.6460674157303371 0.7166666666666667 0.6123595505617978 0.6428571428571429 0.5589887640449438
3 0.6488095238095238 0.5547752808988764 0.7261904761904762 0.6123595505617978 0.7464285714285714 0.5884831460674157 0.675 0.526685393258427
3 0.6797619047619048 0.523876404494382 0.7452380952380953 0.5856741573033708 0.7702380952380953 0.5547752808988764 0.6988095238095238 0.5028089887640449
3 0.7095238095238096 0.5056179775280899 0.7797619047619048 0.5660112359550562 0.7928571428571428 0.5308988764044944 0.7309523809523809 0.48314606741573035
3 0.6988095238095238 0.45786516853932585 0.763095238095238 0.5112359550561798 0.7797619047619048 0.48735955056179775 0.7226190476190476 0.4339887640449438
2 0.775 0.5730337078651685 0.7345238095238096 0.6811797752808989 0.7785714285714286 0.6952247191011236 0.8119047619047619 0.5828651685393258