4 0.1880952380952381 0.2401685393258427 0.1880952380952381 0.2612359550561798 0.15 0.26264044943820225 0.15 0.2401685393258427
1 0.19285714285714287 0.3300561797752809 0.19166666666666668 0.351123595505618 0.23452380952380952 0.35252808988764045 0.2357142857142857 0.3300561797752809
4 0.3119047619047619 0.32865168539325845 0.3119047619047619 0.3497191011235955 0.3488095238095238 0.34831460674157305 0.3488095238095238 0.32865168539325845
1 0.3047619047619048 0.3497191011235955 0.3047619047619048 0.3651685393258427 0.3488095238095238 0.3651685393258427 0.3488095238095238 0.34831460674157305
1 0.30357142857142855 0.3651685393258427 0.3047619047619048 0.38764044943820225 0.35119047619047616 0.38764044943820225 0.35 0.3651685393258427
1 0.34523809523809523 0.38342696629213485 0.34404761904761905 0.41151685393258425 0.2916666666666667 0.41292134831460675 0.29404761904761906 0.3848314606741573
1 0.34523809523809523 0.4101123595505618 0.34523809523809523 0.4339887640449438 0.30357142857142855 0.4353932584269663 0.30238095238095236 0.4101123595505618
1 0.3416666666666667 0.45786516853932585 0.34285714285714286 0.4859550561797753 0.29404761904761906 0.4859550561797753 0.29404761904761906 0.4592696629213483
1 0.1630952380952381 0.4691011235955056 0.1619047619047619 0.49297752808988765 0.20952380952380953 0.49157303370786515 0.21071428571428572 0.4691011235955056
1 0.1488095238095238 0.547752808988764 0.14642857142857144 0.5702247191011236 0.19523809523809524 0.5688202247191011 0.19523809523809524 0.547752808988764
1 0.14285714285714285 0.6109550561797753 0.14285714285714285 0.6390449438202247 0.19285714285714287 0.6376404494382022 0.19285714285714287 0.6123595505617978
1 0.125 0.7542134831460674 0.12380952380952381 0.7865168539325843 0.18333333333333332 0.7851123595505618 0.18214285714285713 0.7556179775280899
1 0.2916666666666667 0.5 0.2916666666666667 0.5280898876404494 0.34285714285714286 0.5280898876404494 0.3404761904761905 0.5
1 0.2892857142857143 0.5280898876404494 0.28809523809523807 0.5533707865168539 0.3404761904761905 0.5533707865168539 0.3404761904761905 0.526685393258427
1 0.28214285714285714 0.5519662921348315 0.28095238095238095 0.5786516853932584 0.3345238095238095 0.577247191011236 0.3345238095238095 0.550561797752809
1 0.28095238095238095 0.5884831460674157 0.2785714285714286 0.6165730337078652 0.33095238095238094 0.6151685393258427 0.32976190476190476 0.5884831460674157
1 0.2773809523809524 0.6376404494382022 0.275 0.6671348314606742 0.32976190476190476 0.6657303370786517 0.33095238095238094 0.6376404494382022
1 0.2761904761904762 0.6643258426966292 0.275 0.6896067415730337 0.33095238095238094 0.6882022471910112 0.33095238095238094 0.6643258426966292
1 0.26785714285714285 0.6882022471910112 0.2654761904761905 0.7219101123595506 0.3273809523809524 0.7219101123595506 0.3273809523809524 0.6896067415730337
1 0.26904761904761904 0.7935393258426966 0.26904761904761904 0.8230337078651685 0.319047619047619 0.8230337078651685 0.31666666666666665 0.7935393258426966
1 0.6 0.33286516853932585 0.6095238095238096 0.36797752808988765 0.6285714285714286 0.36657303370786515 0.6190476190476191 0.33146067415730335
1 0.6345238095238095 0.3398876404494382 0.6357142857142857 0.3806179775280899 0.6547619047619048 0.3806179775280899 0.6523809523809524 0.3398876404494382
1 0.6869047619047619 0.4241573033707865 0.6880952380952381 0.4508426966292135 0.7380952380952381 0.449438202247191 0.7345238095238096 0.42275280898876405
1 0.5595238095238095 0.40308988764044945 0.5607142857142857 0.4311797752808989 0.6035714285714285 0.4297752808988764 0.6023809523809524 0.40308988764044945
1 0.5654761904761905 0.4452247191011236 0.5654761904761905 0.47191011235955055 0.6178571428571429 0.4705056179775281 0.6142857142857143 0.44662921348314605
1 0.694047619047619 0.45646067415730335 0.6976190476190476 0.4845505617977528 0.7440476190476191 0.48174157303370785 0.7404761904761905 0.45786516853932585
1 0.694047619047619 0.4803370786516854 0.6964285714285714 0.5042134831460674 0.7392857142857143 0.5014044943820225 0.736904761904762 0.4803370786516854
1 0.6988095238095238 0.5028089887640449 0.7 0.5280898876404494 0.7523809523809524 0.526685393258427 0.7476190476190476 0.5014044943820225
1 0.705952380952381 0.5294943820224719 0.7083333333333334 0.5547752808988764 0.7559523809523809 0.5547752808988764 0.7535714285714286 0.5294943820224719
1 0.7083333333333334 0.5491573033707865 0.7083333333333334 0.574438202247191 0.7595238095238095 0.574438202247191 0.7583333333333333 0.550561797752809
1 0.5678571428571428 0.5463483146067416 0.5678571428571428 0.5688202247191011 0.6142857142857143 0.5688202247191011 0.6130952380952381 0.547752808988764
1 0.5654761904761905 0.5646067415730337 0.5654761904761905 0.5898876404494382 0.611904761904762 0.5898876404494382 0.6107142857142858 0.5674157303370787
1 0.625 0.5926966292134831 0.6214285714285714 0.6193820224719101 0.5630952380952381 0.6137640449438202 0.5678571428571428 0.5856741573033708
1 0.7071428571428572 0.5884831460674157 0.7083333333333334 0.6137640449438202 0.763095238095238 0.6123595505617978 0.7607142857142857 0.5870786516853933
1 0.7107142857142857 0.6109550561797753 0.7119047619047619 0.6362359550561798 0.7654761904761904 0.6348314606741573 0.763095238095238 0.6109550561797753
1 0.7107142857142857 0.6362359550561798 0.7107142857142857 0.6671348314606742 0.7678571428571429 0.6657303370786517 0.7642857142857142 0.6348314606741573
1 0.7107142857142857 0.6629213483146067 0.7119047619047619 0.6924157303370787 0.7642857142857142 0.6910112359550562 0.7619047619047619 0.6629213483146067
1 0.7285714285714285 0.6952247191011236 0.7297619047619047 0.723314606741573 0.780952380952381 0.723314606741573 0.7797619047619048 0.6952247191011236
1 0.6333333333333333 0.7050561797752809 0.6345238095238095 0.7331460674157303 0.5785714285714286 0.7317415730337079 0.5785714285714286 0.7036516853932584
1 0.580952380952381 0.7303370786516854 0.580952380952381 0.7570224719101124 0.6345238095238095 0.7542134831460674 0.6333333333333333 0.7317415730337079
1 0.7273809523809524 0.723314606741573 0.7273809523809524 0.7457865168539326 0.7821428571428571 0.7457865168539326 0.7797619047619048 0.7219101123595506
1 0.7273809523809524 0.7542134831460674 0.7285714285714285 0.7879213483146067 0.7857142857142857 0.7865168539325843 0.7833333333333333 0.7556179775280899
1 0.5845238095238096 0.7584269662921348 0.5845238095238096 0.7879213483146067 0.6392857142857142 0.7865168539325843 0.6392857142857142 0.7584269662921348
1 0.5916666666666667 0.7865168539325843 0.5928571428571429 0.8132022471910112 0.6452380952380953 0.8132022471910112 0.6440476190476191 0.7851123595505618
1 0.7309523809523809 0.7865168539325843 0.7321428571428571 0.8174157303370787 0.7880952380952381 0.8160112359550562 0.7869047619047619 0.7851123595505618
1 0.7321428571428571 0.8202247191011236 0.7321428571428571 0.848314606741573 0.7916666666666666 0.8455056179775281 0.7916666666666666 0.8202247191011236