4 0.5988095238095238 0.23314606741573032 0.6726190476190477 0.3103932584269663 0.6416666666666667 0.3497191011235955 0.569047619047619 0.2710674157303371
1 0.7238095238095238 0.6839887640449438 0.805952380952381 0.7514044943820225 0.7833333333333333 0.7921348314606742 0.7035714285714286 0.7191011235955056
1 0.7023809523809523 0.773876404494382 0.6535714285714286 0.8525280898876404 0.6797619047619048 0.8707865168539326 0.7285714285714285 0.8033707865168539
1 0.5869047619047619 0.8146067415730337 0.5285714285714286 0.875 0.5488095238095239 0.9030898876404494 0.6130952380952381 0.8441011235955056
1 0.4988095238095238 0.7303370786516854 0.4357142857142857 0.8230337078651685 0.46904761904761905 0.851123595505618 0.5380952380952381 0.7542134831460674
4 0.4226190476190476 0.6811797752808989 0.39285714285714285 0.7275280898876404 0.41904761904761906 0.7485955056179775 0.4511904761904762 0.702247191011236
1 0.3261904761904762 0.4044943820224719 0.3547619047619048 0.4803370786516854 0.38571428571428573 0.4691011235955056 0.3547619047619048 0.39185393258426965
1 0.2642857142857143 0.3202247191011236 0.2773809523809524 0.42134831460674155 0.31547619047619047 0.41292134831460675 0.2988095238095238 0.31179775280898875
1 0.15595238095238095 0.20365168539325842 0.14404761904761904 0.30337078651685395 0.18095238095238095 0.3089887640449438 0.19523809523809524 0.20786516853932585
2 0.22023809523809523 0.13764044943820225 0.2976190476190476 0.22191011235955055 0.2702380952380952 0.25280898876404495 0.19523809523809524 0.175561797752809
4 0.675 0.7134831460674157 0.5857142857142857 0.7921348314606742 0.6142857142857143 0.8300561797752809 0.6988095238095238 0.7598314606741573
4 0.6202380952380953 0.6797752808988764 0.5666666666666667 0.75 0.5952380952380952 0.7780898876404494 0.6523809523809524 0.7092696629213483
4 0.4607142857142857 0.699438202247191 0.40476190476190477 0.7823033707865169 0.42857142857142855 0.8103932584269663 0.4845238095238095 0.7247191011235955
4 0.3976190476190476 0.6390449438202247 0.3345238095238095 0.7106741573033708 0.3630952380952381 0.7443820224719101 0.425 0.6699438202247191
4 0.20357142857142857 0.2401685393258427 0.20476190476190476 0.33707865168539325 0.23452380952380952 0.3342696629213483 0.2357142857142857 0.23735955056179775
4 0.1130952380952381 0.1601123595505618 0.1523809523809524 0.17134831460674158 0.1392857142857143 0.2640449438202247 0.10357142857142858 0.2542134831460674