1 0.19047619047619047 0.35814606741573035 0.16428571428571428 0.3539325842696629 0.15357142857142858 0.41713483146067415 0.18928571428571428 0.41713483146067415
1 0.3011904761904762 0.4592696629213483 0.2916666666666667 0.4887640449438202 0.3630952380952381 0.5028089887640449 0.37023809523809526 0.46769662921348315
1 0.44047619047619047 0.5660112359550562 0.40714285714285714 0.5646067415730337 0.4035714285714286 0.6334269662921348 0.44047619047619047 0.6320224719101124
1 0.6083333333333333 0.5688202247191011 0.575 0.5674157303370787 0.5714285714285714 0.6362359550561798 0.6083333333333333 0.6348314606741573
1 0.6714285714285714 0.5646067415730337 0.6428571428571429 0.5674157303370787 0.6452380952380953 0.6474719101123596 0.6738095238095239 0.6446629213483146
1 0.75 0.5632022471910112 0.7214285714285714 0.5660112359550562 0.725 0.6306179775280899 0.7547619047619047 0.6306179775280899
1 0.8119047619047619 0.5575842696629213 0.7833333333333333 0.5603932584269663 0.7869047619047619 0.625 0.8166666666666667 0.625
1 0.8607142857142858 0.5646067415730337 0.8321428571428572 0.5674157303370787 0.8404761904761905 0.6432584269662921 0.8738095238095238 0.6348314606741573
1 0.5916666666666667 0.6643258426966292 0.5630952380952381 0.7331460674157303 0.5952380952380952 0.7443820224719101 0.6178571428571429 0.672752808988764
1 0.5464285714285714 0.6629213483146067 0.5119047619047619 0.7205056179775281 0.5392857142857143 0.7345505617977528 0.5726190476190476 0.6713483146067416
1 0.5011904761904762 0.6601123595505618 0.4607142857142857 0.7247191011235955 0.4880952380952381 0.7373595505617978 0.5273809523809524 0.6685393258426966
1 0.3869047619047619 0.7837078651685393 0.3607142857142857 0.8061797752808989 0.4154761904761905 0.8623595505617978 0.44047619047619047 0.8384831460674157
1 0.5511904761904762 0.7893258426966292 0.5202380952380953 0.8103932584269663 0.5630952380952381 0.8707865168539326 0.5928571428571429 0.8497191011235955
1 0.6071428571428571 0.7893258426966292 0.5761904761904761 0.8103932584269663 0.6190476190476191 0.8707865168539326 0.6488095238095238 0.8497191011235955
1 0.6642857142857143 0.7963483146067416 0.6333333333333333 0.8174157303370787 0.6761904761904762 0.8778089887640449 0.705952380952381 0.8567415730337079
1 0.7226190476190476 0.7935393258426966 0.6916666666666667 0.8146067415730337 0.7345238095238096 0.875 0.7642857142857142 0.8539325842696629
1 0.8380952380952381 0.7963483146067416 0.8071428571428572 0.8174157303370787 0.85 0.8778089887640449 0.8797619047619047 0.8567415730337079
1 0.2392857142857143 0.7837078651685393 0.20357142857142857 0.7837078651685393 0.19404761904761905 0.8693820224719101 0.23333333333333334 0.8721910112359551
1 0.1761904761904762 0.651685393258427 0.1488095238095238 0.6601123595505618 0.16071428571428573 0.7317415730337079 0.19404761904761905 0.7176966292134831
1 0.17142857142857143 0.5449438202247191 0.15833333333333333 0.6109550561797753 0.19285714285714287 0.6081460674157303 0.20238095238095238 0.5491573033707865
1 0.1261904761904762 0.5547752808988764 0.10952380952380952 0.6306179775280899 0.14642857142857144 0.6306179775280899 0.15714285714285714 0.5589887640449438