1 0.7821428571428571 0.7317415730337079 0.7726190476190476 0.75 0.8166666666666667 0.7794943820224719 0.8297619047619048 0.7598314606741573
1 0.8023809523809524 0.5856741573033708 0.7928571428571428 0.6039325842696629 0.8369047619047619 0.6334269662921348 0.85 0.6137640449438202
1 0.8226190476190476 0.5547752808988764 0.8130952380952381 0.5730337078651685 0.8571428571428571 0.6025280898876404 0.8702380952380953 0.5828651685393258
1 0.8297619047619048 0.5252808988764045 0.8202380952380952 0.5435393258426966 0.8642857142857143 0.5730337078651685 0.8773809523809524 0.5533707865168539
1 0.8678571428571429 0.4859550561797753 0.8583333333333333 0.5042134831460674 0.9023809523809524 0.5337078651685393 0.9154761904761904 0.5140449438202247
1 0.3261904761904762 0.6825842696629213 0.31666666666666665 0.7008426966292135 0.3607142857142857 0.7303370786516854 0.3738095238095238 0.7106741573033708
1 0.3547619047619048 0.6320224719101124 0.34523809523809523 0.6502808988764045 0.3892857142857143 0.6797752808988764 0.4023809523809524 0.6601123595505618
1 0.3880952380952381 0.6081460674157303 0.38571428571428573 0.6320224719101124 0.42857142857142855 0.6334269662921348 0.4238095238095238 0.6039325842696629
1 0.4142857142857143 0.5786516853932584 0.4119047619047619 0.6025280898876404 0.45476190476190476 0.6039325842696629 0.45 0.574438202247191
1 0.4261904761904762 0.5589887640449438 0.4238095238095238 0.5828651685393258 0.4666666666666667 0.5842696629213483 0.46190476190476193 0.5547752808988764
1 0.45714285714285713 0.523876404494382 0.44642857142857145 0.5575842696629213 0.48928571428571427 0.5589887640449438 0.4845238095238095 0.5294943820224719
1 0.4369047619047619 0.48735955056179775 0.430952380952381 0.5028089887640449 0.45476190476190476 0.523876404494382 0.4714285714285714 0.5070224719101124
1 0.4607142857142857 0.449438202247191 0.45357142857142857 0.4592696629213483 0.4857142857142857 0.48174157303370785 0.49523809523809526 0.4648876404494382
1 0.4738095238095238 0.4339887640449438 0.4666666666666667 0.4438202247191011 0.4988095238095238 0.46629213483146065 0.5083333333333333 0.449438202247191
1 0.4857142857142857 0.4101123595505618 0.4785714285714286 0.4199438202247191 0.5107142857142857 0.44241573033707865 0.5202380952380953 0.425561797752809
1 0.4988095238095238 0.38342696629213485 0.49166666666666664 0.39325842696629215 0.5238095238095238 0.4157303370786517 0.5333333333333333 0.398876404494382
1 0.525 0.34269662921348315 0.5178571428571429 0.35252808988764045 0.55 0.375 0.5595238095238095 0.35814606741573035
1 0.5416666666666666 0.32162921348314605 0.5345238095238095 0.33146067415730335 0.5666666666666667 0.3539325842696629 0.5761904761904761 0.33707865168539325
1 0.55 0.3061797752808989 0.5428571428571428 0.3160112359550562 0.575 0.33848314606741575 0.5845238095238096 0.32162921348314605
1 0.5678571428571428 0.28651685393258425 0.5607142857142857 0.29634831460674155 0.5964285714285714 0.3202247191011236 0.6023809523809524 0.30196629213483145
1 0.5916666666666667 0.2640449438202247 0.5845238095238096 0.273876404494382 0.6202380952380953 0.29775280898876405 0.6261904761904762 0.2794943820224719
1 0.6083333333333333 0.24157303370786518 0.6011904761904762 0.25140449438202245 0.6369047619047619 0.2752808988764045 0.6428571428571429 0.25702247191011235
1 0.625 0.2205056179775281 0.6178571428571429 0.2303370786516854 0.6535714285714286 0.2542134831460674 0.6595238095238095 0.23595505617977527
1 0.6345238095238095 0.2050561797752809 0.6273809523809524 0.2148876404494382 0.6630952380952381 0.23876404494382023 0.669047619047619 0.2205056179775281
1 0.6654761904761904 0.16853932584269662 0.6583333333333333 0.17837078651685392 0.694047619047619 0.20224719101123595 0.7 0.18398876404494383
1 0.6833333333333333 0.15589887640449437 0.6761904761904762 0.16573033707865167 0.7119047619047619 0.1896067415730337 0.7178571428571429 0.17134831460674158
1 0.6928571428571428 0.1404494382022472 0.6857142857142857 0.1502808988764045 0.7214285714285714 0.17415730337078653 0.7273809523809524 0.15589887640449437
1 0.6309523809523809 0.3103932584269663 0.611904761904762 0.3398876404494382 0.6297619047619047 0.35252808988764045 0.6476190476190476 0.324438202247191
3 0.7607142857142857 0.7654494382022472 0.825 0.7935393258426966 0.8154761904761905 0.8216292134831461 0.7511904761904762 0.7879213483146067
3 0.7321428571428571 0.7752808988764045 0.7964285714285714 0.8033707865168539 0.7869047619047619 0.8314606741573034 0.7226190476190476 0.797752808988764
3 0.736904761904762 0.8075842696629213 0.8011904761904762 0.8356741573033708 0.7916666666666666 0.8637640449438202 0.7273809523809524 0.8300561797752809
3 0.7107142857142857 0.8188202247191011 0.775 0.8469101123595506 0.7654761904761904 0.875 0.7011904761904761 0.8412921348314607