1 0.6202380952380953 0.25702247191011235 0.6202380952380953 0.2794943820224719 0.6607142857142857 0.2752808988764045 0.6583333333333333 0.2542134831460674
2 0.23452380952380952 0.2205056179775281 0.22023809523809523 0.23735955056179775 0.26071428571428573 0.2598314606741573 0.27380952380952384 0.2401685393258427
4 0.3476190476190476 0.1952247191011236 0.34523809523809523 0.2345505617977528 0.36428571428571427 0.23314606741573032 0.36666666666666664 0.19101123595505617
4 0.5142857142857142 0.7106741573033708 0.5011904761904762 0.776685393258427 0.525 0.7808988764044944 0.5345238095238095 0.7134831460674157
4 0.39404761904761904 0.37640449438202245 0.39285714285714285 0.4058988764044944 0.4380952380952381 0.4058988764044944 0.4392857142857143 0.37780898876404495
4 0.4654761904761905 0.41853932584269665 0.4642857142857143 0.4452247191011236 0.5107142857142857 0.4452247191011236 0.5071428571428571 0.4157303370786517
3 0.38095238095238093 0.4747191011235955 0.37857142857142856 0.5028089887640449 0.4369047619047619 0.5014044943820225 0.4369047619047619 0.4789325842696629
1 0.39880952380952384 0.34129213483146065 0.3976190476190476 0.3637640449438202 0.4452380952380952 0.3637640449438202 0.44761904761904764 0.34129213483146065
1 0.4630952380952381 0.3609550561797753 0.4595238095238095 0.3862359550561798 0.5154761904761904 0.38342696629213485 0.5190476190476191 0.36235955056179775
1 0.47023809523809523 0.3848314606741573 0.4666666666666667 0.41151685393258425 0.5202380952380953 0.41151685393258425 0.5238095238095238 0.38342696629213485
1 0.3892857142857143 0.4058988764044944 0.3892857142857143 0.42837078651685395 0.44285714285714284 0.4311797752808989 0.44285714285714284 0.4058988764044944
1 0.3869047619047619 0.4311797752808989 0.3869047619047619 0.45365168539325845 0.4392857142857143 0.4550561797752809 0.44166666666666665 0.4311797752808989
1 0.3892857142857143 0.45365168539325845 0.3869047619047619 0.47331460674157305 0.4392857142857143 0.476123595505618 0.4392857142857143 0.45646067415730335
1 0.34404761904761905 0.5589887640449438 0.3404761904761905 0.6109550561797753 0.3678571428571429 0.6109550561797753 0.3678571428571429 0.5603932584269663
1 0.46785714285714286 0.4452247191011236 0.46785714285714286 0.47331460674157305 0.5190476190476191 0.47331460674157305 0.5190476190476191 0.4452247191011236
1 0.46904761904761905 0.4705056179775281 0.46785714285714286 0.49719101123595505 0.5226190476190476 0.4957865168539326 0.5226190476190476 0.4691011235955056
1 0.5797619047619048 0.574438202247191 0.5821428571428572 0.6053370786516854 0.6428571428571429 0.6025280898876404 0.6392857142857142 0.5688202247191011
1 0.5702380952380952 0.6474719101123596 0.5702380952380952 0.6952247191011236 0.594047619047619 0.6952247191011236 0.594047619047619 0.6474719101123596
1 0.6035714285714285 0.7205056179775281 0.6023809523809524 0.7457865168539326 0.6666666666666666 0.7359550561797753 0.6595238095238095 0.7064606741573034