1 0.1630952380952381 0.17837078651685392 0.16071428571428573 0.21348314606741572 0.23095238095238096 0.21207865168539325 0.23214285714285715 0.17837078651685392
1 0.17142857142857143 0.22893258426966293 0.16904761904761906 0.25842696629213485 0.22976190476190475 0.2598314606741573 0.23095238095238096 0.22893258426966293
1 0.2154761904761905 0.3061797752808989 0.19642857142857142 0.33146067415730335 0.14642857142857144 0.30196629213483145 0.1630952380952381 0.27668539325842695
1 0.1976190476190476 0.32724719101123595 0.21071428571428572 0.3553370786516854 0.1488095238095238 0.3862359550561798 0.13690476190476192 0.35814606741573035
1 0.20595238095238094 0.4157303370786517 0.21666666666666667 0.449438202247191 0.14761904761904762 0.46629213483146065 0.14166666666666666 0.4353932584269663
1 0.2130952380952381 0.5870786516853933 0.22142857142857142 0.625 0.15 0.6334269662921348 0.14642857142857144 0.601123595505618
1 0.19166666666666668 0.6376404494382022 0.17857142857142858 0.6741573033707865 0.1261904761904762 0.6502808988764045 0.14047619047619048 0.6179775280898876
1 0.17142857142857143 0.6867977528089888 0.1595238095238095 0.7176966292134831 0.10119047619047619 0.6952247191011236 0.11190476190476191 0.6629213483146067
1 0.1738095238095238 0.7162921348314607 0.18452380952380953 0.7457865168539326 0.11428571428571428 0.7682584269662921 0.10833333333333334 0.7359550561797753
1 0.2726190476190476 0.6853932584269663 0.27380952380952384 0.7682584269662921 0.30238095238095236 0.7682584269662921 0.3011904761904762 0.6839887640449438
1 0.6654761904761904 0.6657303370786517 0.6666666666666666 0.7415730337078652 0.6964285714285714 0.7401685393258427 0.694047619047619 0.6657303370786517
1 0.7488095238095238 0.6587078651685393 0.7535714285714286 0.7359550561797753 0.7833333333333333 0.7359550561797753 0.7773809523809524 0.6587078651685393
1 0.7964285714285714 0.7443820224719101 0.8035714285714286 0.8314606741573034 0.8392857142857143 0.8314606741573034 0.8297619047619048 0.7429775280898876
1 0.8142857142857143 0.6193820224719101 0.8154761904761905 0.6573033707865169 0.8833333333333333 0.6587078651685393 0.8833333333333333 0.6207865168539326
1 0.8416666666666667 0.6643258426966292 0.8416666666666667 0.6980337078651685 0.9071428571428571 0.699438202247191 0.9071428571428571 0.6629213483146067
1 0.7976190476190477 0.5800561797752809 0.7988095238095239 0.6151685393258427 0.8654761904761905 0.6151685393258427 0.8630952380952381 0.5800561797752809
1 0.6988095238095238 0.5098314606741573 0.7071428571428572 0.5449438202247191 0.6357142857142857 0.5617977528089888 0.6309523809523809 0.5252808988764045
1 0.6523809523809524 0.41292134831460675 0.6523809523809524 0.4859550561797753 0.680952380952381 0.48735955056179775 0.6797619047619048 0.41292134831460675
1 0.7404761904761905 0.3862359550561798 0.7428571428571429 0.4550561797752809 0.7738095238095238 0.45646067415730335 0.7702380952380953 0.38342696629213485
1 0.7880952380952381 0.4508426966292135 0.7952380952380952 0.48314606741573035 0.8571428571428571 0.47191011235955055 0.8476190476190476 0.4410112359550562
1 0.8023809523809524 0.4845505617977528 0.8095238095238095 0.5154494382022472 0.875 0.5126404494382022 0.8642857142857143 0.4789325842696629
1 0.8023809523809524 0.5182584269662921 0.8095238095238095 0.5547752808988764 0.8738095238095238 0.5491573033707865 0.8654761904761905 0.5140449438202247
1 0.7333333333333333 0.3160112359550562 0.7785714285714286 0.3609550561797753 0.7976190476190477 0.34129213483146065 0.7535714285714286 0.2991573033707865
2 0.7416666666666667 0.2893258426966292 0.7976190476190477 0.32303370786516855 0.8202380952380952 0.29213483146067415 0.7619047619047619 0.25702247191011235
1 0.7440476190476191 0.24297752808988765 0.805952380952381 0.27247191011235955 0.8166666666666667 0.2443820224719101 0.7559523809523809 0.21769662921348315
1 0.7142857142857143 0.21769662921348315 0.7321428571428571 0.23735955056179775 0.7654761904761904 0.20224719101123595 0.7464285714285714 0.18398876404494383
1 0.7214285714285714 0.15870786516853932 0.7797619047619048 0.19241573033707865 0.7976190476190477 0.1699438202247191 0.7404761904761905 0.13764044943820225
1 0.30714285714285716 0.12078651685393259 0.3047619047619048 0.18258426966292135 0.32976190476190476 0.18258426966292135 0.3333333333333333 0.12219101123595505
1 0.30238095238095236 0.19382022471910113 0.3011904761904762 0.2612359550561798 0.32976190476190476 0.2612359550561798 0.32857142857142857 0.19382022471910113
1 0.2976190476190476 0.2752808988764045 0.2976190476190476 0.34269662921348315 0.32261904761904764 0.3441011235955056 0.32142857142857145 0.27668539325842695
1 0.2523809523809524 0.29775280898876405 0.24642857142857144 0.36797752808988765 0.27976190476190477 0.36797752808988765 0.2833333333333333 0.29775280898876405
1 0.29404761904761906 0.35252808988764045 0.2904761904761905 0.42275280898876405 0.31785714285714284 0.42275280898876405 0.3202380952380952 0.3539325842696629
1 0.2904761904761905 0.425561797752809 0.2892857142857143 0.5042134831460674 0.31666666666666665 0.5028089887640449 0.319047619047619 0.4241573033707865
2 0.2642857142857143 0.7724719101123596 0.25833333333333336 0.8904494382022472 0.305952380952381 0.8904494382022472 0.30833333333333335 0.7724719101123596