2 0.6666666666666666 0.7696629213483146 0.7535714285714286 0.6769662921348315 0.7785714285714286 0.7078651685393258 0.694047619047619 0.8019662921348315
2 0.7452380952380953 0.7064606741573034 0.8321428571428572 0.6137640449438202 0.8571428571428571 0.6446629213483146 0.7726190476190476 0.7387640449438202
2 0.6702380952380952 0.7247191011235955 0.8023809523809524 0.5997191011235955 0.8214285714285714 0.6165730337078652 0.6916666666666667 0.7471910112359551
2 0.6452380952380953 0.6966292134831461 0.7773809523809524 0.5716292134831461 0.7964285714285714 0.5884831460674157 0.6666666666666666 0.7191011235955056
2 0.6178571428571429 0.6629213483146067 0.75 0.5379213483146067 0.7690476190476191 0.5547752808988764 0.6392857142857142 0.6853932584269663
2 0.5785714285714286 0.6418539325842697 0.7107142857142857 0.5168539325842697 0.7297619047619047 0.5337078651685393 0.6 0.6643258426966292
2 0.5571428571428572 0.6193820224719101 0.6892857142857143 0.4943820224719101 0.7083333333333334 0.5112359550561798 0.5785714285714286 0.6418539325842697
2 0.5273809523809524 0.5955056179775281 0.6595238095238095 0.4705056179775281 0.6785714285714286 0.48735955056179775 0.5488095238095239 0.6179775280898876
2 0.5047619047619047 0.5660112359550562 0.6369047619047619 0.4410112359550562 0.655952380952381 0.45786516853932585 0.5261904761904762 0.5884831460674157
2 0.48095238095238096 0.547752808988764 0.6130952380952381 0.42275280898876405 0.6321428571428571 0.4396067415730337 0.5023809523809524 0.5702247191011236
2 0.45595238095238094 0.5294943820224719 0.5880952380952381 0.4044943820224719 0.6071428571428571 0.42134831460674155 0.4773809523809524 0.5519662921348315
2 0.4380952380952381 0.5126404494382022 0.5702380952380952 0.38764044943820225 0.5892857142857143 0.4044943820224719 0.4595238095238095 0.5351123595505618
2 0.41309523809523807 0.4957865168539326 0.5452380952380952 0.3707865168539326 0.5642857142857143 0.38764044943820225 0.43452380952380953 0.5182584269662921
2 0.3761904761904762 0.45224719101123595 0.5083333333333333 0.32724719101123595 0.5273809523809524 0.3441011235955056 0.3976190476190476 0.4747191011235955
2 0.39404761904761904 0.46348314606741575 0.5261904761904762 0.33848314606741575 0.5452380952380952 0.3553370786516854 0.4154761904761905 0.4859550561797753
2 0.34285714285714286 0.4410112359550562 0.475 0.3160112359550562 0.49404761904761907 0.33286516853932585 0.36428571428571427 0.46348314606741575
2 0.3261904761904762 0.4157303370786517 0.4583333333333333 0.2907303370786517 0.4773809523809524 0.30758426966292135 0.3476190476190476 0.43820224719101125
2 0.2857142857142857 0.38202247191011235 0.4011904761904762 0.2696629213483146 0.4238095238095238 0.28792134831460675 0.30714285714285716 0.4044943820224719
2 0.2988095238095238 0.398876404494382 0.42738095238095236 0.2893258426966292 0.4452380952380952 0.31179775280898875 0.3202380952380952 0.42134831460674155
2 0.29404761904761906 0.3441011235955056 0.38333333333333336 0.25140449438202245 0.4095238095238095 0.27668539325842695 0.31547619047619047 0.36657303370786515
2 0.25833333333333336 0.34129213483146065 0.3476190476190476 0.24859550561797752 0.3738095238095238 0.273876404494382 0.27976190476190477 0.3637640449438202
2 0.23095238095238096 0.33707865168539325 0.3202380952380952 0.2443820224719101 0.3464285714285714 0.2696629213483146 0.2523809523809524 0.3595505617977528
2 0.22976190476190475 0.31179775280898875 0.319047619047619 0.21910112359550563 0.34523809523809523 0.2443820224719101 0.2511904761904762 0.3342696629213483
2 0.24047619047619048 0.2696629213483146 0.32976190476190476 0.17696629213483145 0.35595238095238096 0.20224719101123595 0.2619047619047619 0.29213483146067415
2 0.1988095238095238 0.26825842696629215 0.28809523809523807 0.175561797752809 0.3142857142857143 0.20084269662921347 0.22023809523809523 0.2907303370786517
2 0.3619047619047619 0.7935393258426966 0.5654761904761905 0.8174157303370787 0.5619047619047619 0.8679775280898876 0.35714285714285715 0.8497191011235955
2 0.3238095238095238 0.7457865168539326 0.5273809523809524 0.7696629213483146 0.5238095238095238 0.8202247191011236 0.319047619047619 0.8019662921348315
2 0.27380952380952384 0.7036516853932584 0.4595238095238095 0.726123595505618 0.45357142857142857 0.7823033707865169 0.26904761904761904 0.7598314606741573
2 0.2392857142857143 0.6629213483146067 0.41785714285714287 0.6966292134831461 0.4154761904761905 0.7401685393258427 0.23452380952380952 0.7191011235955056
2 0.22142857142857142 0.6278089887640449 0.4 0.6615168539325843 0.3976190476190476 0.7050561797752809 0.21666666666666667 0.6839887640449438
2 0.17261904761904762 0.5856741573033708 0.35119047619047616 0.6193820224719101 0.3488095238095238 0.6629213483146067 0.16785714285714284 0.6418539325842697
2 0.1130952380952381 0.5491573033707865 0.30714285714285716 0.5435393258426966 0.3107142857142857 0.5898876404494382 0.11071428571428571 0.5941011235955056
2 0.060714285714285714 0.5196629213483146 0.25476190476190474 0.5140449438202247 0.25833333333333336 0.5603932584269663 0.058333333333333334 0.5646067415730337
2 0.034523809523809526 0.4957865168539326 0.22857142857142856 0.4901685393258427 0.23214285714285715 0.5365168539325843 0.03214285714285714 0.5407303370786517
2 0.02976190476190476 0.46207865168539325 0.22380952380952382 0.45646067415730335 0.22738095238095238 0.5028089887640449 0.02738095238095238 0.5070224719101124
2 0.0011904761904761906 0.4199438202247191 0.16666666666666666 0.40730337078651685 0.16071428571428573 0.4550561797752809 -0.0011904761904761906 0.4648876404494382