3 0.7 0.7724719101123596 0.6964285714285714 0.8132022471910112 0.7690476190476191 0.8216292134831461 0.775 0.7865168539325843
3 0.3523809523809524 0.6867977528089888 0.35119047619047616 0.723314606741573 0.4154761904761905 0.7205056179775281 0.4154761904761905 0.6839887640449438
3 0.35119047619047616 0.5646067415730337 0.35 0.6053370786516854 0.425 0.6123595505617978 0.4297619047619048 0.5716292134831461
3 0.575 0.2050561797752809 0.569047619047619 0.28370786516853935 0.6023809523809524 0.28651685393258425 0.6047619047619047 0.20365168539325842
1 0.4511904761904762 0.11657303370786516 0.4523809523809524 0.1699438202247191 0.4785714285714286 0.16573033707865167 0.4738095238095238 0.1151685393258427
1 0.4773809523809524 0.16292134831460675 0.4714285714285714 0.23314606741573032 0.4976190476190476 0.23174157303370788 0.5047619047619047 0.16853932584269662
1 0.4857142857142857 0.11376404494382023 0.48214285714285715 0.16432584269662923 0.5059523809523809 0.16573033707865167 0.5083333333333333 0.11376404494382023
1 0.4928571428571429 0.24157303370786518 0.4928571428571429 0.2991573033707865 0.5154761904761904 0.2991573033707865 0.5166666666666667 0.24157303370786518
1 0.3869047619047619 0.2696629213483146 0.38571428571428573 0.29775280898876405 0.4380952380952381 0.2991573033707865 0.4392857142857143 0.27247191011235955
1 0.38571428571428573 0.3047752808988764 0.38452380952380955 0.3342696629213483 0.4392857142857143 0.3398876404494382 0.444047619047619 0.3146067415730337
1 0.3952380952380952 0.3342696629213483 0.39285714285714285 0.36797752808988765 0.44166666666666665 0.3693820224719101 0.4452380952380952 0.34269662921348315
1 0.38571428571428573 0.3693820224719101 0.38452380952380955 0.4002808988764045 0.44166666666666665 0.4058988764044944 0.444047619047619 0.38202247191011235
1 0.37976190476190474 0.40730337078651685 0.3773809523809524 0.4410112359550562 0.43214285714285716 0.4410112359550562 0.43333333333333335 0.4143258426966292
1 0.3869047619047619 0.44662921348314605 0.3821428571428571 0.47752808988764045 0.43452380952380953 0.4845505617977528 0.4380952380952381 0.45365168539325845
1 0.37023809523809526 0.49157303370786515 0.36666666666666664 0.5210674157303371 0.425 0.5294943820224719 0.42857142857142855 0.5014044943820225
1 0.3619047619047619 0.5252808988764045 0.35714285714285715 0.5603932584269663 0.41904761904761906 0.5688202247191011 0.42142857142857143 0.5365168539325843
1 0.35833333333333334 0.6165730337078652 0.3607142857142857 0.6446629213483146 0.4166666666666667 0.6376404494382022 0.4107142857142857 0.6067415730337079
1 0.3595238095238095 0.6530898876404494 0.3595238095238095 0.6783707865168539 0.4142857142857143 0.6839887640449438 0.4154761904761905 0.6587078651685393
1 0.43214285714285716 0.6558988764044944 0.43333333333333335 0.6825842696629213 0.49642857142857144 0.6867977528089888 0.4976190476190476 0.6530898876404494
1 0.425 0.6882022471910112 0.42857142857142855 0.723314606741573 0.4976190476190476 0.7219101123595506 0.4976190476190476 0.6938202247191011
1 0.43333333333333335 0.6123595505617978 0.43333333333333335 0.6446629213483146 0.49166666666666664 0.6460674157303371 0.4928571428571429 0.6179775280898876
1 0.4392857142857143 0.48735955056179775 0.4357142857142857 0.5112359550561798 0.49404761904761907 0.5182584269662921 0.49523809523809526 0.4901685393258427
1 0.44761904761904764 0.5196629213483146 0.44642857142857145 0.5519662921348315 0.5071428571428571 0.5533707865168539 0.5107142857142857 0.5210674157303371
1 0.6047619047619047 0.14606741573033707 0.5488095238095239 0.16151685393258428 0.5630952380952381 0.18679775280898878 0.6154761904761905 0.16713483146067415
1 0.6035714285714285 0.17275280898876405 0.5452380952380952 0.19382022471910113 0.555952380952381 0.2205056179775281 0.6154761904761905 0.1952247191011236
1 0.5392857142857143 0.32162921348314605 0.544047619047619 0.37219101123595505 0.5702380952380952 0.3707865168539326 0.5642857142857143 0.3188202247191011
1 0.5047619047619047 0.3061797752808989 0.5285714285714286 0.3047752808988764 0.5285714285714286 0.3693820224719101 0.5035714285714286 0.36657303370786515
1 0.5392857142857143 0.3806179775280899 0.5357142857142857 0.44662921348314605 0.5678571428571428 0.44803370786516855 0.5630952380952381 0.3848314606741573
1 0.5714285714285714 0.3103932584269663 0.5952380952380952 0.3103932584269663 0.5976190476190476 0.37640449438202245 0.5738095238095238 0.3707865168539326
1 0.6488095238095238 0.49719101123595505 0.6547619047619048 0.5337078651685393 0.7130952380952381 0.5252808988764045 0.7142857142857143 0.4887640449438202
1 0.655952380952381 0.5323033707865169 0.6607142857142857 0.5632022471910112 0.7226190476190476 0.5589887640449438 0.7166666666666667 0.5294943820224719
1 0.6726190476190477 0.5814606741573034 0.6761904761904762 0.6095505617977528 0.7321428571428571 0.6123595505617978 0.7321428571428571 0.5800561797752809
1 0.6630952380952381 0.6207865168539326 0.6642857142857143 0.6587078651685393 0.7392857142857143 0.6558988764044944 0.7428571428571429 0.6179775280898876
1 0.669047619047619 0.6657303370786517 0.6678571428571428 0.699438202247191 0.7380952380952381 0.7050561797752809 0.7321428571428571 0.6699438202247191
1 0.7428571428571429 0.6783707865168539 0.736904761904762 0.7092696629213483 0.7976190476190477 0.7205056179775281 0.8023809523809524 0.6910112359550562
1 0.8559523809523809 0.672752808988764 0.8107142857142857 0.7148876404494382 0.8285714285714286 0.7345505617977528 0.8761904761904762 0.6924157303370787