2 0.3952380952380952 0.5056179775280899 0.34404761904761905 0.6151685393258427 0.37976190476190474 0.6390449438202247 0.4380952380952381 0.5294943820224719
3 0.5059523809523809 0.4803370786516854 0.3547619047619048 0.7134831460674157 0.4035714285714286 0.7514044943820225 0.5464285714285714 0.5084269662921348
3 0.4976190476190476 0.6109550561797753 0.3488095238095238 0.8890449438202247 0.4011904761904762 0.9157303370786517 0.5369047619047619 0.6306179775280899
3 0.3607142857142857 0.7275280898876404 0.26071428571428573 0.9297752808988764 0.30714285714285716 0.9466292134831461 0.4 0.7514044943820225
3 0.638095238095238 0.300561797752809 0.7333333333333333 0.08146067415730338 0.7738095238095238 0.09831460674157304 0.6785714285714286 0.31741573033707865
3 0.6880952380952381 0.07724719101123595 0.5928571428571429 0.2542134831460674 0.6333333333333333 0.2696629213483146 0.7214285714285714 0.08567415730337079
3 0.5952380952380952 0.10252808988764045 0.5047619047619047 0.2907303370786517 0.544047619047619 0.30758426966292135 0.6345238095238095 0.11657303370786516
1 0.594047619047619 0.28792134831460675 0.5607142857142857 0.3595505617977528 0.5916666666666667 0.37219101123595505 0.6202380952380953 0.3047752808988764
1 0.8678571428571429 0.3398876404494382 0.8464285714285714 0.40730337078651685 0.8773809523809524 0.41853932584269665 0.8940476190476191 0.35252808988764045
1 0.7761904761904762 0.6067415730337079 0.7559523809523809 0.6629213483146067 0.7821428571428571 0.6783707865168539 0.8035714285714286 0.6207865168539326
1 0.7404761904761905 0.6938202247191011 0.7154761904761905 0.776685393258427 0.7404761904761905 0.7907303370786517 0.7702380952380953 0.7064606741573034
1 0.7 0.800561797752809 0.675 0.8707865168539326 0.7071428571428572 0.8918539325842697 0.7309523809523809 0.8146067415730337
1 0.27976190476190477 0.4101123595505618 0.25 0.47752808988764045 0.2714285714285714 0.49157303370786515 0.30833333333333335 0.42134831460674155
1 0.3130952380952381 0.23174157303370788 0.2904761904761905 0.29353932584269665 0.31547619047619047 0.30337078651685395 0.3416666666666667 0.24297752808988765
1 0.23095238095238096 0.35814606741573035 0.17857142857142858 0.32865168539325845 0.1619047619047619 0.3609550561797753 0.21785714285714286 0.3890449438202247