2 0.4595238095238095 0.26685393258426965 0.544047619047619 0.21207865168539325 0.5202380952380953 0.17275280898876405 0.44047619047619047 0.22752808988764045
2 0.5119047619047619 0.36235955056179775 0.5988095238095238 0.31179775280898875 0.5797619047619048 0.26825842696629215 0.49404761904761907 0.3188202247191011
2 0.6619047619047619 0.6825842696629213 0.75 0.6432584269662921 0.7321428571428571 0.6039325842696629 0.6511904761904762 0.6502808988764045
3 0.7285714285714285 0.851123595505618 0.8035714285714286 0.8103932584269663 0.7916666666666666 0.7808988764044944 0.7202380952380952 0.824438202247191
1 0.7202380952380952 0.7851123595505618 0.7797619047619048 0.7401685393258427 0.7678571428571429 0.7148876404494382 0.7047619047619048 0.7584269662921348
1 0.6892857142857143 0.7289325842696629 0.7547619047619047 0.6952247191011236 0.7440476190476191 0.6643258426966292 0.6785714285714286 0.7008426966292135
1 0.5773809523809523 0.7387640449438202 0.5666666666666667 0.7162921348314607 0.5023809523809524 0.75 0.5166666666666667 0.7794943820224719
4 0.4595238095238095 0.6278089887640449 0.5321428571428571 0.5912921348314607 0.5202380952380953 0.5617977528089888 0.4452380952380952 0.5941011235955056
4 0.42023809523809524 0.5632022471910112 0.4785714285714286 0.5519662921348315 0.4785714285714286 0.5182584269662921 0.4166666666666667 0.5308988764044944
3 0.6023809523809524 0.5393258426966292 0.6666666666666666 0.4957865168539326 0.6773809523809524 0.5210674157303371 0.6142857142857143 0.5660112359550562
1 0.5654761904761905 0.45365168539325845 0.6238095238095238 0.42275280898876405 0.6130952380952381 0.3960674157303371 0.5523809523809524 0.4297752808988764
1 0.5476190476190477 0.4058988764044944 0.6023809523809524 0.36657303370786515 0.5857142857142857 0.3398876404494382 0.5297619047619048 0.37780898876404495
1 0.40476190476190477 0.34831460674157305 0.42023809523809524 0.32724719101123595 0.37023809523809526 0.27668539325842695 0.35714285714285715 0.29213483146067415
1 0.44642857142857145 0.2148876404494382 0.5011904761904762 0.18258426966292135 0.49642857142857144 0.15870786516853932 0.44047619047619047 0.19241573033707865
1 0.28214285714285714 0.18258426966292135 0.3357142857142857 0.15308988764044945 0.32142857142857145 0.12640449438202248 0.26666666666666666 0.1502808988764045