1 0.2571428571428571 0.6502808988764045 0.1988095238095238 0.6615168539325843 0.20357142857142857 0.6924157303370787 0.2642857142857143 0.6797752808988764
1 0.26904761904761904 0.7064606741573034 0.2154761904761905 0.7134831460674157 0.21785714285714286 0.7429775280898876 0.2726190476190476 0.7331460674157303
1 0.22142857142857142 0.5407303370786517 0.18214285714285713 0.5547752808988764 0.19047619047619047 0.5842696629213483 0.22857142857142856 0.5730337078651685
1 0.20476190476190476 0.5098314606741573 0.14642857142857144 0.5308988764044944 0.15119047619047618 0.5561797752808989 0.2119047619047619 0.5365168539325843
1 0.19285714285714287 0.4705056179775281 0.14642857142857144 0.4901685393258427 0.15 0.5154494382022472 0.2011904761904762 0.4943820224719101
1 0.16904761904761906 0.39325842696629215 0.12380952380952381 0.4143258426966292 0.13690476190476192 0.44662921348314605 0.18095238095238095 0.41853932584269665
1 0.17261904761904762 0.35252808988764045 0.12261904761904761 0.38202247191011235 0.13452380952380952 0.4058988764044944 0.18452380952380953 0.3792134831460674
1 0.38452380952380955 0.27808988764044945 0.35595238095238096 0.32724719101123595 0.3761904761904762 0.33848314606741575 0.40476190476190477 0.2893258426966292
1 0.4083333333333333 0.3202247191011236 0.3678571428571429 0.34831460674157305 0.38095238095238093 0.3693820224719101 0.42023809523809524 0.33848314606741575
1 0.5273809523809524 0.574438202247191 0.47619047619047616 0.5941011235955056 0.48333333333333334 0.6179775280898876 0.5357142857142857 0.6025280898876404
1 0.7035714285714286 0.699438202247191 0.6440476190476191 0.726123595505618 0.6535714285714286 0.7570224719101124 0.7166666666666667 0.726123595505618
1 0.7642857142857142 0.7162921348314607 0.705952380952381 0.7401685393258427 0.7142857142857143 0.7696629213483146 0.7785714285714286 0.7415730337078652
1 0.7880952380952381 0.7485955056179775 0.7345238095238096 0.7682584269662921 0.7416666666666667 0.7935393258426966 0.7952380952380952 0.7710674157303371
1 0.8178571428571428 0.7710674157303371 0.7535714285714286 0.7963483146067416 0.7642857142857142 0.827247191011236 0.8321428571428572 0.800561797752809
1 0.75 0.827247191011236 0.6952380952380952 0.8497191011235955 0.7035714285714286 0.8764044943820225 0.7583333333333333 0.8595505617977528
1 0.6797619047619048 0.6544943820224719 0.6321428571428571 0.675561797752809 0.6392857142857142 0.6980337078651685 0.6892857142857143 0.6797752808988764
1 0.6666666666666666 0.6278089887640449 0.6154761904761905 0.6432584269662921 0.6190476190476191 0.6671348314606742 0.675 0.6502808988764045
1 0.6547619047619048 0.5884831460674157 0.5988095238095238 0.6095505617977528 0.6071428571428571 0.6348314606741573 0.6619047619047619 0.6137640449438202
1 0.7130952380952381 0.5519662921348315 0.6595238095238095 0.577247191011236 0.6654761904761904 0.601123595505618 0.7202380952380952 0.577247191011236
1 0.6261904761904762 0.5280898876404494 0.5702380952380952 0.5449438202247191 0.5761904761904761 0.5716292134831461 0.6357142857142857 0.5533707865168539
1 0.6904761904761905 0.49297752808988765 0.6357142857142857 0.5182584269662921 0.6452380952380953 0.5449438202247191 0.7 0.5154494382022472
1 0.6190476190476191 0.49157303370786515 0.5726190476190476 0.5112359550561798 0.5797619047619048 0.5337078651685393 0.6285714285714286 0.5140449438202247
1 0.5916666666666667 0.4396067415730337 0.5452380952380952 0.4592696629213483 0.5523809523809524 0.48174157303370785 0.6011904761904762 0.46207865168539325
1 0.6523809523809524 0.42134831460674155 0.5988095238095238 0.4396067415730337 0.6095238095238096 0.4550561797752809 0.6619047619047619 0.4438202247191011
1 0.6642857142857143 0.43679775280898875 0.6107142857142858 0.46348314606741575 0.6178571428571429 0.4901685393258427 0.6702380952380952 0.47331460674157305
1 0.6821428571428572 0.42837078651685395 0.6654761904761904 0.43679775280898875 0.6880952380952381 0.48174157303370785 0.7071428571428572 0.46348314606741575
1 0.7595238095238095 0.34269662921348315 0.7357142857142858 0.3539325842696629 0.7476190476190476 0.40870786516853935 0.7714285714285715 0.40168539325842695
1 0.7607142857142857 0.30337078651685395 0.7154761904761905 0.31741573033707865 0.7214285714285714 0.3398876404494382 0.7714285714285715 0.33146067415730335
1 0.8297619047619048 0.5575842696629213 0.8107142857142857 0.5716292134831461 0.830952380952381 0.6151685393258427 0.8535714285714285 0.6039325842696629
1 0.6726190476190477 0.36657303370786515 0.6535714285714286 0.3651685393258427 0.6523809523809524 0.4199438202247191 0.6761904761904762 0.4199438202247191
1 0.6023809523809524 0.3455056179775281 0.5726190476190476 0.35674157303370785 0.5797619047619048 0.37780898876404495 0.6107142857142858 0.36235955056179775
2 0.6321428571428571 0.2991573033707865 0.6071428571428571 0.38202247191011235 0.6369047619047619 0.3904494382022472 0.6547619047619048 0.3047752808988764
4 0.6035714285714285 0.2205056179775281 0.5773809523809523 0.2794943820224719 0.6023809523809524 0.29213483146067415 0.625 0.2303370786516854
4 0.7392857142857143 0.5716292134831461 0.6666666666666666 0.6039325842696629 0.680952380952381 0.6334269662921348 0.7511904761904762 0.6053370786516854
4 0.7464285714285714 0.6390449438202247 0.6976190476190476 0.6657303370786517 0.7095238095238096 0.6896067415730337 0.763095238095238 0.6643258426966292
4 0.7107142857142857 0.5126404494382022 0.6476190476190476 0.5421348314606742 0.6595238095238095 0.5660112359550562 0.7178571428571429 0.5407303370786517
1 0.48333333333333334 0.30758426966292135 0.5238095238095238 0.29634831460674155 0.5285714285714286 0.32162921348314605 0.48928571428571427 0.3342696629213483
1 0.4726190476190476 0.28230337078651685 0.5238095238095238 0.2696629213483146 0.5285714285714286 0.29353932584269665 0.4773809523809524 0.30337078651685395
1 0.5297619047619048 0.26685393258426965 0.569047619047619 0.2542134831460674 0.5761904761904761 0.2752808988764045 0.5345238095238095 0.28792134831460675
1 0.5154761904761904 0.24297752808988765 0.5642857142857143 0.22612359550561797 0.569047619047619 0.24578651685393257 0.5202380952380953 0.2640449438202247
1 0.5047619047619047 0.21629213483146068 0.5547619047619048 0.19662921348314608 0.5607142857142857 0.21769662921348315 0.5095238095238095 0.23735955056179775
1 0.44642857142857145 0.2303370786516854 0.49047619047619045 0.21629213483146068 0.49642857142857144 0.23735955056179775 0.4523809523809524 0.2542134831460674
1 0.4369047619047619 0.20786516853932585 0.48095238095238096 0.19382022471910113 0.4869047619047619 0.2148876404494382 0.44285714285714284 0.23174157303370788
1 0.4880952380952381 0.1952247191011236 0.5404761904761904 0.18117977528089887 0.544047619047619 0.20224719101123595 0.49404761904761907 0.21910112359550563
1 0.4797619047619048 0.1699438202247191 0.5321428571428571 0.15589887640449437 0.5357142857142857 0.17696629213483145 0.4857142857142857 0.19382022471910113
1 0.4738095238095238 0.14606741573033707 0.5261904761904762 0.13202247191011235 0.5297619047619048 0.15308988764044945 0.4797619047619048 0.1699438202247191
1 0.41904761904761906 0.16573033707865167 0.4714285714285714 0.15168539325842698 0.475 0.17275280898876405 0.425 0.1896067415730337
1 0.675 0.21207865168539325 0.7285714285714285 0.19101123595505617 0.7333333333333333 0.21207865168539325 0.680952380952381 0.23595505617977527
1 0.6678571428571428 0.18679775280898878 0.7083333333333334 0.17275280898876405 0.7166666666666667 0.1952247191011236 0.6738095238095239 0.21067415730337077
1 0.6607142857142857 0.16151685393258428 0.7011904761904761 0.14747191011235955 0.7095238095238096 0.1699438202247191 0.6666666666666666 0.1853932584269663