1 0.2119047619047619 0.7865168539325843 0.2011904761904762 0.7640449438202247 0.2571428571428571 0.7303370786516854 0.2654761904761905 0.7514044943820225
1 0.19166666666666668 0.7584269662921348 0.18333333333333332 0.7415730337078652 0.22976190476190475 0.7120786516853933 0.23809523809523808 0.7331460674157303
1 0.18452380952380953 0.7331460674157303 0.1761904761904762 0.7078651685393258 0.22380952380952382 0.6797752808988764 0.22976190476190475 0.7008426966292135
1 0.175 0.7008426966292135 0.16666666666666666 0.6825842696629213 0.2130952380952381 0.6530898876404494 0.225 0.6811797752808989
1 0.1595238095238095 0.6882022471910112 0.1523809523809524 0.6601123595505618 0.21071428571428572 0.6306179775280899 0.21785714285714286 0.6558988764044944
1 0.7523809523809524 0.7219101123595506 0.7345238095238096 0.6966292134831461 0.7892857142857143 0.6404494382022472 0.8095238095238095 0.6657303370786517
1 0.6880952380952381 0.6530898876404494 0.675 0.6320224719101124 0.7107142857142857 0.6025280898876404 0.725 0.625
1 0.6630952380952381 0.6334269662921348 0.6440476190476191 0.6179775280898876 0.6845238095238095 0.5814606741573034 0.7 0.5997191011235955
1 0.6392857142857142 0.6081460674157303 0.6226190476190476 0.5912921348314607 0.6607142857142857 0.5575842696629213 0.675 0.577247191011236
1 0.6095238095238096 0.5969101123595506 0.5964285714285714 0.577247191011236 0.6428571428571429 0.5463483146067416 0.6523809523809524 0.5603932584269663
1 0.5964285714285714 0.5575842696629213 0.580952380952381 0.5365168539325843 0.6226190476190476 0.5112359550561798 0.6357142857142857 0.5323033707865169
1 0.575 0.5365168539325843 0.5619047619047619 0.5210674157303371 0.6059523809523809 0.4943820224719101 0.6154761904761905 0.5084269662921348
1 0.5511904761904762 0.5154494382022472 0.5476190476190477 0.4957865168539326 0.5916666666666667 0.47331460674157305 0.5988095238095238 0.49157303370786515
1 0.5380952380952381 0.49297752808988765 0.5273809523809524 0.4747191011235955 0.5702380952380952 0.45365168539325845 0.5797619047619048 0.4705056179775281
1 0.5202380952380953 0.47331460674157305 0.513095238095238 0.45786516853932585 0.5523809523809524 0.42837078651685395 0.5630952380952381 0.45224719101123595
1 0.5071428571428571 0.4550561797752809 0.4976190476190476 0.43820224719101125 0.5404761904761904 0.41292134831460675 0.5523809523809524 0.42837078651685395
1 0.4928571428571429 0.43820224719101125 0.48214285714285715 0.41713483146067415 0.5238095238095238 0.39325842696629215 0.5345238095238095 0.40870786516853935
1 0.4773809523809524 0.41713483146067415 0.4666666666666667 0.40168539325842695 0.5083333333333333 0.37359550561797755 0.5214285714285715 0.3904494382022472
1 0.4654761904761905 0.39747191011235955 0.45357142857142857 0.3792134831460674 0.48928571428571427 0.35674157303370785 0.5035714285714286 0.37640449438202245
1 0.4142857142857143 0.34129213483146065 0.4023809523809524 0.3202247191011236 0.44285714285714284 0.2991573033707865 0.45357142857142857 0.31741573033707865