1 0.8357142857142857 0.6558988764044944 0.8416666666666667 0.6839887640449438 0.8952380952380953 0.6797752808988764 0.8916666666666667 0.648876404494382
1 0.8392857142857143 0.601123595505618 0.8404761904761905 0.6306179775280899 0.8904761904761904 0.6278089887640449 0.8916666666666667 0.6039325842696629
1 0.8333333333333334 0.5632022471910112 0.8333333333333334 0.5926966292134831 0.8892857142857142 0.5898876404494382 0.8869047619047619 0.5660112359550562
1 0.825 0.5379213483146067 0.8261904761904761 0.5632022471910112 0.8761904761904762 0.5660112359550562 0.875 0.5435393258426966
1 0.7523809523809524 0.42837078651685395 0.763095238095238 0.4747191011235955 0.7857142857142857 0.4691011235955056 0.7761904761904762 0.42696629213483145
4 0.7690476190476191 0.2907303370786517 0.7690476190476191 0.32303370786516855 0.8083333333333333 0.3202247191011236 0.805952380952381 0.29353932584269665
3 0.30833333333333335 0.4396067415730337 0.2988095238095238 0.4845505617977528 0.32142857142857145 0.4845505617977528 0.3273809523809524 0.4396067415730337
1 0.16666666666666666 0.3300561797752809 0.14523809523809525 0.3637640449438202 0.16547619047619047 0.37219101123595505 0.18571428571428572 0.33848314606741575
1 0.2630952380952381 0.32724719101123595 0.2523809523809524 0.37640449438202245 0.275 0.37780898876404495 0.28095238095238095 0.3342696629213483
1 0.3011904761904762 0.33286516853932585 0.3238095238095238 0.36797752808988765 0.3404761904761905 0.3553370786516854 0.32142857142857145 0.324438202247191
1 0.3880952380952381 0.32162921348314605 0.38333333333333336 0.3595505617977528 0.40476190476190477 0.3609550561797753 0.40714285714285714 0.32162921348314605
1 0.6095238095238096 0.3707865168539326 0.6178571428571429 0.398876404494382 0.6714285714285714 0.39325842696629215 0.6607142857142857 0.36235955056179775
1 0.7559523809523809 0.15870786516853932 0.7595238095238095 0.1797752808988764 0.8 0.17696629213483145 0.7964285714285714 0.1601123595505618
1 0.7666666666666667 0.17275280898876405 0.7666666666666667 0.1952247191011236 0.8083333333333333 0.19241573033707865 0.8071428571428572 0.17134831460674158
1 0.7690476190476191 0.20224719101123595 0.7678571428571429 0.21910112359550563 0.8130952380952381 0.21769662921348315 0.8071428571428572 0.19803370786516855
1 0.7654761904761904 0.23174157303370788 0.7666666666666667 0.25 0.8154761904761905 0.25 0.8142857142857143 0.22752808988764045
1 0.6952380952380952 0.2991573033707865 0.7011904761904761 0.33707865168539325 0.7202380952380952 0.3356741573033708 0.7166666666666667 0.29353932584269665
1 0.5547619047619048 0.300561797752809 0.5702380952380952 0.3356741573033708 0.5880952380952381 0.33146067415730335 0.5773809523809523 0.29634831460674155
1 0.2261904761904762 0.3960674157303371 0.2261904761904762 0.4199438202247191 0.27380952380952384 0.4199438202247191 0.2761904761904762 0.3946629213483146
1 0.2857142857142857 0.526685393258427 0.28809523809523807 0.5491573033707865 0.3392857142857143 0.5407303370786517 0.3380952380952381 0.5168539325842697
1 0.33095238095238094 0.46207865168539325 0.32857142857142857 0.5126404494382022 0.3488095238095238 0.5126404494382022 0.35119047619047616 0.4606741573033708
1 0.3761904761904762 0.46207865168539325 0.3761904761904762 0.5126404494382022 0.39880952380952384 0.5098314606741573 0.3976190476190476 0.46207865168539325
1 0.4797619047619048 0.44662921348314605 0.46904761904761905 0.49157303370786515 0.4928571428571429 0.4957865168539326 0.5 0.4508426966292135
1 0.5011904761904762 0.449438202247191 0.5023809523809524 0.49859550561797755 0.5273809523809524 0.5 0.5261904761904762 0.449438202247191
1 0.5416666666666666 0.4339887640449438 0.5404761904761904 0.48314606741573035 0.5642857142857143 0.4803370786516854 0.5595238095238095 0.4339887640449438
1 0.569047619047619 0.44241573033707865 0.5714285714285714 0.48735955056179775 0.5928571428571429 0.48735955056179775 0.5880952380952381 0.44241573033707865
1 0.638095238095238 0.4508426966292135 0.6428571428571429 0.49297752808988765 0.6714285714285714 0.4887640449438202 0.6654761904761904 0.44662921348314605
1 0.6833333333333333 0.43258426966292135 0.6833333333333333 0.4789325842696629 0.7071428571428572 0.48174157303370785 0.7071428571428572 0.43258426966292135
1 0.8523809523809524 0.723314606741573 0.9 0.7219101123595506 0.9 0.7528089887640449 0.8488095238095238 0.7528089887640449