1 0.5345238095238095 0.5014044943820225 0.49642857142857144 0.5084269662921348 0.4988095238095238 0.5294943820224719 0.544047619047619 0.5224719101123596
1 0.6011904761904762 0.5337078651685393 0.5630952380952381 0.5407303370786517 0.5654761904761905 0.5617977528089888 0.6107142857142858 0.5547752808988764
1 0.5571428571428572 0.601123595505618 0.5190476190476191 0.6081460674157303 0.5214285714285715 0.6292134831460674 0.5666666666666667 0.6221910112359551
1 0.5714285714285714 0.651685393258427 0.5333333333333333 0.6587078651685393 0.5357142857142857 0.6797752808988764 0.580952380952381 0.672752808988764
1 0.5630952380952381 0.6221910112359551 0.525 0.6292134831460674 0.5273809523809524 0.6502808988764045 0.5726190476190476 0.6432584269662921
1 0.6416666666666667 0.6910112359550562 0.6035714285714285 0.6980337078651685 0.6059523809523809 0.7191011235955056 0.6511904761904762 0.7120786516853933
1 0.5821428571428572 0.699438202247191 0.544047619047619 0.7064606741573034 0.5464285714285714 0.7275280898876404 0.5916666666666667 0.7205056179775281
1 0.5904761904761905 0.726123595505618 0.5523809523809524 0.7331460674157303 0.5547619047619048 0.7542134831460674 0.6 0.7471910112359551
1 0.5976190476190476 0.7528089887640449 0.5595238095238095 0.7598314606741573 0.5619047619047619 0.7808988764044944 0.6071428571428571 0.773876404494382
1 0.5964285714285714 0.7780898876404494 0.5583333333333333 0.7851123595505618 0.5607142857142857 0.8061797752808989 0.6059523809523809 0.7991573033707865
1 0.6607142857142857 0.7921348314606742 0.6226190476190476 0.7991573033707865 0.625 0.8202247191011236 0.6702380952380952 0.8132022471910112
1 0.5976190476190476 0.800561797752809 0.5595238095238095 0.8075842696629213 0.5619047619047619 0.8286516853932584 0.6071428571428571 0.8216292134831461
1 0.6095238095238096 0.8314606741573034 0.5714285714285714 0.8384831460674157 0.5738095238095238 0.8595505617977528 0.6190476190476191 0.8525280898876404
1 0.6619047619047619 0.8258426966292135 0.6238095238095238 0.8328651685393258 0.6261904761904762 0.8539325842696629 0.6714285714285714 0.8469101123595506
1 0.775 0.776685393258427 0.736904761904762 0.7837078651685393 0.7392857142857143 0.8047752808988764 0.7845238095238095 0.797752808988764
1 0.780952380952381 0.8047752808988764 0.7428571428571429 0.8117977528089888 0.7452380952380953 0.8328651685393258 0.7904761904761904 0.8258426966292135
1 0.8035714285714286 0.6811797752808989 0.7654761904761904 0.6882022471910112 0.7678571428571429 0.7092696629213483 0.8130952380952381 0.702247191011236
1 0.8202380952380952 0.7134831460674157 0.7821428571428571 0.7205056179775281 0.7845238095238095 0.7415730337078652 0.8297619047619048 0.7345505617977528
1 0.8392857142857143 0.7654494382022472 0.8011904761904762 0.7724719101123596 0.8035714285714286 0.7935393258426966 0.8488095238095238 0.7865168539325843
1 0.8583333333333333 0.8117977528089888 0.8119047619047619 0.8286516853932584 0.8142857142857143 0.8497191011235955 0.8642857142857143 0.8370786516853933
1 0.7761904761904762 0.5435393258426966 0.7297619047619047 0.5603932584269663 0.7321428571428571 0.5814606741573034 0.7821428571428571 0.5688202247191011
1 0.8511904761904762 0.4887640449438202 0.8047619047619048 0.5056179775280899 0.8071428571428572 0.526685393258427 0.8571428571428571 0.5140449438202247
1 0.8285714285714286 0.42837078651685395 0.7821428571428571 0.4452247191011236 0.7845238095238095 0.46629213483146065 0.8345238095238096 0.45365168539325845
1 0.8666666666666667 0.3862359550561798 0.8202380952380952 0.40308988764044945 0.8226190476190476 0.4241573033707865 0.8726190476190476 0.41151685393258425
1 0.8 0.3398876404494382 0.7535714285714286 0.35674157303370785 0.7559523809523809 0.37780898876404495 0.805952380952381 0.3651685393258427
1 0.8083333333333333 0.36235955056179775 0.7619047619047619 0.3792134831460674 0.7642857142857142 0.4002808988764045 0.8142857142857143 0.38764044943820225
1 0.6845238095238095 0.34269662921348315 0.6476190476190476 0.3455056179775281 0.65 0.36657303370786515 0.6916666666666667 0.3651685393258427
1 0.888095238095238 0.6039325842696629 0.8511904761904762 0.6067415730337079 0.8535714285714285 0.6278089887640449 0.8952380952380953 0.6264044943820225
1 0.8916666666666667 0.6334269662921348 0.8547619047619047 0.6362359550561798 0.8571428571428571 0.6573033707865169 0.8988095238095238 0.6558988764044944
1 0.5095238095238095 0.3455056179775281 0.4726190476190476 0.34831460674157305 0.475 0.3693820224719101 0.5166666666666667 0.36797752808988765
1 0.475 0.21769662921348315 0.4380952380952381 0.2205056179775281 0.44047619047619047 0.24157303370786518 0.48214285714285715 0.2401685393258427
1 0.5071428571428571 0.175561797752809 0.47023809523809523 0.17837078651685392 0.4726190476190476 0.199438202247191 0.5142857142857142 0.19803370786516855
1 0.4988095238095238 0.14606741573033707 0.46190476190476193 0.14887640449438203 0.4642857142857143 0.1699438202247191 0.5059523809523809 0.16853932584269662
1 0.5952380952380952 0.20365168539325842 0.5583333333333333 0.20646067415730338 0.5607142857142857 0.22752808988764045 0.6023809523809524 0.22612359550561797
1 0.6154761904761905 0.25702247191011235 0.5785714285714286 0.2598314606741573 0.580952380952381 0.2808988764044944 0.6226190476190476 0.2794943820224719
1 0.6476190476190476 0.22331460674157302 0.6107142857142858 0.22612359550561797 0.6130952380952381 0.24719101123595505 0.6547619047619048 0.24578651685393257
1 0.6404761904761904 0.1952247191011236 0.6035714285714285 0.19803370786516855 0.6059523809523809 0.21910112359550563 0.6476190476190476 0.21769662921348315
1 0.8119047619047619 0.27668539325842695 0.775 0.2794943820224719 0.7773809523809524 0.300561797752809 0.819047619047619 0.2991573033707865
1 0.8226190476190476 0.3047752808988764 0.7857142857142857 0.30758426966292135 0.7880952380952381 0.32865168539325845 0.8297619047619048 0.32724719101123595
1 0.8904761904761904 0.27808988764044945 0.8535714285714285 0.2808988764044944 0.8559523809523809 0.30196629213483145 0.8976190476190476 0.300561797752809
1 0.844047619047619 0.15730337078651685 0.8071428571428572 0.1601123595505618 0.8095238095238095 0.18117977528089887 0.8511904761904762 0.1797752808988764
1 0.35833333333333334 0.29353932584269665 0.32142857142857145 0.29634831460674155 0.3238095238095238 0.31741573033707865 0.36547619047619045 0.3160112359550562
1 0.35 0.34691011235955055 0.3130952380952381 0.3497191011235955 0.31547619047619047 0.3707865168539326 0.35714285714285715 0.3693820224719101
1 0.3535714285714286 0.3651685393258427 0.31666666666666665 0.36797752808988765 0.319047619047619 0.3890449438202247 0.3607142857142857 0.38764044943820225
1 0.3488095238095238 0.38342696629213485 0.3119047619047619 0.3862359550561798 0.3142857142857143 0.40730337078651685 0.35595238095238096 0.4058988764044944
1 0.35119047619047616 0.4058988764044944 0.3142857142857143 0.40870786516853935 0.31666666666666665 0.4297752808988764 0.35833333333333334 0.42837078651685395
1 0.34285714285714286 0.44241573033707865 0.305952380952381 0.4452247191011236 0.30833333333333335 0.46629213483146065 0.35 0.4648876404494382
1 0.3880952380952381 0.43258426966292135 0.3880952380952381 0.45646067415730335 0.4261904761904762 0.46207865168539325 0.43333333333333335 0.4452247191011236
1 0.3773809523809524 0.45365168539325845 0.3726190476190476 0.47191011235955055 0.4107142857142857 0.47752808988764045 0.41785714285714287 0.4606741573033708
1 0.4357142857142857 0.4789325842696629 0.41785714285714287 0.48314606741573035 0.425 0.523876404494382 0.44761904761904764 0.5140449438202247
1 0.4642857142857143 0.6362359550561798 0.44642857142857145 0.6404494382022472 0.4523809523809524 0.6882022471910112 0.47619047619047616 0.6882022471910112
1 0.4714285714285714 0.6896067415730337 0.45357142857142857 0.6938202247191011 0.4595238095238095 0.7415730337078652 0.48333333333333334 0.7415730337078652
1 0.4845238095238095 0.7542134831460674 0.4666666666666667 0.7584269662921348 0.4726190476190476 0.8061797752808989 0.49642857142857144 0.8061797752808989
1 0.49404761904761907 0.8103932584269663 0.47619047619047616 0.8146067415730337 0.48214285714285715 0.8623595505617978 0.5059523809523809 0.8623595505617978
1 0.8654761904761905 0.1151685393258427 0.8476190476190476 0.11938202247191011 0.8535714285714285 0.16713483146067415 0.8773809523809524 0.16713483146067415