1 0.5202380952380953 0.5926966292134831 0.4928571428571429 0.5955056179775281 0.5 0.6544943820224719 0.5273809523809524 0.6502808988764045
1 0.6726190476190477 0.7542134831460674 0.655952380952381 0.7570224719101124 0.6452380952380953 0.7036516853932584 0.6630952380952381 0.7008426966292135
1 0.7595238095238095 0.6924157303370787 0.7488095238095238 0.7092696629213483 0.7107142857142857 0.6811797752808989 0.7202380952380952 0.6601123595505618
1 0.7595238095238095 0.6558988764044944 0.7464285714285714 0.672752808988764 0.7035714285714286 0.6362359550561798 0.719047619047619 0.6165730337078652
1 0.6738095238095239 0.6867977528089888 0.6535714285714286 0.6910112359550562 0.6476190476190476 0.6376404494382022 0.669047619047619 0.6348314606741573
1 0.7428571428571429 0.8146067415730337 0.7333333333333333 0.8342696629213483 0.7797619047619048 0.8581460674157303 0.7880952380952381 0.8384831460674157
1 0.7380952380952381 0.7808988764044944 0.7285714285714285 0.800561797752809 0.7785714285714286 0.8258426966292135 0.7869047619047619 0.8047752808988764
1 0.6345238095238095 0.6039325842696629 0.6142857142857143 0.6081460674157303 0.6047619047619047 0.5617977528089888 0.6273809523809524 0.5575842696629213
1 0.638095238095238 0.5758426966292135 0.6547619047619048 0.5730337078651685 0.6619047619047619 0.6235955056179775 0.6440476190476191 0.6264044943820225
1 0.6238095238095238 0.47120786516853935 0.01904761904761905 0.04915730337078652
1 0.5857142857142857 0.4410112359550562 0.5916666666666667 0.4901685393258427 0.6071428571428571 0.4901685393258427 0.6035714285714285 0.43679775280898875