1 0.6976190476190476 0.7668539325842697 0.6785714285714286 0.7837078651685393 0.7202380952380952 0.8342696629213483 0.7404761904761905 0.8230337078651685
1 0.7273809523809524 0.7485955056179775 0.7142857142857143 0.7612359550561798 0.75 0.8160112359550562 0.7678571428571429 0.7991573033707865
1 0.75 0.7247191011235955 0.7357142857142858 0.7401685393258427 0.7738095238095238 0.7879213483146067 0.7845238095238095 0.7696629213483146
1 0.7761904761904762 0.7106741573033708 0.7595238095238095 0.7247191011235955 0.7892857142857143 0.7696629213483146 0.8095238095238095 0.7570224719101124
1 0.7964285714285714 0.6867977528089888 0.7857142857142857 0.7008426966292135 0.8214285714285714 0.7429775280898876 0.8357142857142857 0.7219101123595506
1 0.8559523809523809 0.6446629213483146 0.8428571428571429 0.6587078651685393 0.8809523809523809 0.6910112359550562 0.8928571428571429 0.672752808988764
4 0.8547619047619047 0.476123595505618 0.8428571428571429 0.49297752808988765 0.8761904761904762 0.523876404494382 0.888095238095238 0.5028089887640449
4 0.8226190476190476 0.4901685393258427 0.8130952380952381 0.5028089887640449 0.8476190476190476 0.5379213483146067 0.8654761904761905 0.5168539325842697
4 0.6214285714285714 0.6797752808988764 0.6071428571428571 0.6952247191011236 0.6416666666666667 0.7317415730337079 0.6595238095238095 0.7148876404494382
4 0.4880952380952381 0.7724719101123596 0.46785714285714286 0.7851123595505618 0.5035714285714286 0.8398876404494382 0.5285714285714286 0.8188202247191011
4 0.4630952380952381 0.7991573033707865 0.44642857142857145 0.8117977528089888 0.4785714285714286 0.8623595505617978 0.4988095238095238 0.8469101123595506
1 0.7440476190476191 0.6896067415730337 0.7595238095238095 0.7134831460674157 0.8071428571428572 0.6825842696629213 0.7916666666666666 0.6587078651685393
1 0.4107142857142857 0.49719101123595505 0.42023809523809524 0.5182584269662921 0.4666666666666667 0.4901685393258427 0.45476190476190476 0.46769662921348315
4 0.4607142857142857 0.4606741573033708 0.4785714285714286 0.4859550561797753 0.5059523809523809 0.46207865168539325 0.49047619047619045 0.4396067415730337
1 0.5345238095238095 0.28370786516853935 0.5202380952380953 0.29213483146067415 0.5392857142857143 0.32162921348314605 0.5547619047619048 0.3146067415730337
1 0.5571428571428572 0.2598314606741573 0.5416666666666666 0.2710674157303371 0.5630952380952381 0.30337078651685395 0.5821428571428572 0.2949438202247191
1 0.4392857142857143 0.3441011235955056 0.4523809523809524 0.35814606741573035 0.49047619047619045 0.3342696629213483 0.4738095238095238 0.31320224719101125
1 0.3404761904761905 0.3595505617977528 0.32261904761904764 0.3707865168539326 0.3476190476190476 0.40730337078651685 0.36547619047619045 0.39185393258426965
1 0.27380952380952384 0.45224719101123595 0.2845238095238095 0.4789325842696629 0.33690476190476193 0.45224719101123595 0.3202380952380952 0.42837078651685395
1 0.21071428571428572 0.476123595505618 0.21785714285714286 0.49719101123595505 0.2654761904761905 0.476123595505618 0.25595238095238093 0.4508426966292135