3 0.3488095238095238 0.20084269662921347 0.3404761904761905 0.25702247191011235 0.3630952380952381 0.2598314606741573 0.37023809523809526 0.20224719101123595
2 0.4 0.5280898876404494 0.38452380952380955 0.6797752808988764 0.42142857142857143 0.6853932584269663 0.4357142857142857 0.5308988764044944
2 0.46190476190476193 0.5716292134831461 0.4523809523809524 0.6867977528089888 0.4880952380952381 0.6924157303370787 0.49404761904761907 0.5730337078651685
2 0.6035714285714285 0.7626404494382022 0.6059523809523809 0.9030898876404494 0.6428571428571429 0.901685393258427 0.6416666666666667 0.7626404494382022
4 0.5880952380952381 0.4887640449438202 0.5892857142857143 0.5449438202247191 0.6130952380952381 0.5435393258426966 0.6095238095238096 0.4887640449438202
4 0.6892857142857143 0.4410112359550562 0.6928571428571428 0.49719101123595505 0.7130952380952381 0.4957865168539326 0.7083333333333334 0.4396067415730337
4 0.4523809523809524 0.5168539325842697 0.4523809523809524 0.5463483146067416 0.5035714285714286 0.547752808988764 0.5035714285714286 0.5182584269662921
4 0.30714285714285716 0.6615168539325843 0.3 0.7134831460674157 0.3238095238095238 0.7176966292134831 0.32976190476190476 0.6629213483146067
4 0.35714285714285715 0.15308988764044945 0.35714285714285715 0.18117977528089887 0.3976190476190476 0.18117977528089887 0.3976190476190476 0.15308988764044945
4 0.8047619047619048 0.17134831460674158 0.8202380952380952 0.21067415730337077 0.8392857142857143 0.199438202247191 0.8238095238095238 0.16151685393258428
4 0.7392857142857143 0.17415730337078653 0.7547619047619047 0.2205056179775281 0.7738095238095238 0.21348314606741572 0.7583333333333333 0.16713483146067415