1 0.5214285714285715 0.8103932584269663 0.5202380952380953 0.8665730337078652 0.5404761904761904 0.8665730337078652 0.5404761904761904 0.8117977528089888
1 0.5976190476190476 0.7991573033707865 0.6488095238095238 0.7921348314606742 0.6476190476190476 0.7654494382022472 0.594047619047619 0.7724719101123596
1 0.6011904761904762 0.7612359550561798 0.6488095238095238 0.7345505617977528 0.6392857142857142 0.7106741573033708 0.5904761904761905 0.7401685393258427
1 0.5785714285714286 0.7064606741573034 0.6226190476190476 0.7092696629213483 0.6238095238095238 0.6783707865168539 0.5797619047619048 0.675561797752809
1 0.4595238095238095 0.7303370786516854 0.5178571428571429 0.7331460674157303 0.5166666666666667 0.7050561797752809 0.46190476190476193 0.702247191011236
1 0.4369047619047619 0.672752808988764 0.49166666666666664 0.6741573033707865 0.49166666666666664 0.6460674157303371 0.4369047619047619 0.6446629213483146
1 0.5488095238095239 0.5969101123595506 0.5476190476190477 0.6390449438202247 0.525 0.6390449438202247 0.525 0.5955056179775281
1 0.5869047619047619 0.6095505617977528 0.5880952380952381 0.6292134831460674 0.6333333333333333 0.6278089887640449 0.6333333333333333 0.6067415730337079
1 0.5226190476190476 0.5294943820224719 0.5190476190476191 0.5814606741573034 0.5404761904761904 0.5828651685393258 0.544047619047619 0.5337078651685393
1 0.5857142857142857 0.5252808988764045 0.6309523809523809 0.523876404494382 0.6309523809523809 0.49719101123595505 0.5869047619047619 0.5014044943820225
1 0.5892857142857143 0.5014044943820225 0.6333333333333333 0.4957865168539326 0.6321428571428571 0.47752808988764045 0.5857142857142857 0.48314606741573035
1 0.5880952380952381 0.4508426966292135 0.6321428571428571 0.4452247191011236 0.6321428571428571 0.47191011235955055 0.5892857142857143 0.47331460674157305
1 0.5857142857142857 0.41853932584269665 0.5880952380952381 0.4438202247191011 0.6309523809523809 0.4452247191011236 0.6321428571428571 0.41713483146067415
1 0.6047619047619047 0.3637640449438202 0.6095238095238096 0.40870786516853935 0.6297619047619047 0.4058988764044944 0.625 0.3609550561797753
1 0.5428571428571428 0.3441011235955056 0.5428571428571428 0.39185393258426965 0.5654761904761905 0.39185393258426965 0.5654761904761905 0.3441011235955056
1 0.5488095238095239 0.300561797752809 0.544047619047619 0.34129213483146065 0.5619047619047619 0.3441011235955056 0.5666666666666667 0.30196629213483145
1 0.5654761904761905 0.2542134831460674 0.555952380952381 0.29353932584269665 0.5761904761904761 0.29634831460674155 0.5821428571428572 0.25702247191011235
1 0.6166666666666667 0.29353932584269665 0.6142857142857143 0.3356741573033708 0.6321428571428571 0.3356741573033708 0.6321428571428571 0.29353932584269665
1 0.5797619047619048 0.16292134831460675 0.580952380952381 0.199438202247191 0.6023809523809524 0.199438202247191 0.5988095238095238 0.16151685393258428
1 0.6035714285714285 0.15870786516853932 0.6083333333333333 0.1952247191011236 0.6238095238095238 0.19382022471910113 0.6202380952380953 0.15589887640449437
1 0.48392857142857143 0.4262640449438202 0.04880952380952381 0.023876404494382022
1 0.48035714285714287 0.4508426966292135 0.05357142857142857 0.028089887640449437
1 0.46964285714285714 0.4957865168539326 0.05357142857142857 0.02247191011235955
1 0.4744047619047619 0.5175561797752809 0.055952380952380955 0.026685393258426966