1 0.6416666666666667 0.5070224719101124 0.6059523809523809 0.5632022471910112 0.6297619047619047 0.5800561797752809 0.6619047619047619 0.5224719101123596
1 0.6714285714285714 0.523876404494382 0.6357142857142857 0.5800561797752809 0.6595238095238095 0.5969101123595506 0.6916666666666667 0.5393258426966292
1 0.7345238095238096 0.5646067415730337 0.6976190476190476 0.6320224719101124 0.725 0.6460674157303371 0.7547619047619047 0.5800561797752809
1 0.7678571428571429 0.5870786516853933 0.7345238095238096 0.651685393258427 0.7583333333333333 0.6685393258426966 0.7880952380952381 0.6025280898876404
1 0.8345238095238096 0.6292134831460674 0.8011904761904762 0.6938202247191011 0.8297619047619048 0.7078651685393258 0.8595238095238096 0.6446629213483146
1 0.8714285714285714 0.6460674157303371 0.8416666666666667 0.7148876404494382 0.8666666666666667 0.7317415730337079 0.8964285714285715 0.6615168539325843
1 0.8416666666666667 0.7247191011235955 0.8071428571428572 0.7963483146067416 0.8369047619047619 0.8103932584269663 0.8666666666666667 0.7401685393258427
1 0.8035714285714286 0.6966292134831461 0.7690476190476191 0.7682584269662921 0.7976190476190477 0.7851123595505618 0.8285714285714286 0.7120786516853933
1 0.7726190476190476 0.6657303370786517 0.7380952380952381 0.7373595505617978 0.7666666666666667 0.7542134831460674 0.7976190476190477 0.6811797752808989
1 0.736904761904762 0.7485955056179775 0.7023809523809523 0.8202247191011236 0.7309523809523809 0.8370786516853933 0.7619047619047619 0.7640449438202247
1 0.7011904761904761 0.726123595505618 0.6666666666666666 0.797752808988764 0.6952380952380952 0.8146067415730337 0.7261904761904762 0.7415730337078652
1 0.7309523809523809 0.6573033707865169 0.7011904761904761 0.7205056179775281 0.7273809523809524 0.7387640449438202 0.7559523809523809 0.672752808988764
1 0.7 0.6348314606741573 0.6702380952380952 0.6980337078651685 0.6964285714285714 0.7162921348314607 0.725 0.6502808988764045
1 0.6666666666666666 0.6137640449438202 0.6369047619047619 0.6769662921348315 0.6630952380952381 0.6952247191011236 0.6916666666666667 0.6292134831460674
1 0.6309523809523809 0.5912921348314607 0.6011904761904762 0.6544943820224719 0.6273809523809524 0.672752808988764 0.655952380952381 0.6067415730337079
1 0.6 0.5660112359550562 0.5666666666666667 0.6278089887640449 0.5904761904761905 0.6432584269662921 0.625 0.5814606741573034
1 0.5964285714285714 0.6629213483146067 0.5630952380952381 0.7289325842696629 0.5857142857142857 0.7457865168539326 0.6214285714285714 0.6783707865168539
1 0.5630952380952381 0.6306179775280899 0.5273809523809524 0.7064606741573034 0.5511904761904762 0.7247191011235955 0.5880952380952381 0.6460674157303371
1 0.6321428571428571 0.6811797752808989 0.6011904761904762 0.7542134831460674 0.625 0.7668539325842697 0.6571428571428571 0.6966292134831461
1 0.6654761904761904 0.7008426966292135 0.6321428571428571 0.776685393258427 0.6583333333333333 0.7879213483146067 0.6904761904761905 0.7162921348314607
1 0.5952380952380952 0.7556179775280899 0.5619047619047619 0.8314606741573034 0.5880952380952381 0.8426966292134831 0.6202380952380953 0.7710674157303371
1 0.5630952380952381 0.7345505617977528 0.5273809523809524 0.8019662921348315 0.5523809523809524 0.8188202247191011 0.5880952380952381 0.75
1 0.5273809523809524 0.7120786516853933 0.49166666666666664 0.7794943820224719 0.5166666666666667 0.7963483146067416 0.5523809523809524 0.7275280898876404
1 0.36904761904761907 0.773876404494382 0.32976190476190476 0.8412921348314607 0.35714285714285715 0.8609550561797753 0.39404761904761904 0.7893258426966292
1 0.3404761904761905 0.7457865168539326 0.29285714285714287 0.8146067415730337 0.31547619047619047 0.8384831460674157 0.36547619047619045 0.7612359550561798
1 0.275 0.7008426966292135 0.23214285714285715 0.7668539325842697 0.25476190476190474 0.7865168539325843 0.3 0.7162921348314607
1 0.23809523809523808 0.6839887640449438 0.19285714285714287 0.7542134831460674 0.21785714285714286 0.7696629213483146 0.2630952380952381 0.699438202247191
1 0.18928571428571428 0.7556179775280899 0.1488095238095238 0.8342696629213483 0.17261904761904762 0.8567415730337079 0.21428571428571427 0.7710674157303371
1 0.20476190476190476 0.6474719101123596 0.15476190476190477 0.726123595505618 0.17976190476190476 0.7401685393258427 0.22976190476190475 0.6629213483146067
1 0.22857142857142856 0.773876404494382 0.18571428571428572 0.8455056179775281 0.20952380952380953 0.8651685393258427 0.25357142857142856 0.7893258426966292
1 0.15119047619047618 0.7303370786516854 0.10357142857142858 0.8146067415730337 0.12976190476190477 0.8300561797752809 0.1761904761904762 0.7457865168539326
1 0.25952380952380955 0.7907303370786517 0.21666666666666667 0.8623595505617978 0.24047619047619048 0.8820224719101124 0.2845238095238095 0.8061797752808989
1 0.4797619047619048 0.6193820224719101 0.4392857142857143 0.6910112359550562 0.4630952380952381 0.7064606741573034 0.4976190476190476 0.6348314606741573
1 0.44285714285714284 0.6053370786516854 0.4023809523809524 0.6769662921348315 0.4261904761904762 0.6924157303370787 0.4630952380952381 0.6193820224719101
1 0.4142857142857143 0.574438202247191 0.3773809523809524 0.6446629213483146 0.4035714285714286 0.6601123595505618 0.43452380952380953 0.5884831460674157
1 0.2869047619047619 0.5056179775280899 0.2488095238095238 0.5758426966292135 0.2726190476190476 0.5870786516853933 0.30714285714285716 0.5196629213483146
1 0.38571428571428573 0.5463483146067416 0.3476190476190476 0.6123595505617978 0.36904761904761907 0.625 0.40595238095238095 0.5603932584269663
1 0.35119047619047616 0.5337078651685393 0.3142857142857143 0.6095505617977528 0.3404761904761905 0.6165730337078652 0.37142857142857144 0.547752808988764
1 0.31666666666666665 0.5252808988764045 0.2845238095238095 0.5941011235955056 0.30714285714285716 0.6081460674157303 0.33690476190476193 0.5393258426966292
1 0.25833333333333336 0.4859550561797753 0.22023809523809523 0.5561797752808989 0.24404761904761904 0.5674157303370787 0.2785714285714286 0.5
1 0.225 0.46769662921348315 0.1869047619047619 0.5379213483146067 0.21071428571428572 0.5491573033707865 0.24523809523809523 0.48174157303370785
1 0.19523809523809524 0.44662921348314605 0.15714285714285714 0.5168539325842697 0.18095238095238095 0.5280898876404494 0.2154761904761905 0.4606741573033708
1 0.1630952380952381 0.42134831460674155 0.125 0.49157303370786515 0.1488095238095238 0.5028089887640449 0.18333333333333332 0.4353932584269663
1 0.48214285714285715 0.5365168539325843 0.4488095238095238 0.5997191011235955 0.47023809523809523 0.6193820224719101 0.5023809523809524 0.550561797752809
1 0.45476190476190476 0.5126404494382022 0.42142857142857143 0.5800561797752809 0.44285714285714284 0.5955056179775281 0.475 0.526685393258427
1 0.425 0.4845505617977528 0.39166666666666666 0.5519662921348315 0.41309523809523807 0.5674157303370787 0.4452380952380952 0.49859550561797755
1 0.5178571428571429 0.46769662921348315 0.4869047619047619 0.526685393258427 0.5107142857142857 0.5393258426966292 0.5380952380952381 0.48174157303370785
1 0.4857142857142857 0.4508426966292135 0.45476190476190476 0.5098314606741573 0.4785714285714286 0.5224719101123596 0.5059523809523809 0.4648876404494382
1 0.45714285714285713 0.42696629213483145 0.4261904761904762 0.4859550561797753 0.45 0.49859550561797755 0.4773809523809524 0.4410112359550562
1 0.42857142857142855 0.40730337078651685 0.3880952380952381 0.47191011235955055 0.4095238095238095 0.4859550561797753 0.4488095238095238 0.42134831460674155
1 0.3880952380952381 0.4705056179775281 0.3547619047619048 0.5379213483146067 0.3761904761904762 0.5533707865168539 0.4083333333333333 0.4845505617977528
1 0.3595238095238095 0.4606741573033708 0.3238095238095238 0.5182584269662921 0.34523809523809523 0.5337078651685393 0.37857142857142856 0.4747191011235955
1 0.3273809523809524 0.43820224719101125 0.29523809523809524 0.5042134831460674 0.31666666666666665 0.5196629213483146 0.3535714285714286 0.45224719101123595
1 0.29523809523809524 0.4241573033707865 0.2619047619047619 0.4859550561797753 0.2833333333333333 0.5014044943820225 0.319047619047619 0.4396067415730337
1 0.2630952380952381 0.40168539325842695 0.22976190476190475 0.46348314606741575 0.2511904761904762 0.4789325842696629 0.2869047619047619 0.41713483146067415
1 0.22976190476190475 0.3848314606741573 0.19642857142857142 0.44662921348314605 0.21785714285714286 0.46207865168539325 0.25357142857142856 0.4002808988764045
1 0.20357142857142857 0.3609550561797753 0.17023809523809524 0.42275280898876405 0.19166666666666668 0.43820224719101125 0.22738095238095238 0.37640449438202245
1 0.14285714285714285 0.3160112359550562 0.10952380952380952 0.37780898876404495 0.13095238095238096 0.39325842696629215 0.16666666666666666 0.33146067415730335
1 0.37023809523809526 0.37780898876404495 0.32976190476190476 0.44241573033707865 0.35119047619047616 0.45646067415730335 0.3904761904761905 0.39185393258426965
1 0.39404761904761904 0.39325842696629215 0.3535714285714286 0.45786516853932585 0.375 0.47191011235955055 0.4142857142857143 0.40730337078651685
1 0.3011904761904762 0.3455056179775281 0.26666666666666666 0.4044943820224719 0.2845238095238095 0.41853932584269665 0.32142857142857145 0.3595505617977528
1 0.33214285714285713 0.3609550561797753 0.2976190476190476 0.4199438202247191 0.31547619047619047 0.4339887640449438 0.3523809523809524 0.375
1 0.26904761904761904 0.3300561797752809 0.23095238095238096 0.3848314606741573 0.25357142857142856 0.39747191011235955 0.2892857142857143 0.3441011235955056
1 0.21785714285714286 0.28230337078651685 0.17976190476190476 0.33707865168539325 0.20238095238095238 0.3497191011235955 0.23809523809523808 0.29634831460674155
1 0.24166666666666667 0.2991573033707865 0.20357142857142857 0.3539325842696629 0.2261904761904762 0.36657303370786515 0.2619047619047619 0.31320224719101125
1 0.1880952380952381 0.2654494382022472 0.15 0.3202247191011236 0.17261904761904762 0.33286516853932585 0.20833333333333334 0.2794943820224719
1 0.15833333333333333 0.24578651685393257 0.11547619047619048 0.2991573033707865 0.1380952380952381 0.32303370786516855 0.17857142857142858 0.2598314606741573
1 0.2261904761904762 0.20786516853932585 0.19047619047619047 0.25842696629213485 0.2119047619047619 0.27668539325842695 0.24642857142857144 0.22191011235955055
1 0.25476190476190474 0.22612359550561797 0.21904761904761905 0.27668539325842695 0.24047619047619048 0.2949438202247191 0.275 0.2401685393258427
1 0.2845238095238095 0.2401685393258427 0.24404761904761904 0.2949438202247191 0.2642857142857143 0.3103932584269663 0.3047619047619048 0.2542134831460674
1 0.3119047619047619 0.2654494382022472 0.2726190476190476 0.3202247191011236 0.29642857142857143 0.3342696629213483 0.33214285714285713 0.2794943820224719
1 0.3392857142857143 0.28230337078651685 0.3047619047619048 0.33707865168539325 0.32857142857142857 0.351123595505618 0.3595238095238095 0.29634831460674155
1 0.3678571428571429 0.2991573033707865 0.3333333333333333 0.3539325842696629 0.35714285714285715 0.36797752808988765 0.3880952380952381 0.31320224719101125
1 0.3964285714285714 0.31179775280898875 0.3619047619047619 0.36657303370786515 0.3869047619047619 0.38342696629213485 0.4238095238095238 0.32865168539325845
1 0.42738095238095236 0.3300561797752809 0.39285714285714285 0.3848314606741573 0.41785714285714287 0.40168539325842695 0.45476190476190476 0.34691011235955055
1 0.45714285714285713 0.34831460674157305 0.4226190476190476 0.40308988764044945 0.44761904761904764 0.4199438202247191 0.4797619047619048 0.36235955056179775
1 0.48928571428571427 0.3651685393258427 0.45476190476190476 0.4241573033707865 0.4797619047619048 0.4410112359550562 0.5095238095238095 0.37780898876404495
1 0.5226190476190476 0.3862359550561798 0.4880952380952381 0.4452247191011236 0.513095238095238 0.46207865168539325 0.5428571428571428 0.398876404494382
1 0.5488095238095239 0.40730337078651685 0.5142857142857142 0.46629213483146065 0.5392857142857143 0.48314606741573035 0.569047619047619 0.4199438202247191
1 0.6535714285714286 0.3103932584269663 0.6166666666666667 0.37359550561797755 0.6392857142857142 0.39185393258426965 0.6738095238095239 0.32303370786516855
1 0.5821428571428572 0.4241573033707865 0.5476190476190477 0.48314606741573035 0.5726190476190476 0.5 0.6023809523809524 0.43679775280898875
1 0.6238095238095238 0.29775280898876405 0.5892857142857143 0.35252808988764045 0.611904761904762 0.3693820224719101 0.6440476190476191 0.3103932584269663
1 0.5880952380952381 0.28792134831460675 0.555952380952381 0.3497191011235955 0.5797619047619048 0.3595505617977528 0.6083333333333333 0.300561797752809
1 0.5630952380952381 0.2654494382022472 0.5297619047619048 0.32724719101123595 0.55 0.34269662921348315 0.5833333333333334 0.27808988764044945
1 0.5345238095238095 0.24578651685393257 0.4976190476190476 0.3146067415730337 0.5214285714285715 0.32303370786516855 0.5547619047619048 0.25842696629213485
1 0.5083333333333333 0.22752808988764045 0.475 0.28792134831460675 0.4976190476190476 0.2991573033707865 0.5285714285714286 0.2401685393258427
1 0.48095238095238096 0.2050561797752809 0.44761904761904764 0.2654494382022472 0.47023809523809523 0.27668539325842695 0.5011904761904762 0.21769662921348315
1 0.41785714285714287 0.18117977528089887 0.37976190476190474 0.23735955056179775 0.40714285714285714 0.25280898876404495 0.4380952380952381 0.19382022471910113
1 0.44285714285714284 0.1952247191011236 0.4119047619047619 0.25140449438202245 0.43214285714285716 0.26685393258426965 0.4630952380952381 0.20786516853932585
1 0.38333333333333336 0.16432584269662923 0.3488095238095238 0.21910112359550563 0.3726190476190476 0.23595505617977527 0.4035714285714286 0.17696629213483145
1 0.6857142857142857 0.2542134831460674 0.6535714285714286 0.31179775280898875 0.675 0.3258426966292135 0.705952380952381 0.26685393258426965
1 0.35119047619047616 0.14606741573033707 0.31666666666666665 0.20084269662921347 0.3404761904761905 0.21769662921348315 0.37142857142857144 0.15870786516853932
1 0.655952380952381 0.23595505617977527 0.6238095238095238 0.29353932584269665 0.6452380952380953 0.30758426966292135 0.6761904761904762 0.24859550561797752
1 0.6273809523809524 0.2247191011235955 0.5952380952380952 0.28230337078651685 0.6166666666666667 0.29634831460674155 0.6476190476190476 0.23735955056179775
1 0.5988095238095238 0.2050561797752809 0.5666666666666667 0.26264044943820225 0.5880952380952381 0.27668539325842695 0.6190476190476191 0.21769662921348315
1 0.5678571428571428 0.1896067415730337 0.5357142857142857 0.24719101123595505 0.5571428571428572 0.2612359550561798 0.5880952380952381 0.20224719101123595
1 0.5428571428571428 0.16853932584269662 0.5107142857142857 0.22612359550561797 0.5321428571428571 0.2401685393258427 0.5630952380952381 0.18117977528089887
1 0.5154761904761904 0.1502808988764045 0.48333333333333334 0.20786516853932585 0.5047619047619047 0.22191011235955055 0.5357142857142857 0.16292134831460675
1 0.4511904761904762 0.11797752808988764 0.41904761904761906 0.175561797752809 0.44047619047619047 0.1896067415730337 0.4714285714285714 0.1306179775280899
1 0.4785714285714286 0.13342696629213482 0.44642857142857145 0.19101123595505617 0.46785714285714286 0.2050561797752809 0.4988095238095238 0.14606741573033707
1 0.7166666666666667 0.1952247191011236 0.6845238095238095 0.25280898876404495 0.705952380952381 0.26685393258426965 0.736904761904762 0.20786516853932585
1 0.6880952380952381 0.17837078651685392 0.6571428571428571 0.2303370786516854 0.6785714285714286 0.24297752808988765 0.7083333333333334 0.19101123595505617
1 0.6583333333333333 0.16713483146067415 0.6273809523809524 0.21910112359550563 0.6488095238095238 0.23174157303370788 0.6785714285714286 0.1797752808988764
1 0.6285714285714286 0.15308988764044945 0.5976190476190476 0.2050561797752809 0.6190476190476191 0.21769662921348315 0.6488095238095238 0.16573033707865167
1 0.5976190476190476 0.1348314606741573 0.5666666666666667 0.18679775280898878 0.5880952380952381 0.199438202247191 0.6178571428571429 0.14747191011235955
1 0.7488095238095238 0.13764044943820225 0.7178571428571429 0.1896067415730337 0.7392857142857143 0.20224719101123595 0.7690476190476191 0.1502808988764045
1 0.7178571428571429 0.11938202247191011 0.6869047619047619 0.17134831460674158 0.7083333333333334 0.18398876404494383 0.7380952380952381 0.13202247191011235
1 0.8154761904761905 0.1952247191011236 0.7833333333333333 0.25 0.805952380952381 0.2612359550561798 0.8357142857142857 0.20786516853932585
1 0.7821428571428571 0.25280898876404495 0.75 0.30758426966292135 0.7726190476190476 0.3188202247191011 0.8023809523809524 0.2654494382022472
1 0.7488095238095238 0.31179775280898875 0.7166666666666667 0.36657303370786515 0.7392857142857143 0.37780898876404495 0.7690476190476191 0.324438202247191
1 0.7869047619047619 0.3202247191011236 0.7571428571428571 0.37780898876404495 0.7773809523809524 0.3946629213483146 0.8071428571428572 0.33286516853932585
1 0.8142857142857143 0.26825842696629215 0.7892857142857143 0.3146067415730337 0.8095238095238095 0.33146067415730335 0.8392857142857143 0.27808988764044945
1 0.8476190476190476 0.28792134831460675 0.8166666666666667 0.33848314606741575 0.8428571428571429 0.351123595505618 0.8726190476190476 0.29775280898876405
1 0.8107142857142857 0.351123595505618 0.7833333333333333 0.4058988764044944 0.805952380952381 0.41853932584269665 0.8357142857142857 0.3609550561797753
1 0.8464285714285714 0.375 0.819047619047619 0.4297752808988764 0.8416666666666667 0.44241573033707865 0.8714285714285714 0.3848314606741573
1 0.875 0.3089887640449438 0.8476190476190476 0.3637640449438202 0.8702380952380953 0.37640449438202245 0.9 0.3188202247191011
1 0.8738095238095238 0.22752808988764045 0.8464285714285714 0.28230337078651685 0.8690476190476191 0.2949438202247191 0.8988095238095238 0.23735955056179775
1 0.7535714285714286 0.38342696629213485 0.7214285714285714 0.4508426966292135 0.7488095238095238 0.4648876404494382 0.7785714285714286 0.39325842696629215
1 0.8178571428571428 0.43258426966292135 0.7785714285714286 0.5 0.805952380952381 0.5154494382022472 0.8428571428571429 0.44241573033707865
1 0.8583333333333333 0.4396067415730337 0.8214285714285714 0.5098314606741573 0.8488095238095238 0.526685393258427 0.8833333333333333 0.449438202247191