1 0.2357142857142857 0.7120786516853933 0.16904761904761906 0.7134831460674157 0.1630952380952381 0.7514044943820225 0.2392857142857143 0.7514044943820225
1 0.24166666666666667 0.7640449438202247 0.15595238095238095 0.7696629213483146 0.1523809523809524 0.8075842696629213 0.24285714285714285 0.800561797752809
1 0.4035714285714286 0.6938202247191011 0.33095238095238094 0.7289325842696629 0.3416666666666667 0.7668539325842697 0.42023809523809524 0.7247191011235955
1 0.37976190476190474 0.7640449438202247 0.32142857142857145 0.8033707865168539 0.3345238095238095 0.8300561797752809 0.39404761904761904 0.7921348314606742
1 0.45 0.2991573033707865 0.4154761904761905 0.300561797752809 0.4166666666666667 0.39325842696629215 0.45 0.39325842696629215
1 0.444047619047619 0.19803370786516855 0.4095238095238095 0.199438202247191 0.4107142857142857 0.29634831460674155 0.44642857142857145 0.2949438202247191
1 0.44761904761904764 0.4044943820224719 0.41309523809523807 0.4058988764044944 0.4142857142857143 0.48314606741573035 0.4488095238095238 0.48314606741573035
1 0.45 0.49719101123595505 0.4154761904761905 0.49859550561797755 0.4154761904761905 0.598314606741573 0.45 0.5955056179775281
1 0.4583333333333333 0.6165730337078652 0.4238095238095238 0.6179775280898876 0.4238095238095238 0.7176966292134831 0.4583333333333333 0.7148876404494382
1 0.4583333333333333 0.7317415730337079 0.4238095238095238 0.7331460674157303 0.4238095238095238 0.8328651685393258 0.4583333333333333 0.8300561797752809
1 0.8023809523809524 0.7429775280898876 0.7678571428571429 0.7429775280898876 0.7738095238095238 0.8441011235955056 0.8130952380952381 0.8384831460674157
1 0.7976190476190477 0.5997191011235955 0.7583333333333333 0.598314606741573 0.7666666666666667 0.702247191011236 0.8047619047619048 0.702247191011236
1 0.7833333333333333 0.4297752808988764 0.7511904761904762 0.4311797752808989 0.7583333333333333 0.5224719101123596 0.7904761904761904 0.5196629213483146
1 0.7785714285714286 0.3497191011235955 0.7476190476190476 0.351123595505618 0.75 0.41713483146067415 0.780952380952381 0.41292134831460675
1 0.7773809523809524 0.22612359550561797 0.7464285714285714 0.22752808988764045 0.7488095238095238 0.29353932584269665 0.7797619047619048 0.2893258426966292