1 0.2916666666666667 0.1502808988764045 0.2892857142857143 0.13202247191011235 0.24285714285714285 0.13342696629213482 0.24523809523809523 0.15168539325842698
1 0.2904761904761905 0.16432584269662923 0.28095238095238095 0.14887640449438203 0.24166666666666667 0.15589887640449437 0.24404761904761904 0.17415730337078653
1 0.30238095238095236 0.19101123595505617 0.2976190476190476 0.16432584269662923 0.24642857142857144 0.175561797752809 0.25 0.199438202247191
1 0.444047619047619 0.16432584269662923 0.4392857142857143 0.1446629213483146 0.3964285714285714 0.14887640449438203 0.4011904761904762 0.17275280898876405
1 0.4369047619047619 0.1896067415730337 0.4380952380952381 0.16573033707865167 0.3952380952380952 0.17134831460674158 0.39880952380952384 0.19382022471910113
1 0.44166666666666665 0.27808988764044945 0.44166666666666665 0.25140449438202245 0.3892857142857143 0.2556179775280899 0.3892857142857143 0.27668539325842695
1 0.6654761904761904 0.2556179775280899 0.6511904761904762 0.20365168539325842 0.6309523809523809 0.20786516853932585 0.6416666666666667 0.26264044943820225
1 0.7440476190476191 0.20926966292134833 0.7273809523809524 0.14887640449438203 0.7035714285714286 0.14887640449438203 0.7178571428571429 0.20786516853932585
1 0.29285714285714287 0.41713483146067415 0.2904761904761905 0.39325842696629215 0.2392857142857143 0.40168539325842695 0.24166666666666667 0.42696629213483145
1 0.28809523809523807 0.5435393258426966 0.28809523809523807 0.5126404494382022 0.24166666666666667 0.5182584269662921 0.24285714285714285 0.5435393258426966
1 0.2904761904761905 0.672752808988764 0.28809523809523807 0.6502808988764045 0.22738095238095238 0.6629213483146067 0.23095238095238096 0.6867977528089888
1 0.5095238095238095 0.6615168539325843 0.5083333333333333 0.6348314606741573 0.4369047619047619 0.6362359550561798 0.4369047619047619 0.6629213483146067
1 0.5369047619047619 0.8286516853932584 0.5297619047619048 0.800561797752809 0.4630952380952381 0.8033707865168539 0.4654761904761905 0.8356741573033708