1 0.15833333333333333 0.16151685393258428 0.20833333333333334 0.19382022471910113 0.19166666666666668 0.22331460674157302 0.14047619047619048 0.1896067415730337
1 0.13690476190476192 0.19382022471910113 0.17261904761904762 0.24719101123595505 0.14285714285714285 0.2710674157303371 0.10952380952380952 0.21207865168539325
1 0.2785714285714286 0.3202247191011236 0.29285714285714287 0.3497191011235955 0.3535714285714286 0.3146067415730337 0.3392857142857143 0.2851123595505618
1 0.29404761904761906 0.2401685393258427 0.3 0.2794943820224719 0.3678571428571429 0.26825842696629215 0.3607142857142857 0.23174157303370788
1 0.30714285714285716 0.19382022471910113 0.31547619047619047 0.2247191011235955 0.3761904761904762 0.20786516853932585 0.36666666666666664 0.175561797752809
1 0.29404761904761906 0.15589887640449437 0.305952380952381 0.18820224719101122 0.3678571428571429 0.16432584269662923 0.35833333333333334 0.13623595505617977
1 0.4595238095238095 0.14887640449438203 0.44285714285714284 0.175561797752809 0.49047619047619045 0.21207865168539325 0.5047619047619047 0.1853932584269663
1 0.44166666666666665 0.1896067415730337 0.4261904761904762 0.21629213483146068 0.48214285714285715 0.25280898876404495 0.49642857142857144 0.22752808988764045
1 0.4369047619047619 0.24578651685393257 0.41785714285714287 0.27247191011235955 0.4714285714285714 0.3146067415730337 0.4880952380952381 0.2907303370786517
1 0.41309523809523807 0.2907303370786517 0.3976190476190476 0.32162921348314605 0.4583333333333333 0.36235955056179775 0.4738095238095238 0.33146067415730335
1 0.4083333333333333 0.38342696629213485 0.4 0.42134831460674155 0.46785714285714286 0.43679775280898875 0.475 0.40168539325842695
2 0.12142857142857143 0.36797752808988765 0.20952380952380953 0.38202247191011235 0.20357142857142857 0.42275280898876405 0.11547619047619048 0.4044943820224719
1 0.1595238095238095 0.4241573033707865 0.15357142857142858 0.45646067415730335 0.09642857142857143 0.449438202247191 0.10238095238095238 0.41853932584269665
1 0.1976190476190476 0.42837078651685395 0.19047619047619047 0.46348314606741575 0.2523809523809524 0.47752808988764045 0.25952380952380955 0.44241573033707865
1 0.15357142857142858 0.6348314606741573 0.14761904761904762 0.6671348314606742 0.2154761904761905 0.6769662921348315 0.2226190476190476 0.6460674157303371
1 0.15357142857142858 0.6938202247191011 0.14642857142857144 0.726123595505618 0.2154761904761905 0.7387640449438202 0.22380952380952382 0.7064606741573034
1 0.15119047619047618 0.7373595505617978 0.14642857142857144 0.7752808988764045 0.22023809523809523 0.7823033707865169 0.22380952380952382 0.7471910112359551
1 0.125 0.8370786516853933 0.12142857142857143 0.8764044943820225 0.20714285714285716 0.8792134831460674 0.20952380952380953 0.8426966292134831
1 0.3523809523809524 0.6811797752808989 0.3488095238095238 0.7162921348314607 0.42023809523809524 0.7275280898876404 0.4238095238095238 0.6924157303370787
1 0.3345238095238095 0.7289325842696629 0.32976190476190476 0.7654494382022472 0.4 0.776685393258427 0.4035714285714286 0.7401685393258427
1 0.32261904761904764 0.7865168539325843 0.325 0.8216292134831461 0.3976190476190476 0.8160112359550562 0.3952380952380952 0.7808988764044944
0 0.4595238095238095 0.6404494382022472 0.44047619047619047 0.6867977528089888 0.5654761904761905 0.7556179775280899 0.5845238095238096 0.7036516853932584
0 0.5 0.42837078651685395 0.48928571428571427 0.4789325842696629 0.6130952380952381 0.5014044943820225 0.6202380952380953 0.4550561797752809