2 0.22857142857142856 0.6067415730337079 0.43452380952380953 0.6053370786516854 0.43452380952380953 0.5365168539325843 0.22976190476190475 0.5379213483146067
3 0.1380952380952381 0.7696629213483146 0.1619047619047619 0.7724719101123596 0.16666666666666666 0.7275280898876404 0.14523809523809525 0.726123595505618
4 0.16666666666666666 0.776685393258427 0.18571428571428572 0.776685393258427 0.19404761904761905 0.7247191011235955 0.17261904761904762 0.7247191011235955
4 0.44285714285714284 0.8174157303370787 0.47023809523809523 0.8174157303370787 0.47023809523809523 0.7556179775280899 0.44285714285714284 0.7542134831460674
3 0.3976190476190476 0.8075842696629213 0.4226190476190476 0.8103932584269663 0.42738095238095236 0.75 0.40714285714285714 0.7485955056179775
3 0.25595238095238093 0.773876404494382 0.2785714285714286 0.773876404494382 0.2869047619047619 0.7247191011235955 0.2619047619047619 0.7247191011235955
4 0.19642857142857142 0.7710674157303371 0.2154761904761905 0.7710674157303371 0.22380952380952382 0.7247191011235955 0.2011904761904762 0.7247191011235955
4 0.2261904761904762 0.7752808988764045 0.25 0.7752808988764045 0.2571428571428571 0.7219101123595506 0.23214285714285715 0.7219101123595506
1 0.29285714285714287 0.773876404494382 0.31547619047619047 0.773876404494382 0.31666666666666665 0.7275280898876404 0.29523809523809524 0.726123595505618
1 0.3238095238095238 0.7837078651685393 0.3476190476190476 0.7823033707865169 0.35 0.7275280898876404 0.325 0.7275280898876404
4 0.48333333333333334 0.7963483146067416 0.5071428571428571 0.797752808988764 0.5071428571428571 0.7471910112359551 0.48333333333333334 0.7471910112359551
1 0.20833333333333334 0.8132022471910112 0.2619047619047619 0.8146067415730337 0.2619047619047619 0.7837078651685393 0.20833333333333334 0.7823033707865169
1 0.5797619047619048 0.7823033707865169 0.6047619047619047 0.7808988764044944 0.6023809523809524 0.7303370786516854 0.5797619047619048 0.7317415730337079
1 0.6488095238095238 0.7907303370786517 0.675 0.7921348314606742 0.6761904761904762 0.7317415730337079 0.6511904761904762 0.7317415730337079
1 0.7869047619047619 0.7949438202247191 0.8095238095238095 0.7935393258426966 0.8083333333333333 0.7331460674157303 0.7797619047619048 0.7331460674157303
1 0.8285714285714286 0.7907303370786517 0.8547619047619047 0.7851123595505618 0.844047619047619 0.7275280898876404 0.8226190476190476 0.7289325842696629