1 0.24047619047619048 0.7247191011235955 0.21071428571428572 0.7865168539325843 0.23809523809523808 0.7991573033707865 0.2654761904761905 0.7345505617977528
1 0.24404761904761904 0.6264044943820225 0.2119047619047619 0.6896067415730337 0.2357142857142857 0.7078651685393258 0.2714285714285714 0.6418539325842697
1 0.18214285714285713 0.699438202247191 0.12380952380952381 0.699438202247191 0.125 0.7331460674157303 0.18571428571428572 0.7331460674157303
1 0.175 0.7570224719101124 0.10714285714285714 0.7528089887640449 0.10357142857142858 0.7907303370786517 0.1761904761904762 0.7949438202247191
1 0.19523809523809524 0.5716292134831461 0.13690476190476192 0.574438202247191 0.1380952380952381 0.6095505617977528 0.1988095238095238 0.6067415730337079
1 0.20714285714285716 0.45646067415730335 0.15119047619047618 0.45786516853932585 0.15119047619047618 0.4901685393258427 0.20714285714285716 0.48314606741573035
1 0.25476190476190474 0.4199438202247191 0.23452380952380952 0.4901685393258427 0.2654761904761905 0.49719101123595505 0.28095238095238095 0.42696629213483145
2 0.22738095238095238 0.5112359550561798 0.2226190476190476 0.6109550561797753 0.25833333333333336 0.6095505617977528 0.25952380952380955 0.5154494382022472
1 0.5904761904761905 0.601123595505618 0.5619047619047619 0.6025280898876404 0.5654761904761905 0.675561797752809 0.5988095238095238 0.6741573033707865
1 0.7357142857142858 0.7092696629213483 0.7071428571428572 0.7162921348314607 0.7178571428571429 0.7879213483146067 0.7511904761904762 0.7808988764044944
2 0.7035714285714286 0.40870786516853935 0.669047619047619 0.41292134831460675 0.6964285714285714 0.6376404494382022 0.7380952380952381 0.6348314606741573
0 0.6785714285714286 0.26825842696629215 0.6476190476190476 0.2710674157303371 0.6607142857142857 0.4157303370786517 0.7035714285714286 0.40870786516853935
0 0.5630952380952381 0.1544943820224719 0.5357142857142857 0.1544943820224719 0.5428571428571428 0.20084269662921347 0.5714285714285714 0.20084269662921347
0 0.5988095238095238 0.16713483146067415 0.5714285714285714 0.17134831460674158 0.5761904761904761 0.20926966292134833 0.6047619047619047 0.20786516853932585
0 0.5821428571428572 0.31741573033707865 0.5523809523809524 0.32162921348314605 0.5583333333333333 0.38342696629213485 0.5892857142857143 0.37780898876404495
0 0.29642857142857143 0.25140449438202245 0.2714285714285714 0.25280898876404495 0.2714285714285714 0.30337078651685395 0.3 0.30196629213483145
0 0.28809523809523807 0.16713483146067415 0.2654761904761905 0.16292134831460675 0.25952380952380955 0.21207865168539325 0.2857142857142857 0.21629213483146068
0 0.2357142857142857 0.17415730337078653 0.18452380952380953 0.16853932584269662 0.18333333333333332 0.20365168539325842 0.23809523809523808 0.20224719101123595
2 0.24761904761904763 0.36235955056179775 0.16666666666666666 0.36657303370786515 0.16666666666666666 0.41151685393258425 0.2511904761904762 0.40730337078651685