1 0.4773809523809524 0.4143258426966292 0.5202380952380953 0.39185393258426965 0.5095238095238095 0.37219101123595505 0.46785714285714286 0.39325842696629215
1 0.5452380952380952 0.23595505617977527 0.5273809523809524 0.26685393258426965 0.544047619047619 0.27247191011235955 0.5583333333333333 0.24297752808988765
1 0.15357142857142858 0.6025280898876404 0.17142857142857143 0.6109550561797753 0.14642857142857144 0.6615168539325843 0.12261904761904761 0.6474719101123596
1 0.49404761904761907 0.47331460674157305 0.5369047619047619 0.48174157303370785 0.5404761904761904 0.46629213483146065 0.4976190476190476 0.4550561797752809
4 0.5095238095238095 0.41853932584269665 0.5488095238095239 0.4353932584269663 0.555952380952381 0.4143258426966292 0.513095238095238 0.3946629213483146
4 0.5630952380952381 0.3342696629213483 0.6035714285714285 0.34129213483146065 0.611904761904762 0.3258426966292135 0.5654761904761905 0.3146067415730337
3 0.5678571428571428 0.42134831460674155 0.6202380952380953 0.4452247191011236 0.6297619047619047 0.42275280898876405 0.575 0.39747191011235955
2 0.530952380952381 0.15870786516853932 0.4797619047619048 0.26825842696629215 0.5083333333333333 0.2752808988764045 0.5571428571428572 0.16713483146067415
2 0.5023809523809524 0.13904494382022473 0.45 0.25 0.4166666666666667 0.23735955056179775 0.4738095238095238 0.1306179775280899
2 0.6416666666666667 0.16151685393258428 0.6130952380952381 0.2401685393258427 0.5845238095238096 0.2345505617977528 0.6130952380952381 0.15168539325842698
2 0.5190476190476191 0.37219101123595505 0.6845238095238095 0.4157303370786517 0.694047619047619 0.3693820224719101 0.5226190476190476 0.3300561797752809
2 0.47023809523809523 0.5224719101123596 0.6392857142857142 0.5632022471910112 0.6571428571428571 0.5028089887640449 0.48214285714285715 0.4747191011235955
2 0.4035714285714286 0.5603932584269663 0.5869047619047619 0.6179775280898876 0.5964285714285714 0.5617977528089888 0.41785714285714287 0.5182584269662921
2 0.38452380952380955 0.6039325842696629 0.575 0.6601123595505618 0.5892857142857143 0.6081460674157303 0.3976190476190476 0.5491573033707865
2 0.3761904761904762 0.6699438202247191 0.49404761904761907 0.7134831460674157 0.5083333333333333 0.672752808988764 0.3904761904761905 0.6278089887640449
2 0.33690476190476193 0.6980337078651685 0.5226190476190476 0.7710674157303371 0.5380952380952381 0.7289325842696629 0.3464285714285714 0.651685393258427
2 0.29523809523809524 0.7514044943820225 0.48214285714285715 0.8384831460674157 0.49404761904761907 0.8061797752808989 0.305952380952381 0.723314606741573
2 0.27976190476190477 0.7935393258426966 0.4654761904761905 0.8637640449438202 0.47619047619047616 0.8398876404494382 0.29285714285714287 0.7570224719101124
2 0.2630952380952381 0.8412921348314607 0.44285714285714284 0.8904494382022472 0.4511904761904762 0.8623595505617978 0.2714285714285714 0.7991573033707865
2 0.32261904761904764 0.2907303370786517 0.34523809523809523 0.3061797752808989 0.2714285714285714 0.4311797752808989 0.24761904761904763 0.4199438202247191
2 0.24166666666666667 0.42837078651685395 0.2654761904761905 0.4396067415730337 0.18571428571428572 0.5955056179775281 0.15119047619047618 0.5828651685393258
3 0.4797619047619048 0.4438202247191011 0.5404761904761904 0.45786516853932585 0.5476190476190477 0.4311797752808989 0.48214285714285715 0.4157303370786517
2 0.5797619047619048 0.3103932584269663 0.7023809523809523 0.3497191011235955 0.7178571428571429 0.3047752808988764 0.5833333333333334 0.26825842696629215