1 0.7178571428571429 0.8075842696629213 0.6357142857142857 0.8356741573033708 0.6511904761904762 0.8693820224719101 0.7333333333333333 0.8384831460674157
1 0.6988095238095238 0.7752808988764045 0.6261904761904762 0.8089887640449438 0.6357142857142857 0.8356741573033708 0.7142857142857143 0.800561797752809
1 0.6833333333333333 0.7401685393258427 0.6107142857142858 0.773876404494382 0.6202380952380953 0.800561797752809 0.6988095238095238 0.7654494382022472
1 0.6654761904761904 0.7092696629213483 0.5928571428571429 0.7429775280898876 0.6023809523809524 0.7696629213483146 0.680952380952381 0.7345505617977528
1 0.6488095238095238 0.6783707865168539 0.5761904761904761 0.7120786516853933 0.5857142857142857 0.7387640449438202 0.6642857142857143 0.7036516853932584
1 0.6321428571428571 0.648876404494382 0.5630952380952381 0.6797752808988764 0.5738095238095238 0.7064606741573034 0.6476190476190476 0.6741573033707865
1 0.6166666666666667 0.6207865168539326 0.5464285714285714 0.651685393258427 0.5595238095238095 0.6783707865168539 0.6321428571428571 0.6460674157303371
1 0.6047619047619047 0.5941011235955056 0.5345238095238095 0.625 0.5476190476190477 0.651685393258427 0.6202380952380953 0.6193820224719101
1 0.594047619047619 0.5688202247191011 0.5238095238095238 0.5997191011235955 0.5369047619047619 0.6264044943820225 0.6095238095238096 0.5941011235955056
1 0.5797619047619048 0.5449438202247191 0.5095238095238095 0.5758426966292135 0.5226190476190476 0.6025280898876404 0.5952380952380952 0.5702247191011236
1 0.5630952380952381 0.5154494382022472 0.4928571428571429 0.5463483146067416 0.5059523809523809 0.5730337078651685 0.5785714285714286 0.5407303370786517
1 0.5369047619047619 0.476123595505618 0.475 0.5042134831460674 0.4880952380952381 0.5308988764044944 0.55 0.5028089887640449
1 0.5261904761904762 0.4452247191011236 0.4642857142857143 0.47331460674157305 0.4773809523809524 0.5 0.5392857142857143 0.47191011235955055
1 0.5142857142857142 0.42275280898876405 0.4523809523809524 0.4508426966292135 0.4654761904761905 0.47752808988764045 0.5273809523809524 0.449438202247191
1 0.5023809523809524 0.4002808988764045 0.44047619047619047 0.42837078651685395 0.45357142857142857 0.4550561797752809 0.5154761904761904 0.42696629213483145
1 0.49047619047619045 0.37780898876404495 0.42857142857142855 0.4058988764044944 0.44166666666666665 0.43258426966292135 0.5035714285714286 0.4044943820224719
1 0.4785714285714286 0.3553370786516854 0.4166666666666667 0.38342696629213485 0.4297619047619048 0.4101123595505618 0.49166666666666664 0.38202247191011235
1 0.46904761904761905 0.33146067415730335 0.40714285714285714 0.3595505617977528 0.42023809523809524 0.3862359550561798 0.48214285714285715 0.35814606741573035
1 0.45595238095238094 0.3103932584269663 0.39404761904761904 0.33848314606741575 0.40714285714285714 0.3651685393258427 0.46904761904761905 0.33707865168539325