1 0.14523809523809525 0.5280898876404494 0.2130952380952381 0.526685393258427 0.2119047619047619 0.49297752808988765 0.14404761904761904 0.4943820224719101
1 0.37142857142857144 0.47752808988764045 0.3761904761904762 0.5449438202247191 0.4035714285714286 0.5407303370786517 0.3976190476190476 0.47191011235955055
1 0.4107142857142857 0.47191011235955055 0.4119047619047619 0.5449438202247191 0.4392857142857143 0.5435393258426966 0.4392857142857143 0.4705056179775281
1 0.45476190476190476 0.476123595505618 0.4511904761904762 0.550561797752809 0.475 0.5519662921348315 0.4797619047619048 0.47752808988764045
1 0.513095238095238 0.4803370786516854 0.5107142857142857 0.5547752808988764 0.5392857142857143 0.5533707865168539 0.5392857142857143 0.48174157303370785
1 0.5904761904761905 0.4789325842696629 0.5904761904761905 0.5547752808988764 0.6154761904761905 0.5547752808988764 0.6166666666666667 0.4789325842696629
1 0.638095238095238 0.48314606741573035 0.638095238095238 0.5617977528089888 0.6678571428571428 0.5603932584269663 0.6642857142857143 0.48314606741573035
1 0.7 0.4957865168539326 0.7023809523809523 0.5660112359550562 0.7309523809523809 0.5632022471910112 0.7273809523809524 0.49297752808988765
1 0.8321428571428572 0.526685393258427 0.8345238095238096 0.5955056179775281 0.8654761904761905 0.5926966292134831 0.8607142857142858 0.5224719101123596
1 0.20357142857142857 0.6278089887640449 0.20357142857142857 0.6896067415730337 0.22738095238095238 0.6882022471910112 0.22738095238095238 0.6278089887640449
1 0.3523809523809524 0.6278089887640449 0.3476190476190476 0.7064606741573034 0.3773809523809524 0.7064606741573034 0.38333333333333336 0.6306179775280899
1 0.3964285714285714 0.6278089887640449 0.39285714285714285 0.7008426966292135 0.42023809523809524 0.702247191011236 0.4226190476190476 0.6264044943820225
1 0.44166666666666665 0.6306179775280899 0.4392857142857143 0.7050561797752809 0.4607142857142857 0.7050561797752809 0.4630952380952381 0.6306179775280899
1 0.4845238095238095 0.6306179775280899 0.4845238095238095 0.7064606741573034 0.5107142857142857 0.7078651685393258 0.5119047619047619 0.6320224719101124
1 0.5285714285714286 0.6306179775280899 0.5261904761904762 0.7078651685393258 0.5523809523809524 0.7092696629213483 0.5535714285714286 0.6334269662921348
1 0.5607142857142857 0.6278089887640449 0.5642857142857143 0.7064606741573034 0.594047619047619 0.7064606741573034 0.5916666666666667 0.6306179775280899
1 0.6238095238095238 0.6334269662921348 0.6214285714285714 0.699438202247191 0.6428571428571429 0.7008426966292135 0.6452380952380953 0.6348314606741573
1 0.7654761904761904 0.6502808988764045 0.830952380952381 0.6502808988764045 0.8321428571428572 0.6839887640449438 0.7654761904761904 0.6797752808988764
1 0.5642857142857143 0.8230337078651685 0.6297619047619047 0.8216292134831461 0.6321428571428571 0.8525280898876404 0.5654761904761905 0.8553370786516854
3 0.15119047619047618 0.601123595505618 0.14523809523809525 0.6966292134831461 0.17857142857142858 0.6980337078651685 0.18095238095238095 0.601123595505618
1 0.12261904761904761 0.5997191011235955 0.11785714285714285 0.6797752808988764 0.14523809523809525 0.6797752808988764 0.15119047619047618 0.5997191011235955