2 0.2773809523809524 0.7682584269662921 0.305952380952381 0.75 0.3630952380952381 0.8539325842696629 0.3380952380952381 0.8651685393258427
2 0.3619047619047619 0.7654494382022472 0.40714285714285714 0.8384831460674157 0.38333333333333336 0.8609550561797753 0.33095238095238094 0.7780898876404494
2 0.2630952380952381 0.7879213483146067 0.30714285714285716 0.8469101123595506 0.2761904761904762 0.8665730337078652 0.2369047619047619 0.8019662921348315
2 0.42738095238095236 0.43258426966292135 0.45357142857142857 0.4157303370786517 0.37976190476190474 0.2893258426966292 0.35 0.30758426966292135
2 0.41904761904761906 0.300561797752809 0.49166666666666664 0.39325842696629215 0.4714285714285714 0.4157303370786517 0.3976190476190476 0.3160112359550562
2 0.5261904761904762 0.37780898876404495 0.44761904761904764 0.2893258426966292 0.425 0.30196629213483145 0.4988095238095238 0.39747191011235955
2 0.5523809523809524 0.36235955056179775 0.47619047619047616 0.2752808988764045 0.45357142857142857 0.28792134831460675 0.5285714285714286 0.37780898876404495
2 0.5976190476190476 0.34129213483146065 0.5142857142857142 0.25702247191011235 0.49642857142857144 0.273876404494382 0.5726190476190476 0.36235955056179775
2 0.6261904761904762 0.32865168539325845 0.5619047619047619 0.25702247191011235 0.5476190476190477 0.27668539325842695 0.6107142857142858 0.34831460674157305
2 0.6357142857142857 0.3342696629213483 0.6595238095238095 0.31320224719101125 0.5738095238095238 0.2303370786516854 0.5488095238095239 0.2443820224719101
2 0.6916666666666667 0.31320224719101125 0.7119047619047619 0.2907303370786517 0.611904761904762 0.19382022471910113 0.5928571428571429 0.20926966292134833
2 0.7297619047619047 0.2710674157303371 0.7547619047619047 0.25 0.675 0.1853932584269663 0.65 0.19662921348314608
2 0.8083333333333333 0.24157303370786518 0.8297619047619048 0.22752808988764045 0.7178571428571429 0.13764044943820225 0.6976190476190476 0.1544943820224719
1 0.24642857142857144 0.32303370786516855 0.2392857142857143 0.30758426966292135 0.20714285714285716 0.32724719101123595 0.2130952380952381 0.34269662921348315
1 0.2226190476190476 0.28651685393258425 0.2154761904761905 0.2710674157303371 0.18333333333333332 0.2893258426966292 0.1880952380952381 0.300561797752809
1 0.175 0.24859550561797752 0.16785714285714284 0.23595505617977527 0.13452380952380952 0.2542134831460674 0.14285714285714285 0.2654494382022472
1 0.15595238095238095 0.2247191011235955 0.16428571428571428 0.2345505617977528 0.13214285714285715 0.2542134831460674 0.1261904761904762 0.24297752808988765
1 0.14523809523809525 0.2148876404494382 0.15119047619047618 0.2247191011235955 0.1261904761904762 0.23876404494382023 0.11904761904761904 0.2247191011235955
1 0.3821428571428571 0.4143258426966292 0.4011904761904762 0.44662921348314605 0.38095238095238093 0.45646067415730335 0.36666666666666664 0.4241573033707865
1 0.37857142857142856 0.37780898876404495 0.3619047619047619 0.3441011235955056 0.34404761904761905 0.35252808988764045 0.35714285714285715 0.38342696629213485
1 0.6083333333333333 0.24719101123595505 0.5869047619047619 0.22331460674157302 0.5797619047619048 0.2303370786516854 0.5976190476190476 0.2556179775280899
1 0.680952380952381 0.2598314606741573 0.6845238095238095 0.2542134831460674 0.6666666666666666 0.23174157303370788 0.655952380952381 0.23595505617977527
1 0.7178571428571429 0.22331460674157302 0.7285714285714285 0.2148876404494382 0.7071428571428572 0.19101123595505617 0.6988095238095238 0.199438202247191
1 0.7988095238095239 0.1896067415730337 0.8071428571428572 0.17696629213483145 0.7880952380952381 0.15730337078651685 0.775 0.16573033707865167