1 0.175 0.36235955056179775 0.17142857142857143 0.43820224719101125 0.2 0.43679775280898875 0.2 0.36235955056179775
1 0.39404761904761904 0.36657303370786515 0.39285714285714285 0.43258426966292135 0.4154761904761905 0.4339887640449438 0.41309523809523807 0.3651685393258427
1 0.430952380952381 0.36657303370786515 0.430952380952381 0.4353932584269663 0.4607142857142857 0.4353932584269663 0.4583333333333333 0.36657303370786515
1 0.5488095238095239 0.36657303370786515 0.55 0.4297752808988764 0.5761904761904761 0.4311797752808989 0.5761904761904761 0.3651685393258427
1 0.594047619047619 0.36235955056179775 0.5904761904761905 0.43258426966292135 0.6130952380952381 0.43258426966292135 0.6166666666666667 0.36235955056179775
1 0.6285714285714286 0.3693820224719101 0.6273809523809524 0.4297752808988764 0.6511904761904762 0.4297752808988764 0.6511904761904762 0.36797752808988765
1 0.669047619047619 0.36657303370786515 0.6714285714285714 0.43258426966292135 0.7023809523809523 0.4297752808988764 0.6988095238095238 0.3651685393258427
1 0.8071428571428572 0.33848314606741575 0.7785714285714286 0.40308988764044945 0.8 0.41713483146067415 0.8285714285714286 0.35252808988764045
1 0.7916666666666666 0.6769662921348315 0.7880952380952381 0.7106741573033708 0.8535714285714285 0.7176966292134831 0.8571428571428571 0.6853932584269663
1 0.17142857142857143 0.22612359550561797 0.17142857142857143 0.26264044943820225 0.23452380952380952 0.2612359550561798 0.23452380952380952 0.22893258426966293
1 0.32142857142857145 0.17275280898876405 0.32261904761904764 0.20646067415730338 0.3869047619047619 0.20646067415730338 0.3869047619047619 0.17275280898876405
1 0.44761904761904764 0.25702247191011235 0.44761904761904764 0.28792134831460675 0.5119047619047619 0.28651685393258425 0.5107142857142857 0.2542134831460674
1 0.45 0.21207865168539325 0.45 0.24157303370786518 0.5119047619047619 0.24157303370786518 0.5107142857142857 0.21348314606741572
1 0.44761904761904764 0.16573033707865167 0.44761904761904764 0.199438202247191 0.5119047619047619 0.199438202247191 0.5119047619047619 0.16573033707865167
1 0.5738095238095238 0.2542134831460674 0.5738095238095238 0.2851123595505618 0.6309523809523809 0.2851123595505618 0.6285714285714286 0.2542134831460674
1 0.6392857142857142 0.25280898876404495 0.6392857142857142 0.28792134831460675 0.7047619047619048 0.2851123595505618 0.7047619047619048 0.2542134831460674
1 0.7642857142857142 0.22752808988764045 0.7678571428571429 0.2556179775280899 0.8273809523809523 0.2542134831460674 0.8238095238095238 0.22191011235955055
1 0.7642857142857142 0.18258426966292135 0.7642857142857142 0.21067415730337077 0.825 0.21067415730337077 0.8238095238095238 0.1797752808988764
1 0.7619047619047619 0.14185393258426968 0.7642857142857142 0.1699438202247191 0.8285714285714286 0.16573033707865167 0.8273809523809523 0.13623595505617977
1 0.638095238095238 0.20926966292134833 0.6369047619047619 0.23595505617977527 0.7023809523809523 0.23595505617977527 0.7 0.20926966292134833
1 0.5678571428571428 0.21067415730337077 0.569047619047619 0.23735955056179775 0.6297619047619047 0.23735955056179775 0.6309523809523809 0.20926966292134833
1 0.5678571428571428 0.1699438202247191 0.569047619047619 0.19803370786516855 0.6309523809523809 0.1952247191011236 0.6297619047619047 0.16573033707865167
1 0.6369047619047619 0.16573033707865167 0.638095238095238 0.19662921348314608 0.7023809523809523 0.19382022471910113 0.7011904761904761 0.16292134831460675
1 0.17142857142857143 0.16713483146067415 0.24642857142857144 0.16573033707865167 0.24642857142857144 0.1348314606741573 0.16904761904761906 0.13342696629213482
1 0.319047619047619 0.15589887640449437 0.3869047619047619 0.15730337078651685 0.38571428571428573 0.125 0.319047619047619 0.125
1 0.4488095238095238 0.15589887640449437 0.5154761904761904 0.1544943820224719 0.5142857142857142 0.125 0.4488095238095238 0.12359550561797752
1 0.5678571428571428 0.15589887640449437 0.6309523809523809 0.15589887640449437 0.6309523809523809 0.12359550561797752 0.5666666666666667 0.125
1 0.6369047619047619 0.15168539325842698 0.7035714285714286 0.15168539325842698 0.7023809523809523 0.12078651685393259 0.638095238095238 0.11797752808988764