2 0.12261904761904761 0.2556179775280899 0.08571428571428572 0.47752808988764045 0.13690476190476192 0.4859550561797753 0.17023809523809524 0.25702247191011235
2 0.31785714285714284 0.25842696629213485 0.3 0.4311797752808989 0.34404761904761905 0.4311797752808989 0.3595238095238095 0.2598314606741573
2 0.46190476190476193 0.2443820224719101 0.4511904761904762 0.4339887640449438 0.49047619047619045 0.4396067415730337 0.4988095238095238 0.24578651685393257
2 0.5011904761904762 0.24297752808988765 0.4976190476190476 0.4339887640449438 0.5357142857142857 0.4339887640449438 0.5404761904761904 0.2443820224719101
2 0.38452380952380955 0.4396067415730337 0.3892857142857143 0.5224719101123596 0.6345238095238095 0.5154494382022472 0.6392857142857142 0.43258426966292135
2 0.26904761904761904 0.6278089887640449 0.07857142857142857 0.7359550561797753 0.10119047619047619 0.7808988764044944 0.29285714285714287 0.6558988764044944
2 0.3523809523809524 0.6137640449438202 0.10595238095238095 0.7808988764044944 0.14642857142857144 0.8497191011235955 0.38095238095238093 0.6558988764044944
2 0.4380952380952381 0.6095505617977528 0.1976190476190476 0.7907303370786517 0.24047619047619048 0.8441011235955056 0.46785714285714286 0.6573033707865169
2 0.5297619047619048 0.6053370786516854 0.28809523809523807 0.7935393258426966 0.3392857142857143 0.8441011235955056 0.569047619047619 0.651685393258427
2 0.625 0.6039325842696629 0.40476190476190477 0.7823033707865169 0.4642857142857143 0.8412921348314607 0.675 0.6587078651685393
4 0.8178571428571428 0.28230337078651685 0.8273809523809523 0.34691011235955055 0.8547619047619047 0.3455056179775281 0.8404761904761905 0.27808988764044945
1 0.275 0.19662921348314608 0.29523809523809524 0.23876404494382023 0.31785714285714284 0.23174157303370788 0.3011904761904762 0.18679775280898878
3 0.17857142857142858 0.27808988764044945 0.14166666666666666 0.4845505617977528 0.19523809523809524 0.48314606741573035 0.22023809523809523 0.27668539325842695
3 0.22142857142857142 0.2808988764044944 0.20357142857142857 0.47752808988764045 0.25 0.48174157303370785 0.2630952380952381 0.28230337078651685
3 0.2714285714285714 0.2752808988764045 0.2523809523809524 0.4845505617977528 0.3 0.4803370786516854 0.3119047619047619 0.2794943820224719
3 0.3619047619047619 0.2710674157303371 0.34404761904761905 0.47331460674157305 0.3880952380952381 0.47331460674157305 0.4035714285714286 0.2696629213483146
3 0.41785714285714287 0.2696629213483146 0.4 0.4452247191011236 0.4380952380952381 0.44241573033707865 0.45357142857142857 0.273876404494382
3 0.544047619047619 0.2752808988764045 0.5476190476190477 0.4311797752808989 0.5869047619047619 0.4353932584269663 0.5785714285714286 0.27247191011235955
3 0.5880952380952381 0.2752808988764045 0.6 0.43820224719101125 0.6392857142857142 0.4339887640449438 0.6226190476190476 0.27247191011235955
3 0.6392857142857142 0.2654494382022472 0.6523809523809524 0.38202247191011235 0.6869047619047619 0.37640449438202245 0.675 0.2640449438202247