1 0.5964285714285714 0.8581460674157303 0.6273809523809524 0.8300561797752809 0.6464285714285715 0.8469101123595506 0.611904761904762 0.8834269662921348
1 0.5964285714285714 0.8455056179775281 0.5797619047619048 0.827247191011236 0.6178571428571429 0.7935393258426966 0.6333333333333333 0.8089887640449438
1 0.5214285714285715 0.8398876404494382 0.5178571428571429 0.7837078651685393 0.5416666666666666 0.7837078651685393 0.5416666666666666 0.8398876404494382
1 0.5952380952380952 0.7963483146067416 0.5833333333333334 0.7808988764044944 0.6178571428571429 0.7443820224719101 0.6392857142857142 0.7612359550561798
1 0.580952380952381 0.7570224719101124 0.5726190476190476 0.7373595505617978 0.6130952380952381 0.7092696629213483 0.6297619047619047 0.7331460674157303
1 0.5773809523809523 0.723314606741573 0.5666666666666667 0.7008426966292135 0.6083333333333333 0.6713483146067416 0.625 0.6882022471910112
1 0.5761904761904761 0.6910112359550562 0.5642857142857143 0.6713483146067416 0.6011904761904762 0.6474719101123596 0.6166666666666667 0.6601123595505618
1 0.5976190476190476 0.6474719101123596 0.5619047619047619 0.6278089887640449 0.5702380952380952 0.6067415730337079 0.6154761904761905 0.6306179775280899
1 0.6 0.6207865168539326 0.5535714285714286 0.5926966292134831 0.5678571428571428 0.5688202247191011 0.6142857142857143 0.598314606741573
1 0.5976190476190476 0.5828651685393258 0.5595238095238095 0.5575842696629213 0.575 0.5407303370786517 0.6107142857142858 0.5674157303370787
1 0.5904761904761905 0.5519662921348315 0.5511904761904762 0.5294943820224719 0.5666666666666667 0.5070224719101124 0.6035714285714285 0.526685393258427
1 0.5845238095238096 0.5098314606741573 0.5464285714285714 0.48314606741573035 0.5547619047619048 0.46769662921348315 0.5976190476190476 0.49157303370786515
1 0.5845238095238096 0.47752808988764045 0.5476190476190477 0.4592696629213483 0.5547619047619048 0.44241573033707865 0.5964285714285714 0.4606741573033708
1 0.5857142857142857 0.44803370786516855 0.5404761904761904 0.42837078651685395 0.5476190476190477 0.40870786516853935 0.5928571428571429 0.4297752808988764
1 0.5821428571428572 0.4241573033707865 0.5380952380952381 0.40168539325842695 0.544047619047619 0.38342696629213485 0.5904761904761905 0.40308988764044945
1 0.5785714285714286 0.3960674157303371 0.5357142857142857 0.3806179775280899 0.5404761904761904 0.3637640449438202 0.5869047619047619 0.37780898876404495
1 0.5761904761904761 0.37359550561797755 0.5345238095238095 0.35674157303370785 0.5392857142857143 0.3356741573033708 0.5880952380952381 0.35252808988764045
1 0.5761904761904761 0.33707865168539325 0.5392857142857143 0.33286516853932585 0.5380952380952381 0.3160112359550562 0.5726190476190476 0.3188202247191011
1 0.5761904761904761 0.3188202247191011 0.5345238095238095 0.31320224719101125 0.5357142857142857 0.29634831460674155 0.5761904761904761 0.29775280898876405
1 0.6892857142857143 0.273876404494382 0.6738095238095239 0.2542134831460674 0.7 0.22893258426966293 0.7119047619047619 0.24157303370786518
1 0.5107142857142857 0.7050561797752809 0.5107142857142857 0.6544943820224719 0.5321428571428571 0.6544943820224719 0.5333333333333333 0.702247191011236
1 0.22857142857142856 0.5969101123595506 0.23095238095238096 0.5730337078651685 0.2714285714285714 0.5688202247191011 0.2726190476190476 0.5941011235955056
1 0.22142857142857142 0.5491573033707865 0.22023809523809523 0.5210674157303371 0.275 0.5210674157303371 0.27380952380952384 0.5449438202247191
1 0.2357142857142857 0.4297752808988764 0.2357142857142857 0.4044943820224719 0.2892857142857143 0.40308988764044945 0.2904761904761905 0.42696629213483145
1 0.2392857142857143 0.39185393258426965 0.2369047619047619 0.3637640449438202 0.2904761904761905 0.3637640449438202 0.2892857142857143 0.3862359550561798
1 0.24761904761904763 0.36235955056179775 0.24761904761904763 0.3398876404494382 0.2916666666666667 0.3398876404494382 0.2916666666666667 0.3595505617977528
1 0.11190476190476191 0.4508426966292135 0.11071428571428571 0.425561797752809 0.15476190476190477 0.4241573033707865 0.15595238095238095 0.44662921348314605
1 0.11904761904761904 0.3693820224719101 0.11904761904761904 0.34269662921348315 0.16904761904761906 0.34269662921348315 0.17023809523809524 0.36797752808988765
1 0.20952380952380953 0.797752808988764 0.20952380952380953 0.7696629213483146 0.26071428571428573 0.7696629213483146 0.26071428571428573 0.7935393258426966
1 0.20952380952380953 0.7654494382022472 0.20952380952380953 0.7443820224719101 0.2619047619047619 0.7443820224719101 0.2619047619047619 0.7654494382022472
1 0.20357142857142857 0.7401685393258427 0.20357142857142857 0.7162921348314607 0.25952380952380955 0.7176966292134831 0.25952380952380955 0.7387640449438202
1 0.22023809523809523 0.7148876404494382 0.21904761904761905 0.6867977528089888 0.2702380952380952 0.6896067415730337 0.26904761904761904 0.7106741573033708