1 0.3607142857142857 0.1502808988764045 0.3464285714285714 0.20224719101123595 0.36666666666666664 0.20926966292134833 0.37976190476190474 0.15589887640449437
1 0.3904761904761905 0.14747191011235955 0.37857142857142856 0.20365168539325842 0.4023809523809524 0.20926966292134833 0.4119047619047619 0.15168539325842698
1 0.14642857142857144 0.29775280898876405 0.1988095238095238 0.3202247191011236 0.20714285714285716 0.29353932584269665 0.15595238095238095 0.273876404494382
1 0.15595238095238095 0.36797752808988765 0.20476190476190476 0.3441011235955056 0.2154761904761905 0.37219101123595505 0.16428571428571428 0.3946629213483146
1 0.4880952380952381 0.7008426966292135 0.4654761904761905 0.7668539325842697 0.4928571428571429 0.7794943820224719 0.513095238095238 0.7092696629213483
1 0.719047619047619 0.5463483146067416 0.6952380952380952 0.6081460674157303 0.7238095238095238 0.6193820224719101 0.7428571428571429 0.5547752808988764
1 0.6880952380952381 0.6544943820224719 0.669047619047619 0.723314606741573 0.6976190476190476 0.7331460674157303 0.7130952380952381 0.6615168539325843
1 0.7833333333333333 0.26825842696629215 0.7726190476190476 0.3258426966292135 0.7964285714285714 0.33286516853932585 0.8071428571428572 0.27247191011235955
3 0.25476190476190474 0.34269662921348315 0.20238095238095238 0.45365168539325845 0.24047619047619048 0.47191011235955055 0.2904761904761905 0.35674157303370785
3 0.19285714285714287 0.4789325842696629 0.12380952380952381 0.6418539325842697 0.16071428571428573 0.6601123595505618 0.22857142857142856 0.49859550561797755
3 0.5714285714285714 0.47191011235955055 0.5464285714285714 0.5435393258426966 0.5797619047619048 0.5575842696629213 0.6 0.48314606741573035
3 0.6464285714285715 0.7471910112359551 0.5845238095238096 0.9325842696629213 0.6309523809523809 0.9508426966292135 0.6880952380952381 0.7654494382022472
3 0.7488095238095238 0.4396067415730337 0.7285714285714285 0.5042134831460674 0.7559523809523809 0.5154494382022472 0.7738095238095238 0.44803370786516855
3 0.7785714285714286 0.2345505617977528 0.8178571428571428 0.05758426966292135 0.8595238095238096 0.06882022471910113 0.8214285714285714 0.24719101123595505
4 0.19285714285714287 0.8258426966292135 0.16666666666666666 0.8778089887640449 0.18928571428571428 0.8932584269662921 0.21666666666666667 0.8398876404494382