1 0.5642857142857143 0.7837078651685393 0.5166666666666667 0.8441011235955056 0.5428571428571428 0.8637640449438202 0.5952380952380952 0.800561797752809
1 0.5928571428571429 0.7289325842696629 0.5404761904761904 0.7612359550561798 0.5607142857142857 0.7907303370786517 0.611904761904762 0.75
1 0.5726190476190476 0.6713483146067416 0.5178571428571429 0.7176966292134831 0.5416666666666666 0.75 0.5988095238095238 0.6980337078651685
1 0.4238095238095238 0.6699438202247191 0.3976190476190476 0.6783707865168539 0.4154761904761905 0.7485955056179775 0.44642857142857145 0.7373595505617978
1 0.5023809523809524 0.6151685393258427 0.48333333333333334 0.6348314606741573 0.5416666666666666 0.6853932584269663 0.5571428571428572 0.6601123595505618
1 0.4726190476190476 0.5337078651685393 0.44761904761904764 0.5421348314606742 0.47619047619047616 0.6081460674157303 0.5071428571428571 0.5941011235955056
1 0.44047619047619047 0.476123595505618 0.4154761904761905 0.4887640449438202 0.444047619047619 0.5337078651685393 0.4666666666666667 0.5182584269662921
1 0.4095238095238095 0.42837078651685395 0.38452380952380955 0.43679775280898875 0.4083333333333333 0.4859550561797753 0.43333333333333335 0.4747191011235955
1 0.3726190476190476 0.3651685393258427 0.35119047619047616 0.375 0.37023809523809526 0.4199438202247191 0.39404761904761904 0.40870786516853935
1 0.34404761904761905 0.30337078651685395 0.31666666666666665 0.3188202247191011 0.3404761904761905 0.3707865168539326 0.36904761904761907 0.3553370786516854
1 0.3047619047619048 0.2654494382022472 0.2845238095238095 0.2808988764044944 0.3119047619047619 0.31179775280898875 0.3345238095238095 0.2991573033707865
1 0.3726190476190476 0.25842696629213485 0.325 0.23314606741573032 0.30833333333333335 0.25280898876404495 0.35714285714285715 0.2808988764044944