1 0.2642857142857143 0.8230337078651685 0.24047619047619048 0.8651685393258427 0.25952380952380955 0.875 0.2845238095238095 0.8286516853932584
1 0.13690476190476192 0.8258426966292135 0.1630952380952381 0.8370786516853933 0.19166666666666668 0.7907303370786517 0.16666666666666666 0.7794943820224719
1 0.18928571428571428 0.8525280898876404 0.16904761904761906 0.8398876404494382 0.19642857142857142 0.7963483146067416 0.2130952380952381 0.8075842696629213
1 0.17023809523809524 0.7345505617977528 0.17261904761904762 0.7064606741573034 0.22380952380952382 0.7036516853932584 0.225 0.7317415730337079
1 0.5488095238095239 0.773876404494382 0.6035714285714285 0.7921348314606742 0.6107142857142858 0.7682584269662921 0.55 0.7485955056179775
1 0.41309523809523807 0.7570224719101124 0.4357142857142857 0.7668539325842697 0.45595238095238094 0.7162921348314607 0.4357142857142857 0.7064606741573034
1 0.3869047619047619 0.7401685393258427 0.40476190476190477 0.7471910112359551 0.4261904761904762 0.7036516853932584 0.40714285714285714 0.6952247191011236
1 0.35595238095238096 0.7303370786516854 0.37857142857142856 0.7359550561797753 0.3904761904761905 0.6966292134831461 0.375 0.6896067415730337
1 0.2976190476190476 0.7120786516853933 0.31666666666666665 0.7247191011235955 0.34404761904761905 0.675561797752809 0.3238095238095238 0.6657303370786517
1 0.46904761904761905 0.7148876404494382 0.48928571428571427 0.7205056179775281 0.5059523809523809 0.672752808988764 0.49047619047619045 0.6615168539325843
1 0.4369047619047619 0.7008426966292135 0.46190476190476193 0.7120786516853933 0.4797619047619048 0.651685393258427 0.4607142857142857 0.6446629213483146
1 0.41309523809523807 0.6882022471910112 0.43214285714285716 0.6966292134831461 0.45476190476190476 0.6446629213483146 0.43452380952380953 0.6348314606741573
1 0.38333333333333336 0.675561797752809 0.40476190476190477 0.6853932584269663 0.425 0.6334269662921348 0.4023809523809524 0.6292134831460674
1 0.3535714285714286 0.6615168539325843 0.3761904761904762 0.6699438202247191 0.3952380952380952 0.6235955056179775 0.3761904761904762 0.6151685393258427
1 0.31547619047619047 0.648876404494382 0.3392857142857143 0.6643258426966292 0.3630952380952381 0.6165730337078652 0.3404761904761905 0.6081460674157303
1 0.24642857142857144 0.6278089887640449 0.2619047619047619 0.6418539325842697 0.2904761904761905 0.5955056179775281 0.26666666666666666 0.5884831460674157
1 0.2833333333333333 0.5589887640449438 0.30714285714285716 0.5688202247191011 0.3202380952380952 0.5280898876404494 0.2988095238095238 0.523876404494382
1 0.3130952380952381 0.5028089887640449 0.3333333333333333 0.5140449438202247 0.3535714285714286 0.4648876404494382 0.33095238095238094 0.46207865168539325
1 0.48928571428571427 0.5547752808988764 0.5083333333333333 0.5632022471910112 0.5119047619047619 0.526685393258427 0.49642857142857144 0.5210674157303371
1 0.45714285714285713 0.5435393258426966 0.47619047619047616 0.5519662921348315 0.49642857142857144 0.5070224719101124 0.4714285714285714 0.5014044943820225
1 0.42738095238095236 0.5435393258426966 0.45 0.5519662921348315 0.4630952380952381 0.5 0.44166666666666665 0.49719101123595505
1 0.3952380952380952 0.5379213483146067 0.4166666666666667 0.5463483146067416 0.4297619047619048 0.5042134831460674 0.4119047619047619 0.49719101123595505
1 0.5726190476190476 0.6334269662921348 0.6214285714285714 0.651685393258427 0.6273809523809524 0.625 0.5845238095238096 0.6095505617977528
1 0.5869047619047619 0.6025280898876404 0.5952380952380952 0.5800561797752809 0.6416666666666667 0.5955056179775281 0.6333333333333333 0.6193820224719101
1 0.5988095238095238 0.5491573033707865 0.6142857142857143 0.526685393258427 0.6547619047619048 0.5449438202247191 0.6428571428571429 0.5646067415730337
1 0.5833333333333334 0.5098314606741573 0.6261904761904762 0.5224719101123596 0.6345238095238095 0.5 0.5928571428571429 0.48735955056179775
1 0.41309523809523807 0.48314606741573035 0.4607142857142857 0.49297752808988765 0.4666666666666667 0.4705056179775281 0.42142857142857143 0.45786516853932585
1 0.37142857142857144 0.3862359550561798 0.39285714285714285 0.39185393258426965 0.4095238095238095 0.35814606741573035 0.39166666666666666 0.34831460674157305
1 0.48095238095238096 0.43258426966292135 0.49523809523809526 0.4353932584269663 0.5107142857142857 0.4002808988764045 0.48928571428571427 0.3946629213483146
1 0.5035714285714286 0.4396067415730337 0.5214285714285715 0.449438202247191 0.5464285714285714 0.40308988764044945 0.5226190476190476 0.3960674157303371
1 0.6285714285714286 0.4901685393258427 0.6785714285714286 0.49859550561797755 0.6833333333333333 0.476123595505618 0.6333333333333333 0.4691011235955056
1 0.6476190476190476 0.45786516853932585 0.6988095238095238 0.47331460674157305 0.705952380952381 0.45365168539325845 0.6571428571428571 0.4396067415730337
1 0.6619047619047619 0.42696629213483145 0.7130952380952381 0.43820224719101125 0.7178571428571429 0.4199438202247191 0.6702380952380952 0.40308988764044945
1 0.4083333333333333 0.3103932584269663 0.4297619047619048 0.3202247191011236 0.44642857142857145 0.2794943820224719 0.4226190476190476 0.2752808988764045
1 0.44047619047619047 0.25702247191011235 0.45595238095238094 0.26264044943820225 0.46785714285714286 0.22191011235955055 0.45 0.2205056179775281
1 0.4738095238095238 0.18398876404494383 0.4928571428571429 0.19101123595505617 0.5023809523809524 0.1502808988764045 0.4857142857142857 0.14747191011235955
1 0.5988095238095238 0.37219101123595505 0.6166666666666667 0.3806179775280899 0.6297619047619047 0.33848314606741575 0.6130952380952381 0.3342696629213483
1 0.575 0.3595505617977528 0.594047619047619 0.36657303370786515 0.6095238095238096 0.324438202247191 0.5928571428571429 0.3202247191011236
1 0.625 0.30758426966292135 0.6476190476190476 0.3160112359550562 0.655952380952381 0.2794943820224719 0.6404761904761904 0.2752808988764045
1 0.4523809523809524 0.3806179775280899 0.5047619047619047 0.39747191011235955 0.5071428571428571 0.37780898876404495 0.4583333333333333 0.3637640449438202
1 0.4773809523809524 0.33146067415730335 0.525 0.3455056179775281 0.5285714285714286 0.324438202247191 0.4857142857142857 0.31179775280898875
1 0.5035714285714286 0.3061797752808989 0.5392857142857143 0.3202247191011236 0.544047619047619 0.300561797752809 0.5095238095238095 0.28792134831460675
1 0.49642857142857144 0.28230337078651685 0.5321428571428571 0.29634831460674155 0.5416666666666666 0.27808988764044945 0.5011904761904762 0.2598314606741573
1 0.5083333333333333 0.2612359550561798 0.5464285714285714 0.27808988764044945 0.555952380952381 0.2598314606741573 0.5166666666666667 0.2443820224719101
1 0.7023809523809523 0.35252808988764045 0.7464285714285714 0.36657303370786515 0.7523809523809524 0.3455056179775281 0.705952380952381 0.33286516853932585
1 0.7083333333333334 0.3300561797752809 0.7595238095238095 0.3441011235955056 0.7654761904761904 0.32162921348314605 0.7154761904761905 0.30758426966292135
1 0.7202380952380952 0.3047752808988764 0.7642857142857142 0.31741573033707865 0.7678571428571429 0.29775280898876405 0.725 0.2893258426966292
1 0.7238095238095238 0.28370786516853935 0.7726190476190476 0.29634831460674155 0.775 0.27668539325842695 0.7297619047619047 0.2710674157303371
1 0.7285714285714285 0.26685393258426965 0.7785714285714286 0.2654494382022472 0.7761904761904762 0.24297752808988765 0.7273809523809524 0.24859550561797752
1 0.544047619047619 0.199438202247191 0.5642857142857143 0.199438202247191 0.5726190476190476 0.1699438202247191 0.5523809523809524 0.16292134831460675
1 0.5726190476190476 0.19803370786516855 0.5904761904761905 0.20224719101123595 0.6023809523809524 0.16853932584269662 0.5880952380952381 0.1601123595505618
1 0.5988095238095238 0.20926966292134833 0.6154761904761905 0.21207865168539325 0.625 0.17696629213483145 0.6083333333333333 0.17275280898876405
1 0.6297619047619047 0.21910112359550563 0.65 0.22752808988764045 0.6642857142857143 0.19241573033707865 0.6511904761904762 0.18398876404494383
1 0.6607142857142857 0.2247191011235955 0.6785714285714286 0.2303370786516854 0.6916666666666667 0.20365168539325842 0.6785714285714286 0.19382022471910113
1 0.6797619047619048 0.2247191011235955 0.6880952380952381 0.24157303370786518 0.725 0.21769662921348315 0.7154761904761905 0.20084269662921347
1 0.7202380952380952 0.18679775280898878 0.7392857142857143 0.21348314606741572 0.7595238095238095 0.20786516853932585 0.7380952380952381 0.175561797752809
1 0.8345238095238096 0.39747191011235955 0.8869047619047619 0.41151685393258425 0.8916666666666667 0.38764044943820225 0.8404761904761905 0.37780898876404495
1 0.2261904761904762 0.8174157303370787 0.2 0.8679775280898876 0.2154761904761905 0.8778089887640449 0.24642857142857144 0.8258426966292135
1 0.5214285714285715 0.8497191011235955 0.5785714285714286 0.8735955056179775 0.5857142857142857 0.8497191011235955 0.5333333333333333 0.8258426966292135