1 0.14166666666666666 0.18117977528089887 0.18452380952380953 0.17837078651685392 0.18571428571428572 0.10674157303370786 0.14642857142857144 0.10814606741573034
1 0.1392857142857143 0.3047752808988764 0.18452380952380953 0.3061797752808989 0.18928571428571428 0.19662921348314608 0.14166666666666666 0.19803370786516855
1 0.14047619047619048 0.4297752808988764 0.17976190476190476 0.4241573033707865 0.18333333333333332 0.32303370786516855 0.14166666666666666 0.32865168539325845
1 0.1392857142857143 0.5617977528089888 0.1761904761904762 0.5575842696629213 0.17976190476190476 0.45646067415730335 0.1380952380952381 0.45646067415730335
1 0.12380952380952381 0.7205056179775281 0.16666666666666666 0.7191011235955056 0.175 0.5997191011235955 0.13214285714285715 0.5969101123595506
4 0.10714285714285714 0.8581460674157303 0.15119047619047618 0.8567415730337079 0.15357142857142858 0.7359550561797753 0.10714285714285714 0.7373595505617978
1 0.27380952380952384 0.8876404494382022 0.3142857142857143 0.8890449438202247 0.3142857142857143 0.7823033707865169 0.27380952380952384 0.7851123595505618
1 0.31785714285714284 0.6601123595505618 0.319047619047619 0.7752808988764045 0.27976190476190477 0.776685393258427 0.28095238095238095 0.6615168539325843
1 0.32261904761904764 0.5491573033707865 0.3238095238095238 0.6587078651685393 0.2869047619047619 0.6601123595505618 0.2869047619047619 0.547752808988764
1 0.3202380952380952 0.43258426966292135 0.3202380952380952 0.5379213483146067 0.2833333333333333 0.5407303370786517 0.2857142857142857 0.4353932584269663
1 0.3273809523809524 0.3160112359550562 0.3238095238095238 0.41151685393258425 0.28809523809523807 0.41151685393258425 0.29285714285714287 0.31320224719101125
1 0.3273809523809524 0.20365168539325842 0.33214285714285713 0.3047752808988764 0.2892857142857143 0.3061797752808989 0.29404761904761906 0.20646067415730338
1 0.3345238095238095 0.10674157303370786 0.33214285714285713 0.1797752808988764 0.29642857142857143 0.175561797752809 0.30357142857142855 0.10533707865168539
2 0.6047619047619047 0.2752808988764045 0.6583333333333333 0.2710674157303371 0.6511904761904762 0.09550561797752809 0.6 0.09550561797752809
2 0.7119047619047619 0.08848314606741572 0.725 0.2598314606741573 0.6714285714285714 0.2640449438202247 0.6595238095238095 0.09410112359550561
2 0.655952380952381 0.29353932584269665 0.655952380952381 0.4339887640449438 0.611904761904762 0.43258426966292135 0.611904761904762 0.2991573033707865
2 0.7511904761904762 0.37780898876404495 0.7595238095238095 0.601123595505618 0.6976190476190476 0.598314606741573 0.6964285714285714 0.37780898876404495
2 0.7607142857142857 0.726123595505618 0.775 0.8806179775280899 0.7130952380952381 0.8806179775280899 0.7035714285714286 0.723314606741573