1 0.555952380952381 0.29213483146067415 0.555952380952381 0.3300561797752809 0.5357142857142857 0.33146067415730335 0.5369047619047619 0.2893258426966292
1 0.5535714285714286 0.34831460674157305 0.5535714285714286 0.3890449438202247 0.5357142857142857 0.38764044943820225 0.5345238095238095 0.34691011235955055
1 0.5880952380952381 0.2303370786516854 0.6023809523809524 0.2303370786516854 0.6071428571428571 0.2710674157303371 0.5904761904761905 0.2710674157303371
1 0.4797619047619048 0.4396067415730337 0.5297619047619048 0.43258426966292135 0.5297619047619048 0.41151685393258425 0.4797619047619048 0.4143258426966292
1 0.40476190476190477 0.4157303370786517 0.4035714285714286 0.43820224719101125 0.4583333333333333 0.4452247191011236 0.4595238095238095 0.42134831460674155
1 0.34404761904761905 0.4410112359550562 0.39285714285714285 0.4396067415730337 0.3952380952380952 0.4143258426966292 0.34285714285714286 0.41292134831460675
1 0.25595238095238093 0.41292134831460675 0.3047619047619048 0.4157303370786517 0.3047619047619048 0.4452247191011236 0.2523809523809524 0.44241573033707865
4 0.125 0.4143258426966292 0.12142857142857143 0.4396067415730337 0.17023809523809524 0.4396067415730337 0.17261904761904762 0.4157303370786517
1 0.20476190476190476 0.42134831460674155 0.2011904761904762 0.4410112359550562 0.25357142857142856 0.44241573033707865 0.25595238095238093 0.42134831460674155
1 0.5369047619047619 0.5323033707865169 0.5392857142857143 0.5884831460674157 0.5595238095238095 0.5870786516853933 0.5583333333333333 0.5337078651685393
1 0.5583333333333333 0.6404494382022472 0.5595238095238095 0.6980337078651685 0.5392857142857143 0.699438202247191 0.5380952380952381 0.6418539325842697
1 0.5369047619047619 0.7092696629213483 0.5369047619047619 0.7598314606741573 0.5630952380952381 0.7612359550561798 0.5607142857142857 0.7064606741573034
1 0.430952380952381 0.7921348314606742 0.4880952380952381 0.7893258426966292 0.4845238095238095 0.7584269662921348 0.430952380952381 0.7640449438202247
1 0.3357142857142857 0.7935393258426966 0.39166666666666666 0.7949438202247191 0.39166666666666666 0.7626404494382022 0.3333333333333333 0.7612359550561798
1 0.2654761904761905 0.7879213483146067 0.3202380952380952 0.7893258426966292 0.32261904761904764 0.7612359550561798 0.26666666666666666 0.7584269662921348
4 0.3821428571428571 0.848314606741573 0.44166666666666665 0.8455056179775281 0.44166666666666665 0.8117977528089888 0.38095238095238093 0.8132022471910112
1 0.669047619047619 0.824438202247191 0.6904761904761905 0.824438202247191 0.6904761904761905 0.8721910112359551 0.6666666666666666 0.8735955056179775
1 0.7047619047619048 0.8188202247191011 0.7309523809523809 0.8202247191011236 0.7309523809523809 0.8735955056179775 0.7071428571428572 0.8693820224719101
1 0.7333333333333333 0.8216292134831461 0.7559523809523809 0.8188202247191011 0.7666666666666667 0.8764044943820225 0.7428571428571429 0.875
1 0.7702380952380953 0.8160112359550562 0.7761904761904762 0.8693820224719101 0.7976190476190477 0.8707865168539326 0.7964285714285714 0.8174157303370787
1 0.8023809523809524 0.8202247191011236 0.8071428571428572 0.8764044943820225 0.8333333333333334 0.8735955056179775 0.8261904761904761 0.8188202247191011
4 0.175 0.7893258426966292 0.2261904761904762 0.7851123595505618 0.2261904761904762 0.7542134831460674 0.1738095238095238 0.7570224719101124
1 0.125 0.7865168539325843 0.17023809523809524 0.7837078651685393 0.17261904761904762 0.7598314606741573 0.125 0.7570224719101124