1 0.18928571428571428 0.1544943820224719 0.19047619047619047 0.25280898876404495 0.22738095238095238 0.25280898876404495 0.225 0.1544943820224719
1 0.18214285714285713 0.2598314606741573 0.18095238095238095 0.3609550561797753 0.22142857142857142 0.3609550561797753 0.21904761904761905 0.25842696629213485
1 0.44285714285714284 0.22893258426966293 0.44285714285714284 0.31179775280898875 0.47619047619047616 0.31179775280898875 0.475 0.22893258426966293
4 0.5583333333333333 0.15589887640449437 0.5642857142857143 0.19803370786516855 0.4880952380952381 0.20365168539325842 0.4857142857142857 0.16432584269662923
4 0.5238095238095238 0.3258426966292135 0.5261904761904762 0.3637640449438202 0.45595238095238094 0.36797752808988765 0.4523809523809524 0.32865168539325845
4 0.5178571428571429 0.3693820224719101 0.5238095238095238 0.4101123595505618 0.4488095238095238 0.41853932584269665 0.4452380952380952 0.37780898876404495
4 0.5369047619047619 0.4438202247191011 0.530952380952381 0.4901685393258427 0.430952380952381 0.4747191011235955 0.4380952380952381 0.42837078651685395
4 0.5190476190476191 0.4943820224719101 0.5178571428571429 0.5365168539325843 0.444047619047619 0.5351123595505618 0.4452380952380952 0.49297752808988765
4 0.544047619047619 0.23174157303370788 0.544047619047619 0.3258426966292135 0.5738095238095238 0.3258426966292135 0.5726190476190476 0.2303370786516854
1 0.5928571428571429 0.20786516853932585 0.5988095238095238 0.3103932584269663 0.6297619047619047 0.3089887640449438 0.6238095238095238 0.20646067415730338
1 0.5357142857142857 0.3792134831460674 0.530952380952381 0.42696629213483145 0.6357142857142857 0.4311797752808989 0.6369047619047619 0.3904494382022472
1 0.5464285714285714 0.4438202247191011 0.544047619047619 0.4845505617977528 0.6297619047619047 0.49157303370786515 0.6309523809523809 0.449438202247191
1 0.5464285714285714 0.5547752808988764 0.5476190476190477 0.601123595505618 0.6464285714285715 0.5955056179775281 0.6416666666666667 0.550561797752809
4 0.7452380952380953 0.5421348314606742 0.725 0.6390449438202247 0.7583333333333333 0.6460674157303371 0.7785714285714286 0.550561797752809
1 0.6488095238095238 0.6025280898876404 0.6523809523809524 0.6418539325842697 0.5595238095238095 0.651685393258427 0.5571428571428572 0.6067415730337079
1 0.6261904761904762 0.6544943820224719 0.6297619047619047 0.6952247191011236 0.569047619047619 0.6980337078651685 0.5678571428571428 0.6601123595505618
4 0.65 0.702247191011236 0.6511904761904762 0.7471910112359551 0.5702380952380952 0.7443820224719101 0.5702380952380952 0.702247191011236
4 0.15714285714285714 0.7429775280898876 0.15119047619047618 0.8623595505617978 0.19642857142857142 0.8623595505617978 0.2011904761904762 0.7429775280898876