1 0.3202380952380952 0.17837078651685392 0.35 0.24719101123595505 0.3761904761904762 0.23595505617977527 0.34523809523809523 0.16432584269662923
1 0.25357142857142856 0.33848314606741575 0.2857142857142857 0.42134831460674155 0.3142857142857143 0.4058988764044944 0.27976190476190477 0.3258426966292135
1 0.21428571428571427 0.36797752808988765 0.24523809523809523 0.4339887640449438 0.2714285714285714 0.41853932584269665 0.24047619047619048 0.35252808988764045
1 0.17261904761904762 0.3946629213483146 0.20952380952380953 0.476123595505618 0.23809523809523808 0.4592696629213483 0.2 0.37780898876404495
1 0.12976190476190477 0.41151685393258425 0.1619047619047619 0.48314606741573035 0.1869047619047619 0.4705056179775281 0.15357142857142858 0.3960674157303371
1 0.38571428571428573 0.3188202247191011 0.4226190476190476 0.4002808988764045 0.4488095238095238 0.38342696629213485 0.4119047619047619 0.30337078651685395
1 0.42857142857142855 0.41151685393258425 0.45714285714285713 0.476123595505618 0.48333333333333334 0.46348314606741575 0.45357142857142857 0.39747191011235955
1 0.4928571428571429 0.5084269662921348 0.4928571428571429 0.5912921348314607 0.5178571428571429 0.5912921348314607 0.5190476190476191 0.5084269662921348
1 0.5071428571428571 0.6165730337078652 0.5464285714285714 0.6980337078651685 0.5773809523809523 0.6783707865168539 0.5345238095238095 0.598314606741573
1 0.5595238095238095 0.7387640449438202 0.6011904761904762 0.8174157303370787 0.6297619047619047 0.7963483146067416 0.5869047619047619 0.7191011235955056
1 0.6369047619047619 0.723314606741573 0.6785714285714286 0.8033707865168539 0.705952380952381 0.7851123595505618 0.6642857142857143 0.7050561797752809
1 0.6738095238095239 0.5407303370786517 0.7107142857142857 0.6053370786516854 0.736904761904762 0.5912921348314607 0.6988095238095238 0.5224719101123596
1 0.719047619047619 0.6264044943820225 0.7535714285714286 0.702247191011236 0.780952380952381 0.6853932584269663 0.7416666666666667 0.6095505617977528
1 0.7476190476190476 0.7050561797752809 0.7869047619047619 0.7963483146067416 0.8214285714285714 0.773876404494382 0.7833333333333333 0.6882022471910112
1 0.8297619047619048 0.7191011235955056 0.8630952380952381 0.7893258426966292 0.8928571428571429 0.7696629213483146 0.8595238095238096 0.699438202247191
1 0.7928571428571428 0.8103932584269663 0.8297619047619048 0.8904494382022472 0.8654761904761905 0.8679775280898876 0.8261904761904761 0.7879213483146067
1 0.6333333333333333 0.449438202247191 0.669047619047619 0.5196629213483146 0.694047619047619 0.5028089887640449 0.6583333333333333 0.4311797752808989
1 0.5857142857142857 0.34691011235955055 0.6214285714285714 0.425561797752809 0.6476190476190476 0.4101123595505618 0.611904761904762 0.33286516853932585
1 0.5452380952380952 0.2612359550561798 0.5785714285714286 0.3342696629213483 0.6059523809523809 0.31741573033707865 0.5738095238095238 0.24297752808988765
1 0.5059523809523809 0.17696629213483145 0.5380952380952381 0.25280898876404495 0.569047619047619 0.2345505617977528 0.5345238095238095 0.16292134831460675
1 0.7488095238095238 0.15730337078651685 0.7321428571428571 0.2345505617977528 0.763095238095238 0.24297752808988765 0.7773809523809524 0.16151685393258428
1 0.7011904761904761 0.17837078651685392 0.7345238095238096 0.19241573033707865 0.7559523809523809 0.12078651685393259 0.7273809523809524 0.10814606741573034
1 0.8 0.25842696629213485 0.7797619047619048 0.3342696629213483 0.8119047619047619 0.3441011235955056 0.8285714285714286 0.2654494382022472
1 0.8119047619047619 0.39325842696629215 0.8702380952380953 0.3539325842696629 0.8892857142857142 0.3890449438202247 0.830952380952381 0.4297752808988764