1 0.3380952380952381 0.7471910112359551 0.3404761904761905 0.8117977528089888 0.36428571428571427 0.8103932584269663 0.3619047619047619 0.7457865168539326
1 0.36666666666666664 0.6980337078651685 0.3738095238095238 0.7542134831460674 0.3976190476190476 0.7514044943820225 0.3892857142857143 0.6966292134831461
1 0.4726190476190476 0.7317415730337079 0.48095238095238096 0.7907303370786517 0.5083333333333333 0.7893258426966292 0.5 0.7289325842696629
1 0.48928571428571427 0.8216292134831461 0.49404761904761907 0.8721910112359551 0.5226190476190476 0.8721910112359551 0.5142857142857142 0.8216292134831461
1 0.27976190476190477 0.7921348314606742 0.24404761904761904 0.8286516853932584 0.2642857142857143 0.851123595505618 0.3 0.8103932584269663
1 0.2702380952380952 0.7387640449438202 0.26904761904761904 0.7668539325842697 0.3047619047619048 0.7668539325842697 0.3047619047619048 0.7373595505617978
1 0.2619047619047619 0.7078651685393258 0.2619047619047619 0.7401685393258427 0.319047619047619 0.7289325842696629 0.31547619047619047 0.702247191011236
1 0.2571428571428571 0.6544943820224719 0.25833333333333336 0.6825842696629213 0.31547619047619047 0.675561797752809 0.3130952380952381 0.648876404494382
1 0.2619047619047619 0.6264044943820225 0.2630952380952381 0.6558988764044944 0.319047619047619 0.651685393258427 0.319047619047619 0.6235955056179775
1 0.2511904761904762 0.6095505617977528 0.25357142857142856 0.6334269662921348 0.30357142857142855 0.6292134831460674 0.30238095238095236 0.6053370786516854
4 0.2630952380952381 0.6797752808988764 0.2642857142857143 0.7050561797752809 0.30714285714285716 0.702247191011236 0.3047619047619048 0.6741573033707865
4 0.25595238095238093 0.577247191011236 0.25595238095238093 0.6095505617977528 0.3047619047619048 0.6053370786516854 0.3047619047619048 0.5758426966292135
1 0.2511904761904762 0.5617977528089888 0.2523809523809524 0.5856741573033708 0.3 0.5828651685393258 0.2988095238095238 0.5603932584269663
1 0.24047619047619048 0.5421348314606742 0.24285714285714285 0.5660112359550562 0.29404761904761906 0.5589887640449438 0.2916666666666667 0.5337078651685393
1 0.2511904761904762 0.5140449438202247 0.25476190476190474 0.5379213483146067 0.30357142857142855 0.5351123595505618 0.3011904761904762 0.5098314606741573
1 0.2511904761904762 0.4887640449438202 0.25595238095238093 0.5154494382022472 0.305952380952381 0.5112359550561798 0.30357142857142855 0.4859550561797753
1 0.25 0.46769662921348315 0.25 0.4859550561797753 0.2976190476190476 0.48314606741573035 0.29404761904761906 0.46348314606741575
1 0.24523809523809523 0.4438202247191011 0.24642857142857144 0.4648876404494382 0.2976190476190476 0.46348314606741575 0.29404761904761906 0.4410112359550562
1 0.25476190476190474 0.4199438202247191 0.25357142857142856 0.4410112359550562 0.30357142857142855 0.4410112359550562 0.3011904761904762 0.41853932584269665
1 0.3130952380952381 0.40168539325842695 0.31666666666666665 0.4199438202247191 0.3595238095238095 0.41292134831460675 0.3547619047619048 0.3904494382022472
1 0.35714285714285715 0.3848314606741573 0.3630952380952381 0.40870786516853935 0.4119047619047619 0.3946629213483146 0.40476190476190477 0.37359550561797755
1 0.38452380952380955 0.43258426966292135 0.35 0.4606741573033708 0.3678571428571429 0.4789325842696629 0.39880952380952384 0.44803370786516855
1 0.42023809523809524 0.4438202247191011 0.4392857142857143 0.4859550561797753 0.46190476190476193 0.47752808988764045 0.4392857142857143 0.43258426966292135
1 0.44047619047619047 0.4859550561797753 0.4488095238095238 0.5323033707865169 0.46785714285714286 0.5294943820224719 0.4595238095238095 0.4803370786516854
1 0.4488095238095238 0.5365168539325843 0.45714285714285713 0.5842696629213483 0.4785714285714286 0.5828651685393258 0.4666666666666667 0.5351123595505618
1 0.3404761904761905 0.4859550561797753 0.35714285714285715 0.5280898876404494 0.375 0.5210674157303371 0.35714285714285715 0.476123595505618
1 0.3535714285714286 0.5351123595505618 0.3619047619047619 0.5786516853932584 0.38333333333333336 0.577247191011236 0.3726190476190476 0.5294943820224719
1 0.35119047619047616 0.5800561797752809 0.3380952380952381 0.5955056179775281 0.3761904761904762 0.6334269662921348 0.39285714285714285 0.6165730337078652
1 0.38333333333333336 0.5814606741573034 0.38333333333333336 0.6109550561797753 0.43452380952380953 0.6151685393258427 0.4380952380952381 0.5884831460674157
1 0.375 0.6601123595505618 0.375 0.6896067415730337 0.4297619047619048 0.6867977528089888 0.4297619047619048 0.6615168539325843
1 0.4142857142857143 0.3146067415730337 0.42142857142857143 0.3539325842696629 0.44047619047619047 0.34831460674157305 0.43452380952380953 0.3103932584269663
1 0.4107142857142857 0.27247191011235955 0.41309523809523807 0.3160112359550562 0.4369047619047619 0.3103932584269663 0.42857142857142855 0.27247191011235955
1 0.40476190476190477 0.23314606741573032 0.40595238095238095 0.26825842696629215 0.4261904761904762 0.26825842696629215 0.425 0.23314606741573032
1 0.4 0.1853932584269663 0.4023809523809524 0.22752808988764045 0.4238095238095238 0.22612359550561797 0.42142857142857143 0.1853932584269663
1 0.555952380952381 0.1896067415730337 0.5619047619047619 0.2247191011235955 0.580952380952381 0.2247191011235955 0.5761904761904761 0.18820224719101122
4 0.6392857142857142 0.7162921348314607 0.6488095238095238 0.7724719101123596 0.6726190476190477 0.7710674157303371 0.6619047619047619 0.7106741573033708
1 0.675 0.351123595505618 0.680952380952381 0.3862359550561798 0.7035714285714286 0.3862359550561798 0.6952380952380952 0.34831460674157305
1 0.6869047619047619 0.3890449438202247 0.694047619047619 0.4311797752808989 0.7142857142857143 0.4297752808988764 0.7083333333333334 0.38764044943820225
1 0.8369047619047619 0.7935393258426966 0.7928571428571428 0.827247191011236 0.8095238095238095 0.848314606741573 0.8535714285714285 0.8146067415730337
1 0.8392857142857143 0.702247191011236 0.8892857142857142 0.6938202247191011 0.8976190476190476 0.723314606741573 0.844047619047619 0.7317415730337079
1 0.8488095238095238 0.7373595505617978 0.8583333333333333 0.7598314606741573 0.9035714285714286 0.7471910112359551 0.8928571428571429 0.7191011235955056
1 0.7023809523809523 0.4845505617977528 0.7178571428571429 0.5294943820224719 0.7416666666666667 0.5224719101123596 0.7261904761904762 0.47331460674157305
3 0.5190476190476191 0.37780898876404495 0.5511904761904762 0.375 0.5166666666666667 0.23174157303370788 0.48928571428571427 0.2345505617977528
3 0.5523809523809524 0.5463483146067416 0.5821428571428572 0.5407303370786517 0.544047619047619 0.38202247191011235 0.513095238095238 0.3862359550561798
3 0.594047619047619 0.7654494382022472 0.6285714285714286 0.7612359550561798 0.5880952380952381 0.5603932584269663 0.555952380952381 0.5617977528089888
3 0.4797619047619048 0.22752808988764045 0.5071428571428571 0.2247191011235955 0.4869047619047619 0.11235955056179775 0.4630952380952381 0.11235955056179775
3 0.5214285714285715 0.21348314606741572 0.5488095238095239 0.21207865168539325 0.5261904761904762 0.11095505617977527 0.4988095238095238 0.11095505617977527
2 0.2392857142857143 0.22331460674157302 0.24285714285714285 0.300561797752809 0.2654761904761905 0.300561797752809 0.26071428571428573 0.22331460674157302
2 0.23452380952380952 0.1601123595505618 0.24166666666666667 0.23174157303370788 0.2630952380952381 0.23174157303370788 0.2571428571428571 0.15730337078651685
2 0.2714285714285714 0.24859550561797752 0.2714285714285714 0.32865168539325845 0.29642857142857143 0.32865168539325845 0.29404761904761906 0.24719101123595505
2 0.2702380952380952 0.19382022471910113 0.2714285714285714 0.24719101123595505 0.29285714285714287 0.24859550561797752 0.2904761904761905 0.19241573033707865
2 0.2619047619047619 0.13202247191011235 0.2654761904761905 0.20365168539325842 0.2869047619047619 0.20224719101123595 0.2833333333333333 0.12921348314606743
2 0.29523809523809524 0.16151685393258428 0.2988095238095238 0.22612359550561797 0.31785714285714284 0.22612359550561797 0.31666666666666665 0.16151685393258428
2 0.3 0.21769662921348315 0.3011904761904762 0.26685393258426965 0.3238095238095238 0.2654494382022472 0.3202380952380952 0.21769662921348315
2 0.3047619047619048 0.25842696629213485 0.3047619047619048 0.324438202247191 0.33214285714285713 0.32303370786516855 0.3273809523809524 0.25702247191011235