1 0.3261904761904762 0.4859550561797753 0.3333333333333333 0.598314606741573 0.3678571428571429 0.5941011235955056 0.3619047619047619 0.48174157303370785
1 0.13690476190476192 0.1896067415730337 0.13333333333333333 0.29213483146067415 0.1773809523809524 0.29634831460674155 0.18095238095238095 0.1896067415730337
1 0.21904761904761905 0.18679775280898878 0.21428571428571427 0.29634831460674155 0.25833333333333336 0.2949438202247191 0.2488095238095238 0.1853932584269663
1 0.26785714285714285 0.19803370786516855 0.2761904761904762 0.2991573033707865 0.30952380952380953 0.2907303370786517 0.3 0.19382022471910113
1 0.3392857142857143 0.14185393258426968 0.3333333333333333 0.2612359550561798 0.3738095238095238 0.25702247191011235 0.3738095238095238 0.1404494382022472
1 0.49166666666666664 0.1797752808988764 0.5154761904761904 0.20646067415730338 0.5833333333333334 0.14747191011235955 0.5642857142857143 0.12921348314606743
1 0.5619047619047619 0.1853932584269663 0.4857142857142857 0.24719101123595505 0.5083333333333333 0.28792134831460675 0.5880952380952381 0.2148876404494382
1 0.5797619047619048 0.2556179775280899 0.5047619047619047 0.30196629213483145 0.5166666666666667 0.33848314606741575 0.5976190476190476 0.2907303370786517
1 0.5773809523809523 0.38764044943820225 0.4988095238095238 0.4396067415730337 0.5166666666666667 0.4705056179775281 0.5952380952380952 0.41713483146067415
1 0.569047619047619 0.4592696629213483 0.4928571428571429 0.5154494382022472 0.5107142857142857 0.547752808988764 0.5892857142857143 0.49157303370786515
1 0.5714285714285714 0.5294943820224719 0.5 0.5870786516853933 0.5178571428571429 0.6151685393258427 0.594047619047619 0.5575842696629213
1 0.575 0.6053370786516854 0.5 0.6629213483146067 0.5154761904761904 0.702247191011236 0.5976190476190476 0.6348314606741573
1 0.5702380952380952 0.7443820224719101 0.5 0.8160112359550562 0.5226190476190476 0.8525280898876404 0.6035714285714285 0.773876404494382
1 0.6654761904761904 0.6264044943820225 0.6726190476190477 0.7457865168539326 0.7107142857142857 0.7457865168539326 0.7083333333333334 0.6264044943820225
1 0.6880952380952381 0.7584269662921348 0.669047619047619 0.797752808988764 0.7476190476190476 0.8581460674157303 0.7726190476190476 0.824438202247191
1 0.6630952380952381 0.45646067415730335 0.6607142857142857 0.5632022471910112 0.7047619047619048 0.5632022471910112 0.7023809523809523 0.45365168539325845
1 0.6547619047619048 0.26685393258426965 0.6630952380952381 0.37219101123595505 0.6952380952380952 0.37359550561797755 0.694047619047619 0.2640449438202247
1 0.6511904761904762 0.15730337078651685 0.6571428571428571 0.2542134831460674 0.6892857142857143 0.25702247191011235 0.6904761904761905 0.15589887640449437