0 0.6857142857142857 0.1404494382022472 0.7476190476190476 0.2654494382022472 0.7880952380952381 0.2443820224719101 0.7226190476190476 0.11657303370786516
0 0.6404761904761904 0.16573033707865167 0.7011904761904761 0.29353932584269665 0.7416666666666667 0.26685393258426965 0.6738095238095239 0.14185393258426968
0 0.5857142857142857 0.16713483146067415 0.6583333333333333 0.31320224719101125 0.6952380952380952 0.29213483146067415 0.6273809523809524 0.1502808988764045
0 0.5416666666666666 0.18820224719101122 0.611904761904762 0.33707865168539325 0.65 0.31320224719101125 0.5821428571428572 0.16713483146067415
0 0.513095238095238 0.22893258426966293 0.5678571428571428 0.35252808988764045 0.6083333333333333 0.33707865168539325 0.5464285714285714 0.20646067415730338
0 0.4607142857142857 0.23174157303370788 0.5214285714285715 0.375 0.5619047619047619 0.3553370786516854 0.5 0.20926966292134833
0 0.4107142857142857 0.26685393258426965 0.46785714285714286 0.38764044943820225 0.5071428571428571 0.3693820224719101 0.4452380952380952 0.2401685393258427
0 0.3607142857142857 0.2851123595505618 0.4226190476190476 0.41151685393258425 0.46190476190476193 0.39185393258426965 0.3964285714285714 0.26264044943820225
0 0.32857142857142857 0.12921348314606743 0.37023809523809526 0.23735955056179775 0.4142857142857143 0.22331460674157302 0.36666666666666664 0.11376404494382023
0 0.23452380952380952 0.1446629213483146 0.09166666666666666 0.18398876404494383 0.10357142857142858 0.2401685393258427 0.24642857142857144 0.1952247191011236
0 0.24523809523809523 0.22752808988764045 0.09761904761904762 0.273876404494382 0.10833333333333334 0.33848314606741575 0.2630952380952381 0.28370786516853935
0 0.13333333333333333 0.35252808988764045 0.14642857142857144 0.4058988764044944 0.2726190476190476 0.35674157303370785 0.25595238095238093 0.3047752808988764
0 0.15119047619047618 0.40870786516853935 0.16904761904761906 0.4592696629213483 0.29404761904761906 0.40308988764044945 0.275 0.3595505617977528
0 0.17023809523809524 0.4592696629213483 0.1869047619047619 0.5140449438202247 0.31547619047619047 0.45646067415730335 0.29642857142857143 0.40870786516853935
0 0.18928571428571428 0.5154494382022472 0.2119047619047619 0.5646067415730337 0.33690476190476193 0.5042134831460674 0.31547619047619047 0.4606741573033708
0 0.2130952380952381 0.5660112359550562 0.23095238095238096 0.6165730337078652 0.35833333333333334 0.5547752808988764 0.33690476190476193 0.5056179775280899
0 0.23214285714285715 0.6165730337078652 0.2511904761904762 0.672752808988764 0.38095238095238093 0.6081460674157303 0.3619047619047619 0.5547752808988764
0 0.25833333333333336 0.6867977528089888 0.27976190476190477 0.7485955056179775 0.41309523809523807 0.6783707865168539 0.3892857142857143 0.6221910112359551
0 0.25952380952380955 0.7570224719101124 0.2785714285714286 0.8188202247191011 0.43214285714285716 0.7317415730337079 0.4119047619047619 0.6769662921348315
0 0.2916666666666667 0.7991573033707865 0.3119047619047619 0.8553370786516854 0.44761904761904764 0.7851123595505618 0.425 0.7359550561797753
0 0.44642857142857145 0.7865168539325843 0.4654761904761905 0.8384831460674157 0.32857142857142857 0.898876404494382 0.31547619047619047 0.8581460674157303
0 0.5523809523809524 0.5393258426966292 0.6357142857142857 0.7050561797752809 0.594047619047619 0.7331460674157303 0.5154761904761904 0.5716292134831461
0 0.6107142857142858 0.5407303370786517 0.6892857142857143 0.672752808988764 0.6523809523809524 0.7064606741573034 0.5738095238095238 0.5716292134831461
0 0.6654761904761904 0.5154494382022472 0.736904761904762 0.6460674157303371 0.7035714285714286 0.6741573033707865 0.6285714285714286 0.5449438202247191
0 0.7178571428571429 0.48314606741573035 0.7952380952380952 0.625 0.7523809523809524 0.6558988764044944 0.6785714285714286 0.5168539325842697
0 0.7535714285714286 0.4452247191011236 0.8416666666666667 0.5955056179775281 0.8035714285714286 0.6292134831460674 0.7166666666666667 0.4747191011235955
0 0.8297619047619048 0.42696629213483145 0.9 0.5491573033707865 0.8642857142857143 0.5828651685393258 0.7892857142857143 0.45224719101123595