0 0.6845238095238095 0.6292134831460674 0.5535714285714286 0.7008426966292135 0.5761904761904761 0.7485955056179775 0.7047619047619048 0.6811797752808989
0 0.675 0.5688202247191011 0.5273809523809524 0.6502808988764045 0.5511904761904762 0.6938202247191011 0.6976190476190476 0.6123595505617978
0 0.6488095238095238 0.5084269662921348 0.4988095238095238 0.5758426966292135 0.5261904761904762 0.6278089887640449 0.6714285714285714 0.547752808988764
0 0.625 0.45224719101123595 0.4880952380952381 0.523876404494382 0.5059523809523809 0.574438202247191 0.6464285714285715 0.5042134831460674
0 0.6 0.40308988764044945 0.4583333333333333 0.47331460674157305 0.48214285714285715 0.523876404494382 0.6226190476190476 0.44662921348314605
0 0.5738095238095238 0.35674157303370785 0.444047619047619 0.42134831460674155 0.45714285714285713 0.47331460674157305 0.5976190476190476 0.39747191011235955
0 0.55 0.30758426966292135 0.4142857142857143 0.38342696629213485 0.4357142857142857 0.42837078651685395 0.5738095238095238 0.3553370786516854
0 0.5297619047619048 0.2654494382022472 0.39404761904761904 0.33848314606741575 0.41785714285714287 0.3862359550561798 0.5511904761904762 0.3047752808988764
0 0.513095238095238 0.21629213483146068 0.3761904761904762 0.28370786516853935 0.40476190476190477 0.33286516853932585 0.5357142857142857 0.2598314606741573
0 0.4845238095238095 0.1699438202247191 0.3607142857142857 0.24297752808988765 0.3821428571428571 0.28370786516853935 0.5071428571428571 0.2148876404494382
0 0.48333333333333334 0.15870786516853932 0.3619047619047619 0.23876404494382023 0.33690476190476193 0.19803370786516855 0.4630952380952381 0.12219101123595505
0 0.3 0.675561797752809 0.16071428571428573 0.7443820224719101 0.18333333333333332 0.8019662921348315 0.3202380952380952 0.7289325842696629
0 0.2845238095238095 0.6081460674157303 0.1488095238095238 0.6769662921348315 0.16666666666666666 0.7359550561797753 0.30357142857142855 0.6699438202247191
0 0.26071428571428573 0.5632022471910112 0.12261904761904761 0.6221910112359551 0.14166666666666666 0.675561797752809 0.2761904761904762 0.6095505617977528
0 0.2369047619047619 0.5042134831460674 0.10952380952380952 0.5603932584269663 0.12261904761904761 0.6165730337078652 0.2571428571428571 0.5547752808988764
0 0.21071428571428572 0.44662921348314605 0.10595238095238095 0.4957865168539326 0.11428571428571428 0.5379213483146067 0.22142857142857142 0.48735955056179775
0 0.19642857142857142 0.38764044943820225 0.0988095238095238 0.43258426966292135 0.11071428571428571 0.47752808988764045 0.20952380952380953 0.43258426966292135
0 0.175 0.3398876404494382 0.07261904761904762 0.3862359550561798 0.0869047619047619 0.4241573033707865 0.19166666666666668 0.3792134831460674