1 0.1773809523809524 0.8679775280898876 0.18095238095238095 0.7668539325842697 0.14523809523809525 0.7668539325842697 0.14047619047619048 0.8721910112359551
1 0.18095238095238095 0.7247191011235955 0.18214285714285713 0.6165730337078652 0.14523809523809525 0.6151685393258427 0.14047619047619048 0.726123595505618
1 0.17976190476190476 0.547752808988764 0.18571428571428572 0.4606741573033708 0.15 0.46207865168539325 0.14523809523809525 0.5463483146067416
1 0.555952380952381 0.8455056179775281 0.5523809523809524 0.797752808988764 0.4511904761904762 0.8089887640449438 0.4523809523809524 0.851123595505618
1 0.5476190476190477 0.7879213483146067 0.55 0.7429775280898876 0.45476190476190476 0.7457865168539326 0.45595238095238094 0.7865168539325843
1 0.5333333333333333 0.6783707865168539 0.5297619047619048 0.6306179775280899 0.44285714285714284 0.6404494382022472 0.444047619047619 0.6811797752808989
1 0.5345238095238095 0.6235955056179775 0.5321428571428571 0.5800561797752809 0.4369047619047619 0.5884831460674157 0.44047619047619047 0.6348314606741573
1 0.5773809523809523 0.5702247191011236 0.5773809523809523 0.5252808988764045 0.4869047619047619 0.5351123595505618 0.48928571428571427 0.5800561797752809
1 0.5142857142857142 0.46348314606741575 0.513095238095238 0.425561797752809 0.4357142857142857 0.4339887640449438 0.4357142857142857 0.4789325842696629
1 0.5023809523809524 0.28792134831460675 0.4976190476190476 0.25702247191011235 0.425 0.26264044943820225 0.4261904761904762 0.29353932584269665
1 0.5023809523809524 0.3258426966292135 0.4988095238095238 0.2949438202247191 0.425 0.3047752808988764 0.42738095238095236 0.33286516853932585
1 0.6511904761904762 0.4396067415730337 0.6761904761904762 0.4297752808988764 0.6583333333333333 0.37640449438202245 0.6285714285714286 0.38764044943820225
1 0.6928571428571428 0.4705056179775281 0.7178571428571429 0.4592696629213483 0.7 0.37219101123595505 0.6702380952380952 0.37780898876404495
1 0.7380952380952381 0.44662921348314605 0.7666666666666667 0.4396067415730337 0.7476190476190476 0.3651685393258427 0.7178571428571429 0.3693820224719101
1 0.8535714285714285 0.42275280898876405 0.8809523809523809 0.4058988764044944 0.8464285714285714 0.33146067415730335 0.8166666666666667 0.34269662921348315
1 0.6761904761904762 0.6390449438202247 0.7428571428571429 0.6039325842696629 0.7285714285714285 0.5660112359550562 0.655952380952381 0.601123595505618
1 0.6333333333333333 0.7598314606741573 0.6654761904761904 0.7528089887640449 0.6547619047619048 0.6502808988764045 0.6226190476190476 0.6530898876404494
1 0.5761904761904761 0.7443820224719101 0.6083333333333333 0.7387640449438202 0.5964285714285714 0.6432584269662921 0.5654761904761905 0.6474719101123596
1 0.49404761904761907 0.24719101123595505 0.4928571428571429 0.21067415730337077 0.41785714285714287 0.21629213483146068 0.4154761904761905 0.25280898876404495
1 0.49047619047619045 0.2050561797752809 0.49047619047619045 0.16713483146067415 0.4154761904761905 0.16853932584269662 0.41309523809523807 0.20786516853932585
1 0.49404761904761907 0.1601123595505618 0.49404761904761907 0.13202247191011235 0.4142857142857143 0.13202247191011235 0.4142857142857143 0.16292134831460675