1 0.48214285714285715 0.8398876404494382 0.5523809523809524 0.8735955056179775 0.5785714285714286 0.8370786516853933 0.5059523809523809 0.7963483146067416
1 0.5202380952380953 0.7612359550561798 0.6 0.7865168539325843 0.5845238095238096 0.8286516853932584 0.5083333333333333 0.8061797752808989
1 0.5476190476190477 0.7120786516853933 0.6238095238095238 0.7457865168539326 0.6095238095238096 0.7851123595505618 0.5297619047619048 0.7598314606741573
1 0.555952380952381 0.699438202247191 0.6273809523809524 0.7331460674157303 0.6428571428571429 0.6980337078651685 0.575 0.6629213483146067
1 0.5833333333333334 0.6629213483146067 0.6571428571428571 0.699438202247191 0.6714285714285714 0.6643258426966292 0.6 0.625
1 0.6154761904761905 0.5955056179775281 0.6928571428571428 0.625 0.6773809523809524 0.6629213483146067 0.5988095238095238 0.6348314606741573
1 0.6309523809523809 0.5898876404494382 0.7071428571428572 0.6264044943820225 0.7238095238095238 0.5856741573033708 0.6476190476190476 0.5519662921348315
1 0.6630952380952381 0.5182584269662921 0.7321428571428571 0.5421348314606742 0.7226190476190476 0.5800561797752809 0.6488095238095238 0.5617977528089888
1 0.6857142857142857 0.48174157303370785 0.7547619047619047 0.5084269662921348 0.736904761904762 0.547752808988764 0.6630952380952381 0.523876404494382
1 0.705952380952381 0.44662921348314605 0.7761904761904762 0.47331460674157305 0.7607142857142857 0.5182584269662921 0.6892857142857143 0.48735955056179775
1 0.7285714285714285 0.42134831460674155 0.7178571428571429 0.4592696629213483 0.780952380952381 0.47752808988764045 0.7928571428571428 0.4410112359550562
1 0.7440476190476191 0.39325842696629215 0.7321428571428571 0.42696629213483145 0.8023809523809524 0.44662921348314605 0.8095238095238095 0.4143258426966292
1 0.7714285714285715 0.3707865168539326 0.7595238095238095 0.3946629213483146 0.8214285714285714 0.42275280898876405 0.830952380952381 0.39185393258426965
1 0.7738095238095238 0.33707865168539325 0.7642857142857142 0.36797752808988765 0.8297619047619048 0.3848314606741573 0.8369047619047619 0.35252808988764045
1 0.8571428571428571 0.32162921348314605 0.8535714285714285 0.35252808988764045 0.7857142857142857 0.3398876404494382 0.7988095238095239 0.30337078651685395
1 0.819047619047619 0.29213483146067415 0.8773809523809524 0.31179775280898875 0.8797619047619047 0.2808988764044944 0.8297619047619048 0.2598314606741573
1 0.7523809523809524 0.2654494382022472 0.7404761904761905 0.3258426966292135 0.7095238095238096 0.31741573033707865 0.7226190476190476 0.25842696629213485
1 0.6785714285714286 0.25842696629213485 0.6511904761904762 0.3089887640449438 0.6261904761904762 0.29775280898876405 0.6535714285714286 0.2443820224719101
1 0.6428571428571429 0.2443820224719101 0.6142857142857143 0.28651685393258425 0.5869047619047619 0.2710674157303371 0.6178571428571429 0.23314606741573032
1 0.5261904761904762 0.20084269662921347 0.5011904761904762 0.2443820224719101 0.4785714285714286 0.23314606741573032 0.5059523809523809 0.1896067415730337
1 0.42023809523809524 0.22331460674157302 0.3892857142857143 0.2654494382022472 0.3678571428571429 0.2556179775280899 0.39880952380952384 0.21348314606741572
1 0.4035714285714286 0.1502808988764045 0.36547619047619045 0.18820224719101122 0.3488095238095238 0.17134831460674158 0.38095238095238093 0.1348314606741573
1 0.6476190476190476 0.3061797752808989 0.6166666666666667 0.3497191011235955 0.5904761904761905 0.33848314606741575 0.6202380952380953 0.29353932584269665
1 0.6059523809523809 0.29775280898876405 0.5738095238095238 0.34269662921348315 0.5476190476190477 0.33146067415730335 0.5821428571428572 0.2808988764044944
1 0.5702380952380952 0.27668539325842695 0.5452380952380952 0.31741573033707865 0.5166666666666667 0.3047752808988764 0.544047619047619 0.2640449438202247
1 0.3726190476190476 0.13764044943820225 0.3404761904761905 0.16853932584269662 0.319047619047619 0.15870786516853932 0.3476190476190476 0.11235955056179775
1 0.29523809523809524 0.16713483146067415 0.26904761904761904 0.20224719101123595 0.24166666666666667 0.19101123595505617 0.2714285714285714 0.1502808988764045
1 0.2654761904761905 0.1502808988764045 0.2357142857142857 0.1952247191011236 0.21071428571428572 0.18117977528089887 0.24285714285714285 0.13623595505617977
1 0.19642857142857142 0.13904494382022473 0.16666666666666666 0.17134831460674158 0.14523809523809525 0.16151685393258428 0.175 0.11797752808988764
1 0.16904761904761906 0.28370786516853935 0.12023809523809524 0.3300561797752809 0.1 0.30337078651685395 0.1488095238095238 0.26685393258426965
1 0.16666666666666666 0.3356741573033708 0.11904761904761904 0.39185393258426965 0.10238095238095238 0.3637640449438202 0.1392857142857143 0.32162921348314605
1 0.2571428571428571 0.3904494382022472 0.22023809523809523 0.4508426966292135 0.19404761904761905 0.4339887640449438 0.23333333333333334 0.375
1 0.2988095238095238 0.4101123595505618 0.25357142857142856 0.4691011235955056 0.22857142857142856 0.44662921348314605 0.27380952380952384 0.3848314606741573
1 0.3357142857142857 0.425561797752809 0.2988095238095238 0.4887640449438202 0.2702380952380952 0.47331460674157305 0.30952380952380953 0.4101123595505618
1 0.42857142857142855 0.3946629213483146 0.3892857142857143 0.44241573033707865 0.3630952380952381 0.425561797752809 0.39880952380952384 0.37219101123595505
1 0.4666666666666667 0.41151685393258425 0.42738095238095236 0.46348314606741575 0.4 0.44803370786516855 0.4369047619047619 0.3946629213483146
1 0.5059523809523809 0.42696629213483145 0.4714285714285714 0.476123595505618 0.44285714285714284 0.46629213483146065 0.47619047619047616 0.41151685393258425
1 0.5476190476190477 0.44662921348314605 0.5154761904761904 0.49859550561797755 0.48214285714285715 0.48174157303370785 0.5202380952380953 0.42696629213483145
1 0.4988095238095238 0.5056179775280899 0.46190476190476193 0.5674157303370787 0.43452380952380953 0.5463483146067416 0.4714285714285714 0.4887640449438202
1 0.4607142857142857 0.4845505617977528 0.41904761904761906 0.550561797752809 0.3869047619047619 0.5294943820224719 0.43452380952380953 0.4648876404494382
1 0.4166666666666667 0.46629213483146065 0.37976190476190474 0.5280898876404494 0.35119047619047616 0.5112359550561798 0.39166666666666666 0.449438202247191
1 0.375 0.4508426966292135 0.3333333333333333 0.5154494382022472 0.305952380952381 0.49157303370786515 0.35 0.4311797752808989
1 0.3595238095238095 0.6839887640449438 0.32142857142857145 0.7514044943820225 0.2904761904761905 0.7303370786516854 0.32976190476190476 0.6657303370786517
1 0.3273809523809524 0.6573033707865169 0.275 0.7317415730337079 0.24642857142857144 0.7106741573033708 0.3 0.6334269662921348
1 0.2857142857142857 0.6306179775280899 0.24285714285714285 0.6867977528089888 0.21666666666666667 0.6657303370786517 0.2642857142857143 0.6109550561797753
1 0.24166666666666667 0.6039325842696629 0.19523809523809524 0.6671348314606742 0.16666666666666666 0.6460674157303371 0.21666666666666667 0.5814606741573034
1 0.1976190476190476 0.6025280898876404 0.1488095238095238 0.6573033707865169 0.12142857142857143 0.6292134831460674 0.17142857142857143 0.574438202247191
1 0.305952380952381 0.7612359550561798 0.25595238095238093 0.8342696629213483 0.22380952380952382 0.8103932584269663 0.2785714285714286 0.7387640449438202
1 0.2714285714285714 0.7345505617977528 0.21666666666666667 0.8033707865168539 0.1869047619047619 0.7823033707865169 0.24047619047619048 0.7078651685393258
1 0.2261904761904762 0.702247191011236 0.17142857142857143 0.7752808988764045 0.14285714285714285 0.7485955056179775 0.1988095238095238 0.675561797752809
1 0.18214285714285713 0.6811797752808989 0.13095238095238096 0.7429775280898876 0.10357142857142858 0.7148876404494382 0.1595238095238095 0.6615168539325843