3 0.2833333333333333 0.4410112359550562 0.30357142857142855 0.46629213483146065 0.2571428571428571 0.5154494382022472 0.2369047619047619 0.4887640449438202
3 0.2619047619047619 0.6446629213483146 0.31547619047619047 0.7008426966292135 0.29642857142857143 0.7289325842696629 0.24047619047619048 0.6657303370786517
4 0.3607142857142857 0.6896067415730337 0.40476190476190477 0.7373595505617978 0.3869047619047619 0.7598314606741573 0.34404761904761905 0.7078651685393258
1 0.1380952380952381 0.25842696629213485 0.15357142857142858 0.2752808988764045 0.11071428571428571 0.33707865168539325 0.09285714285714286 0.31320224719101125
1 0.1488095238095238 0.2949438202247191 0.17023809523809524 0.31179775280898875 0.1357142857142857 0.3693820224719101 0.11666666666666667 0.3539325842696629
1 0.1761904761904762 0.32162921348314605 0.19642857142857142 0.3398876404494382 0.15119047619047618 0.3946629213483146 0.1380952380952381 0.37219101123595505
1 0.2619047619047619 0.4058988764044944 0.27976190476190477 0.4199438202247191 0.24523809523809523 0.47331460674157305 0.225 0.4606741573033708
1 0.29285714285714287 0.5941011235955056 0.3273809523809524 0.6334269662921348 0.305952380952381 0.6573033707865169 0.2726190476190476 0.6095505617977528
1 0.2011904761904762 0.5786516853932584 0.24523809523809523 0.6334269662921348 0.2261904761904762 0.6558988764044944 0.18214285714285713 0.601123595505618
1 0.1761904761904762 0.6235955056179775 0.2226190476190476 0.6741573033707865 0.20357142857142857 0.6966292134831461 0.15595238095238095 0.6432584269662921
1 0.2392857142857143 0.6924157303370787 0.28809523809523807 0.75 0.2726190476190476 0.776685393258427 0.21785714285714286 0.7162921348314607
1 0.20595238095238094 0.7429775280898876 0.25476190476190474 0.7935393258426966 0.23809523809523808 0.8188202247191011 0.19047619047619047 0.7668539325842697
1 0.2857142857142857 0.8188202247191011 0.32261904761904764 0.8651685393258427 0.305952380952381 0.8820224719101124 0.2642857142857143 0.8370786516853933
1 0.5595238095238095 0.8188202247191011 0.5595238095238095 0.8764044943820225 0.5345238095238095 0.8778089887640449 0.5357142857142857 0.8188202247191011
1 0.5321428571428571 0.824438202247191 0.5297619047619048 0.8834269662921348 0.5035714285714286 0.8834269662921348 0.5035714285714286 0.8258426966292135
1 0.38333333333333336 0.6502808988764045 0.4107142857142857 0.6544943820224719 0.4 0.7176966292134831 0.3726190476190476 0.7064606741573034
1 0.830952380952381 0.776685393258427 0.8642857142857143 0.7837078651685393 0.8571428571428571 0.8595505617977528 0.8261904761904761 0.8539325842696629
1 0.32142857142857145 0.75 0.3726190476190476 0.7991573033707865 0.3869047619047619 0.773876404494382 0.3392857142857143 0.7247191011235955