1 0.1880952380952381 0.29353932584269665 0.24523809523809523 0.29634831460674155 0.25 0.2710674157303371 0.19404761904761905 0.26264044943820225
1 0.34285714285714286 0.21629213483146068 0.39166666666666666 0.21629213483146068 0.39285714285714285 0.1896067415730337 0.34523809523809523 0.1853932584269663
1 0.12857142857142856 0.42275280898876405 0.15119047619047618 0.4803370786516854 0.1761904761904762 0.46769662921348315 0.15119047619047618 0.41292134831460675
1 0.16904761904761906 0.41853932584269665 0.19285714285714287 0.46629213483146065 0.21071428571428572 0.45786516853932585 0.19047619047619047 0.40308988764044945
1 0.19404761904761905 0.39325842696629215 0.21785714285714286 0.44662921348314605 0.23809523809523808 0.43820224719101125 0.21071428571428572 0.38202247191011235
1 0.22380952380952382 0.37780898876404495 0.24761904761904763 0.4311797752808989 0.26785714285714285 0.42275280898876405 0.24047619047619048 0.36657303370786515
1 0.29642857142857143 0.3356741573033708 0.325 0.38342696629213485 0.34404761904761905 0.3707865168539326 0.31666666666666665 0.32162921348314605
1 0.3261904761904762 0.3202247191011236 0.3547619047619048 0.36797752808988765 0.3738095238095238 0.3553370786516854 0.3464285714285714 0.3061797752808989
1 0.35 0.300561797752809 0.37857142857142856 0.34831460674157305 0.3976190476190476 0.3356741573033708 0.37023809523809526 0.28651685393258425
1 0.41785714285714287 0.26825842696629215 0.44642857142857145 0.3160112359550562 0.4654761904761905 0.30337078651685395 0.4380952380952381 0.2542134831460674
1 0.44047619047619047 0.24859550561797752 0.46904761904761905 0.29634831460674155 0.4880952380952381 0.28370786516853935 0.4607142857142857 0.2345505617977528
1 0.4714285714285714 0.23174157303370788 0.5 0.2794943820224719 0.5190476190476191 0.26685393258426965 0.49166666666666664 0.21769662921348315
1 0.49523809523809526 0.21348314606741572 0.5238095238095238 0.2612359550561798 0.5428571428571428 0.24859550561797752 0.5154761904761904 0.199438202247191
1 0.5214285714285715 0.1952247191011236 0.55 0.24297752808988765 0.569047619047619 0.2303370786516854 0.5416666666666666 0.18117977528089887
1 0.5738095238095238 0.15870786516853932 0.5964285714285714 0.21769662921348315 0.6166666666666667 0.20646067415730338 0.5928571428571429 0.14747191011235955
1 0.6023809523809524 0.13764044943820225 0.625 0.19662921348314608 0.6452380952380953 0.1853932584269663 0.6214285714285714 0.12640449438202248
1 0.6297619047619047 0.11938202247191011 0.6523809523809524 0.17837078651685392 0.6726190476190477 0.16713483146067415 0.6488095238095238 0.10814606741573034
1 0.10952380952380952 0.5926966292134831 0.14047619047619048 0.648876404494382 0.16547619047619047 0.6264044943820225 0.13214285714285715 0.5688202247191011
1 0.1595238095238095 0.6685393258426966 0.19047619047619047 0.7247191011235955 0.2154761904761905 0.702247191011236 0.18214285714285713 0.6446629213483146
1 0.4119047619047619 0.827247191011236 0.4380952380952381 0.8792134831460674 0.4595238095238095 0.8665730337078652 0.43333333333333335 0.8132022471910112
1 0.47023809523809523 0.7963483146067416 0.49166666666666664 0.8609550561797753 0.5202380952380953 0.851123595505618 0.49166666666666664 0.7823033707865169
1 0.5047619047619047 0.7823033707865169 0.5261904761904762 0.8314606741573034 0.5535714285714286 0.8146067415730337 0.5285714285714286 0.7626404494382022
1 0.5285714285714286 0.7570224719101124 0.5630952380952381 0.8047752808988764 0.5797619047619048 0.7893258426966292 0.5488095238095239 0.7387640449438202
1 0.5595238095238095 0.7331460674157303 0.5904761904761905 0.7893258426966292 0.6130952380952381 0.7752808988764045 0.5821428571428572 0.7120786516853933
1 0.5904761904761905 0.7134831460674157 0.625 0.773876404494382 0.6452380952380953 0.7542134831460674 0.6107142857142858 0.6952247191011236
1 0.6130952380952381 0.6839887640449438 0.6476190476190476 0.7443820224719101 0.6678571428571428 0.7247191011235955 0.6333333333333333 0.6657303370786517
1 0.6428571428571429 0.672752808988764 0.6773809523809524 0.7331460674157303 0.6976190476190476 0.7134831460674157 0.6630952380952381 0.6544943820224719
1 0.6702380952380952 0.6530898876404494 0.7047619047619048 0.7134831460674157 0.725 0.6938202247191011 0.6904761904761905 0.6348314606741573
1 0.6916666666666667 0.6264044943820225 0.7261904761904762 0.6867977528089888 0.7464285714285714 0.6671348314606742 0.7119047619047619 0.6081460674157303
1 0.7285714285714285 0.6207865168539326 0.7654761904761904 0.6671348314606742 0.780952380952381 0.6460674157303371 0.7440476190476191 0.598314606741573
1 0.780952380952381 0.5800561797752809 0.8119047619047619 0.6404494382022472 0.8345238095238096 0.6264044943820225 0.8083333333333333 0.5688202247191011
1 0.819047619047619 0.5603932584269663 0.8583333333333333 0.6123595505617978 0.8761904761904762 0.5926966292134831 0.8416666666666667 0.5421348314606742
1 0.8464285714285714 0.5435393258426966 0.8857142857142857 0.5800561797752809 0.9011904761904762 0.5589887640449438 0.8583333333333333 0.5210674157303371