1 0.4011904761904762 0.598314606741573 0.4297619047619048 0.6221910112359551 0.375 0.6938202247191011 0.34285714285714286 0.6629213483146067
1 0.1880952380952381 0.5407303370786517 0.18095238095238095 0.5702247191011236 0.2511904761904762 0.5814606741573034 0.2571428571428571 0.5421348314606742
1 0.1761904761904762 0.5716292134831461 0.1630952380952381 0.5997191011235955 0.24404761904761904 0.6207865168539326 0.25357142857142856 0.5814606741573034
1 0.14285714285714285 0.6882022471910112 0.1619047619047619 0.7205056179775281 0.23095238095238096 0.6924157303370787 0.2154761904761905 0.6573033707865169
1 0.22738095238095238 0.3806179775280899 0.22142857142857142 0.41853932584269665 0.3047619047619048 0.42275280898876405 0.30952380952380953 0.3848314606741573
1 0.2357142857142857 0.34831460674157305 0.2261904761904762 0.375 0.3107142857142857 0.3806179775280899 0.3130952380952381 0.34691011235955055
1 0.2523809523809524 0.27808988764044945 0.24523809523809523 0.30758426966292135 0.30357142857142855 0.31320224719101125 0.3047619047619048 0.2696629213483146
1 0.24642857142857144 0.23174157303370788 0.24166666666666667 0.26685393258426965 0.30714285714285716 0.26685393258426965 0.31547619047619047 0.2401685393258427
1 0.3964285714285714 0.20365168539325842 0.42023809523809524 0.20084269662921347 0.41785714285714287 0.2598314606741573 0.3904761904761905 0.2542134831460674
1 0.44166666666666665 0.20786516853932585 0.4666666666666667 0.20786516853932585 0.46190476190476193 0.2598314606741573 0.4357142857142857 0.25280898876404495
1 0.4797619047619048 0.20224719101123595 0.5071428571428571 0.20786516853932585 0.5011904761904762 0.2640449438202247 0.4738095238095238 0.2556179775280899
1 0.5904761904761905 0.199438202247191 0.6142857142857143 0.20084269662921347 0.6107142857142858 0.24719101123595505 0.5821428571428572 0.24719101123595505
1 0.6964285714285714 0.17134831460674158 0.7226190476190476 0.1699438202247191 0.7238095238095238 0.2205056179775281 0.6988095238095238 0.21910112359550563
1 0.5630952380952381 0.125 0.5595238095238095 0.17275280898876405 0.5845238095238096 0.17415730337078653 0.5857142857142857 0.12219101123595505
3 0.45357142857142857 0.3609550561797753 0.45357142857142857 0.41292134831460675 0.655952380952381 0.4044943820224719 0.6523809523809524 0.35814606741573035
3 0.44761904761904764 0.4101123595505618 0.4452380952380952 0.45365168539325845 0.6547619047619048 0.4508426966292135 0.655952380952381 0.4058988764044944
3 0.4511904761904762 0.4508426966292135 0.4488095238095238 0.5042134831460674 0.6642857142857143 0.5098314606741573 0.6630952380952381 0.4550561797752809
3 0.45 0.5028089887640449 0.44166666666666665 0.5547752808988764 0.6678571428571428 0.5547752808988764 0.6702380952380952 0.5070224719101124
3 0.444047619047619 0.5547752808988764 0.4392857142857143 0.6053370786516854 0.669047619047619 0.6095505617977528 0.6714285714285714 0.547752808988764
3 0.4392857142857143 0.6067415730337079 0.43214285714285716 0.675561797752809 0.6678571428571428 0.6952247191011236 0.6702380952380952 0.6165730337078652