2 0.4726190476190476 0.07443820224719101 0.47023809523809523 0.22893258426966293 0.513095238095238 0.2205056179775281 0.5178571428571429 0.07162921348314606
2 0.4857142857142857 0.33707865168539325 0.48928571428571427 0.5196629213483146 0.530952380952381 0.5182584269662921 0.5261904761904762 0.3342696629213483
2 0.49047619047619045 0.5393258426966292 0.5011904761904762 0.7359550561797753 0.5488095238095239 0.7345505617977528 0.5488095238095239 0.5252808988764045
2 0.5095238095238095 0.7471910112359551 0.5142857142857142 0.875 0.5678571428571428 0.8735955056179775 0.5547619047619048 0.7373595505617978
1 0.6761904761904762 0.7612359550561798 0.6833333333333333 0.800561797752809 0.7404761904761905 0.7837078651685393 0.7321428571428571 0.75
1 0.611904761904762 0.6629213483146067 0.6166666666666667 0.723314606741573 0.6440476190476191 0.7162921348314607 0.6392857142857142 0.6544943820224719
1 0.6059523809523809 0.5941011235955056 0.6095238095238096 0.6502808988764045 0.6333333333333333 0.648876404494382 0.6297619047619047 0.5955056179775281
1 0.6 0.5351123595505618 0.6035714285714285 0.5842696629213483 0.6345238095238095 0.5758426966292135 0.6238095238095238 0.5308988764044944
1 0.5952380952380952 0.4691011235955056 0.5964285714285714 0.5182584269662921 0.6226190476190476 0.5126404494382022 0.6190476190476191 0.46629213483146065
1 0.5464285714285714 0.4044943820224719 0.55 0.449438202247191 0.5702380952380952 0.45224719101123595 0.5678571428571428 0.40730337078651685
1 0.5845238095238096 0.4157303370786517 0.5880952380952381 0.46207865168539325 0.611904761904762 0.4592696629213483 0.6083333333333333 0.41292134831460675
1 0.6083333333333333 0.32303370786516855 0.6047619047619047 0.3651685393258427 0.6285714285714286 0.36235955056179775 0.6297619047619047 0.31741573033707865
1 0.6071428571428571 0.28651685393258425 0.6130952380952381 0.30758426966292135 0.6535714285714286 0.30196629213483145 0.6523809523809524 0.28230337078651685
1 0.5916666666666667 0.19382022471910113 0.5880952380952381 0.22191011235955055 0.6309523809523809 0.22893258426966293 0.6321428571428571 0.20224719101123595
1 0.5571428571428572 0.1544943820224719 0.5607142857142857 0.19662921348314608 0.5869047619047619 0.1853932584269663 0.580952380952381 0.1544943820224719
0 0.5666666666666667 0.2598314606741573 0.5511904761904762 0.3300561797752809 0.5761904761904761 0.3356741573033708 0.5952380952380952 0.26685393258426965