1 0.32976190476190476 0.3539325842696629 0.3130952380952381 0.38342696629213485 0.39404761904761904 0.4396067415730337 0.4107142857142857 0.40308988764044945
1 0.42023809523809524 0.40168539325842695 0.4011904761904762 0.43820224719101125 0.4880952380952381 0.49297752808988765 0.5083333333333333 0.45646067415730335
1 0.31666666666666665 0.16432584269662923 0.29642857142857143 0.20224719101123595 0.36547619047619045 0.24719101123595505 0.39285714285714285 0.21629213483146068
1 0.4297619047619048 0.21348314606741572 0.40714285714285714 0.25702247191011235 0.48928571428571427 0.3061797752808989 0.5142857142857142 0.2654494382022472
1 0.6071428571428571 0.3300561797752809 0.5880952380952381 0.3609550561797753 0.6678571428571428 0.4157303370786517 0.6904761904761905 0.375
1 0.5297619047619048 0.476123595505618 0.5142857142857142 0.5126404494382022 0.5988095238095238 0.5702247191011236 0.6166666666666667 0.5294943820224719
1 0.6273809523809524 0.5337078651685393 0.6071428571428571 0.5716292134831461 0.7035714285714286 0.6348314606741573 0.7261904761904762 0.5884831460674157
1 0.26904761904761904 0.6657303370786517 0.1988095238095238 0.7724719101123596 0.24047619047619048 0.8033707865168539 0.305952380952381 0.6924157303370787
1 0.19642857142857142 0.7879213483146067 0.13690476190476192 0.8848314606741573 0.16904761904761906 0.9087078651685393 0.23214285714285715 0.8103932584269663
1 0.319047619047619 0.6966292134831461 0.25595238095238093 0.7935393258426966 0.29523809523809524 0.8258426966292135 0.3595238095238095 0.7191011235955056
1 0.36904761904761907 0.7387640449438202 0.305952380952381 0.8412921348314607 0.34285714285714286 0.8707865168539326 0.4035714285714286 0.7696629213483146
1 0.4154761904761905 0.7794943820224719 0.36666666666666664 0.8735955056179775 0.4 0.8946629213483146 0.45476190476190476 0.8019662921348315
1 0.4714285714285714 0.8103932584269663 0.4261904761904762 0.8974719101123596 0.4642857142857143 0.922752808988764 0.5083333333333333 0.8286516853932584
1 0.5797619047619048 0.7162921348314607 0.525 0.8286516853932584 0.569047619047619 0.8539325842696629 0.6130952380952381 0.7359550561797753
1 0.6309523809523809 0.7471910112359551 0.5833333333333334 0.8525280898876404 0.6226190476190476 0.8693820224719101 0.6702380952380952 0.7696629213483146
1 0.2523809523809524 0.8103932584269663 0.2 0.8960674157303371 0.2369047619047619 0.922752808988764 0.2916666666666667 0.8384831460674157