1 0.8273809523809523 0.36235955056179775 0.8321428571428572 0.4648876404494382 0.8761904761904762 0.46769662921348315 0.8714285714285714 0.3595505617977528
1 0.7619047619047619 0.35814606741573035 0.7654761904761904 0.46769662921348315 0.8130952380952381 0.4648876404494382 0.8119047619047619 0.3553370786516854
1 0.7107142857142857 0.36657303370786515 0.7083333333333334 0.4648876404494382 0.75 0.46207865168539325 0.7464285714285714 0.36657303370786515
1 0.6523809523809524 0.3553370786516854 0.6523809523809524 0.4691011235955056 0.6976190476190476 0.4705056179775281 0.6928571428571428 0.3553370786516854
1 0.5821428571428572 0.36235955056179775 0.5952380952380952 0.46348314606741575 0.6416666666666667 0.45224719101123595 0.6214285714285714 0.351123595505618
1 0.5238095238095238 0.3693820224719101 0.5345238095238095 0.4789325842696629 0.5702380952380952 0.4705056179775281 0.5595238095238095 0.3609550561797753
1 0.4654761904761905 0.36657303370786515 0.4654761904761905 0.47191011235955055 0.5071428571428571 0.47191011235955055 0.5071428571428571 0.3595505617977528
1 0.40476190476190477 0.3651685393258427 0.41309523809523807 0.4705056179775281 0.4523809523809524 0.46207865168539325 0.44166666666666665 0.3609550561797753
1 0.34404761904761905 0.36657303370786515 0.3404761904761905 0.46769662921348315 0.375 0.46629213483146065 0.38095238095238093 0.36657303370786515
1 0.2976190476190476 0.3792134831460674 0.29404761904761906 0.46629213483146065 0.32857142857142857 0.46769662921348315 0.33095238095238094 0.37780898876404495
1 0.22738095238095238 0.3707865168539326 0.22976190476190475 0.4789325842696629 0.2761904761904762 0.47752808988764045 0.26785714285714285 0.36797752808988765
1 0.17023809523809524 0.3637640449438202 0.16547619047619047 0.47331460674157305 0.20357142857142857 0.4747191011235955 0.20952380952380953 0.3609550561797753
1 0.1488095238095238 0.375 0.14285714285714285 0.4789325842696629 0.10119047619047619 0.4789325842696629 0.10952380952380952 0.37219101123595505