3 0.15714285714285714 0.21348314606741572 0.15119047619047618 0.2345505617977528 0.21785714285714286 0.2612359550561798 0.225 0.24297752808988765
3 0.16428571428571428 0.2808988764044944 0.175 0.25842696629213485 0.23214285714285715 0.28792134831460675 0.22023809523809523 0.3103932584269663
3 0.17023809523809524 0.32724719101123595 0.18095238095238095 0.30337078651685395 0.2392857142857143 0.3356741573033708 0.2261904761904762 0.35814606741573035
3 0.15476190476190477 0.3693820224719101 0.16666666666666666 0.34269662921348315 0.225 0.3693820224719101 0.2154761904761905 0.39325842696629215
3 0.15 0.41853932584269665 0.1619047619047619 0.3904494382022472 0.22738095238095238 0.4058988764044944 0.21904761904761905 0.44241573033707865
3 0.16071428571428573 0.4311797752808989 0.15 0.45646067415730335 0.20952380952380953 0.48314606741573035 0.22142857142857142 0.45646067415730335
3 0.15714285714285714 0.5688202247191011 0.14761904761904762 0.5941011235955056 0.2119047619047619 0.6193820224719101 0.225 0.5898876404494382
3 0.1523809523809524 0.6193820224719101 0.14404761904761904 0.6460674157303371 0.21428571428571427 0.6671348314606742 0.22142857142857142 0.6362359550561798
3 0.15 0.6671348314606742 0.14166666666666666 0.6896067415730337 0.20595238095238094 0.7134831460674157 0.21785714285714286 0.6853932584269663
3 0.16428571428571428 0.7682584269662921 0.15714285714285714 0.7879213483146067 0.22142857142857142 0.8160112359550562 0.23214285714285715 0.7921348314606742
3 0.15714285714285714 0.8216292134831461 0.15357142857142858 0.848314606741573 0.21904761904761905 0.8637640449438202 0.22738095238095238 0.8356741573033708
3 0.5785714285714286 0.18398876404494383 0.5892857142857143 0.25280898876404495 0.6142857142857143 0.24578651685393257 0.6023809523809524 0.17837078651685392
3 0.5857142857142857 0.3061797752808989 0.5904761904761905 0.3792134831460674 0.6166666666666667 0.3792134831460674 0.6130952380952381 0.30337078651685395
3 0.6797619047619048 0.3441011235955056 0.6797619047619048 0.3707865168539326 0.7452380952380953 0.3707865168539326 0.7428571428571429 0.3441011235955056
3 0.7464285714285714 0.34269662921348315 0.7511904761904762 0.36797752808988765 0.8154761904761905 0.36657303370786515 0.8142857142857143 0.33848314606741575
3 0.6 0.5168539325842697 0.6023809523809524 0.5955056179775281 0.6273809523809524 0.5941011235955056 0.6238095238095238 0.5154494382022472
3 0.6059523809523809 0.601123595505618 0.6059523809523809 0.675561797752809 0.6333333333333333 0.672752808988764 0.6333333333333333 0.601123595505618
3 0.680952380952381 0.4648876404494382 0.6880952380952381 0.4859550561797753 0.7547619047619047 0.46348314606741575 0.7440476190476191 0.4353932584269663
3 0.6952380952380952 0.5 0.7 0.523876404494382 0.7571428571428571 0.5014044943820225 0.7523809523809524 0.4747191011235955
3 0.6892857142857143 0.547752808988764 0.694047619047619 0.5674157303370787 0.7559523809523809 0.5463483146067416 0.7488095238095238 0.5168539325842697
3 0.6988095238095238 0.5926966292134831 0.7083333333333334 0.6151685393258427 0.7595238095238095 0.5870786516853933 0.7511904761904762 0.5617977528089888
3 0.7011904761904761 0.6896067415730337 0.7107142857142857 0.7134831460674157 0.7690476190476191 0.6741573033707865 0.7547619047619047 0.6474719101123596
3 0.7119047619047619 0.7331460674157303 0.7202380952380952 0.7528089887640449 0.7738095238095238 0.7162921348314607 0.763095238095238 0.6924157303370787
3 0.6988095238095238 0.7837078651685393 0.7119047619047619 0.8117977528089888 0.7785714285714286 0.7780898876404494 0.7666666666666667 0.7443820224719101
3 0.7047619047619048 0.8286516853932584 0.7178571428571429 0.8609550561797753 0.7833333333333333 0.8286516853932584 0.7726190476190476 0.7963483146067416
3 0.6035714285714285 0.7626404494382022 0.6059523809523809 0.8286516853932584 0.6357142857142857 0.8258426966292135 0.6321428571428571 0.7598314606741573