1 0.5892857142857143 0.13623595505617977 0.5857142857142857 0.17837078651685392 0.7071428571428572 0.1952247191011236 0.7107142857142857 0.1502808988764045
1 0.4226190476190476 0.3202247191011236 0.4297619047619048 0.4438202247191011 0.4714285714285714 0.4339887640449438 0.4714285714285714 0.3146067415730337
1 0.3904761904761905 0.32724719101123595 0.39285714285714285 0.4438202247191011 0.3547619047619048 0.4452247191011236 0.35119047619047616 0.32724719101123595
1 0.3130952380952381 0.3609550561797753 0.33214285714285713 0.47331460674157305 0.29642857142857143 0.4845505617977528 0.2761904761904762 0.375
1 0.45476190476190476 0.6882022471910112 0.4797619047619048 0.7991573033707865 0.5214285714285715 0.7837078651685393 0.5035714285714286 0.672752808988764
1 0.37023809523809526 0.7879213483146067 0.37857142857142856 0.8932584269662921 0.3416666666666667 0.901685393258427 0.325 0.8033707865168539
0 0.5785714285714286 0.3890449438202247 0.6345238095238095 0.38202247191011235 0.6630952380952381 0.6502808988764045 0.6166666666666667 0.6601123595505618
0 0.6654761904761904 0.3356741573033708 0.6928571428571428 0.6025280898876404 0.7416666666666667 0.5926966292134831 0.7154761904761905 0.3258426966292135
0 0.7440476190476191 0.3188202247191011 0.775 0.598314606741573 0.8416666666666667 0.5856741573033708 0.8011904761904762 0.30758426966292135
0 0.8297619047619048 0.32162921348314605 0.861904761904762 0.6081460674157303 0.9095238095238095 0.5898876404494382 0.8845238095238095 0.3160112359550562
0 0.6916666666666667 0.6348314606741573 0.7321428571428571 0.8806179775280899 0.7880952380952381 0.8679775280898876 0.7488095238095238 0.625