3 0.3273809523809524 0.1797752808988764 0.33690476190476193 0.25702247191011235 0.3607142857142857 0.25140449438202245 0.3488095238095238 0.175561797752809
1 0.3416666666666667 0.2640449438202247 0.3333333333333333 0.32724719101123595 0.35595238095238096 0.33146067415730335 0.36666666666666664 0.2654494382022472
4 0.2130952380952381 0.2710674157303371 0.20595238095238094 0.33707865168539325 0.2261904761904762 0.33848314606741575 0.2357142857142857 0.273876404494382
1 0.4607142857142857 0.28651685393258425 0.42023809523809524 0.34129213483146065 0.43333333333333335 0.3553370786516854 0.475 0.3047752808988764
1 0.49642857142857144 0.28792134831460675 0.4630952380952381 0.33286516853932585 0.47619047619047616 0.3497191011235955 0.5166666666666667 0.3047752808988764
1 0.5535714285714286 0.28370786516853935 0.5178571428571429 0.33707865168539325 0.5404761904761904 0.3539325842696629 0.5773809523809523 0.29775280898876405
1 0.6130952380952381 0.27808988764044945 0.5773809523809523 0.33848314606741575 0.6011904761904762 0.35674157303370785 0.6404761904761904 0.29353932584269665
1 0.6654761904761904 0.27668539325842695 0.6392857142857142 0.3300561797752809 0.6583333333333333 0.3441011235955056 0.6845238095238095 0.28792134831460675
1 0.6988095238095238 0.27668539325842695 0.6702380952380952 0.33848314606741575 0.6916666666666667 0.3497191011235955 0.7214285714285714 0.2907303370786517
1 0.7464285714285714 0.27247191011235955 0.7119047619047619 0.33286516853932585 0.7309523809523809 0.34691011235955055 0.7654761904761904 0.2907303370786517
1 0.8 0.2654494382022472 0.7607142857142857 0.324438202247191 0.7833333333333333 0.3398876404494382 0.8178571428571428 0.28230337078651685
1 0.8416666666666667 0.2710674157303371 0.8083333333333333 0.32162921348314605 0.8333333333333334 0.34129213483146065 0.8630952380952381 0.28792134831460675
1 0.44047619047619047 0.7963483146067416 0.5142857142857142 0.7963483146067416 0.513095238095238 0.827247191011236 0.4392857142857143 0.827247191011236
1 0.5178571428571429 0.8426966292134831 0.5369047619047619 0.8665730337078652 0.594047619047619 0.8089887640449438 0.575 0.7851123595505618
1 0.5654761904761905 0.8412921348314607 0.5880952380952381 0.8651685393258427 0.6392857142857142 0.8033707865168539 0.6154761904761905 0.7808988764044944
1 0.6309523809523809 0.8455056179775281 0.6583333333333333 0.8609550561797753 0.6988095238095238 0.7907303370786517 0.6702380952380952 0.7710674157303371
1 0.6797619047619048 0.8384831460674157 0.705952380952381 0.8595505617977528 0.7464285714285714 0.7935393258426966 0.7202380952380952 0.7752808988764045
1 0.7357142857142858 0.8384831460674157 0.7547619047619047 0.8553370786516854 0.7976190476190477 0.7991573033707865 0.775 0.7823033707865169
3 0.7964285714285714 0.8497191011235955 0.8226190476190476 0.8637640449438202 0.8607142857142858 0.7879213483146067 0.8369047619047619 0.7724719101123596
1 0.3404761904761905 0.41713483146067415 0.3404761904761905 0.49297752808988765 0.36547619047619045 0.49297752808988765 0.36547619047619045 0.41713483146067415
1 0.3476190476190476 0.5070224719101124 0.3488095238095238 0.5856741573033708 0.37976190476190474 0.5856741573033708 0.3761904761904762 0.5056179775280899
1 0.3476190476190476 0.6151685393258427 0.3488095238095238 0.6811797752808989 0.375 0.6811797752808989 0.37142857142857144 0.6137640449438202