1 0.12857142857142856 0.3188202247191011 0.11666666666666667 0.41713483146067415 0.14642857142857144 0.4199438202247191 0.15714285714285714 0.32162921348314605
2 0.16785714285714284 0.175561797752809 0.16547619047619047 0.5856741573033708 0.22023809523809523 0.5856741573033708 0.23452380952380952 0.17415730337078653
2 0.48214285714285715 0.4353932584269663 0.5404761904761904 0.4438202247191011 0.5523809523809524 0.12921348314606743 0.49642857142857144 0.12640449438202248
2 0.14523809523809525 0.648876404494382 0.125 0.9044943820224719 0.1869047619047619 0.9087078651685393 0.21071428571428572 0.6530898876404494
3 0.4928571428571429 0.5688202247191011 0.4785714285714286 0.8848314606741573 0.5369047619047619 0.8862359550561798 0.5380952380952381 0.5758426966292135
3 0.4226190476190476 0.7176966292134831 0.4095238095238095 0.9297752808988764 0.46190476190476193 0.9311797752808989 0.475 0.7162921348314607
3 0.6571428571428571 0.125 0.680952380952381 0.4606741573033708 0.7357142857142858 0.46207865168539325 0.7107142857142857 0.12780898876404495
3 0.6892857142857143 0.5716292134831461 0.7 0.8946629213483146 0.7559523809523809 0.8946629213483146 0.7416666666666667 0.5730337078651685
3 0.7678571428571429 0.5589887640449438 0.7821428571428571 0.901685393258427 0.8416666666666667 0.898876404494382 0.8214285714285714 0.5575842696629213
3 0.8488095238095238 0.5280898876404494 0.861904761904762 0.8918539325842697 0.9071428571428571 0.8890449438202247 0.8940476190476191 0.5294943820224719
3 0.7261904761904762 0.12780898876404495 0.7464285714285714 0.4199438202247191 0.8035714285714286 0.4157303370786517 0.7821428571428571 0.12921348314606743