1 0.6869047619047619 0.14325842696629212 0.6607142857142857 0.14887640449438203 0.6833333333333333 0.21348314606741572 0.7047619047619048 0.2050561797752809
1 0.2357142857142857 0.19382022471910113 0.2119047619047619 0.19382022471910113 0.21428571428571427 0.2654494382022472 0.24166666666666667 0.2640449438202247
1 0.4297619047619048 0.47191011235955055 0.40595238095238095 0.46769662921348315 0.39166666666666666 0.5449438202247191 0.4166666666666667 0.5463483146067416
1 0.5964285714285714 0.39325842696629215 0.5428571428571428 0.3792134831460674 0.5345238095238095 0.41151685393258425 0.5904761904761905 0.42696629213483145
1 0.5892857142857143 0.43820224719101125 0.530952380952381 0.4199438202247191 0.5226190476190476 0.45224719101123595 0.5857142857142857 0.46769662921348315
1 0.5797619047619048 0.4803370786516854 0.5214285714285715 0.46207865168539325 0.513095238095238 0.4943820224719101 0.5761904761904761 0.5098314606741573
1 0.5714285714285714 0.5210674157303371 0.513095238095238 0.5028089887640449 0.5047619047619047 0.5351123595505618 0.5678571428571428 0.550561797752809
1 0.5595238095238095 0.5632022471910112 0.49523809523809526 0.5463483146067416 0.48928571428571427 0.5758426966292135 0.5547619047619048 0.5997191011235955
1 0.5488095238095239 0.6081460674157303 0.4869047619047619 0.5898876404494382 0.48095238095238096 0.6193820224719101 0.5428571428571428 0.6390449438202247
1 0.5392857142857143 0.6502808988764045 0.4773809523809524 0.6320224719101124 0.4714285714285714 0.6615168539325843 0.5333333333333333 0.6811797752808989
1 0.5297619047619048 0.6952247191011236 0.4714285714285714 0.6783707865168539 0.4654761904761905 0.7078651685393258 0.5214285714285715 0.7289325842696629
1 0.5190476190476191 0.7373595505617978 0.4523809523809524 0.7176966292134831 0.44642857142857145 0.7471910112359551 0.513095238095238 0.7710674157303371
1 0.5011904761904762 0.7837078651685393 0.44285714285714284 0.7640449438202247 0.4369047619047619 0.7935393258426966 0.4976190476190476 0.8103932584269663
1 0.49166666666666664 0.8300561797752809 0.42857142857142855 0.8089887640449438 0.425 0.8412921348314607 0.4845238095238095 0.8609550561797753
1 0.5678571428571428 0.8061797752808989 0.5178571428571429 0.7893258426966292 0.5119047619047619 0.8230337078651685 0.5619047619047619 0.8356741573033708
1 0.594047619047619 0.7682584269662921 0.5369047619047619 0.7485955056179775 0.530952380952381 0.7823033707865169 0.5857142857142857 0.8019662921348315
1 0.6047619047619047 0.723314606741573 0.5476190476190477 0.7036516853932584 0.5416666666666666 0.7373595505617978 0.5964285714285714 0.7570224719101124
1 0.6166666666666667 0.6853932584269663 0.5595238095238095 0.6657303370786517 0.5535714285714286 0.699438202247191 0.6083333333333333 0.7191011235955056
1 0.6261904761904762 0.6278089887640449 0.5726190476190476 0.6095505617977528 0.5654761904761905 0.6404494382022472 0.6190476190476191 0.6558988764044944
1 0.6297619047619047 0.5898876404494382 0.5726190476190476 0.5730337078651685 0.5654761904761905 0.6039325842696629 0.625 0.6207865168539326
1 0.6523809523809524 0.4943820224719101 0.5869047619047619 0.48735955056179775 0.5857142857142857 0.5196629213483146 0.6523809523809524 0.5280898876404494
1 0.6642857142857143 0.46348314606741575 0.6083333333333333 0.4396067415730337 0.5988095238095238 0.4705056179775281 0.6571428571428571 0.4943820224719101
1 0.675 0.41853932584269665 0.6190476190476191 0.3946629213483146 0.6095238095238096 0.425561797752809 0.6678571428571428 0.449438202247191
1 0.7107142857142857 0.726123595505618 0.6845238095238095 0.7401685393258427 0.7166666666666667 0.8160112359550562 0.7440476190476191 0.7991573033707865