1 0.3738095238095238 0.125 0.37857142857142856 0.1896067415730337 0.4095238095238095 0.18679775280898878 0.4035714285714286 0.12078651685393259
1 0.5738095238095238 0.1404494382022472 0.575 0.1797752808988764 0.6452380952380953 0.175561797752809 0.6428571428571429 0.13342696629213482
1 0.38333333333333336 0.3061797752808989 0.37976190476190474 0.3946629213483146 0.4142857142857143 0.3946629213483146 0.41309523809523807 0.30758426966292135
1 0.5654761904761905 0.2443820224719101 0.5714285714285714 0.28230337078651685 0.6523809523809524 0.273876404494382 0.6476190476190476 0.23595505617977527
1 0.5714285714285714 0.29634831460674155 0.575 0.33848314606741575 0.6440476190476191 0.33146067415730335 0.6416666666666667 0.2907303370786517
1 0.5595238095238095 0.3539325842696629 0.5607142857142857 0.39185393258426965 0.6416666666666667 0.38342696629213485 0.6392857142857142 0.34691011235955055
1 0.736904761904762 0.6671348314606742 0.7416666666666667 0.7401685393258427 0.7678571428571429 0.7373595505617978 0.7642857142857142 0.6657303370786517
1 0.5773809523809523 0.7078651685393258 0.5797619047619048 0.7485955056179775 0.6511904761904762 0.7443820224719101 0.6511904761904762 0.702247191011236
1 0.5773809523809523 0.7668539325842697 0.580952380952381 0.800561797752809 0.6511904761904762 0.7851123595505618 0.65 0.7556179775280899
1 0.575 0.8132022471910112 0.5761904761904761 0.8539325842696629 0.6523809523809524 0.8497191011235955 0.6511904761904762 0.8132022471910112
1 0.4452380952380952 0.5730337078651685 0.38095238095238093 0.5716292134831461 0.38095238095238093 0.6053370786516854 0.44761904761904764 0.6081460674157303
1 0.4488095238095238 0.6179775280898876 0.38452380952380955 0.6207865168539326 0.38452380952380955 0.6502808988764045 0.4511904761904762 0.651685393258427
1 0.45 0.6699438202247191 0.38452380952380955 0.6713483146067416 0.3892857142857143 0.7064606741573034 0.4511904761904762 0.7036516853932584