1 0.13333333333333333 0.651685393258427 0.15 0.6362359550561798 0.18333333333333332 0.6797752808988764 0.16071428571428573 0.6966292134831461
1 0.18095238095238095 0.6235955056179775 0.1976190476190476 0.6095505617977528 0.225 0.6418539325842697 0.20476190476190476 0.6587078651685393
1 0.2011904761904762 0.5941011235955056 0.22380952380952382 0.5842696629213483 0.24404761904761904 0.6306179775280899 0.22023809523809523 0.6390449438202247
4 0.23452380952380952 0.5716292134831461 0.24404761904761904 0.625 0.26904761904761904 0.6179775280898876 0.25952380952380955 0.5646067415730337
1 0.27976190476190477 0.5407303370786517 0.2714285714285714 0.5955056179775281 0.29404761904761906 0.5955056179775281 0.30238095238095236 0.5407303370786517
4 0.3047619047619048 0.523876404494382 0.305952380952381 0.5800561797752809 0.32857142857142857 0.5786516853932584 0.325 0.5224719101123596
4 0.33095238095238094 0.5112359550561798 0.33214285714285713 0.5617977528089888 0.3595238095238095 0.5617977528089888 0.35833333333333334 0.5084269662921348
4 0.22738095238095238 0.6530898876404494 0.26904761904761904 0.6207865168539326 0.28214285714285714 0.6446629213483146 0.2392857142857143 0.675561797752809
4 0.25476190476190474 0.6853932584269663 0.3107142857142857 0.6432584269662921 0.33690476190476193 0.6671348314606742 0.2714285714285714 0.7106741573033708
1 0.32261904761904764 0.6418539325842697 0.375 0.6025280898876404 0.39404761904761904 0.6264044943820225 0.3416666666666667 0.6615168539325843
4 0.39285714285714285 0.601123595505618 0.4380952380952381 0.5575842696629213 0.4642857142857143 0.5828651685393258 0.4095238095238095 0.6235955056179775
1 0.36428571428571427 0.4845505617977528 0.38452380952380955 0.4803370786516854 0.39285714285714285 0.5351123595505618 0.3630952380952381 0.5421348314606742
4 0.33095238095238094 0.44662921348314605 0.37142857142857144 0.4241573033707865 0.3880952380952381 0.4410112359550562 0.3488095238095238 0.46348314606741575
4 0.3892857142857143 0.4157303370786517 0.4238095238095238 0.38764044943820225 0.4392857142857143 0.4058988764044944 0.4 0.4353932584269663
1 0.42738095238095236 0.38342696629213485 0.46904761904761905 0.3609550561797753 0.49047619047619045 0.3792134831460674 0.44642857142857145 0.4058988764044944
4 0.3904761904761905 0.48314606741573035 0.41309523809523807 0.47331460674157305 0.4261904761904762 0.5168539325842697 0.4023809523809524 0.523876404494382
1 0.4166666666666667 0.45646067415730335 0.43452380952380953 0.4508426966292135 0.45 0.49719101123595505 0.42738095238095236 0.5042134831460674
1 0.4452380952380952 0.43679775280898875 0.4642857142857143 0.4311797752808989 0.4797619047619048 0.48314606741573035 0.4523809523809524 0.4901685393258427
1 0.46785714285714286 0.4311797752808989 0.4880952380952381 0.42696629213483145 0.5011904761904762 0.46348314606741575 0.4785714285714286 0.47191011235955055
1 0.5035714285714286 0.39747191011235955 0.5273809523809524 0.3960674157303371 0.530952380952381 0.4508426966292135 0.5071428571428571 0.45365168539325845
4 0.525 0.3806179775280899 0.5452380952380952 0.37640449438202245 0.5583333333333333 0.4311797752808989 0.5333333333333333 0.43679775280898875
4 0.5571428571428572 0.3651685393258427 0.544047619047619 0.38202247191011235 0.5773809523809523 0.4101123595505618 0.5952380952380952 0.39325842696629215
1 0.5571428571428572 0.3609550561797753 0.594047619047619 0.33707865168539325 0.6095238095238096 0.3539325842696629 0.5714285714285714 0.3806179775280899
1 0.44285714285714284 0.5575842696629213 0.4857142857142857 0.523876404494382 0.5083333333333333 0.5435393258426966 0.4630952380952381 0.5786516853932584
1 0.5023809523809524 0.5210674157303371 0.5416666666666666 0.49157303370786515 0.5595238095238095 0.5056179775280899 0.5178571428571429 0.5407303370786517
1 0.5535714285714286 0.4859550561797753 0.5916666666666667 0.45646067415730335 0.6071428571428571 0.47191011235955055 0.5666666666666667 0.5042134831460674
1 0.5976190476190476 0.4550561797752809 0.6404761904761904 0.42134831460674155 0.6595238095238095 0.4452247191011236 0.6142857142857143 0.4747191011235955
1 0.6345238095238095 0.3862359550561798 0.6523809523809524 0.3693820224719101 0.694047619047619 0.4058988764044944 0.6738095238095239 0.42275280898876405
1 0.6714285714285714 0.35674157303370785 0.6916666666666667 0.34269662921348315 0.725 0.37780898876404495 0.7035714285714286 0.39325842696629215
4 0.6571428571428571 0.3188202247191011 0.7071428571428572 0.3202247191011236 0.7083333333333334 0.3441011235955056 0.6583333333333333 0.34269662921348315
4 0.6785714285714286 0.23595505617977527 0.6535714285714286 0.26685393258426965 0.675 0.2808988764044944 0.6976190476190476 0.24578651685393257
1 0.7214285714285714 0.21207865168539325 0.694047619047619 0.23595505617977527 0.7130952380952381 0.25 0.7404761904761905 0.22752808988764045
1 0.7511904761904762 0.3553370786516854 0.7261904761904762 0.38202247191011235 0.7452380952380953 0.39325842696629215 0.775 0.36797752808988765
1 0.6761904761904762 0.29634831460674155 0.675 0.32303370786516855 0.7273809523809524 0.32724719101123595 0.7321428571428571 0.30337078651685395
1 0.7071428571428572 0.2752808988764045 0.6988095238095238 0.29634831460674155 0.7464285714285714 0.3061797752808989 0.7583333333333333 0.28370786516853935
1 0.7297619047619047 0.2612359550561798 0.7214285714285714 0.2808988764044944 0.7702380952380953 0.29775280898876405 0.7773809523809524 0.273876404494382
1 0.7488095238095238 0.25 0.7404761904761905 0.26825842696629215 0.7869047619047619 0.2808988764044944 0.7964285714285714 0.26264044943820225
1 0.7642857142857142 0.23595505617977527 0.7583333333333333 0.25842696629213485 0.8083333333333333 0.26685393258426965 0.8142857142857143 0.24157303370786518
1 0.7321428571428571 0.2050561797752809 0.7678571428571429 0.18398876404494383 0.7833333333333333 0.20084269662921347 0.7428571428571429 0.22331460674157302
1 0.7678571428571429 0.17837078651685392 0.8023809523809524 0.15589887640449437 0.819047619047619 0.17275280898876405 0.7845238095238095 0.1952247191011236
1 0.8107142857142857 0.1544943820224719 0.8464285714285714 0.12780898876404495 0.8678571428571429 0.1446629213483146 0.8285714285714286 0.17415730337078653
1 0.7928571428571428 0.21910112359550563 0.7916666666666666 0.2443820224719101 0.8380952380952381 0.24578651685393257 0.8404761904761905 0.22191011235955055
1 0.8166666666666667 0.20224719101123595 0.8119047619047619 0.22752808988764045 0.85 0.23595505617977527 0.8559523809523809 0.20926966292134833
1 0.8523809523809524 0.1853932584269663 0.8476190476190476 0.20224719101123595 0.8833333333333333 0.21769662921348315 0.8892857142857142 0.19662921348314608
1 0.7607142857142857 0.351123595505618 0.8011904761904762 0.32303370786516855 0.8178571428571428 0.3398876404494382 0.7761904761904762 0.37219101123595505
1 0.8345238095238096 0.29634831460674155 0.8714285714285714 0.2710674157303371 0.8869047619047619 0.28792134831460675 0.8488095238095238 0.31741573033707865
1 0.8047619047619048 0.3188202247191011 0.8369047619047619 0.29353932584269665 0.8535714285714285 0.3089887640449438 0.8178571428571428 0.3398876404494382