1 0.1523809523809524 0.16292134831460675 0.15357142857142858 0.23735955056179775 0.1773809523809524 0.23595505617977527 0.1761904761904762 0.16292134831460675
1 0.15119047619047618 0.25140449438202245 0.1523809523809524 0.324438202247191 0.17976190476190476 0.324438202247191 0.17857142857142858 0.25280898876404495
1 0.09523809523809523 0.30758426966292135 0.1488095238095238 0.351123595505618 0.13214285714285715 0.37219101123595505 0.08333333333333333 0.3342696629213483
1 0.5416666666666666 0.2696629213483146 0.5892857142857143 0.2991573033707865 0.6035714285714285 0.26825842696629215 0.5523809523809524 0.24157303370786518
1 0.5452380952380952 0.33707865168539325 0.611904761904762 0.3300561797752809 0.6059523809523809 0.2991573033707865 0.5392857142857143 0.3061797752808989
1 0.5464285714285714 0.375 0.6035714285714285 0.3792134831460674 0.6035714285714285 0.34831460674157305 0.5428571428571428 0.34691011235955055
1 0.55 0.41713483146067415 0.6107142857142858 0.4199438202247191 0.6095238095238096 0.3848314606741573 0.5511904761904762 0.3848314606741573
1 0.5511904761904762 0.46629213483146065 0.6142857142857143 0.4648876404494382 0.6107142857142858 0.4297752808988764 0.5488095238095239 0.4311797752808989
1 0.6357142857142857 0.18258426966292135 0.6369047619047619 0.24859550561797752 0.6630952380952381 0.24859550561797752 0.6607142857142857 0.18398876404494383
1 0.5416666666666666 0.5042134831460674 0.5988095238095238 0.526685393258427 0.6071428571428571 0.49859550561797755 0.5511904761904762 0.476123595505618
1 0.6178571428571429 0.526685393258427 0.6440476190476191 0.577247191011236 0.6642857142857143 0.5660112359550562 0.6416666666666667 0.5112359550561798
1 0.6892857142857143 0.6839887640449438 0.6892857142857143 0.7471910112359551 0.7166666666666667 0.7443820224719101 0.7154761904761905 0.6839887640449438
1 0.5666666666666667 0.6081460674157303 0.6226190476190476 0.6053370786516854 0.6202380952380953 0.5730337078651685 0.5654761904761905 0.577247191011236
1 0.14642857142857144 0.7331460674157303 0.14166666666666666 0.8132022471910112 0.16904761904761906 0.8117977528089888 0.17261904761904762 0.7345505617977528
1 0.31666666666666665 0.824438202247191 0.38452380952380955 0.824438202247191 0.38333333333333336 0.8581460674157303 0.31785714285714284 0.8567415730337079
1 0.2 0.8202247191011236 0.2 0.8595505617977528 0.2761904761904762 0.8553370786516854 0.2761904761904762 0.8188202247191011
1 0.5702380952380952 0.6615168539325843 0.6238095238095238 0.6544943820224719 0.6273809523809524 0.6825842696629213 0.575 0.6867977528089888
1 0.5547619047619048 0.699438202247191 0.6261904761904762 0.6938202247191011 0.6285714285714286 0.7289325842696629 0.555952380952381 0.7345505617977528
1 0.5511904761904762 0.7443820224719101 0.6226190476190476 0.7359550561797753 0.6238095238095238 0.7710674157303371 0.555952380952381 0.7752808988764045
1 0.5511904761904762 0.7808988764044944 0.6190476190476191 0.7752808988764045 0.6214285714285714 0.8075842696629213 0.5523809523809524 0.8117977528089888
1 0.5523809523809524 0.8441011235955056 0.6226190476190476 0.8412921348314607 0.6190476190476191 0.8075842696629213 0.5523809523809524 0.8132022471910112
1 0.6357142857142857 0.7682584269662921 0.6226190476190476 0.8469101123595506 0.6452380952380953 0.851123595505618 0.6571428571428571 0.773876404494382
1 0.7297619047619047 0.8019662921348315 0.7309523809523809 0.8398876404494382 0.8035714285714286 0.8384831460674157 0.8035714285714286 0.8019662921348315
1 0.8202380952380952 0.7963483146067416 0.8202380952380952 0.8328651685393258 0.9035714285714286 0.8328651685393258 0.9011904761904762 0.7935393258426966
1 0.4654761904761905 0.8202247191011236 0.5345238095238095 0.8202247191011236 0.5369047619047619 0.8553370786516854 0.4666666666666667 0.8553370786516854