1 0.4011904761904762 0.6910112359550562 0.35714285714285715 0.6783707865168539 0.3476190476190476 0.7064606741573034 0.3976190476190476 0.7176966292134831
1 0.40714285714285714 0.7457865168539326 0.3630952380952381 0.7331460674157303 0.3535714285714286 0.7612359550561798 0.4035714285714286 0.7724719101123596
1 0.5785714285714286 0.6615168539325843 0.5178571428571429 0.6502808988764045 0.5119047619047619 0.6839887640449438 0.5773809523809523 0.6896067415730337
1 0.5595238095238095 0.7443820224719101 0.4988095238095238 0.7331460674157303 0.4928571428571429 0.7668539325842697 0.5583333333333333 0.7724719101123596
1 0.5583333333333333 0.7837078651685393 0.4976190476190476 0.7724719101123596 0.49166666666666664 0.8061797752808989 0.5571428571428572 0.8117977528089888
1 0.6928571428571428 0.47191011235955055 0.6476190476190476 0.4803370786516854 0.6523809523809524 0.5028089887640449 0.6988095238095238 0.4943820224719101
1 0.625 0.46769662921348315 0.5797619047619048 0.476123595505618 0.5845238095238096 0.49859550561797755 0.6309523809523809 0.4901685393258427
1 0.763095238095238 0.46629213483146065 0.7178571428571429 0.4747191011235955 0.7226190476190476 0.49719101123595505 0.7690476190476191 0.4887640449438202
1 0.42857142857142855 0.4747191011235955 0.38333333333333336 0.48314606741573035 0.3880952380952381 0.5056179775280899 0.43452380952380953 0.49719101123595505
1 0.37142857142857144 0.48174157303370785 0.3261904761904762 0.4901685393258427 0.33095238095238094 0.5126404494382022 0.3773809523809524 0.5042134831460674
1 0.705952380952381 0.33848314606741575 0.6678571428571428 0.351123595505618 0.6714285714285714 0.36657303370786515 0.7119047619047619 0.35674157303370785
1 0.6892857142857143 0.2893258426966292 0.6511904761904762 0.30196629213483145 0.6547619047619048 0.31741573033707865 0.6952380952380952 0.30758426966292135
1 0.6880952380952381 0.31179775280898875 0.65 0.324438202247191 0.6535714285714286 0.3398876404494382 0.694047619047619 0.3300561797752809
1 0.6833333333333333 0.26825842696629215 0.6452380952380953 0.2808988764044944 0.6488095238095238 0.29634831460674155 0.6892857142857143 0.28651685393258425
1 0.6785714285714286 0.24859550561797752 0.6404761904761904 0.2612359550561798 0.6440476190476191 0.27668539325842695 0.6845238095238095 0.26685393258426965
1 0.675 0.19241573033707865 0.6369047619047619 0.2050561797752809 0.6404761904761904 0.2205056179775281 0.680952380952381 0.21067415730337077
1 0.6714285714285714 0.22331460674157302 0.6333333333333333 0.23595505617977527 0.6369047619047619 0.25140449438202245 0.6773809523809524 0.24157303370786518
1 0.675 0.16853932584269662 0.6369047619047619 0.18117977528089887 0.6404761904761904 0.19662921348314608 0.680952380952381 0.18679775280898878
1 0.6666666666666666 0.14606741573033707 0.6285714285714286 0.15870786516853932 0.6321428571428571 0.17415730337078653 0.6726190476190477 0.16432584269662923
1 0.575 0.17696629213483145 0.6023809523809524 0.20084269662921347 0.5916666666666667 0.21348314606741572 0.569047619047619 0.19803370786516855
1 0.5797619047619048 0.21067415730337077 0.6059523809523809 0.23174157303370788 0.5952380952380952 0.2443820224719101 0.5726190476190476 0.22893258426966293
1 0.5797619047619048 0.23595505617977527 0.6047619047619047 0.25702247191011235 0.594047619047619 0.2696629213483146 0.5714285714285714 0.2542134831460674
1 0.29404761904761906 0.2556179775280899 0.3130952380952381 0.25140449438202245 0.3130952380952381 0.2893258426966292 0.29404761904761906 0.29213483146067415
1 0.2892857142857143 0.20786516853932585 0.3119047619047619 0.20926966292134833 0.3119047619047619 0.24719101123595505 0.29285714285714287 0.25
1 0.29642857142857143 0.12359550561797752 0.319047619047619 0.125 0.319047619047619 0.16292134831460675 0.3 0.16573033707865167
1 0.24404761904761904 0.1502808988764045 0.26666666666666666 0.15168539325842698 0.26666666666666666 0.1896067415730337 0.24761904761904763 0.19241573033707865
1 0.23214285714285715 0.29775280898876405 0.2011904761904762 0.29213483146067415 0.1976190476190476 0.30758426966292135 0.22857142857142856 0.31320224719101125
1 0.22976190476190475 0.24297752808988765 0.1869047619047619 0.22893258426966293 0.18333333333333332 0.24578651685393257 0.2261904761904762 0.26264044943820225
1 0.23095238095238096 0.28230337078651685 0.1880952380952381 0.26825842696629215 0.18452380952380953 0.2851123595505618 0.22738095238095238 0.30196629213483145
1 0.23214285714285715 0.20365168539325842 0.18928571428571428 0.1896067415730337 0.18571428571428572 0.20646067415730338 0.22857142857142856 0.22331460674157302
1 0.2357142857142857 0.17415730337078653 0.19285714285714287 0.1601123595505618 0.18928571428571428 0.17696629213483145 0.23214285714285715 0.19382022471910113
1 0.2369047619047619 0.1502808988764045 0.19404761904761905 0.13623595505617977 0.19047619047619047 0.15308988764044945 0.23333333333333334 0.1699438202247191