1 0.2511904761904762 0.2991573033707865 0.275 0.2752808988764045 0.2630952380952381 0.2598314606741573 0.23809523809523808 0.28792134831460675
1 0.3380952380952381 0.3258426966292135 0.3523809523809524 0.3103932584269663 0.3261904761904762 0.2851123595505618 0.3142857142857143 0.2991573033707865
1 0.3738095238095238 0.34831460674157305 0.3869047619047619 0.3398876404494382 0.3761904761904762 0.3061797752808989 0.35595238095238096 0.30758426966292135
1 0.4452380952380952 0.3806179775280899 0.475 0.3609550561797753 0.4654761904761905 0.3455056179775281 0.43333333333333335 0.3595505617977528
1 0.49642857142857144 0.41151685393258425 0.513095238095238 0.398876404494382 0.49047619047619045 0.36657303370786515 0.4654761904761905 0.3792134831460674
1 0.5380952380952381 0.41853932584269665 0.555952380952381 0.41151685393258425 0.5357142857142857 0.37219101123595505 0.513095238095238 0.38202247191011235
1 0.5928571428571429 0.4438202247191011 0.6142857142857143 0.4396067415730337 0.6059523809523809 0.40730337078651685 0.5821428571428572 0.40870786516853935
1 0.8011904761904762 0.523876404494382 0.8107142857142857 0.5028089887640449 0.7595238095238095 0.48174157303370785 0.7523809523809524 0.5028089887640449
1 0.844047619047619 0.449438202247191 0.8857142857142857 0.4396067415730337 0.8821428571428571 0.4157303370786517 0.8333333333333334 0.4311797752808989
1 0.8511904761904762 0.41853932584269665 0.8869047619047619 0.4058988764044944 0.8821428571428571 0.3890449438202247 0.8416666666666667 0.39747191011235955
1 0.8654761904761905 0.3890449438202247 0.9 0.375 0.8940476190476191 0.3553370786516854 0.8583333333333333 0.37219101123595505
1 0.7107142857142857 0.6081460674157303 0.7583333333333333 0.5758426966292135 0.7464285714285714 0.5589887640449438 0.7011904761904761 0.5870786516853933
1 0.7297619047619047 0.6306179775280899 0.780952380952381 0.6221910112359551 0.7785714285714286 0.6053370786516854 0.7273809523809524 0.6095505617977528
1 0.7095238095238096 0.6643258426966292 0.7666666666666667 0.6558988764044944 0.7642857142857142 0.6306179775280899 0.7071428571428572 0.6376404494382022
1 0.7464285714285714 0.6966292134831461 0.7452380952380953 0.6713483146067416 0.6904761904761905 0.6713483146067416 0.6892857142857143 0.6924157303370787
1 0.7321428571428571 0.7289325842696629 0.7309523809523809 0.7064606741573034 0.675 0.7106741573033708 0.675 0.7317415730337079
1 0.805952380952381 0.8047752808988764 0.8238095238095238 0.7485955056179775 0.805952380952381 0.7387640449438202 0.7821428571428571 0.797752808988764
1 0.6845238095238095 0.8230337078651685 0.6821428571428572 0.797752808988764 0.6285714285714286 0.8047752808988764 0.6309523809523809 0.827247191011236
1 0.5154761904761904 0.8328651685393258 0.5476190476190477 0.7837078651685393 0.525 0.7696629213483146 0.49166666666666664 0.8188202247191011
1 0.4452380952380952 0.8356741573033708 0.4642857142857143 0.8089887640449438 0.4095238095238095 0.7780898876404494 0.3964285714285714 0.8033707865168539
1 0.32976190476190476 0.7457865168539326 0.3607142857142857 0.6966292134831461 0.3357142857142857 0.6839887640449438 0.30833333333333335 0.7303370786516854