0 0.7571428571428571 0.15870786516853932 0.8011904761904762 0.2949438202247191 0.8428571428571429 0.2752808988764045 0.7904761904761904 0.14185393258426968
0 0.6892857142857143 0.15308988764044945 0.7476190476190476 0.3202247191011236 0.7880952380952381 0.30196629213483145 0.7285714285714285 0.13904494382022473
0 0.611904761904762 0.19662921348314608 0.675 0.3609550561797753 0.7107142857142857 0.3398876404494382 0.6428571428571429 0.1797752808988764
0 0.5607142857142857 0.22191011235955055 0.6154761904761905 0.38342696629213485 0.6535714285714286 0.3637640449438202 0.5916666666666667 0.20646067415730338
0 0.5059523809523809 0.2345505617977528 0.5547619047619048 0.40730337078651685 0.5916666666666667 0.3904494382022472 0.5369047619047619 0.22331460674157302
0 0.444047619047619 0.25702247191011235 0.4880952380952381 0.42134831460674155 0.5261904761904762 0.4058988764044944 0.4738095238095238 0.2443820224719101
0 0.37142857142857144 0.2696629213483146 0.4261904761904762 0.449438202247191 0.4654761904761905 0.4297752808988764 0.4035714285714286 0.2556179775280899
0 0.25952380952380955 0.31320224719101125 0.3202380952380952 0.5028089887640449 0.35595238095238096 0.4859550561797753 0.2904761904761905 0.29775280898876405
0 0.20714285714285716 0.38342696629213485 0.2619047619047619 0.5561797752808989 0.3011904761904762 0.5393258426966292 0.24166666666666667 0.3707865168539326
0 0.14166666666666666 0.34129213483146065 0.16666666666666666 0.5449438202247191 0.20833333333333334 0.5393258426966292 0.17857142857142858 0.3300561797752809
0 0.1523809523809524 0.7724719101123596 0.20238095238095238 0.9424157303370787 0.2369047619047619 0.9297752808988764 0.18452380952380953 0.7556179775280899
0 0.22857142857142856 0.7064606741573034 0.2833333333333333 0.898876404494382 0.3202380952380952 0.8834269662921348 0.2619047619047619 0.6924157303370787
0 0.3011904761904762 0.6797752808988764 0.36547619047619045 0.8609550561797753 0.3976190476190476 0.8469101123595506 0.3345238095238095 0.6615168539325843
0 0.37976190476190474 0.6334269662921348 0.4357142857142857 0.8258426966292135 0.4726190476190476 0.8075842696629213 0.4095238095238095 0.6165730337078652
0 0.5107142857142857 0.5997191011235955 0.5642857142857143 0.7794943820224719 0.6011904761904762 0.7584269662921348 0.5404761904761904 0.5870786516853933
0 0.6 0.5632022471910112 0.6642857142857143 0.7303370786516854 0.7 0.7106741573033708 0.6309523809523809 0.5435393258426966
0 0.6952380952380952 0.5294943820224719 0.7642857142857142 0.6938202247191011 0.8023809523809524 0.675561797752809 0.7321428571428571 0.5098314606741573
0 0.7416666666666667 0.49719101123595505 0.8142857142857143 0.672752808988764 0.8547619047619047 0.6544943820224719 0.7761904761904762 0.4845505617977528
0 0.7916666666666666 0.4550561797752809 0.8571428571428571 0.6292134831460674 0.8892857142857142 0.6067415730337079 0.8226190476190476 0.44241573033707865
0 0.8333333333333334 0.44241573033707865 0.8976190476190476 0.5828651685393258 0.9321428571428572 0.5575842696629213 0.8666666666666667 0.42275280898876405
0 0.8226190476190476 0.699438202247191 0.9130952380952381 0.8932584269662921 0.9511904761904761 0.8665730337078652 0.8607142857142858 0.675561797752809
0 0.7547619047619047 0.702247191011236 0.8404761904761905 0.8876404494382022 0.8738095238095238 0.8651685393258427 0.794047619047619 0.6839887640449438
0 0.6892857142857143 0.7303370786516854 0.7583333333333333 0.8932584269662921 0.7928571428571428 0.8707865168539326 0.725 0.7134831460674157
0 0.6488095238095238 0.773876404494382 0.7107142857142857 0.925561797752809 0.7440476190476191 0.901685393258427 0.6845238095238095 0.7598314606741573
0 0.575 0.8089887640449438 0.6333333333333333 0.9691011235955056 0.675 0.9480337078651685 0.6095238095238096 0.7921348314606742
1 0.2523809523809524 0.12640449438202248 0.27976190476190477 0.19803370786516855 0.305952380952381 0.18820224719101122 0.2773809523809524 0.11657303370786516
1 0.2845238095238095 0.1151685393258427 0.3119047619047619 0.18679775280898878 0.33690476190476193 0.17275280898876405 0.3107142857142857 0.10674157303370786