1 0.15833333333333333 0.2345505617977528 0.15833333333333333 0.12780898876404495 0.11190476190476191 0.12921348314606743 0.11190476190476191 0.23595505617977527
1 0.7083333333333334 0.41713483146067415 0.7107142857142857 0.5393258426966292 0.7583333333333333 0.5365168539325843 0.7511904761904762 0.4143258426966292
1 0.7238095238095238 0.6207865168539326 0.7273809523809524 0.7485955056179775 0.7690476190476191 0.75 0.7619047619047619 0.6207865168539326
1 0.23809523809523808 0.15730337078651685 0.24166666666666667 0.20646067415730338 0.3416666666666667 0.199438202247191 0.33690476190476193 0.1502808988764045
1 0.23809523809523808 0.21769662921348315 0.24166666666666667 0.2598314606741573 0.33214285714285713 0.2542134831460674 0.3333333333333333 0.21067415730337077
1 0.24642857142857144 0.2696629213483146 0.24761904761904763 0.3160112359550562 0.33214285714285713 0.3103932584269663 0.33214285714285713 0.2696629213483146
1 0.24642857142857144 0.32303370786516855 0.2511904761904762 0.37640449438202245 0.34404761904761905 0.3693820224719101 0.3416666666666667 0.3160112359550562
1 0.23809523809523808 0.3806179775280899 0.23809523809523808 0.42696629213483145 0.3380952380952381 0.42275280898876405 0.3404761904761905 0.38342696629213485
1 0.24047619047619048 0.4396067415730337 0.2392857142857143 0.49157303370786515 0.3404761904761905 0.4845505617977528 0.3416666666666667 0.4410112359550562
1 0.24404761904761904 0.5028089887640449 0.24166666666666667 0.5519662921348315 0.3345238095238095 0.5547752808988764 0.3333333333333333 0.5070224719101124
1 0.2369047619047619 0.574438202247191 0.2392857142857143 0.6165730337078652 0.3404761904761905 0.6123595505617978 0.3380952380952381 0.5688202247191011
1 0.18214285714285713 0.5098314606741573 0.17142857142857143 0.6418539325842697 0.2130952380952381 0.6418539325842697 0.22142857142857142 0.5112359550561798
1 0.175 0.7008426966292135 0.17261904761904762 0.8258426966292135 0.2130952380952381 0.827247191011236 0.21785714285714286 0.7008426966292135
2 0.2154761904761905 0.6165730337078652 0.2154761904761905 0.6783707865168539 0.34285714285714286 0.6685393258426966 0.3416666666666667 0.6109550561797753
1 0.2369047619047619 0.7359550561797753 0.33214285714285713 0.7289325842696629 0.33214285714285713 0.6867977528089888 0.2369047619047619 0.6980337078651685
1 0.22857142857142856 0.8174157303370787 0.32976190476190476 0.8047752808988764 0.3273809523809524 0.7528089887640449 0.2261904761904762 0.7682584269662921
1 0.3380952380952381 0.8398876404494382 0.3392857142857143 0.8764044943820225 0.23333333333333334 0.8848314606741573 0.22976190476190475 0.8455056179775281