2 0.26071428571428573 0.3539325842696629 0.20476190476190476 0.300561797752809 0.17976190476190476 0.3342696629213483 0.24404761904761904 0.37640449438202245
2 0.719047619047619 0.6081460674157303 0.680952380952381 0.6713483146067416 0.9095238095238095 0.8258426966292135 0.944047619047619 0.7514044943820225
3 0.6535714285714286 0.598314606741573 0.5642857142857143 0.547752808988764 0.5464285714285714 0.5912921348314607 0.6357142857142857 0.6446629213483146
1 0.20238095238095238 0.6811797752808989 0.18452380952380953 0.7120786516853933 0.24761904761904763 0.7542134831460674 0.2654761904761905 0.7317415730337079
1 0.2773809523809524 0.7345505617977528 0.25952380952380955 0.7654494382022472 0.32261904761904764 0.8075842696629213 0.3404761904761905 0.7851123595505618
1 0.3595238095238095 0.8019662921348315 0.3416666666666667 0.8328651685393258 0.40476190476190477 0.875 0.4226190476190476 0.8525280898876404
1 0.7095238095238096 0.5365168539325843 0.6916666666666667 0.5674157303370787 0.7547619047619047 0.6095505617977528 0.7726190476190476 0.5870786516853933
1 0.7880952380952381 0.5926966292134831 0.7761904761904762 0.6264044943820225 0.8357142857142857 0.6671348314606742 0.85 0.6362359550561798
1 0.6297619047619047 0.4859550561797753 0.611904761904762 0.5168539325842697 0.6785714285714286 0.5603932584269663 0.694047619047619 0.5252808988764045
1 0.5488095238095239 0.4410112359550562 0.5380952380952381 0.4747191011235955 0.5952380952380952 0.5070224719101124 0.6107142857142858 0.4789325842696629
1 0.48214285714285715 0.39185393258426965 0.46785714285714286 0.41713483146067415 0.5261904761904762 0.45646067415730335 0.544047619047619 0.4339887640449438
1 0.4392857142857143 0.40870786516853935 0.38452380952380955 0.37359550561797755 0.36904761904761907 0.40168539325842695 0.42738095238095236 0.4396067415730337
1 0.36666666666666664 0.3609550561797753 0.3119047619047619 0.3258426966292135 0.29642857142857143 0.3539325842696629 0.3547619047619048 0.39185393258426965
1 0.29523809523809524 0.32303370786516855 0.24047619047619048 0.28792134831460675 0.225 0.3160112359550562 0.2833333333333333 0.3539325842696629
1 0.1976190476190476 0.19662921348314608 0.14285714285714285 0.16151685393258428 0.12738095238095237 0.1896067415730337 0.17857142857142858 0.22331460674157302
1 0.17261904761904762 0.22752808988764045 0.11785714285714285 0.19241573033707865 0.10238095238095238 0.2205056179775281 0.16071428571428573 0.25842696629213485
1 0.1488095238095238 0.25140449438202245 0.09404761904761905 0.21629213483146068 0.07857142857142857 0.2443820224719101 0.13690476190476192 0.28230337078651685
1 0.9071428571428571 0.7148876404494382 0.8845238095238095 0.6474719101123596 0.8511904761904762 0.6587078651685393 0.8773809523809524 0.7317415730337079
4 0.5083333333333333 0.45646067415730335 0.46190476190476193 0.4297752808988764 0.4488095238095238 0.45786516853932585 0.49642857142857144 0.4845505617977528