1 0.19285714285714287 0.15730337078651685 0.22023809523809523 0.1348314606741573 0.20833333333333334 0.12359550561797752 0.17976190476190476 0.14747191011235955
1 0.23452380952380952 0.18679775280898878 0.2630952380952381 0.16432584269662923 0.2523809523809524 0.1544943820224719 0.2226190476190476 0.17415730337078653
1 0.2714285714285714 0.21769662921348315 0.3011904761904762 0.19241573033707865 0.3142857142857143 0.20365168539325842 0.2845238095238095 0.22893258426966293
1 0.38095238095238093 0.3047752808988764 0.41309523809523807 0.2808988764044944 0.4238095238095238 0.2949438202247191 0.3904761904761905 0.3188202247191011
1 0.3142857142857143 0.3398876404494382 0.28095238095238095 0.37219101123595505 0.26904761904761904 0.3595505617977528 0.30238095238095236 0.32724719101123595
1 0.2892857142857143 0.31179775280898875 0.24642857142857144 0.34269662921348315 0.26666666666666666 0.35674157303370785 0.30238095238095236 0.32724719101123595
1 0.23809523809523808 0.32303370786516855 0.275 0.29634831460674155 0.2869047619047619 0.31320224719101125 0.24642857142857144 0.34269662921348315
4 0.3142857142857143 0.34129213483146065 0.3273809523809524 0.351123595505618 0.2976190476190476 0.38202247191011235 0.2833333333333333 0.36797752808988765
1 0.5535714285714286 0.22331460674157302 0.5833333333333334 0.24719101123595505 0.5964285714285714 0.23174157303370788 0.5642857142857143 0.20786516853932585
1 0.5928571428571429 0.20224719101123595 0.6202380952380953 0.22191011235955055 0.6321428571428571 0.20926966292134833 0.6035714285714285 0.18679775280898878
1 0.6154761904761905 0.18258426966292135 0.6511904761904762 0.20224719101123595 0.6630952380952381 0.18679775280898878 0.6273809523809524 0.16432584269662923