4 0.8178571428571428 0.17415730337078653 0.04285714285714286 0.025280898876404494
1 0.6071428571428571 0.3539325842696629 0.5952380952380952 0.3609550561797753 0.6095238095238096 0.3946629213483146 0.6226190476190476 0.3890449438202247
1 0.7035714285714286 0.33707865168539325 0.6952380952380952 0.351123595505618 0.7238095238095238 0.37219101123595505 0.7321428571428571 0.35674157303370785
1 0.8023809523809524 0.4297752808988764 0.7869047619047619 0.43258426966292135 0.7964285714285714 0.47331460674157305 0.8107142857142857 0.4705056179775281
1 0.7261904761904762 0.4438202247191011 0.7261904761904762 0.45786516853932585 0.6904761904761905 0.4592696629213483 0.6892857142857143 0.4438202247191011
1 0.7160714285714286 0.48735955056179775 0.04404761904761905 0.019662921348314606
1 0.731547619047619 0.6088483146067416 0.05357142857142857 0.023876404494382022
1 0.7380952380952381 0.6355337078651685 0.047619047619047616 0.021067415730337078
1 0.8488095238095238 0.6671348314606742 0.825 0.6713483146067416 0.8357142857142857 0.723314606741573 0.8595238095238096 0.7176966292134831
1 0.5285714285714286 0.8110955056179775 0.01904761904761905 0.04915730337078652
1 0.5071428571428571 0.8188202247191011 0.4976190476190476 0.8426966292134831 0.45 0.8174157303370787 0.4595238095238095 0.7935393258426966
1 0.49523809523809526 0.8525280898876404 0.4869047619047619 0.8637640449438202 0.4511904761904762 0.8455056179775281 0.4595238095238095 0.8300561797752809
1 0.37142857142857144 0.6566011235955056 0.02142857142857143 0.05196629213483146
1 0.3351190476190476 0.6523876404494382 0.02023809523809524 0.054775280898876406
1 0.30238095238095236 0.6573033707865169 0.01904761904761905 0.056179775280898875
1 0.275 0.6594101123595506 0.02142857142857143 0.054775280898876406
1 0.24345238095238095 0.6573033707865169 0.02023809523809524 0.056179775280898875
1 0.2119047619047619 0.6615168539325843 0.02142857142857143 0.05337078651685393
1 0.17976190476190476 0.6594101123595506 0.02142857142857143 0.05758426966292135
1 0.1505952380952381 0.6629213483146067 0.02023809523809524 0.05337078651685393
1 0.11964285714285715 0.6643258426966292 0.02261904761904762 0.056179775280898875
1 0.7583333333333333 0.8096910112359551 0.05 0.021067415730337078
2 0.7583333333333333 0.7584269662921348 0.05 0.028089887640449437
1 0.4630952380952381 0.33286516853932585 0.47619047619047616 0.3300561797752809 0.4785714285714286 0.3595505617977528 0.4642857142857143 0.3609550561797753
2 0.4976190476190476 0.33497191011235955 0.02142857142857143 0.046348314606741575
2 0.5101190476190476 0.5484550561797753 0.025 0.06882022471910113