1 0.7511904761904762 0.7514044943820225 0.6928571428571428 0.7780898876404494 0.7023809523809523 0.8089887640449438 0.7654761904761904 0.7823033707865169
1 0.6845238095238095 0.7808988764044944 0.6261904761904762 0.8230337078651685 0.638095238095238 0.851123595505618 0.7023809523809523 0.8103932584269663
1 0.6476190476190476 0.7485955056179775 0.5892857142857143 0.7907303370786517 0.6011904761904762 0.8188202247191011 0.6654761904761904 0.7752808988764045
1 0.7083333333333334 0.6924157303370787 0.65 0.7345505617977528 0.6619047619047619 0.7626404494382022 0.7261904761904762 0.7191011235955056
1 0.5857142857142857 0.7907303370786517 0.5273809523809524 0.8328651685393258 0.5392857142857143 0.8609550561797753 0.6035714285714285 0.8174157303370787
1 0.5595238095238095 0.7429775280898876 0.5011904761904762 0.7851123595505618 0.513095238095238 0.8132022471910112 0.5761904761904761 0.7724719101123596
1 0.5011904761904762 0.800561797752809 0.44285714285714284 0.8426966292134831 0.45476190476190476 0.8707865168539326 0.5178571428571429 0.8300561797752809
1 0.625 0.7036516853932584 0.5654761904761905 0.7415730337078652 0.5773809523809523 0.7696629213483146 0.6404761904761904 0.7289325842696629
1 0.6678571428571428 0.6292134831460674 0.6083333333333333 0.6671348314606742 0.625 0.699438202247191 0.6833333333333333 0.6544943820224719
1 0.6857142857142857 0.6601123595505618 0.6261904761904762 0.6980337078651685 0.6428571428571429 0.7303370786516854 0.7011904761904761 0.6853932584269663
1 0.6035714285714285 0.6643258426966292 0.5452380952380952 0.7064606741573034 0.5607142857142857 0.7345505617977528 0.6190476190476191 0.6896067415730337
1 0.5928571428571429 0.6320224719101124 0.5369047619047619 0.6671348314606742 0.5523809523809524 0.6952247191011236 0.6095238095238096 0.6601123595505618
1 0.5285714285714286 0.6671348314606742 0.46785714285714286 0.7092696629213483 0.48333333333333334 0.7373595505617978 0.544047619047619 0.6966292134831461
1 0.47023809523809523 0.7247191011235955 0.40714285714285714 0.7612359550561798 0.4226190476190476 0.7893258426966292 0.4845238095238095 0.7528089887640449
1 0.45 0.6825842696629213 0.3869047619047619 0.7191011235955056 0.4023809523809524 0.7471910112359551 0.4642857142857143 0.7106741573033708
1 0.5095238095238095 0.6348314606741573 0.44642857142857145 0.6713483146067416 0.46190476190476193 0.699438202247191 0.5238095238095238 0.6629213483146067
1 0.5678571428571428 0.5997191011235955 0.5095238095238095 0.6334269662921348 0.525 0.6615168539325843 0.5821428571428572 0.6278089887640449
1 0.6297619047619047 0.5646067415730337 0.5714285714285714 0.598314606741573 0.5869047619047619 0.6264044943820225 0.6440476190476191 0.5926966292134831
1 0.6154761904761905 0.5294943820224719 0.5523809523809524 0.5617977528089888 0.5678571428571428 0.5898876404494382 0.6309523809523809 0.5533707865168539
1 0.5535714285714286 0.5688202247191011 0.49642857142857144 0.5969101123595506 0.5119047619047619 0.625 0.5714285714285714 0.5955056179775281
1 0.49642857142857144 0.5997191011235955 0.4369047619047619 0.6348314606741573 0.44642857142857145 0.6615168539325843 0.5047619047619047 0.6264044943820225
1 0.4773809523809524 0.5688202247191011 0.41904761904761906 0.598314606741573 0.42857142857142855 0.625 0.4869047619047619 0.5898876404494382
1 0.5416666666666666 0.5337078651685393 0.48333333333333334 0.5632022471910112 0.4928571428571429 0.5898876404494382 0.5511904761904762 0.5547752808988764
1 0.4142857142857143 0.6039325842696629 0.3535714285714286 0.6376404494382022 0.3630952380952381 0.6643258426966292 0.4261904761904762 0.6306179775280899
1 0.4023809523809524 0.5688202247191011 0.3416666666666667 0.6025280898876404 0.35119047619047616 0.6292134831460674 0.4142857142857143 0.5955056179775281
1 0.46190476190476193 0.5308988764044944 0.4011904761904762 0.5646067415730337 0.4107142857142857 0.5912921348314607 0.4738095238095238 0.5575842696629213
1 0.5226190476190476 0.49719101123595505 0.46190476190476193 0.5308988764044944 0.4714285714285714 0.5575842696629213 0.5345238095238095 0.523876404494382
1 0.5892857142857143 0.46629213483146065 0.5285714285714286 0.4943820224719101 0.5380952380952381 0.5210674157303371 0.6023809523809524 0.4901685393258427
1 0.5726190476190476 0.4353932584269663 0.513095238095238 0.46207865168539325 0.5226190476190476 0.4887640449438202 0.5845238095238096 0.4606741573033708
1 0.5095238095238095 0.46348314606741575 0.45 0.4901685393258427 0.4595238095238095 0.5168539325842697 0.5214285714285715 0.4887640449438202
1 0.44761904761904764 0.5028089887640449 0.3880952380952381 0.5294943820224719 0.3976190476190476 0.5561797752808989 0.4595238095238095 0.5280898876404494
1 0.38452380952380955 0.5365168539325843 0.325 0.5632022471910112 0.3345238095238095 0.5898876404494382 0.3964285714285714 0.5617977528089888
1 0.24642857142857144 0.6053370786516854 0.17976190476190476 0.6390449438202247 0.18928571428571428 0.6657303370786517 0.25833333333333336 0.6334269662921348
1 0.17976190476190476 0.6376404494382022 0.1130952380952381 0.6713483146067416 0.11904761904761904 0.7050561797752809 0.19166666666666668 0.6657303370786517
1 0.2 0.6657303370786517 0.13333333333333333 0.699438202247191 0.1392857142857143 0.7331460674157303 0.2119047619047619 0.6938202247191011
1 0.28214285714285714 0.6699438202247191 0.21904761904761905 0.7008426966292135 0.22738095238095238 0.7331460674157303 0.29404761904761906 0.7008426966292135
1 0.26666666666666666 0.6264044943820225 0.2 0.6601123595505618 0.20833333333333334 0.6924157303370787 0.28214285714285714 0.651685393258427
1 0.2130952380952381 0.7106741573033708 0.15 0.7415730337078652 0.15833333333333333 0.773876404494382 0.225 0.7415730337078652
1 0.22857142857142856 0.7457865168539326 0.16547619047619047 0.7823033707865169 0.1761904761904762 0.8103932584269663 0.24404761904761904 0.7710674157303371
1 0.2988095238095238 0.702247191011236 0.23214285714285715 0.7359550561797753 0.24285714285714285 0.7640449438202247 0.30952380952380953 0.7289325842696629
1 0.30833333333333335 0.7415730337078652 0.24642857142857144 0.7710674157303371 0.2571428571428571 0.7991573033707865 0.31785714285714284 0.7682584269662921
1 0.24166666666666667 0.7794943820224719 0.175 0.8174157303370787 0.18571428571428572 0.8455056179775281 0.2523809523809524 0.8047752808988764
1 0.26071428571428573 0.8146067415730337 0.19404761904761905 0.8525280898876404 0.20476190476190476 0.8806179775280899 0.2714285714285714 0.8398876404494382
1 0.3273809523809524 0.773876404494382 0.2642857142857143 0.8117977528089888 0.275 0.8398876404494382 0.3380952380952381 0.800561797752809
1 0.34285714285714286 0.8132022471910112 0.27976190476190477 0.851123595505618 0.2904761904761905 0.8792134831460674 0.3535714285714286 0.8398876404494382
1 0.23333333333333334 0.5 0.17261904761904762 0.5323033707865169 0.1869047619047619 0.5632022471910112 0.2488095238095238 0.5308988764044944
1 0.16904761904761906 0.5365168539325843 0.11785714285714285 0.5617977528089888 0.13214285714285715 0.5926966292134831 0.18214285714285713 0.5660112359550562
1 0.2261904761904762 0.4648876404494382 0.15833333333333333 0.49859550561797755 0.17261904761904762 0.5294943820224719 0.24047619047619048 0.49859550561797755
1 0.1976190476190476 0.4002808988764045 0.13452380952380952 0.4297752808988764 0.1488095238095238 0.4606741573033708 0.21666666666666667 0.4297752808988764
1 0.1773809523809524 0.3707865168539326 0.11428571428571428 0.4002808988764045 0.12857142857142856 0.4311797752808989 0.19285714285714287 0.40308988764044945
1 0.17023809523809524 0.3356741573033708 0.09642857142857143 0.3651685393258427 0.10714285714285714 0.39325842696629215 0.18452380952380953 0.3609550561797753
1 0.38452380952380955 0.44241573033707865 0.325 0.4789325842696629 0.3392857142857143 0.5028089887640449 0.39880952380952384 0.46769662921348315
1 0.4238095238095238 0.3806179775280899 0.36428571428571427 0.41713483146067415 0.38095238095238093 0.4438202247191011 0.4380952380952381 0.4058988764044944
1 0.3595238095238095 0.41151685393258425 0.30238095238095236 0.4452247191011236 0.319047619047619 0.47191011235955055 0.3761904761904762 0.4339887640449438
1 0.4928571428571429 0.34269662921348315 0.43452380952380953 0.37359550561797755 0.4511904761904762 0.4002808988764045 0.5083333333333333 0.37219101123595505
1 0.3523809523809524 0.375 0.3011904761904762 0.4058988764044944 0.3107142857142857 0.43258426966292135 0.3678571428571429 0.4044943820224719
1 0.42023809523809524 0.34691011235955055 0.3619047619047619 0.3806179775280899 0.37142857142857144 0.40730337078651685 0.4297619047619048 0.37640449438202245
1 0.4785714285714286 0.3188202247191011 0.4238095238095238 0.3455056179775281 0.43333333333333335 0.37219101123595505 0.48928571428571427 0.3441011235955056
1 0.4642857142857143 0.28651685393258425 0.4095238095238095 0.31320224719101125 0.41904761904761906 0.3398876404494382 0.475 0.31179775280898875
1 0.44761904761904764 0.25702247191011235 0.39285714285714285 0.28370786516853935 0.4023809523809524 0.3103932584269663 0.4583333333333333 0.28230337078651685
1 0.3464285714285714 0.34691011235955055 0.2916666666666667 0.37359550561797755 0.3011904761904762 0.4002808988764045 0.35714285714285715 0.37219101123595505
1 0.40714285714285714 0.31741573033707865 0.3535714285714286 0.3441011235955056 0.3630952380952381 0.3707865168539326 0.41904761904761906 0.34269662921348315
1 0.3869047619047619 0.2907303370786517 0.3333333333333333 0.31741573033707865 0.34523809523809523 0.3455056179775281 0.4011904761904762 0.31741573033707865
1 0.3273809523809524 0.3202247191011236 0.27380952380952384 0.34691011235955055 0.2857142857142857 0.375 0.3416666666666667 0.34691011235955055
1 0.30952380952380953 0.29634831460674155 0.25357142857142856 0.324438202247191 0.2654761904761905 0.35252808988764045 0.32142857142857145 0.3202247191011236
1 0.4297619047619048 0.23314606741573032 0.375 0.2612359550561798 0.3869047619047619 0.2893258426966292 0.44285714285714284 0.25702247191011235
1 0.36547619047619045 0.26264044943820225 0.30952380952380953 0.2907303370786517 0.32142857142857145 0.3188202247191011 0.3773809523809524 0.28651685393258425
1 0.42023809523809524 0.2050561797752809 0.36428571428571427 0.2303370786516854 0.3761904761904762 0.25842696629213485 0.43214285714285716 0.2303370786516854
1 0.3547619047619048 0.23595505617977527 0.2988095238095238 0.2612359550561798 0.3107142857142857 0.2893258426966292 0.36666666666666664 0.2612359550561798
1 0.2916666666666667 0.2654494382022472 0.2357142857142857 0.2907303370786517 0.24761904761904763 0.3188202247191011 0.30357142857142855 0.2907303370786517
1 0.27976190476190477 0.23314606741573032 0.22142857142857142 0.26685393258426965 0.23333333333333334 0.2949438202247191 0.29404761904761906 0.26264044943820225
1 0.3357142857142857 0.20646067415730338 0.2833333333333333 0.2345505617977528 0.29523809523809524 0.26264044943820225 0.35 0.23314606741573032
1 0.3976190476190476 0.175561797752809 0.3404761904761905 0.20646067415730338 0.3523809523809524 0.2345505617977528 0.4095238095238095 0.2050561797752809
1 0.4523809523809524 0.13764044943820225 0.3952380952380952 0.16853932584269662 0.40714285714285714 0.19662921348314608 0.4642857142857143 0.16713483146067415
1 0.37857142857142856 0.14747191011235955 0.3261904761904762 0.17415730337078653 0.3333333333333333 0.20084269662921347 0.3904761904761905 0.17134831460674158
1 0.32142857142857145 0.1797752808988764 0.26904761904761904 0.20646067415730338 0.2761904761904762 0.23314606741573032 0.3333333333333333 0.20365168539325842
1 0.2654761904761905 0.21067415730337077 0.2130952380952381 0.23735955056179775 0.22023809523809523 0.2640449438202247 0.2773809523809524 0.2345505617977528
1 0.2523809523809524 0.18117977528089887 0.19404761904761905 0.20926966292134833 0.2011904761904762 0.23595505617977527 0.2630952380952381 0.20786516853932585
1 0.3107142857142857 0.14747191011235955 0.2523809523809524 0.175561797752809 0.25952380952380955 0.20224719101123595 0.32142857142857145 0.17415730337078653
1 0.24285714285714285 0.14606741573033707 0.18452380952380953 0.17415730337078653 0.19166666666666668 0.20084269662921347 0.25357142857142856 0.17275280898876405
1 0.5595238095238095 0.34269662921348315 0.5107142857142857 0.37219101123595505 0.5178571428571429 0.398876404494382 0.5726190476190476 0.3609550561797753
1 0.5476190476190477 0.31320224719101125 0.49523809523809526 0.34269662921348315 0.5071428571428571 0.3693820224719101 0.5607142857142857 0.34129213483146065
1 0.5321428571428571 0.28370786516853935 0.47619047619047616 0.31320224719101125 0.4880952380952381 0.3398876404494382 0.5464285714285714 0.31320224719101125
1 0.5178571428571429 0.2542134831460674 0.46190476190476193 0.28370786516853935 0.4738095238095238 0.3103932584269663 0.5321428571428571 0.28370786516853935
1 0.5023809523809524 0.22191011235955055 0.44642857142857145 0.25140449438202245 0.4583333333333333 0.27808988764044945 0.5166666666666667 0.25140449438202245
1 0.48333333333333334 0.19803370786516855 0.430952380952381 0.22331460674157302 0.44285714285714284 0.25 0.4988095238095238 0.22893258426966293
1 0.46785714285714286 0.16713483146067415 0.4154761904761905 0.19241573033707865 0.42738095238095236 0.21910112359550563 0.48333333333333334 0.1952247191011236
1 0.675 0.2907303370786517 0.6154761904761905 0.32303370786516855 0.6321428571428571 0.34691011235955055 0.6869047619047619 0.3146067415730337
1 0.6619047619047619 0.25842696629213485 0.6035714285714285 0.2949438202247191 0.6190476190476191 0.3146067415730337 0.6738095238095239 0.28230337078651685
1 0.638095238095238 0.2345505617977528 0.5797619047619048 0.2710674157303371 0.5928571428571429 0.29213483146067415 0.65 0.25842696629213485
1 0.625 0.20926966292134833 0.5666666666666667 0.24578651685393257 0.5797619047619048 0.26685393258426965 0.6369047619047619 0.23314606741573032
1 0.6095238095238096 0.1797752808988764 0.5523809523809524 0.21348314606741572 0.5654761904761905 0.2401685393258427 0.6226190476190476 0.20646067415730338
1 0.5976190476190476 0.15308988764044945 0.5464285714285714 0.18258426966292135 0.5571428571428572 0.20786516853932585 0.6107142857142858 0.1797752808988764
1 0.6630952380952381 0.14747191011235955 0.611904761904762 0.17696629213483145 0.6226190476190476 0.20224719101123595 0.6761904761904762 0.17415730337078653
1 0.680952380952381 0.17275280898876405 0.6297619047619047 0.20224719101123595 0.6404761904761904 0.22752808988764045 0.694047619047619 0.199438202247191
1 0.6988095238095238 0.20365168539325842 0.6428571428571429 0.23595505617977527 0.6535714285714286 0.2612359550561798 0.7119047619047619 0.22612359550561797
1 0.7178571428571429 0.22893258426966293 0.6619047619047619 0.2612359550561798 0.6726190476190477 0.28651685393258425 0.7309523809523809 0.25140449438202245
1 0.7321428571428571 0.25702247191011235 0.6761904761904762 0.2893258426966292 0.6869047619047619 0.3146067415730337 0.7452380952380953 0.2794943820224719
1 0.7928571428571428 0.22612359550561797 0.736904761904762 0.25842696629213485 0.7476190476190476 0.28370786516853935 0.805952380952381 0.24859550561797752
1 0.8488095238095238 0.19382022471910113 0.7928571428571428 0.22612359550561797 0.8035714285714286 0.25140449438202245 0.861904761904762 0.21629213483146068
1 0.8357142857142857 0.16292134831460675 0.7797619047619048 0.1952247191011236 0.7904761904761904 0.2205056179775281 0.8488095238095238 0.1853932584269663
1 0.8130952380952381 0.13623595505617977 0.7571428571428571 0.16853932584269662 0.7678571428571429 0.19382022471910113 0.8261904761904761 0.15870786516853932
1 0.7559523809523809 0.1699438202247191 0.7 0.20224719101123595 0.7107142857142857 0.22752808988764045 0.7690476190476191 0.19241573033707865
1 0.7416666666666667 0.14185393258426968 0.6857142857142857 0.17415730337078653 0.6964285714285714 0.199438202247191 0.7547619047619047 0.16432584269662923
1 0.7738095238095238 0.19662921348314608 0.7178571428571429 0.22893258426966293 0.7285714285714285 0.2542134831460674 0.7869047619047619 0.21910112359550563
1 0.8797619047619047 0.26825842696629215 0.8238095238095238 0.300561797752809 0.8345238095238096 0.3258426966292135 0.8928571428571429 0.2907303370786517
1 0.8166666666666667 0.30337078651685395 0.7607142857142857 0.3356741573033708 0.7714285714285715 0.3609550561797753 0.8297619047619048 0.3258426966292135
1 0.7595238095238095 0.33286516853932585 0.7035714285714286 0.3651685393258427 0.7142857142857143 0.3904494382022472 0.7726190476190476 0.3553370786516854
1 0.725 0.39747191011235955 0.6678571428571428 0.43258426966292135 0.6785714285714286 0.45786516853932585 0.736904761904762 0.42275280898876405
1 0.7845238095238095 0.36235955056179775 0.7273809523809524 0.39747191011235955 0.7380952380952381 0.42275280898876405 0.7964285714285714 0.38764044943820225
1 0.8416666666666667 0.3300561797752809 0.7845238095238095 0.3651685393258427 0.7952380952380952 0.3904494382022472 0.8535714285714285 0.3553370786516854
1 0.861904761904762 0.3595505617977528 0.8047619047619048 0.3946629213483146 0.8154761904761905 0.4199438202247191 0.8738095238095238 0.3848314606741573
1 0.7952380952380952 0.3960674157303371 0.7380952380952381 0.4311797752808989 0.7488095238095238 0.45646067415730335 0.8071428571428572 0.42134831460674155
1 0.8130952380952381 0.4339887640449438 0.7559523809523809 0.4691011235955056 0.7666666666666667 0.4943820224719101 0.825 0.4592696629213483
1 0.8726190476190476 0.39325842696629215 0.8154761904761905 0.42837078651685395 0.8261904761904761 0.45365168539325845 0.8845238095238095 0.41853932584269665
1 0.7571428571428571 0.4691011235955056 0.6916666666666667 0.5014044943820225 0.7035714285714286 0.5280898876404494 0.7690476190476191 0.4943820224719101
1 0.7845238095238095 0.4957865168539326 0.7202380952380952 0.5323033707865169 0.736904761904762 0.5575842696629213 0.7964285714285714 0.5210674157303371
1 0.8416666666666667 0.46207865168539325 0.7845238095238095 0.5 0.7976190476190477 0.523876404494382 0.8535714285714285 0.48735955056179775
1 0.8202380952380952 0.5561797752808989 0.763095238095238 0.5941011235955056 0.7761904761904762 0.6179775280898876 0.8321428571428572 0.5814606741573034
1 0.8797619047619047 0.5224719101123596 0.8226190476190476 0.5603932584269663 0.8357142857142857 0.5842696629213483 0.8916666666666667 0.547752808988764
1 0.830952380952381 0.5941011235955056 0.7690476190476191 0.6264044943820225 0.780952380952381 0.6558988764044944 0.8428571428571429 0.6193820224719101
1 0.85 0.6306179775280899 0.7821428571428571 0.6671348314606742 0.794047619047619 0.6966292134831461 0.8630952380952381 0.6558988764044944
1 0.8761904761904762 0.6544943820224719 0.8119047619047619 0.6980337078651685 0.8238095238095238 0.7275280898876404 0.8928571428571429 0.6769662921348315