1 0.675 0.6362359550561798 0.6988095238095238 0.5674157303370787 0.669047619047619 0.5491573033707865 0.6440476190476191 0.6221910112359551
1 0.8690476190476191 0.6292134831460674 0.9071428571428571 0.5716292134831461 0.8833333333333333 0.5491573033707865 0.8464285714285714 0.6053370786516854
1 0.8047619047619048 0.11797752808988764 0.8083333333333333 0.18258426966292135 0.8416666666666667 0.17837078651685392 0.8380952380952381 0.10955056179775281
1 0.7547619047619047 0.12640449438202248 0.7607142857142857 0.1896067415730337 0.7273809523809524 0.19241573033707865 0.7226190476190476 0.125
1 0.7130952380952381 0.13202247191011235 0.7166666666666667 0.1952247191011236 0.6880952380952381 0.1952247191011236 0.6880952380952381 0.1306179775280899
1 0.6464285714285715 0.12640449438202248 0.6452380952380953 0.20084269662921347 0.675 0.20224719101123595 0.6785714285714286 0.12359550561797752
1 0.6095238095238096 0.14606741573033707 0.6071428571428571 0.20365168539325842 0.6333333333333333 0.2050561797752809 0.6357142857142857 0.14606741573033707
1 0.5678571428571428 0.1502808988764045 0.5654761904761905 0.2148876404494382 0.6 0.21348314606741572 0.5988095238095238 0.1502808988764045
1 0.5297619047619048 0.14325842696629212 0.5285714285714286 0.21910112359550563 0.555952380952381 0.21769662921348315 0.5547619047619048 0.1446629213483146
1 0.4869047619047619 0.14747191011235955 0.49404761904761907 0.2148876404494382 0.5202380952380953 0.20786516853932585 0.513095238095238 0.14325842696629212
1 0.4773809523809524 0.14747191011235955 0.4738095238095238 0.21629213483146068 0.44761904761904764 0.21629213483146068 0.44761904761904764 0.14747191011235955
1 0.4107142857142857 0.1502808988764045 0.4119047619047619 0.21910112359550563 0.44166666666666665 0.2205056179775281 0.4392857142857143 0.14887640449438203
1 0.3678571428571429 0.1544943820224719 0.3678571428571429 0.22331460674157302 0.3976190476190476 0.22331460674157302 0.3964285714285714 0.1544943820224719
1 0.28809523809523807 0.13904494382022473 0.2845238095238095 0.20224719101123595 0.3130952380952381 0.20365168539325842 0.31785714285714284 0.13764044943820225
1 0.24761904761904763 0.14606741573033707 0.24642857142857144 0.21207865168539325 0.2761904761904762 0.21207865168539325 0.275 0.14887640449438203
1 0.20238095238095238 0.13904494382022473 0.20476190476190476 0.20084269662921347 0.23214285714285715 0.20084269662921347 0.22976190476190475 0.14325842696629212
1 0.1595238095238095 0.1404494382022472 0.1595238095238095 0.20646067415730338 0.19404761904761905 0.20786516853932585 0.19523809523809524 0.1404494382022472