1 0.19404761904761905 0.21348314606741572 0.2011904761904762 0.15168539325842698 0.17023809523809524 0.14887640449438203 0.16547619047619047 0.21067415730337077
1 0.23095238095238096 0.21629213483146068 0.23214285714285715 0.14887640449438203 0.20595238095238094 0.14887640449438203 0.2 0.2148876404494382
1 0.26904761904761904 0.21910112359550563 0.2726190476190476 0.14887640449438203 0.24285714285714285 0.1502808988764045 0.2392857142857143 0.21910112359550563
1 0.3130952380952381 0.21910112359550563 0.319047619047619 0.15168539325842698 0.28809523809523807 0.15168539325842698 0.2845238095238095 0.21910112359550563
1 0.15833333333333333 0.28651685393258425 0.1619047619047619 0.2205056179775281 0.13452380952380952 0.2205056179775281 0.13095238095238096 0.2851123595505618
1 0.19642857142857142 0.28792134831460675 0.1988095238095238 0.21910112359550563 0.17261904761904762 0.21769662921348315 0.16785714285714284 0.2851123595505618
1 0.23214285714285715 0.29213483146067415 0.23452380952380952 0.22612359550561797 0.20714285714285716 0.2247191011235955 0.20238095238095238 0.29213483146067415
1 0.26666666666666666 0.29213483146067415 0.2726190476190476 0.22191011235955055 0.24404761904761904 0.22331460674157302 0.24166666666666667 0.2907303370786517
1 0.30833333333333335 0.2893258426966292 0.30952380952380953 0.22612359550561797 0.28095238095238095 0.22331460674157302 0.27976190476190477 0.2893258426966292
1 0.15595238095238095 0.36235955056179775 0.1595238095238095 0.29213483146067415 0.12976190476190477 0.29213483146067415 0.12857142857142856 0.36235955056179775
1 0.1976190476190476 0.3637640449438202 0.1976190476190476 0.29213483146067415 0.16785714285714284 0.2949438202247191 0.16785714285714284 0.3637640449438202
1 0.23214285714285715 0.36235955056179775 0.23333333333333334 0.2949438202247191 0.20595238095238094 0.29634831460674155 0.20595238095238094 0.36235955056179775
1 0.2702380952380952 0.3609550561797753 0.2702380952380952 0.29213483146067415 0.24285714285714285 0.29213483146067415 0.24404761904761904 0.3609550561797753
1 0.319047619047619 0.3707865168539326 0.3107142857142857 0.2893258426966292 0.2833333333333333 0.29213483146067415 0.2869047619047619 0.375
1 0.15 0.4396067415730337 0.15833333333333333 0.36657303370786515 0.12738095238095237 0.36657303370786515 0.12023809523809524 0.43679775280898875
1 0.1880952380952381 0.43679775280898875 0.1976190476190476 0.36657303370786515 0.16785714285714284 0.36657303370786515 0.1595238095238095 0.43679775280898875
1 0.1619047619047619 0.598314606741573 0.16785714285714284 0.5210674157303371 0.1380952380952381 0.5210674157303371 0.12976190476190477 0.598314606741573
1 0.20357142857142857 0.601123595505618 0.21071428571428572 0.5210674157303371 0.18333333333333332 0.5210674157303371 0.1761904761904762 0.598314606741573
1 0.24404761904761904 0.5730337078651685 0.2511904761904762 0.4957865168539326 0.22142857142857142 0.4957865168539326 0.21785714285714286 0.5716292134831461
1 0.2845238095238095 0.5730337078651685 0.2892857142857143 0.4957865168539326 0.26071428571428573 0.4957865168539326 0.25595238095238093 0.5702247191011236
1 0.1523809523809524 0.6853932584269663 0.1595238095238095 0.6039325842696629 0.12738095238095237 0.6039325842696629 0.12380952380952381 0.6867977528089888
1 0.19523809523809524 0.6853932584269663 0.2011904761904762 0.6053370786516854 0.17142857142857143 0.6039325842696629 0.16547619047619047 0.6825842696629213
1 0.2369047619047619 0.6544943820224719 0.24523809523809523 0.5758426966292135 0.2154761904761905 0.5758426966292135 0.20952380952380953 0.651685393258427
1 0.2845238095238095 0.6530898876404494 0.2869047619047619 0.577247191011236 0.25595238095238093 0.5758426966292135 0.25357142857142856 0.651685393258427
1 0.3261904761904762 0.6376404494382022 0.3273809523809524 0.5421348314606742 0.29642857142857143 0.5421348314606742 0.29523809523809524 0.6376404494382022
1 0.37023809523809526 0.6432584269662921 0.37142857142857144 0.550561797752809 0.3404761904761905 0.5519662921348315 0.3392857142857143 0.6404494382022472
1 0.14404761904761904 0.7794943820224719 0.15476190476190477 0.6924157303370787 0.12261904761904761 0.6924157303370787 0.11071428571428571 0.776685393258427
1 0.18928571428571428 0.7780898876404494 0.19523809523809524 0.6910112359550562 0.1619047619047619 0.6910112359550562 0.15357142857142858 0.776685393258427
1 0.23214285714285715 0.7415730337078652 0.2392857142857143 0.6558988764044944 0.20714285714285716 0.6573033707865169 0.2011904761904762 0.7387640449438202
1 0.27976190476190477 0.7359550561797753 0.28214285714285714 0.6544943820224719 0.25357142857142856 0.6558988764044944 0.2511904761904762 0.7373595505617978
1 0.32261904761904764 0.7443820224719101 0.3261904761904762 0.6432584269662921 0.29285714285714287 0.6432584269662921 0.28809523809523807 0.7457865168539326
1 0.36547619047619045 0.7415730337078652 0.36904761904761907 0.6474719101123596 0.3380952380952381 0.6474719101123596 0.3333333333333333 0.7415730337078652
1 0.1261904761904762 0.8735955056179775 0.14166666666666666 0.7879213483146067 0.10952380952380952 0.7837078651685393 0.09642857142857143 0.8693820224719101
1 0.1738095238095238 0.8764044943820225 0.18214285714285713 0.7837078651685393 0.15119047619047618 0.7837078651685393 0.14404761904761904 0.8792134831460674
1 0.2226190476190476 0.8679775280898876 0.23214285714285715 0.7794943820224719 0.2011904761904762 0.776685393258427 0.19166666666666668 0.8665730337078652
1 0.3142857142857143 0.8581460674157303 0.319047619047619 0.7528089887640449 0.2892857142857143 0.7528089887640449 0.28809523809523807 0.8581460674157303
1 0.3619047619047619 0.8469101123595506 0.36666666666666664 0.7457865168539326 0.33214285714285713 0.7457865168539326 0.32857142857142857 0.8469101123595506
1 0.44761904761904764 0.21207865168539325 0.44285714285714284 0.14887640449438203 0.42023809523809524 0.15168539325842698 0.4226190476190476 0.21207865168539325
1 0.48095238095238096 0.21207865168539325 0.48095238095238096 0.14887640449438203 0.45595238095238094 0.14747191011235955 0.45476190476190476 0.21207865168539325
1 0.5214285714285715 0.21629213483146068 0.5190476190476191 0.14606741573033707 0.49523809523809526 0.14747191011235955 0.49523809523809526 0.2148876404494382
1 0.5547619047619048 0.2148876404494382 0.5547619047619048 0.14606741573033707 0.5273809523809524 0.14747191011235955 0.5285714285714286 0.2148876404494382
1 0.5904761904761905 0.20365168539325842 0.5880952380952381 0.14325842696629212 0.5642857142857143 0.14325842696629212 0.5666666666666667 0.2050561797752809
1 0.6238095238095238 0.20224719101123595 0.6202380952380953 0.13904494382022473 0.5988095238095238 0.13904494382022473 0.5988095238095238 0.20224719101123595
1 0.6583333333333333 0.19803370786516855 0.6535714285714286 0.13904494382022473 0.6309523809523809 0.13904494382022473 0.6321428571428571 0.199438202247191
1 0.6916666666666667 0.199438202247191 0.6880952380952381 0.13764044943820225 0.6619047619047619 0.13904494382022473 0.6654761904761904 0.199438202247191
1 0.725 0.19662921348314608 0.7214285714285714 0.13342696629213482 0.6976190476190476 0.1348314606741573 0.7 0.19803370786516855
1 0.7607142857142857 0.19382022471910113 0.7511904761904762 0.1306179775280899 0.7285714285714285 0.13342696629213482 0.7357142857142858 0.19803370786516855
1 0.7964285714285714 0.19382022471910113 0.7904761904761904 0.13342696629213482 0.7642857142857142 0.13342696629213482 0.7714285714285715 0.19662921348314608
1 0.8297619047619048 0.1896067415730337 0.8238095238095238 0.1306179775280899 0.7964285714285714 0.1306179775280899 0.8023809523809524 0.19241573033707865
1 0.8630952380952381 0.19662921348314608 0.8583333333333333 0.1306179775280899 0.8333333333333334 0.1306179775280899 0.8357142857142857 0.19662921348314608
1 0.5583333333333333 0.2794943820224719 0.555952380952381 0.21629213483146068 0.5285714285714286 0.21769662921348315 0.5321428571428571 0.27808988764044945
1 0.5904761904761905 0.273876404494382 0.5904761904761905 0.21067415730337077 0.5642857142857143 0.21207865168539325 0.5666666666666667 0.273876404494382
1 0.6214285714285714 0.27247191011235955 0.6214285714285714 0.2050561797752809 0.5976190476190476 0.2050561797752809 0.5964285714285714 0.2696629213483146
1 0.6523809523809524 0.26825842696629215 0.6511904761904762 0.2050561797752809 0.6273809523809524 0.2050561797752809 0.6261904761904762 0.2696629213483146
1 0.6869047619047619 0.2696629213483146 0.6869047619047619 0.2050561797752809 0.6607142857142857 0.2050561797752809 0.6619047619047619 0.2696629213483146
1 0.7226190476190476 0.2710674157303371 0.7202380952380952 0.20365168539325842 0.6928571428571428 0.2050561797752809 0.6952380952380952 0.2710674157303371
1 0.7583333333333333 0.26825842696629215 0.7511904761904762 0.2050561797752809 0.7261904761904762 0.20646067415730338 0.7297619047619047 0.2710674157303371
1 0.5583333333333333 0.34831460674157305 0.5583333333333333 0.28370786516853935 0.5321428571428571 0.2851123595505618 0.5345238095238095 0.3497191011235955
1 0.5928571428571429 0.3441011235955056 0.5916666666666667 0.27808988764044945 0.5678571428571428 0.27808988764044945 0.5678571428571428 0.3441011235955056
1 0.625 0.34269662921348315 0.6226190476190476 0.2752808988764045 0.5976190476190476 0.27808988764044945 0.6 0.34129213483146065
1 0.6571428571428571 0.34129213483146065 0.655952380952381 0.27808988764044945 0.6297619047619047 0.27668539325842695 0.6321428571428571 0.3441011235955056
1 0.6904761904761905 0.3441011235955056 0.6904761904761905 0.27808988764044945 0.6642857142857143 0.27808988764044945 0.6654761904761904 0.34269662921348315
1 0.7309523809523809 0.34129213483146065 0.7226190476190476 0.2752808988764045 0.6964285714285714 0.27808988764044945 0.7047619047619048 0.3455056179775281
1 0.7666666666666667 0.3398876404494382 0.7571428571428571 0.273876404494382 0.7321428571428571 0.27808988764044945 0.736904761904762 0.34269662921348315
1 0.7964285714285714 0.3398876404494382 0.794047619047619 0.273876404494382 0.7702380952380953 0.273876404494382 0.7714285714285715 0.34269662921348315
1 0.7904761904761904 0.26825842696629215 0.7857142857142857 0.20224719101123595 0.7619047619047619 0.2050561797752809 0.7654761904761904 0.26825842696629215
1 0.8345238095238096 0.27668539325842695 0.8238095238095238 0.20786516853932585 0.7964285714285714 0.2148876404494382 0.805952380952381 0.27808988764044945
1 0.8654761904761905 0.2752808988764045 0.8630952380952381 0.21067415730337077 0.8357142857142857 0.21207865168539325 0.8404761904761905 0.27808988764044945
1 0.8404761904761905 0.34691011235955055 0.830952380952381 0.2808988764044944 0.8023809523809524 0.2808988764044944 0.8107142857142857 0.34831460674157305
1 0.875 0.3455056179775281 0.8678571428571429 0.2794943820224719 0.8404761904761905 0.28230337078651685 0.8464285714285714 0.34831460674157305