1 0.6952380952380952 0.7654494382022472 0.6357142857142857 0.7654494382022472 0.6357142857142857 0.7963483146067416 0.6964285714285714 0.797752808988764
1 0.694047619047619 0.7401685393258427 0.6440476190476191 0.7401685393258427 0.6428571428571429 0.7626404494382022 0.694047619047619 0.7654494382022472
1 0.6845238095238095 0.7120786516853933 0.6309523809523809 0.7092696629213483 0.6297619047619047 0.7345505617977528 0.6857142857142857 0.7373595505617978
1 0.6857142857142857 0.6811797752808989 0.6297619047619047 0.6811797752808989 0.6297619047619047 0.7078651685393258 0.6857142857142857 0.7120786516853933
1 0.6785714285714286 0.6474719101123596 0.6273809523809524 0.651685393258427 0.6273809523809524 0.6783707865168539 0.6833333333333333 0.675561797752809
1 0.5380952380952381 0.7696629213483146 0.48214285714285715 0.7710674157303371 0.48214285714285715 0.7991573033707865 0.5428571428571428 0.8019662921348315
1 0.5369047619047619 0.6558988764044944 0.48095238095238096 0.6587078651685393 0.48095238095238096 0.6867977528089888 0.5380952380952381 0.6839887640449438
1 0.669047619047619 0.6109550561797753 0.6214285714285714 0.6095505617977528 0.6190476190476191 0.6334269662921348 0.669047619047619 0.6362359550561798
1 0.6702380952380952 0.5814606741573034 0.6226190476190476 0.5800561797752809 0.6226190476190476 0.6025280898876404 0.6714285714285714 0.6053370786516854
1 0.6678571428571428 0.5561797752808989 0.6226190476190476 0.5533707865168539 0.6214285714285714 0.574438202247191 0.6714285714285714 0.577247191011236
1 0.6583333333333333 0.4550561797752809 0.6142857142857143 0.46348314606741575 0.6214285714285714 0.4901685393258427 0.6642857142857143 0.48174157303370785
1 0.5190476190476191 0.46769662921348315 0.48095238095238096 0.47191011235955055 0.48214285714285715 0.49719101123595505 0.5238095238095238 0.4901685393258427
1 0.6571428571428571 0.3890449438202247 0.6071428571428571 0.3862359550561798 0.6071428571428571 0.40870786516853935 0.6583333333333333 0.41292134831460675
1 0.6523809523809524 0.3637640449438202 0.6095238095238096 0.3651685393258427 0.6083333333333333 0.38342696629213485 0.6547619047619048 0.3848314606741573
1 0.6488095238095238 0.31741573033707865 0.5964285714285714 0.3188202247191011 0.5964285714285714 0.3441011235955056 0.65 0.3455056179775281
1 0.6416666666666667 0.29634831460674155 0.5964285714285714 0.2949438202247191 0.5976190476190476 0.31741573033707865 0.6440476190476191 0.31741573033707865
1 0.5273809523809524 0.3455056179775281 0.4773809523809524 0.34129213483146065 0.475 0.3707865168539326 0.5273809523809524 0.3707865168539326
1 0.6369047619047619 0.26264044943820225 0.6011904761904762 0.26264044943820225 0.5964285714285714 0.28230337078651685 0.6357142857142857 0.28651685393258425
1 0.6357142857142857 0.2401685393258427 0.5964285714285714 0.2443820224719101 0.5964285714285714 0.2640449438202247 0.6392857142857142 0.2612359550561798
1 0.6321428571428571 0.22612359550561797 0.5916666666666667 0.22893258426966293 0.5904761904761905 0.24578651685393257 0.6333333333333333 0.24157303370786518
1 0.5226190476190476 0.16151685393258428 0.4880952380952381 0.16151685393258428 0.4880952380952381 0.18398876404494383 0.5261904761904762 0.18398876404494383
1 0.5202380952380953 0.21629213483146068 0.4857142857142857 0.21910112359550563 0.4880952380952381 0.23876404494382023 0.525 0.23595505617977527
1 0.5166666666666667 0.2401685393258427 0.4797619047619048 0.24157303370786518 0.4785714285714286 0.26264044943820225 0.5214285714285715 0.26264044943820225
1 0.5345238095238095 0.2907303370786517 0.5357142857142857 0.32724719101123595 0.5571428571428572 0.3300561797752809 0.5571428571428572 0.2893258426966292
1 0.6321428571428571 0.2050561797752809 0.594047619047619 0.20786516853932585 0.5928571428571429 0.2247191011235955 0.6369047619047619 0.22331460674157302
1 0.6357142857142857 0.18679775280898878 0.5952380952380952 0.18820224719101122 0.5916666666666667 0.20646067415730338 0.6357142857142857 0.20084269662921347
1 0.12857142857142856 0.4691011235955056 0.12142857142857143 0.5098314606741573 0.14642857142857144 0.5112359550561798 0.1523809523809524 0.47191011235955055
1 0.24285714285714285 0.24578651685393257 0.24047619047619048 0.28651685393258425 0.2630952380952381 0.2893258426966292 0.26785714285714285 0.24859550561797752