1 0.3273809523809524 0.16432584269662923 0.32976190476190476 0.20365168539325842 0.34523809523809523 0.20084269662921347 0.3416666666666667 0.16292134831460675
1 0.3380952380952381 0.34269662921348315 0.3404761904761905 0.375 0.35595238095238096 0.375 0.3523809523809524 0.34129213483146065
1 0.34404761904761905 0.40308988764044945 0.3464285714285714 0.44803370786516855 0.36547619047619045 0.44803370786516855 0.36428571428571427 0.40168539325842695
1 0.34523809523809523 0.45646067415730335 0.3464285714285714 0.49859550561797755 0.36666666666666664 0.4957865168539326 0.3630952380952381 0.4550561797752809
1 0.38452380952380955 0.4157303370786517 0.3892857142857143 0.46769662921348315 0.4083333333333333 0.46348314606741575 0.40476190476190477 0.4101123595505618
1 0.4023809523809524 0.4747191011235955 0.41309523809523807 0.5140449438202247 0.42857142857142855 0.5042134831460674 0.41904761904761906 0.4691011235955056
1 0.34523809523809523 0.5154494382022472 0.35119047619047616 0.5617977528089888 0.37023809523809526 0.5547752808988764 0.36666666666666664 0.5126404494382022
1 0.3523809523809524 0.574438202247191 0.3547619047619048 0.6179775280898876 0.375 0.6137640449438202 0.37023809523809526 0.5716292134831461
1 0.4011904761904762 0.5941011235955056 0.42023809523809524 0.6221910112359551 0.4357142857142857 0.6095505617977528 0.4142857142857143 0.5814606741573034
1 0.35595238095238096 0.6334269662921348 0.3595238095238095 0.6797752808988764 0.37976190476190474 0.6783707865168539 0.375 0.6278089887640449
1 0.3619047619047619 0.7247191011235955 0.3630952380952381 0.7851123595505618 0.38452380952380955 0.7865168539325843 0.38333333333333336 0.726123595505618
1 0.6833333333333333 0.5252808988764045 0.7011904761904761 0.5660112359550562 0.7202380952380952 0.5533707865168539 0.7023809523809523 0.5126404494382022
1 0.7476190476190476 0.49297752808988765 0.7702380952380953 0.5379213483146067 0.7892857142857143 0.5308988764044944 0.7654761904761904 0.48314606741573035
1 0.5214285714285715 0.6966292134831461 0.5404761904761904 0.7485955056179775 0.5607142857142857 0.7373595505617978 0.5416666666666666 0.6853932584269663
1 0.5511904761904762 0.6811797752808989 0.5702380952380952 0.7289325842696629 0.5892857142857143 0.723314606741573 0.5678571428571428 0.672752808988764
1 0.575 0.6643258426966292 0.6011904761904762 0.7162921348314607 0.6178571428571429 0.7064606741573034 0.5904761904761905 0.6502808988764045
1 0.6035714285714285 0.6558988764044944 0.6273809523809524 0.7036516853932584 0.6464285714285715 0.6938202247191011 0.6214285714285714 0.6446629213483146
1 0.6392857142857142 0.6558988764044944 0.6607142857142857 0.6966292134831461 0.6797619047619048 0.6882022471910112 0.655952380952381 0.6432584269662921
1 0.6642857142857143 0.6446629213483146 0.6857142857142857 0.6839887640449438 0.7047619047619048 0.6783707865168539 0.6785714285714286 0.6334269662921348
1 0.6869047619047619 0.6320224719101124 0.7083333333333334 0.675561797752809 0.7309523809523809 0.6671348314606742 0.7047619047619048 0.6165730337078652
1 0.7142857142857143 0.6207865168539326 0.7333333333333333 0.6657303370786517 0.7547619047619047 0.6558988764044944 0.7321428571428571 0.6109550561797753
1 0.736904761904762 0.6095505617977528 0.7595238095238095 0.6558988764044944 0.775 0.6446629213483146 0.7535714285714286 0.5997191011235955
1 0.763095238095238 0.5997191011235955 0.7892857142857143 0.648876404494382 0.8083333333333333 0.6362359550561798 0.7797619047619048 0.5884831460674157
1 0.7892857142857143 0.5941011235955056 0.8083333333333333 0.6390449438202247 0.8273809523809523 0.6278089887640449 0.8035714285714286 0.5828651685393258
1 0.8154761904761905 0.5814606741573034 0.8369047619047619 0.6306179775280899 0.8583333333333333 0.6179775280898876 0.8357142857142857 0.5702247191011236
1 0.8416666666666667 0.5660112359550562 0.8607142857142858 0.6067415730337079 0.8797619047619047 0.5969101123595506 0.8595238095238096 0.5547752808988764
1 0.5488095238095239 0.7542134831460674 0.5666666666666667 0.8019662921348315 0.5928571428571429 0.7921348314606742 0.5702380952380952 0.7429775280898876
1 0.580952380952381 0.7331460674157303 0.6011904761904762 0.7865168539325843 0.6226190476190476 0.7794943820224719 0.6 0.7275280898876404
1 0.6095238095238096 0.7289325842696629 0.6297619047619047 0.7752808988764045 0.6488095238095238 0.7654494382022472 0.6297619047619047 0.7176966292134831
1 0.6309523809523809 0.7092696629213483 0.6642857142857143 0.7696629213483146 0.6821428571428572 0.7528089887640449 0.6511904761904762 0.6924157303370787
1 0.6678571428571428 0.7050561797752809 0.694047619047619 0.7626404494382022 0.7130952380952381 0.7514044943820225 0.6833333333333333 0.6938202247191011
1 0.7130952380952381 0.6938202247191011 0.7392857142857143 0.7401685393258427 0.7559523809523809 0.726123595505618 0.7285714285714285 0.6783707865168539
1 0.736904761904762 0.6741573033707865 0.7619047619047619 0.7176966292134831 0.7797619047619048 0.7078651685393258 0.7547619047619047 0.6643258426966292
1 0.7654761904761904 0.6643258426966292 0.7928571428571428 0.7176966292134831 0.8130952380952381 0.7036516853932584 0.7845238095238095 0.651685393258427
1 0.7964285714285714 0.6601123595505618 0.825 0.7120786516853933 0.8452380952380952 0.6952247191011236 0.8130952380952381 0.6502808988764045
1 0.8559523809523809 0.7654494382022472 0.8857142857142857 0.8160112359550562 0.9047619047619048 0.8019662921348315 0.875 0.75
1 0.7654761904761904 0.7865168539325843 0.794047619047619 0.848314606741573 0.8154761904761905 0.8342696629213483 0.7857142857142857 0.776685393258427
1 0.7416666666666667 0.8146067415730337 0.7666666666666667 0.8609550561797753 0.7869047619047619 0.848314606741573 0.7619047619047619 0.800561797752809