1 0.2857142857142857 0.1931179775280899 0.04047619047619048 0.018258426966292134
1 0.3375 0.19382022471910113 0.041666666666666664 0.016853932584269662
1 0.2791666666666667 0.2247191011235955 0.041666666666666664 0.019662921348314606
1 0.2714285714285714 0.2521067415730337 0.0380952380952381 0.01544943820224719
1 0.26964285714285713 0.26615168539325845 0.041666666666666664 0.018258426966292134
1 0.2642857142857143 0.2830056179775281 0.04285714285714286 0.01544943820224719
1 0.2613095238095238 0.3026685393258427 0.04404761904761905 0.018258426966292134
1 0.2571428571428571 0.3181179775280899 0.04285714285714286 0.018258426966292134
1 0.25 0.33075842696629215 0.0380952380952381 0.021067415730337078
1 0.24464285714285713 0.3707865168539326 0.041666666666666664 0.019662921348314606
1 0.2392857142857143 0.3883426966292135 0.04523809523809524 0.018258426966292134
1 0.35892857142857143 0.2401685393258427 0.036904761904761905 0.014044943820224719
1 0.3607142857142857 0.2556179775280899 0.030952380952380953 0.011235955056179775
1 0.35059523809523807 0.28651685393258425 0.039285714285714285 0.014044943820224719
1 0.3482142857142857 0.30407303370786515 0.036904761904761905 0.01544943820224719
1 0.3458333333333333 0.32162921348314605 0.041666666666666664 0.016853932584269662
1 0.34464285714285714 0.3377808988764045 0.041666666666666664 0.018258426966292134
1 0.34285714285714286 0.3539325842696629 0.03571428571428571 0.014044943820224719
1 0.34285714285714286 0.3714887640449438 0.03571428571428571 0.018258426966292134
1 0.3375 0.3890449438202247 0.041666666666666664 0.016853932584269662
1 0.3333333333333333 0.4101123595505618 0.04285714285714286 0.016853932584269662
1 0.45476190476190476 0.199438202247191 0.0380952380952381 0.019662921348314606
1 0.5011904761904762 0.19873595505617977 0.030952380952380953 0.021067415730337078
1 0.40714285714285714 0.238061797752809 0.0380952380952381 0.01544943820224719
1 0.4089285714285714 0.2563202247191011 0.039285714285714285 0.018258426966292134
1 0.40535714285714286 0.27247191011235955 0.04404761904761905 0.016853932584269662
1 0.39880952380952384 0.2872191011235955 0.03571428571428571 0.01544943820224719
1 0.3976190476190476 0.31952247191011235 0.04047619047619048 0.018258426966292134
1 0.39464285714285713 0.33918539325842695 0.041666666666666664 0.018258426966292134
1 0.39345238095238094 0.3574438202247191 0.036904761904761905 0.021067415730337078
1 0.3904761904761905 0.3827247191011236 0.03571428571428571 0.018258426966292134
1 0.381547619047619 0.43047752808988765 0.04404761904761905 0.018258426966292134
1 0.3267857142857143 0.4452247191011236 0.04642857142857143 0.019662921348314606
1 0.3130952380952381 0.5042134831460674 0.05 0.02247191011235955
1 0.3726190476190476 0.4691011235955056 0.047619047619047616 0.02247191011235955
1 0.368452380952381 0.5287921348314607 0.04880952380952381 0.023876404494382022
1 0.35892857142857143 0.5660112359550562 0.036904761904761905 0.019662921348314606
1 0.3535714285714286 0.5912921348314607 0.04285714285714286 0.019662921348314606
1 0.2976190476190476 0.6123595505617978 0.0380952380952381 0.019662921348314606
1 0.1880952380952381 0.5933988764044944 0.04523809523809524 0.021067415730337078
1 0.18452380952380953 0.636938202247191 0.05476190476190476 0.023876404494382022
1 0.1744047619047619 0.6804775280898876 0.05119047619047619 0.023876404494382022
1 0.45476190476190476 0.663623595505618 0.05238095238095238 0.023876404494382022
1 0.47619047619047616 0.5323033707865169 0.04523809523809524 0.02247191011235955
1 0.4738095238095238 0.5091292134831461 0.04285714285714286 0.021067415730337078
1 0.4773809523809524 0.4691011235955056 0.04285714285714286 0.019662921348314606
1 0.48035714285714287 0.43679775280898875 0.04404761904761905 0.02247191011235955
1 0.4863095238095238 0.4143258426966292 0.039285714285714285 0.016853932584269662
1 0.49047619047619045 0.3946629213483146 0.0380952380952381 0.019662921348314606
1 0.4857142857142857 0.34058988764044945 0.04047619047619048 0.021067415730337078
1 0.49047619047619045 0.32162921348314605 0.0380952380952381 0.016853932584269662
1 0.49523809523809526 0.3068820224719101 0.0380952380952381 0.018258426966292134
1 0.49404761904761907 0.29002808988764045 0.0380952380952381 0.018258426966292134
1 0.5005952380952381 0.27457865168539325 0.039285714285714285 0.021067415730337078
1 0.4988095238095238 0.25842696629213485 0.03571428571428571 0.019662921348314606
1 0.5696428571428571 0.20014044943820225 0.039285714285714285 0.018258426966292134
1 0.55 0.22682584269662923 0.04285714285714286 0.021067415730337078
1 0.5482142857142858 0.25842696629213485 0.039285714285714285 0.019662921348314606
1 0.5446428571428571 0.27668539325842695 0.041666666666666664 0.016853932584269662
1 0.5434523809523809 0.2949438202247191 0.04404761904761905 0.016853932584269662
1 0.5380952380952381 0.30758426966292135 0.04047619047619048 0.016853932584269662
1 0.5380952380952381 0.324438202247191 0.04047619047619048 0.016853932584269662
1 0.5369047619047619 0.34129213483146065 0.04285714285714286 0.014044943820224719
1 0.5369047619047619 0.36025280898876405 0.04285714285714286 0.018258426966292134
1 0.5363095238095238 0.3785112359550562 0.04642857142857143 0.01544943820224719
1 0.5345238095238095 0.3967696629213483 0.04285714285714286 0.018258426966292134
1 0.5357142857142857 0.41853932584269665 0.047619047619047616 0.019662921348314606
1 0.5333333333333333 0.45224719101123595 0.04285714285714286 0.02247191011235955
1 0.5303571428571429 0.47331460674157305 0.041666666666666664 0.019662921348314606
1 0.15654761904761905 0.761938202247191 0.05357142857142857 0.026685393258426966
1 0.2779761904761905 0.7092696629213483 0.04642857142857143 0.02247191011235955
1 0.34345238095238095 0.7155898876404494 0.04404761904761905 0.023876404494382022
1 0.2577380952380952 0.8441011235955056 0.055952380952380955 0.02247191011235955
1 0.33154761904761904 0.7928370786516854 0.04880952380952381 0.026685393258426966
1 0.6255952380952381 0.7254213483146067 0.04880952380952381 0.026685393258426966
1 0.6922619047619047 0.7808988764044944 0.04642857142857143 0.025280898876404494
1 0.7404761904761905 0.7366573033707865 0.023809523809523808 0.04915730337078652
1 0.7958333333333333 0.8153089887640449 0.02738095238095238 0.054775280898876406
1 0.6916666666666667 0.6544943820224719 0.05 0.025280898876404494
1 0.6869047619047619 0.6278089887640449 0.05 0.028089887640449437
1 0.6898809523809524 0.6025280898876404 0.04642857142857143 0.025280898876404494
1 0.6273809523809524 0.5610955056179775 0.05 0.023876404494382022
1 0.6827380952380953 0.5617977528089888 0.04880952380952381 0.028089887640449437
1 0.6821428571428572 0.5365168539325843 0.047619047619047616 0.019662921348314606
1 0.6827380952380953 0.5182584269662921 0.04404761904761905 0.019662921348314606
1 0.6875 0.5 0.04642857142857143 0.025280898876404494
1 0.6351190476190476 0.47752808988764045 0.04642857142857143 0.02247191011235955
1 0.6863095238095238 0.4768258426966292 0.04880952380952381 0.021067415730337078
1 0.6880952380952381 0.4571629213483146 0.04285714285714286 0.021067415730337078
1 0.6345238095238095 0.4571629213483146 0.047619047619047616 0.021067415730337078
1 0.6309523809523809 0.4178370786516854 0.04523809523809524 0.021067415730337078
1 0.6851190476190476 0.43679775280898875 0.04880952380952381 0.019662921348314606
1 0.6857142857142857 0.41853932584269665 0.04523809523809524 0.02247191011235955
1 0.6845238095238095 0.39747191011235955 0.04523809523809524 0.02247191011235955
1 0.631547619047619 0.3609550561797753 0.04404761904761905 0.02247191011235955
1 0.6839285714285714 0.3637640449438202 0.04404761904761905 0.019662921348314606
1 0.6815476190476191 0.3476123595505618 0.04404761904761905 0.018258426966292134
1 0.6803571428571429 0.3279494382022472 0.039285714285714285 0.018258426966292134
1 0.6797619047619048 0.30969101123595505 0.0380952380952381 0.018258426966292134
1 0.6309523809523809 0.31179775280898875 0.04285714285714286 0.02247191011235955
1 0.6327380952380952 0.2914325842696629 0.04404761904761905 0.018258426966292134
1 0.6357142857142857 0.27247191011235955 0.04285714285714286 0.019662921348314606
1 0.6291666666666667 0.2535112359550562 0.04404761904761905 0.018258426966292134
1 0.6773809523809524 0.28581460674157305 0.0380952380952381 0.021067415730337078
1 0.6803571428571429 0.2640449438202247 0.041666666666666664 0.019662921348314606
1 0.675 0.2478932584269663 0.04523809523809524 0.018258426966292134
1 0.7797619047619048 0.6292134831460674 0.023809523809523808 0.042134831460674156
1 0.775 0.5807584269662921 0.02142857142857143 0.04915730337078652
1 0.7720238095238096 0.5273876404494382 0.02261904761904762 0.04073033707865169
1 0.7708333333333334 0.48103932584269665 0.02261904761904762 0.04353932584269663
1 0.7660714285714286 0.4311797752808989 0.02261904761904762 0.042134831460674156
1 0.7625 0.3827247191011236 0.02023809523809524 0.04073033707865169
1 0.7583333333333333 0.3419943820224719 0.01904761904761905 0.0351123595505618
1 0.756547619047619 0.29985955056179775 0.02023809523809524 0.0351123595505618
1 0.7244047619047619 0.2050561797752809 0.039285714285714285 0.019662921348314606
1 0.8410714285714286 0.1818820224719101 0.1392857142857143 0.05196629213483146
1 0.8803571428571428 0.22191011235955055 0.055952380952380955 0.025280898876404494