1 0.23214285714285715 0.3637640449438202 0.33690476190476193 0.35674157303370785 0.3273809523809524 0.29634831460674155 0.23452380952380952 0.31179775280898875
1 0.38095238095238093 0.38342696629213485 0.4773809523809524 0.3890449438202247 0.4785714285714286 0.32865168539325845 0.37857142857142856 0.3300561797752809
1 0.6142857142857143 0.375 0.7142857142857143 0.3806179775280899 0.7166666666666667 0.32724719101123595 0.6142857142857143 0.32724719101123595
1 0.08095238095238096 0.3693820224719101 0.16428571428571428 0.375 0.16666666666666666 0.32303370786516855 0.08095238095238096 0.3188202247191011
1 0.14404761904761904 0.4648876404494382 0.13333333333333333 0.5842696629213483 0.17976190476190476 0.5870786516853933 0.1880952380952381 0.47331460674157305
1 0.20357142857142857 0.476123595505618 0.19047619047619047 0.5856741573033708 0.225 0.5856741573033708 0.2392857142857143 0.4803370786516854
1 0.2833333333333333 0.4747191011235955 0.27976190476190477 0.5870786516853933 0.24166666666666667 0.5870786516853933 0.24761904761904763 0.47331460674157305
1 0.29642857142857143 0.47752808988764045 0.2976190476190476 0.5828651685393258 0.33690476190476193 0.5800561797752809 0.3357142857142857 0.4747191011235955
1 0.3892857142857143 0.4845505617977528 0.38452380952380955 0.5856741573033708 0.3464285714285714 0.5884831460674157 0.3488095238095238 0.4845505617977528
1 0.4011904761904762 0.46769662921348315 0.4011904761904762 0.5856741573033708 0.44166666666666665 0.5828651685393258 0.4369047619047619 0.46629213483146065
1 0.45595238095238094 0.47752808988764045 0.45595238095238094 0.5856741573033708 0.4976190476190476 0.5870786516853933 0.49642857142857144 0.4789325842696629
1 0.5464285714285714 0.4789325842696629 0.5452380952380952 0.5856741573033708 0.5083333333333333 0.5870786516853933 0.5095238095238095 0.48314606741573035
1 0.5654761904761905 0.47331460674157305 0.569047619047619 0.5800561797752809 0.6071428571428571 0.5800561797752809 0.6035714285714285 0.47331460674157305
1 0.6285714285714286 0.4705056179775281 0.6321428571428571 0.5870786516853933 0.6654761904761904 0.5856741573033708 0.6678571428571428 0.4705056179775281
1 0.6773809523809524 0.4747191011235955 0.680952380952381 0.5870786516853933 0.7214285714285714 0.5884831460674157 0.7154761904761905 0.47331460674157305
1 0.7273809523809524 0.47331460674157305 0.7321428571428571 0.5842696629213483 0.775 0.5828651685393258 0.775 0.47191011235955055
1 0.7880952380952381 0.4747191011235955 0.7892857142857143 0.5898876404494382 0.8333333333333334 0.5870786516853933 0.8297619047619048 0.4691011235955056
1 0.8428571428571429 0.4691011235955056 0.8845238095238095 0.46629213483146065 0.8845238095238095 0.5955056179775281 0.8404761904761905 0.5884831460674157
1 0.4261904761904762 0.23595505617977527 0.4797619047619048 0.32865168539325845 0.5107142857142857 0.3047752808988764 0.4630952380952381 0.21629213483146068