0 0.42857142857142855 0.20926966292134833 0.3904761904761905 0.21348314606741572 0.41309523809523807 0.3792134831460674 0.45357142857142857 0.3693820224719101
0 0.4773809523809524 0.20365168539325842 0.4392857142857143 0.20786516853932585 0.46190476190476193 0.36235955056179775 0.5 0.3595505617977528
0 0.5166666666666667 0.199438202247191 0.4785714285714286 0.20365168539325842 0.5071428571428571 0.3609550561797753 0.5464285714285714 0.3539325842696629
0 0.5571428571428572 0.19382022471910113 0.5190476190476191 0.19803370786516855 0.5476190476190477 0.3553370786516854 0.5869047619047619 0.34831460674157305
0 0.5988095238095238 0.18258426966292135 0.5607142857142857 0.18679775280898878 0.5892857142857143 0.3441011235955056 0.6285714285714286 0.33707865168539325
0 0.6428571428571429 0.17837078651685392 0.6047619047619047 0.18258426966292135 0.6333333333333333 0.3398876404494382 0.6726190476190477 0.33286516853932585
0 0.7071428571428572 0.16573033707865167 0.669047619047619 0.1699438202247191 0.7047619047619048 0.3342696629213483 0.7428571428571429 0.32303370786516855
0 0.7511904761904762 0.16151685393258428 0.7130952380952381 0.16573033707865167 0.7488095238095238 0.3300561797752809 0.7869047619047619 0.3188202247191011
0 0.8119047619047619 0.15168539325842698 0.7702380952380953 0.1544943820224719 0.7952380952380952 0.3146067415730337 0.8357142857142857 0.31320224719101125
0 0.8726190476190476 0.18398876404494383 0.830952380952381 0.18679775280898878 0.8559523809523809 0.34691011235955055 0.8964285714285715 0.3455056179775281
0 0.5035714285714286 0.4887640449438202 0.4654761904761905 0.4943820224719101 0.48214285714285715 0.6685393258426966 0.5226190476190476 0.6643258426966292
0 0.6130952380952381 0.4845505617977528 0.5714285714285714 0.4901685393258427 0.6 0.6629213483146067 0.6404761904761904 0.6558988764044944
0 0.6654761904761904 0.5379213483146067 0.6261904761904762 0.5491573033707865 0.6714285714285714 0.7247191011235955 0.7083333333333334 0.7162921348314607
0 0.7095238095238096 0.5351123595505618 0.6702380952380952 0.5463483146067416 0.7154761904761905 0.7219101123595506 0.7583333333333333 0.7092696629213483
0 0.7583333333333333 0.7092696629213483 0.719047619047619 0.7205056179775281 0.7642857142857142 0.8960674157303371 0.8071428571428572 0.8834269662921348
0 0.705952380952381 0.7176966292134831 0.6666666666666666 0.7289325842696629 0.7119047619047619 0.9044943820224719 0.7547619047619047 0.8918539325842697
0 0.6523809523809524 0.6587078651685393 0.6095238095238096 0.6671348314606742 0.6392857142857142 0.8581460674157303 0.6833333333333333 0.851123595505618
0 0.5928571428571429 0.6376404494382022 0.55 0.6460674157303371 0.5797619047619048 0.8370786516853933 0.6238095238095238 0.8300561797752809
0 0.5261904761904762 0.6601123595505618 0.48333333333333334 0.6685393258426966 0.5083333333333333 0.8623595505617978 0.5476190476190477 0.8609550561797753
0 0.4714285714285714 0.6643258426966292 0.42857142857142855 0.672752808988764 0.4523809523809524 0.8665730337078652 0.4928571428571429 0.8637640449438202
0 0.32976190476190476 0.4789325842696629 0.1880952380952381 0.5294943820224719 0.1988095238095238 0.5800561797752809 0.3476190476190476 0.5491573033707865
0 0.3476190476190476 0.547752808988764 0.19404761904761905 0.5828651685393258 0.1976190476190476 0.6418539325842697 0.3607142857142857 0.6137640449438202
0 0.3607142857142857 0.6123595505617978 0.1976190476190476 0.6390449438202247 0.20357142857142857 0.7092696629213483 0.36904761904761907 0.6797752808988764