1 0.3595238095238095 0.14747191011235955 0.37023809523809526 0.23595505617977527 0.4119047619047619 0.2303370786516854 0.3976190476190476 0.13764044943820225
1 0.5476190476190477 0.14606741573033707 0.5595238095238095 0.23876404494382023 0.5964285714285714 0.2345505617977528 0.5869047619047619 0.1404494382022472
1 0.6738095238095239 0.1952247191011236 0.75 0.1853932584269663 0.7464285714285714 0.14185393258426968 0.6654761904761904 0.15168539325842698
1 0.6845238095238095 0.2949438202247191 0.7559523809523809 0.27247191011235955 0.7452380952380953 0.23314606741573032 0.669047619047619 0.2542134831460674
1 0.6928571428571428 0.3441011235955056 0.7642857142857142 0.33146067415730335 0.7642857142857142 0.29353932584269665 0.6869047619047619 0.3047752808988764
1 0.6880952380952381 0.3904494382022472 0.7666666666666667 0.38342696629213485 0.7678571428571429 0.34269662921348315 0.6880952380952381 0.35252808988764045
1 0.7119047619047619 0.4452247191011236 0.7857142857142857 0.42837078651685395 0.7797619047619048 0.3848314606741573 0.7011904761904761 0.40308988764044945
1 0.7130952380952381 0.4887640449438202 0.7892857142857143 0.47331460674157305 0.7821428571428571 0.4297752808988764 0.7 0.4438202247191011
1 0.7214285714285714 0.5365168539325843 0.794047619047619 0.5252808988764045 0.7952380952380952 0.4845505617977528 0.7178571428571429 0.49297752808988765
1 0.7333333333333333 0.5898876404494382 0.805952380952381 0.574438202247191 0.7988095238095239 0.5337078651685393 0.7214285714285714 0.5463483146067416
1 0.7380952380952381 0.6558988764044944 0.8119047619047619 0.6530898876404494 0.8166666666666667 0.6137640449438202 0.7357142857142858 0.6165730337078652
1 0.7642857142857142 0.7373595505617978 0.8428571428571429 0.726123595505618 0.8428571428571429 0.6867977528089888 0.7607142857142857 0.6924157303370787
1 0.7511904761904762 0.7879213483146067 0.8357142857142857 0.776685393258427 0.830952380952381 0.7359550561797753 0.7440476190476191 0.7485955056179775
1 0.7523809523809524 0.8497191011235955 0.8416666666666667 0.8497191011235955 0.8404761904761905 0.8047752808988764 0.75 0.8047752808988764
1 0.6261904761904762 0.7148876404494382 0.6333333333333333 0.8117977528089888 0.6666666666666666 0.8075842696629213 0.6523809523809524 0.7148876404494382
1 0.5904761904761905 0.49297752808988765 0.6023809523809524 0.5856741573033708 0.6428571428571429 0.5800561797752809 0.6261904761904762 0.48174157303370785
1 0.42142857142857143 0.6896067415730337 0.43214285714285716 0.7851123595505618 0.4666666666666667 0.7823033707865169 0.45714285714285713 0.6839887640449438
1 0.3880952380952381 0.8160112359550562 0.3964285714285714 0.8876404494382022 0.4261904761904762 0.8834269662921348 0.42142857142857143 0.8160112359550562
2 0.2761904761904762 0.7724719101123596 0.2904761904761905 0.8918539325842697 0.33690476190476193 0.8876404494382022 0.325 0.7640449438202247
0 0.25833333333333336 0.699438202247191 0.3202380952380952 0.6924157303370787 0.305952380952381 0.47331460674157305 0.2523809523809524 0.4789325842696629