1 0.736904761904762 0.6306179775280899 0.7119047619047619 0.6390449438202247 0.7297619047619047 0.7008426966292135 0.7547619047619047 0.6910112359550562
1 0.7357142857142858 0.35252808988764045 0.7142857142857143 0.35674157303370785 0.7309523809523809 0.4143258426966292 0.7583333333333333 0.4044943820224719
1 0.5880952380952381 0.4058988764044944 0.5642857142857143 0.41292134831460675 0.5785714285714286 0.47191011235955055 0.6023809523809524 0.46629213483146065
1 0.4797619047619048 0.43820224719101125 0.45595238095238094 0.4452247191011236 0.47023809523809523 0.5042134831460674 0.49404761904761907 0.49859550561797755
1 0.4154761904761905 0.45646067415730335 0.3869047619047619 0.4592696629213483 0.40595238095238095 0.5224719101123596 0.4297619047619048 0.5168539325842697
1 0.3464285714285714 0.47191011235955055 0.32261904761904764 0.4789325842696629 0.33690476190476193 0.5379213483146067 0.3607142857142857 0.5323033707865169
1 0.5761904761904761 0.3103932584269663 0.5202380952380953 0.33286516853932585 0.5261904761904762 0.3609550561797753 0.5833333333333334 0.33848314606741575
1 0.5547619047619048 0.2542134831460674 0.4988095238095238 0.27668539325842695 0.5047619047619047 0.3047752808988764 0.5619047619047619 0.28230337078651685
1 0.5464285714285714 0.2205056179775281 0.49047619047619045 0.24297752808988765 0.49642857142857144 0.2710674157303371 0.5535714285714286 0.24859550561797752
1 0.6095238095238096 0.13904494382022473 0.5523809523809524 0.15730337078651685 0.5583333333333333 0.1853932584269663 0.6142857142857143 0.16713483146067415
1 0.5261904761904762 0.16292134831460675 0.47023809523809523 0.1853932584269663 0.4797619047619048 0.20926966292134833 0.5333333333333333 0.19101123595505617
1 0.5238095238095238 0.12780898876404495 0.4630952380952381 0.1502808988764045 0.4726190476190476 0.17415730337078653 0.5321428571428571 0.15168539325842698
1 0.3904761904761905 0.19101123595505617 0.3333333333333333 0.19803370786516855 0.3380952380952381 0.2303370786516854 0.3976190476190476 0.2205056179775281
1 0.4083333333333333 0.2654494382022472 0.35119047619047616 0.27247191011235955 0.35595238095238096 0.3047752808988764 0.4154761904761905 0.2949438202247191
1 0.43333333333333335 0.3441011235955056 0.37023809523809526 0.3539325842696629 0.375 0.3862359550561798 0.44166666666666665 0.37640449438202245
1 0.3488095238095238 0.4101123595505618 0.2833333333333333 0.4199438202247191 0.28809523809523807 0.45224719101123595 0.3547619047619048 0.43679775280898875
1 0.3392857142857143 0.35674157303370785 0.27380952380952384 0.36657303370786515 0.2785714285714286 0.398876404494382 0.34523809523809523 0.38342696629213485
1 0.3392857142857143 0.31741573033707865 0.2761904761904762 0.33146067415730335 0.28214285714285714 0.3595505617977528 0.3416666666666667 0.3455056179775281
1 0.3238095238095238 0.28651685393258425 0.26071428571428573 0.300561797752809 0.26666666666666666 0.32865168539325845 0.33095238095238094 0.31179775280898875
1 0.30833333333333335 0.21629213483146068 0.25 0.22612359550561797 0.25595238095238093 0.2542134831460674 0.3142857142857143 0.2443820224719101
1 0.30357142857142855 0.1853932584269663 0.24523809523809523 0.1952247191011236 0.2511904761904762 0.22331460674157302 0.30952380952380953 0.21348314606741572
1 0.3 0.15168539325842698 0.24166666666666667 0.16151685393258428 0.24761904761904763 0.1896067415730337 0.305952380952381 0.1797752808988764
1 0.2892857142857143 0.12780898876404495 0.23095238095238096 0.13764044943820225 0.2369047619047619 0.16573033707865167 0.29523809523809524 0.15589887640449437
1 0.15476190476190477 0.2401685393258427 0.09642857142857143 0.25 0.10238095238095238 0.27808988764044945 0.16071428571428573 0.26825842696629215
1 0.16071428571428573 0.27808988764044945 0.10238095238095238 0.28792134831460675 0.10833333333333334 0.3160112359550562 0.16666666666666666 0.3061797752808989
1 0.16785714285714284 0.31179775280898875 0.10238095238095238 0.32724719101123595 0.10595238095238095 0.35814606741573035 0.1738095238095238 0.3398876404494382
1 0.17857142857142858 0.4143258426966292 0.1 0.42837078651685395 0.10238095238095238 0.46348314606741575 0.18214285714285713 0.449438202247191
1 0.18928571428571428 0.48314606741573035 0.13333333333333333 0.4943820224719101 0.1380952380952381 0.5294943820224719 0.19642857142857142 0.5182584269662921