1 0.5238095238095238 0.15870786516853932 0.5261904761904762 0.1797752808988764 0.569047619047619 0.17415730337078653 0.5630952380952381 0.15168539325842698
4 0.6011904761904762 0.15589887640449437 0.6023809523809524 0.1797752808988764 0.6357142857142857 0.18117977528089887 0.6345238095238095 0.15589887640449437
3 0.6309523809523809 0.7247191011235955 0.6321428571428571 0.75 0.6904761904761905 0.75 0.6880952380952381 0.7219101123595506
2 0.6202380952380953 0.4452247191011236 0.6214285714285714 0.47331460674157305 0.6654761904761904 0.4747191011235955 0.6678571428571428 0.44803370786516855
1 0.7071428571428572 0.4058988764044944 0.7095238095238096 0.44662921348314605 0.7273809523809524 0.4452247191011236 0.7297619047619047 0.40730337078651685
1 0.6773809523809524 0.4058988764044944 0.6857142857142857 0.449438202247191 0.7047619047619048 0.449438202247191 0.6952380952380952 0.40168539325842695
1 0.4738095238095238 0.46207865168539325 0.4714285714285714 0.48735955056179775 0.5261904761904762 0.4859550561797753 0.5285714285714286 0.46207865168539325
1 0.3047619047619048 0.5280898876404494 0.305952380952381 0.5800561797752809 0.325 0.577247191011236 0.32261904761904764 0.5280898876404494
1 0.44166666666666665 0.5294943820224719 0.44047619047619047 0.574438202247191 0.4630952380952381 0.5758426966292135 0.4642857142857143 0.526685393258427
1 0.2976190476190476 0.6418539325842697 0.29285714285714287 0.7008426966292135 0.319047619047619 0.702247191011236 0.32142857142857145 0.6432584269662921
1 0.2892857142857143 0.7148876404494382 0.2857142857142857 0.7682584269662921 0.3119047619047619 0.7710674157303371 0.3119047619047619 0.7148876404494382
1 0.2845238095238095 0.7865168539325843 0.28214285714285714 0.8525280898876404 0.305952380952381 0.851123595505618 0.30714285714285716 0.7921348314606742
1 0.3738095238095238 0.8160112359550562 0.375 0.8553370786516854 0.44047619047619047 0.8581460674157303 0.44166666666666665 0.8160112359550562
1 0.36547619047619045 0.7612359550561798 0.3630952380952381 0.7949438202247191 0.4226190476190476 0.7949438202247191 0.425 0.7598314606741573
1 0.37857142857142856 0.7275280898876404 0.375 0.7556179775280899 0.4369047619047619 0.7556179775280899 0.4392857142857143 0.7303370786516854
1 0.37976190476190474 0.7008426966292135 0.3773809523809524 0.7303370786516854 0.44166666666666665 0.726123595505618 0.44166666666666665 0.6924157303370787
1 0.3821428571428571 0.6643258426966292 0.37857142857142856 0.6952247191011236 0.44166666666666665 0.6938202247191011 0.444047619047619 0.6615168539325843
1 0.38452380952380955 0.6320224719101124 0.39166666666666666 0.6587078651685393 0.4392857142857143 0.6530898876404494 0.43452380952380953 0.625
1 0.37857142857142856 0.5730337078651685 0.375 0.5955056179775281 0.4226190476190476 0.5969101123595506 0.42142857142857143 0.5716292134831461
4 0.6202380952380953 0.6629213483146067 0.6202380952380953 0.6882022471910112 0.6714285714285714 0.6867977528089888 0.6714285714285714 0.6558988764044944
1 0.7583333333333333 0.7851123595505618 0.7654761904761904 0.8398876404494382 0.7916666666666666 0.8370786516853933 0.7869047619047619 0.7837078651685393
1 0.6273809523809524 0.6924157303370787 0.625 0.7247191011235955 0.680952380952381 0.7191011235955056 0.6833333333333333 0.6910112359550562
1 0.6166666666666667 0.6348314606741573 0.6190476190476191 0.6601123595505618 0.675 0.6530898876404494 0.6702380952380952 0.6292134831460674
1 0.6273809523809524 0.601123595505618 0.6238095238095238 0.6306179775280899 0.6714285714285714 0.6306179775280899 0.6773809523809524 0.6067415730337079
1 0.6273809523809524 0.5603932584269663 0.6154761904761905 0.5912921348314607 0.6654761904761904 0.6039325842696629 0.6761904761904762 0.5786516853932584
1 0.7333333333333333 0.5519662921348315 0.7357142857142858 0.6025280898876404 0.7559523809523809 0.6025280898876404 0.7547619047619047 0.5519662921348315
1 0.7428571428571429 0.6474719101123596 0.7488095238095238 0.7050561797752809 0.7726190476190476 0.7008426966292135 0.7654761904761904 0.6474719101123596
1 0.4773809523809524 0.5323033707865169 0.48214285714285715 0.5814606741573034 0.5047619047619047 0.5800561797752809 0.4988095238095238 0.526685393258427
1 0.513095238095238 0.5308988764044944 0.5095238095238095 0.5828651685393258 0.5297619047619048 0.5800561797752809 0.5321428571428571 0.5308988764044944
1 0.5392857142857143 0.5308988764044944 0.5404761904761904 0.5730337078651685 0.5619047619047619 0.574438202247191 0.5583333333333333 0.5308988764044944
1 0.5678571428571428 0.5210674157303371 0.5678571428571428 0.5716292134831461 0.5916666666666667 0.5716292134831461 0.5904761904761905 0.523876404494382
1 0.5988095238095238 0.523876404494382 0.6011904761904762 0.5716292134831461 0.6261904761904762 0.5716292134831461 0.6178571428571429 0.523876404494382