1 0.37976190476190474 0.15870786516853932 0.39166666666666666 0.16573033707865167 0.375 0.19662921348314608 0.35833333333333334 0.1853932584269663
1 0.4023809523809524 0.15870786516853932 0.4166666666666667 0.16713483146067415 0.3976190476190476 0.20084269662921347 0.38333333333333336 0.1896067415730337
1 0.4238095238095238 0.16573033707865167 0.4011904761904762 0.199438202247191 0.41904761904761906 0.21067415730337077 0.4380952380952381 0.175561797752809
1 0.44761904761904764 0.17415730337078653 0.4261904761904762 0.20365168539325842 0.44166666666666665 0.21629213483146068 0.46190476190476193 0.18258426966292135
1 0.5095238095238095 0.19803370786516855 0.49166666666666664 0.22612359550561797 0.5071428571428571 0.23314606741573032 0.5226190476190476 0.20365168539325842
1 0.555952380952381 0.21067415730337077 0.5392857142857143 0.2443820224719101 0.5523809523809524 0.25280898876404495 0.5702380952380952 0.21769662921348315
1 0.33214285714285713 0.22331460674157302 0.319047619047619 0.24859550561797752 0.33214285714285713 0.25280898876404495 0.34523809523809523 0.22752808988764045
1 0.3535714285714286 0.22752808988764045 0.33690476190476193 0.25702247191011235 0.3523809523809524 0.26264044943820225 0.36666666666666664 0.23314606741573032
1 0.30833333333333335 0.25140449438202245 0.2904761904761905 0.28370786516853935 0.305952380952381 0.2907303370786517 0.325 0.2598314606741573
1 0.24523809523809523 0.30337078651685395 0.2226190476190476 0.3356741573033708 0.23809523809523808 0.34691011235955055 0.26071428571428573 0.3146067415730337
1 0.2642857142857143 0.31320224719101125 0.24285714285714285 0.34691011235955055 0.26071428571428573 0.3553370786516854 0.2785714285714286 0.32162921348314605
1 0.2357142857142857 0.30337078651685395 0.21428571428571427 0.3356741573033708 0.1976190476190476 0.324438202247191 0.22023809523809523 0.2949438202247191
1 0.2904761904761905 0.324438202247191 0.2702380952380952 0.3539325842696629 0.2833333333333333 0.36235955056179775 0.30238095238095236 0.3300561797752809
1 0.30714285714285716 0.3356741573033708 0.2916666666666667 0.3637640449438202 0.3047619047619048 0.3707865168539326 0.32142857142857145 0.34269662921348315
1 0.3333333333333333 0.34129213483146065 0.31547619047619047 0.3707865168539326 0.33214285714285713 0.37780898876404495 0.3488095238095238 0.34691011235955055
1 0.3738095238095238 0.3539325842696629 0.35714285714285715 0.3904494382022472 0.375 0.39747191011235955 0.3892857142857143 0.3595505617977528
1 0.4023809523809524 0.35814606741573035 0.37857142857142856 0.39185393258426965 0.3964285714285714 0.4044943820224719 0.41904761904761906 0.3693820224719101
1 0.36666666666666664 0.27247191011235955 0.35 0.30758426966292135 0.3357142857142857 0.300561797752809 0.3523809523809524 0.2654494382022472
1 0.3761904761904762 0.27247191011235955 0.35833333333333334 0.3103932584269663 0.3726190476190476 0.3160112359550562 0.3904761904761905 0.2808988764044944
1 0.3976190476190476 0.2443820224719101 0.38333333333333336 0.26825842696629215 0.3976190476190476 0.2752808988764045 0.4119047619047619 0.25280898876404495
1 0.425 0.25 0.40714285714285714 0.27668539325842695 0.42142857142857143 0.28370786516853935 0.4369047619047619 0.25702247191011235
1 0.44761904761904764 0.25702247191011235 0.42738095238095236 0.2851123595505618 0.44166666666666665 0.2949438202247191 0.4607142857142857 0.26685393258426965
1 0.4666666666666667 0.26685393258426965 0.4488095238095238 0.29634831460674155 0.4630952380952381 0.3047752808988764 0.4785714285714286 0.27247191011235955
1 0.4928571428571429 0.2710674157303371 0.475 0.300561797752809 0.48928571428571427 0.3103932584269663 0.5071428571428571 0.2794943820224719
1 0.5154761904761904 0.27668539325842695 0.49642857142857144 0.3103932584269663 0.5119047619047619 0.31741573033707865 0.5297619047619048 0.2851123595505618
1 0.40714285714285714 0.28370786516853935 0.38571428571428573 0.3103932584269663 0.3976190476190476 0.3188202247191011 0.42023809523809524 0.29213483146067415
1 0.4226190476190476 0.28792134831460675 0.4035714285714286 0.3202247191011236 0.4238095238095238 0.33146067415730335 0.44166666666666665 0.29775280898876405
1 0.44642857142857145 0.2991573033707865 0.42857142857142855 0.3342696629213483 0.44166666666666665 0.34269662921348315 0.4607142857142857 0.3061797752808989
1 0.46904761904761905 0.30758426966292135 0.45357142857142857 0.33848314606741575 0.46785714285714286 0.3455056179775281 0.48214285714285715 0.3146067415730337
1 0.48928571428571427 0.31741573033707865 0.4726190476190476 0.34691011235955055 0.4880952380952381 0.3539325842696629 0.5035714285714286 0.32303370786516855
1 0.5166666666666667 0.32303370786516855 0.4976190476190476 0.35674157303370785 0.513095238095238 0.3637640449438202 0.5321428571428571 0.32865168539325845
1 0.5416666666666666 0.32724719101123595 0.5226190476190476 0.3637640449438202 0.5380952380952381 0.3707865168539326 0.5547619047619048 0.3342696629213483
1 0.5607142857142857 0.300561797752809 0.5488095238095239 0.32724719101123595 0.5630952380952381 0.33146067415730335 0.575 0.3047752808988764
1 0.5916666666666667 0.3061797752808989 0.5714285714285714 0.33707865168539325 0.5845238095238096 0.3441011235955056 0.6047619047619047 0.31320224719101125
1 0.5654761904761905 0.3398876404494382 0.5476190476190477 0.37219101123595505 0.5630952380952381 0.3806179775280899 0.5773809523809523 0.34831460674157305
1 0.5952380952380952 0.34831460674157305 0.575 0.3848314606741573 0.5892857142857143 0.39185393258426965 0.6095238095238096 0.3553370786516854
1 0.6440476190476191 0.32303370786516855 0.6226190476190476 0.3553370786516854 0.6392857142857142 0.3651685393258427 0.6571428571428571 0.33146067415730335
1 0.6202380952380953 0.35674157303370785 0.6011904761904762 0.39185393258426965 0.6154761904761905 0.40168539325842695 0.6345238095238095 0.3637640449438202
1 0.6428571428571429 0.36657303370786515 0.6297619047619047 0.40168539325842695 0.6488095238095238 0.40870786516853935 0.6595238095238095 0.3707865168539326
1 0.6785714285714286 0.37219101123595505 0.6607142857142857 0.4157303370786517 0.6797619047619048 0.425561797752809 0.6964285714285714 0.3806179775280899
1 0.6547619047619048 0.23876404494382023 0.6357142857142857 0.2710674157303371 0.6511904761904762 0.2808988764044944 0.669047619047619 0.24719101123595505
1 0.6083333333333333 0.43679775280898875 0.5916666666666667 0.4747191011235955 0.6083333333333333 0.4803370786516854 0.625 0.4438202247191011
1 0.6357142857142857 0.44662921348314605 0.6178571428571429 0.48735955056179775 0.6357142857142857 0.4943820224719101 0.6523809523809524 0.45365168539325845
1 0.6666666666666666 0.45786516853932585 0.6452380952380953 0.5 0.6654761904761904 0.5070224719101124 0.6857142857142857 0.46629213483146065
1 0.7023809523809523 0.2598314606741573 0.6845238095238095 0.2949438202247191 0.7035714285714286 0.300561797752809 0.7202380952380952 0.2654494382022472
1 0.7321428571428571 0.2612359550561798 0.7166666666666667 0.2991573033707865 0.7333333333333333 0.3061797752808989 0.7476190476190476 0.2696629213483146
1 0.7833333333333333 0.2808988764044944 0.7690476190476191 0.3146067415730337 0.7857142857142857 0.3202247191011236 0.7988095238095239 0.28651685393258425
1 0.8130952380952381 0.2893258426966292 0.7952380952380952 0.32724719101123595 0.8119047619047619 0.3342696629213483 0.8285714285714286 0.29775280898876405
1 0.8404761904761905 0.300561797752809 0.825 0.3356741573033708 0.8416666666666667 0.34129213483146065 0.8535714285714285 0.3047752808988764
1 0.8678571428571429 0.300561797752809 0.8547619047619047 0.3455056179775281 0.8761904761904762 0.35252808988764045 0.8845238095238095 0.3061797752808989
1 0.8333333333333334 0.38342696629213485 0.8214285714285714 0.41713483146067415 0.8392857142857143 0.42275280898876405 0.85 0.3904494382022472
1 0.805952380952381 0.37359550561797755 0.7904761904761904 0.4058988764044944 0.8107142857142857 0.4143258426966292 0.8226190476190476 0.3792134831460674
1 0.7880952380952381 0.4058988764044944 0.7714285714285715 0.44662921348314605 0.7916666666666666 0.45786516853932585 0.8095238095238095 0.41292134831460675
1 0.7619047619047619 0.398876404494382 0.7464285714285714 0.4396067415730337 0.7619047619047619 0.44662921348314605 0.7773809523809524 0.4058988764044944
1 0.7333333333333333 0.3890449438202247 0.7178571428571429 0.42837078651685395 0.7345238095238096 0.43679775280898875 0.7511904761904762 0.398876404494382
1 0.725 0.34129213483146065 0.7095238095238096 0.375 0.7285714285714285 0.38202247191011235 0.7428571428571429 0.351123595505618
1 0.7095238095238096 0.375 0.6904761904761905 0.41853932584269665 0.7083333333333334 0.425561797752809 0.7261904761904762 0.38342696629213485
1 0.7797619047619048 0.3595505617977528 0.763095238095238 0.398876404494382 0.7845238095238095 0.40730337078651685 0.7976190476190477 0.36657303370786515
1 0.694047619047619 0.46629213483146065 0.6785714285714286 0.5042134831460674 0.6976190476190476 0.5140449438202247 0.7130952380952381 0.4747191011235955
1 0.7535714285714286 0.4859550561797753 0.736904761904762 0.5280898876404494 0.7583333333333333 0.5365168539325843 0.775 0.4943820224719101
1 0.7857142857142857 0.4943820224719101 0.7714285714285715 0.5393258426966292 0.7928571428571428 0.547752808988764 0.805952380952381 0.5028089887640449
1 0.1523809523809524 0.7373595505617978 0.125 0.7949438202247191 0.14404761904761904 0.8033707865168539 0.17023809523809524 0.7471910112359551
1 0.18571428571428572 0.7556179775280899 0.15595238095238095 0.8061797752808989 0.1773809523809524 0.8174157303370787 0.20476190476190476 0.7668539325842697
1 0.32857142857142857 0.8174157303370787 0.30238095238095236 0.8581460674157303 0.3202380952380952 0.8679775280898876 0.34523809523809523 0.827247191011236
1 0.35714285714285715 0.8314606741573034 0.3333333333333333 0.8679775280898876 0.3488095238095238 0.8806179775280899 0.3726190476190476 0.8426966292134831
1 0.7547619047619047 0.8132022471910112 0.8130952380952381 0.8356741573033708 0.8023809523809524 0.8665730337078652 0.7452380952380953 0.8441011235955056
1 0.7583333333333333 0.7823033707865169 0.8095238095238095 0.8019662921348315 0.8023809523809524 0.8314606741573034 0.7488095238095238 0.8089887640449438
4 0.7357142857142858 0.7654494382022472 0.8023809523809524 0.7907303370786517 0.8095238095238095 0.7668539325842697 0.7428571428571429 0.7401685393258427
1 0.2714285714285714 0.19382022471910113 0.29642857142857143 0.2050561797752809 0.30357142857142855 0.19101123595505617 0.2785714285714286 0.17837078651685392