1 0.5630952380952381 0.2247191011235955 0.5178571428571429 0.2612359550561798 0.5345238095238095 0.28370786516853935 0.5797619047619048 0.24859550561797752
4 0.5464285714285714 0.20224719101123595 0.49404761904761907 0.23876404494382023 0.475 0.20786516853932585 0.5297619047619048 0.1699438202247191
1 0.5095238095238095 0.18820224719101122 0.4714285714285714 0.21067415730337077 0.4583333333333333 0.18820224719101122 0.4988095238095238 0.16432584269662923
1 0.29285714285714287 0.1853932584269663 0.26904761904761904 0.14185393258426968 0.2916666666666667 0.12921348314606743 0.3142857142857143 0.17415730337078653
1 0.31547619047619047 0.23876404494382023 0.29404761904761906 0.19382022471910113 0.3130952380952381 0.18117977528089887 0.33690476190476193 0.22752808988764045
1 0.3464285714285714 0.29634831460674155 0.32261904761904764 0.24578651685393257 0.3416666666666667 0.23735955056179775 0.36547619047619045 0.28651685393258425
1 0.3738095238095238 0.34691011235955055 0.3523809523809524 0.3047752808988764 0.37023809523809526 0.29353932584269665 0.39285714285714285 0.3342696629213483
1 0.40476190476190477 0.4002808988764045 0.3773809523809524 0.35252808988764045 0.3976190476190476 0.33707865168539325 0.4261904761904762 0.3862359550561798
1 0.4785714285714286 0.32162921348314605 0.42857142857142855 0.3342696629213483 0.4226190476190476 0.3047752808988764 0.475 0.29353932584269665
1 0.49642857142857144 0.3967696629213483 0.047619047619047616 0.023876404494382022
4 0.5136904761904761 0.4487359550561798 0.07023809523809524 0.0351123595505618
1 0.5470238095238096 0.4922752808988764 0.055952380952380955 0.026685393258426966
1 0.6214285714285714 0.5814606741573034 0.5571428571428572 0.574438202247191 0.5619047619047619 0.5435393258426966 0.6238095238095238 0.5519662921348315
1 0.6333333333333333 0.6179775280898876 0.5726190476190476 0.6095505617977528 0.5761904761904761 0.5786516853932584 0.6345238095238095 0.5856741573033708
1 0.4369047619047619 0.4606741573033708 0.45357142857142857 0.45224719101123595 0.4297619047619048 0.4058988764044944 0.4107142857142857 0.4157303370786517
1 0.44166666666666665 0.4789325842696629 0.46904761904761905 0.5294943820224719 0.4869047619047619 0.5182584269662921 0.4607142857142857 0.46769662921348315
1 0.4714285714285714 0.5435393258426966 0.5011904761904762 0.5941011235955056 0.5190476190476191 0.5828651685393258 0.49166666666666664 0.5308988764044944
1 0.5059523809523809 0.6137640449438202 0.5369047619047619 0.6587078651685393 0.5547619047619048 0.648876404494382 0.5273809523809524 0.598314606741573
1 0.5392857142857143 0.675561797752809 0.5726190476190476 0.7303370786516854 0.5928571428571429 0.7176966292134831 0.5630952380952381 0.6573033707865169
1 0.6761904761904762 0.7198033707865169 0.06428571428571428 0.037921348314606744
1 0.5702380952380952 0.75 0.6011904761904762 0.8075842696629213 0.6226190476190476 0.7935393258426966 0.5892857142857143 0.7345505617977528
1 0.7095238095238096 0.7780898876404494 0.6583333333333333 0.7696629213483146 0.6619047619047619 0.7429775280898876 0.7119047619047619 0.75
1 0.75 0.824438202247191 0.6821428571428572 0.8132022471910112 0.6869047619047619 0.7823033707865169 0.7535714285714286 0.797752808988764
1 0.7666666666666667 0.8679775280898876 0.7738095238095238 0.8384831460674157 0.7095238095238096 0.8202247191011236 0.7023809523809523 0.8525280898876404
1 0.6023809523809524 0.8103932584269663 0.638095238095238 0.8735955056179775 0.6583333333333333 0.8595505617977528 0.625 0.800561797752809
1 0.27380952380952384 0.7752808988764045 0.3 0.8426966292134831 0.32261904761904764 0.8286516853932584 0.29642857142857143 0.7640449438202247
1 0.27380952380952384 0.7275280898876404 0.2154761904761905 0.7542134831460674 0.20476190476190476 0.7275280898876404 0.2630952380952381 0.7008426966292135
1 0.2571428571428571 0.6825842696629213 0.20238095238095238 0.7134831460674157 0.19166666666666668 0.6896067415730337 0.24404761904761904 0.6587078651685393
1 0.24523809523809523 0.6039325842696629 0.225 0.6179775280898876 0.1976190476190476 0.5646067415730337 0.21666666666666667 0.5519662921348315
1 0.20476190476190476 0.5351123595505618 0.18452380952380953 0.550561797752809 0.15714285714285714 0.49719101123595505 0.1773809523809524 0.4845505617977528
1 0.16904761904761906 0.4691011235955056 0.14761904761904762 0.4845505617977528 0.12261904761904761 0.4311797752808989 0.14642857142857144 0.4157303370786517
1 0.14404761904761904 0.4157303370786517 0.12261904761904761 0.42837078651685395 0.10119047619047619 0.37640449438202245 0.12261904761904761 0.3651685393258427