3 0.8297619047619048 0.3792134831460674 0.7892857142857143 0.48174157303370785 0.7535714285714286 0.46207865168539325 0.7988095238095239 0.36235955056179775
4 0.7595238095238095 0.1952247191011236 0.8130952380952381 0.24859550561797752 0.8369047619047619 0.21769662921348315 0.7785714285714286 0.16432584269662923
4 0.7523809523809524 0.24859550561797752 0.805952380952381 0.30337078651685395 0.825 0.2710674157303371 0.7738095238095238 0.2205056179775281
3 0.6511904761904762 0.41853932584269665 0.7297619047619047 0.5 0.7547619047619047 0.45786516853932585 0.6773809523809524 0.3862359550561798
3 0.6904761904761905 0.34129213483146065 0.7654761904761904 0.39325842696629215 0.7476190476190476 0.4311797752808989 0.6714285714285714 0.37780898876404495
3 0.7083333333333334 0.3047752808988764 0.7964285714285714 0.35674157303370785 0.7773809523809524 0.39325842696629215 0.6916666666666667 0.34129213483146065
3 0.7297619047619047 0.2949438202247191 0.794047619047619 0.3609550561797753 0.8142857142857143 0.32724719101123595 0.7511904761904762 0.2640449438202247
3 0.6035714285714285 0.2991573033707865 0.675 0.3792134831460674 0.6476190476190476 0.41151685393258425 0.5738095238095238 0.33146067415730335
3 0.7166666666666667 0.2345505617977528 0.6488095238095238 0.32303370786516855 0.675 0.34691011235955055 0.7428571428571429 0.2612359550561798
3 0.680952380952381 0.22331460674157302 0.6202380952380953 0.28651685393258425 0.6428571428571429 0.3160112359550562 0.6988095238095238 0.24859550561797752
3 0.6428571428571429 0.19803370786516855 0.5892857142857143 0.26825842696629215 0.6142857142857143 0.2907303370786517 0.6654761904761904 0.22191011235955055
3 0.7107142857142857 0.2247191011235955 0.7654761904761904 0.15730337078651685 0.7428571428571429 0.13202247191011235 0.6869047619047619 0.20084269662921347
3 0.5738095238095238 0.25702247191011235 0.6297619047619047 0.18679775280898878 0.6071428571428571 0.16292134831460675 0.5511904761904762 0.23174157303370788
3 0.669047619047619 0.19662921348314608 0.7226190476190476 0.13342696629213482 0.7011904761904761 0.10814606741573034 0.6464285714285715 0.17275280898876405
4 0.5321428571428571 0.22893258426966293 0.5892857142857143 0.16573033707865167 0.5678571428571428 0.13342696629213482 0.5107142857142857 0.19803370786516855
4 0.5 0.19241573033707865 0.55 0.13623595505617977 0.530952380952381 0.10814606741573034 0.4773809523809524 0.16151685393258428