1 0.5178571428571429 0.6896067415730337 0.4797619047619048 0.7036516853932584 0.49166666666666664 0.726123595505618 0.5285714285714286 0.7106741573033708
1 0.530952380952381 0.7148876404494382 0.4928571428571429 0.7289325842696629 0.5047619047619047 0.7514044943820225 0.5416666666666666 0.7359550561797753
1 0.5452380952380952 0.7443820224719101 0.5071428571428571 0.7584269662921348 0.5190476190476191 0.7808988764044944 0.555952380952381 0.7654494382022472
1 0.5630952380952381 0.7724719101123596 0.525 0.7865168539325843 0.5369047619047619 0.8089887640449438 0.5738095238095238 0.7935393258426966
1 0.5833333333333334 0.8019662921348315 0.5404761904761904 0.8216292134831461 0.5523809523809524 0.8441011235955056 0.5904761904761905 0.8258426966292135
1 0.6607142857142857 0.6825842696629213 0.6178571428571429 0.702247191011236 0.6297619047619047 0.7247191011235955 0.6678571428571428 0.7064606741573034
1 0.375 0.4241573033707865 0.33214285714285713 0.4438202247191011 0.34404761904761905 0.46629213483146065 0.3821428571428571 0.44803370786516855
1 0.5023809523809524 0.27668539325842695 0.4595238095238095 0.29634831460674155 0.4714285714285714 0.3188202247191011 0.5095238095238095 0.300561797752809
1 0.40714285714285714 0.3202247191011236 0.36428571428571427 0.3398876404494382 0.3761904761904762 0.36235955056179775 0.4142857142857143 0.3441011235955056
1 0.544047619047619 0.3398876404494382 0.5011904761904762 0.3595505617977528 0.513095238095238 0.38202247191011235 0.5511904761904762 0.3637640449438202
1 0.5523809523809524 0.3609550561797753 0.5095238095238095 0.3806179775280899 0.5214285714285715 0.40308988764044945 0.5595238095238095 0.3848314606741573
1 0.38452380952380955 0.2752808988764045 0.3678571428571429 0.28370786516853935 0.3821428571428571 0.3160112359550562 0.4011904761904762 0.30758426966292135
1 0.30952380952380953 0.3089887640449438 0.29285714285714287 0.31741573033707865 0.30714285714285716 0.3497191011235955 0.3261904761904762 0.34129213483146065
1 0.2130952380952381 0.3693820224719101 0.19642857142857142 0.37780898876404495 0.21071428571428572 0.4101123595505618 0.22976190476190475 0.40168539325842695
1 0.24047619047619048 0.24719101123595505 0.22380952380952382 0.2556179775280899 0.23809523809523808 0.28792134831460675 0.2571428571428571 0.2794943820224719
1 0.15833333333333333 0.14887640449438203 0.2 0.125 0.21071428571428572 0.15308988764044945 0.16785714285714284 0.17696629213483145