1 0.11071428571428571 0.601123595505618 0.13333333333333333 0.6404494382022472 0.21666666666666667 0.574438202247191 0.1880952380952381 0.5393258426966292
1 0.14523809523809525 0.7275280898876404 0.12857142857142856 0.7780898876404494 0.21785714285714286 0.8089887640449438 0.2357142857142857 0.7668539325842697
1 0.20238095238095238 0.6853932584269663 0.1869047619047619 0.7303370786516854 0.28214285714285714 0.7626404494382022 0.2916666666666667 0.7247191011235955
1 0.2523809523809524 0.6376404494382022 0.24166666666666667 0.6741573033707865 0.33214285714285713 0.7092696629213483 0.34404761904761905 0.672752808988764
1 0.30833333333333335 0.5884831460674157 0.3011904761904762 0.6193820224719101 0.3892857142857143 0.6587078651685393 0.39880952380952384 0.6179775280898876
1 0.23214285714285715 0.49859550561797755 0.25952380952380955 0.5337078651685393 0.33690476190476193 0.4648876404494382 0.3119047619047619 0.4353932584269663
1 0.3333333333333333 0.33848314606741575 0.3380952380952381 0.4508426966292135 0.3726190476190476 0.449438202247191 0.3726190476190476 0.33707865168539325
1 0.4011904761904762 0.5028089887640449 0.39285714285714285 0.5533707865168539 0.4869047619047619 0.5688202247191011 0.49404761904761907 0.5280898876404494
1 0.45714285714285713 0.45365168539325845 0.444047619047619 0.5 0.5416666666666666 0.526685393258427 0.5476190476190477 0.4901685393258427
1 0.5095238095238095 0.41292134831460675 0.4976190476190476 0.4550561797752809 0.5702380952380952 0.48174157303370785 0.5821428571428572 0.44241573033707865
1 0.5452380952380952 0.3595505617977528 0.5321428571428571 0.3946629213483146 0.6154761904761905 0.43679775280898875 0.6369047619047619 0.3946629213483146
1 0.6011904761904762 0.3089887640449438 0.5880952380952381 0.351123595505618 0.6726190476190477 0.38764044943820225 0.6845238095238095 0.351123595505618
1 0.4738095238095238 0.2851123595505618 0.4988095238095238 0.3160112359550562 0.5678571428571428 0.2612359550561798 0.5464285714285714 0.2303370786516854
1 0.6214285714285714 0.16573033707865167 0.5619047619047619 0.2148876404494382 0.5869047619047619 0.23876404494382023 0.6392857142857142 0.18820224719101122
1 0.7773809523809524 0.14606741573033707 0.7619047619047619 0.1896067415730337 0.8559523809523809 0.22191011235955055 0.8726190476190476 0.175561797752809