1 0.17857142857142858 0.34269662921348315 0.19523809523809524 0.3441011235955056 0.19404761904761905 0.375 0.1761904761904762 0.37359550561797755
1 0.12857142857142856 0.3342696629213483 0.14523809523809525 0.3342696629213483 0.14642857142857144 0.3637640449438202 0.12857142857142856 0.36657303370786515
1 0.11666666666666667 0.6446629213483146 0.15357142857142858 0.6418539325842697 0.15357142857142858 0.6165730337078652 0.11666666666666667 0.6165730337078652
1 0.10119047619047619 0.6769662921348315 0.14523809523809525 0.6783707865168539 0.14404761904761904 0.651685393258427 0.10119047619047619 0.6460674157303371
1 0.38571428571428573 0.8258426966292135 0.45 0.8258426966292135 0.45 0.8567415730337079 0.3869047619047619 0.8581460674157303
1 0.5273809523809524 0.7879213483146067 0.5928571428571429 0.7865168539325843 0.5916666666666667 0.75 0.5285714285714286 0.7514044943820225
1 0.5357142857142857 0.7303370786516854 0.594047619047619 0.7275280898876404 0.5976190476190476 0.7556179775280899 0.5369047619047619 0.7570224719101124
1 0.5333333333333333 0.7008426966292135 0.5904761904761905 0.7008426966292135 0.5904761904761905 0.7331460674157303 0.5321428571428571 0.7317415730337079
1 0.3880952380952381 0.7064606741573034 0.4452380952380952 0.7050561797752809 0.444047619047619 0.6769662921348315 0.3880952380952381 0.675561797752809
1 0.5321428571428571 0.6797752808988764 0.5833333333333334 0.6769662921348315 0.5821428571428572 0.6474719101123596 0.5297619047619048 0.651685393258427
1 0.38452380952380955 0.6348314606741573 0.4392857142857143 0.6320224719101124 0.4357142857142857 0.6067415730337079 0.38571428571428573 0.6081460674157303
1 0.5273809523809524 0.6418539325842697 0.5821428571428572 0.6362359550561798 0.5821428571428572 0.6067415730337079 0.5285714285714286 0.6137640449438202
1 0.5333333333333333 0.5842696629213483 0.5857142857142857 0.5828651685393258 0.5857142857142857 0.6095505617977528 0.5333333333333333 0.6123595505617978
1 0.5321428571428571 0.5575842696629213 0.5821428571428572 0.5589887640449438 0.5821428571428572 0.5884831460674157 0.5321428571428571 0.5884831460674157
1 0.4035714285714286 0.4058988764044944 0.45357142857142857 0.4058988764044944 0.4511904761904762 0.38202247191011235 0.4035714285714286 0.38202247191011235
1 0.39166666666666666 0.5519662921348315 0.4452380952380952 0.5533707865168539 0.44166666666666665 0.526685393258427 0.3904761904761905 0.526685393258427
1 0.5238095238095238 0.5449438202247191 0.5773809523809523 0.5393258426966292 0.575 0.5098314606741573 0.5238095238095238 0.5140449438202247
1 0.5297619047619048 0.4901685393258427 0.5726190476190476 0.4901685393258427 0.5702380952380952 0.46207865168539325 0.5285714285714286 0.46629213483146065
1 0.5190476190476191 0.43679775280898875 0.569047619047619 0.43679775280898875 0.5714285714285714 0.4592696629213483 0.5166666666666667 0.46348314606741575
1 0.5214285714285715 0.41853932584269665 0.5714285714285714 0.41713483146067415 0.5738095238095238 0.4396067415730337 0.5238095238095238 0.4396067415730337
1 0.5226190476190476 0.4002808988764045 0.5678571428571428 0.4002808988764045 0.5678571428571428 0.4199438202247191 0.5238095238095238 0.4199438202247191
4 0.5261904761904762 0.37640449438202245 0.5654761904761905 0.37780898876404495 0.5666666666666667 0.398876404494382 0.5273809523809524 0.4002808988764045
1 0.85 0.38764044943820225 0.8714285714285714 0.3862359550561798 0.8809523809523809 0.42134831460674155 0.861904761904762 0.42696629213483145
1 0.8142857142857143 0.3792134831460674 0.8321428571428572 0.37780898876404495 0.8488095238095238 0.41292134831460675 0.830952380952381 0.41713483146067415
1 0.8071428571428572 0.4803370786516854 0.8345238095238096 0.4803370786516854 0.8321428571428572 0.45646067415730335 0.8035714285714286 0.45786516853932585
1 0.8130952380952381 0.5196629213483146 0.85 0.5196629213483146 0.85 0.49859550561797755 0.8095238095238095 0.49719101123595505
1 0.8452380952380952 0.6741573033707865 0.8845238095238095 0.6699438202247191 0.8809523809523809 0.6474719101123596 0.8428571428571429 0.651685393258427