0 0.6928571428571428 0.29634831460674155 0.594047619047619 0.523876404494382 0.5464285714285714 0.4957865168539326 0.6488095238095238 0.27247191011235955
1 0.3630952380952381 0.5435393258426966 0.3238095238095238 0.6334269662921348 0.2892857142857143 0.6165730337078652 0.3261904761904762 0.5252808988764045
1 0.30238095238095236 0.6783707865168539 0.25357142857142856 0.7710674157303371 0.22857142857142856 0.7514044943820225 0.275 0.6587078651685393
1 0.24642857142857144 0.8019662921348315 0.2154761904761905 0.8806179775280899 0.175 0.8539325842696629 0.20833333333333334 0.773876404494382
1 0.4785714285714286 0.3047752808988764 0.44166666666666665 0.39747191011235955 0.4035714285714286 0.3806179775280899 0.4357142857142857 0.2893258426966292
1 0.5261904761904762 0.20646067415730338 0.48333333333333334 0.2907303370786517 0.44761904761904764 0.273876404494382 0.48928571428571427 0.18679775280898878
1 0.5797619047619048 0.11235955056179775 0.5369047619047619 0.19101123595505617 0.49523809523809526 0.17275280898876405 0.5345238095238095 0.09831460674157304
1 0.430952380952381 0.11657303370786516 0.3773809523809524 0.20786516853932585 0.3416666666666667 0.1896067415730337 0.39166666666666666 0.09831460674157304
1 0.3464285714285714 0.2345505617977528 0.30952380952380953 0.3160112359550562 0.2773809523809524 0.300561797752809 0.3142857142857143 0.2148876404494382
1 0.2988095238095238 0.34129213483146065 0.25476190476190474 0.43258426966292135 0.21785714285714286 0.40870786516853935 0.25833333333333336 0.32303370786516855
1 0.23452380952380952 0.4606741573033708 0.1880952380952381 0.5589887640449438 0.15595238095238095 0.5323033707865169 0.20357142857142857 0.4410112359550562
1 0.1738095238095238 0.5856741573033708 0.11785714285714285 0.6896067415730337 0.08928571428571429 0.6615168539325843 0.14285714285714285 0.5646067415730337
1 0.11190476190476191 0.30758426966292135 0.15119047619047618 0.41713483146067415 0.10952380952380952 0.43679775280898875 0.075 0.33286516853932585
1 0.14523809523809525 0.26685393258426965 0.18333333333333332 0.3441011235955056 0.1488095238095238 0.36797752808988765 0.11428571428571428 0.2851123595505618
1 0.1738095238095238 0.21910112359550563 0.2154761904761905 0.3103932584269663 0.18452380952380953 0.324438202247191 0.14404761904761904 0.2401685393258427
1 0.20595238095238094 0.16151685393258428 0.24523809523809523 0.25 0.21785714285714286 0.26825842696629215 0.1761904761904762 0.18398876404494383
1 0.1976190476190476 0.12640449438202248 0.24166666666666667 0.19241573033707865 0.2714285714285714 0.16853932584269662 0.22857142857142856 0.10533707865168539