1 0.1619047619047619 0.39325842696629215 0.17857142857142858 0.41292134831460675 0.22857142857142856 0.34831460674157305 0.20833333333333334 0.32865168539325845
1 0.22023809523809523 0.3202247191011236 0.2392857142857143 0.3398876404494382 0.28809523809523807 0.28370786516853935 0.26785714285714285 0.26264044943820225
1 0.26666666666666666 0.2598314606741573 0.2892857142857143 0.2851123595505618 0.3404761904761905 0.2247191011235955 0.31547619047619047 0.20224719101123595
1 0.1595238095238095 0.42696629213483145 0.1392857142857143 0.4044943820224719 0.0988095238095238 0.45365168539325845 0.12023809523809524 0.48174157303370785
1 0.31785714285714284 0.20084269662921347 0.3416666666666667 0.22331460674157302 0.39404761904761904 0.16292134831460675 0.37023809523809526 0.1404494382022472
1 0.16785714285714284 0.18258426966292135 0.18928571428571428 0.20786516853932585 0.1380952380952381 0.26825842696629215 0.12023809523809524 0.24157303370786518
1 0.18571428571428572 0.16573033707865167 0.20476190476190476 0.1896067415730337 0.2642857142857143 0.13202247191011235 0.24404761904761904 0.11235955056179775
3 0.23095238095238096 0.7134831460674157 0.2642857142857143 0.7457865168539326 0.14642857142857144 0.8792134831460674 0.12023809523809524 0.8469101123595506
3 0.3619047619047619 0.6699438202247191 0.39166666666666666 0.702247191011236 0.49047619047619045 0.5702247191011236 0.45714285714285713 0.5407303370786517
3 0.5190476190476191 0.45646067415730335 0.5547619047619048 0.49859550561797755 0.6488095238095238 0.37219101123595505 0.6154761904761905 0.3441011235955056
3 0.46904761904761905 0.41713483146067415 0.4928571428571429 0.44241573033707865 0.5571428571428572 0.37219101123595505 0.530952380952381 0.3441011235955056
3 0.5535714285714286 0.324438202247191 0.575 0.351123595505618 0.6416666666666667 0.2794943820224719 0.6107142857142858 0.25140449438202245
3 0.6416666666666667 0.2205056179775281 0.6702380952380952 0.24859550561797752 0.7642857142857142 0.13764044943820225 0.7357142857142858 0.11095505617977527
3 0.7095238095238096 0.2443820224719101 0.7357142857142858 0.273876404494382 0.7976190476190477 0.20646067415730338 0.7714285714285715 0.1797752808988764