1 0.85 0.34269662921348315 0.8523809523809524 0.36657303370786515 0.8964285714285715 0.3693820224719101 0.8928571428571429 0.34129213483146065
1 0.8821428571428571 0.375 0.861904761904762 0.38202247191011235 0.8857142857142857 0.4143258426966292 0.8952380952380953 0.40168539325842695
1 0.8488095238095238 0.37359550561797755 0.8202380952380952 0.375 0.844047619047619 0.4157303370786517 0.8666666666666667 0.4157303370786517
1 0.805952380952381 0.37640449438202245 0.7928571428571428 0.3862359550561798 0.8166666666666667 0.4199438202247191 0.8380952380952381 0.40870786516853935
1 0.7773809523809524 0.37640449438202245 0.7559523809523809 0.3904494382022472 0.7833333333333333 0.41713483146067415 0.8 0.41151685393258425
1 0.7452380952380953 0.3792134831460674 0.7214285714285714 0.38764044943820225 0.7547619047619047 0.42134831460674155 0.7714285714285715 0.4143258426966292
1 0.7166666666666667 0.38202247191011235 0.6928571428571428 0.38764044943820225 0.7202380952380952 0.42837078651685395 0.7357142857142858 0.4143258426966292
1 0.6714285714285714 0.375 0.6535714285714286 0.3904494382022472 0.680952380952381 0.42837078651685395 0.7047619047619048 0.41713483146067415
1 0.6333333333333333 0.3904494382022472 0.611904761904762 0.3946629213483146 0.6440476190476191 0.4311797752808989 0.6595238095238095 0.4199438202247191
1 0.5892857142857143 0.3862359550561798 0.5785714285714286 0.39325842696629215 0.6047619047619047 0.4353932584269663 0.6202380952380953 0.42134831460674155
1 0.5333333333333333 0.37359550561797755 0.5023809523809524 0.38202247191011235 0.5285714285714286 0.425561797752809 0.544047619047619 0.41713483146067415
1 0.49642857142857144 0.37780898876404495 0.4726190476190476 0.3792134831460674 0.49523809523809526 0.4297752808988764 0.5142857142857142 0.4199438202247191
1 0.4642857142857143 0.3862359550561798 0.444047619047619 0.3960674157303371 0.46190476190476193 0.4297752808988764 0.4797619047619048 0.42275280898876405
1 0.4380952380952381 0.3904494382022472 0.425 0.3946629213483146 0.42738095238095236 0.42837078651685395 0.45357142857142857 0.42837078651685395
1 0.4095238095238095 0.3862359550561798 0.39285714285714285 0.3890449438202247 0.3976190476190476 0.4297752808988764 0.42142857142857143 0.4241573033707865
1 0.3821428571428571 0.3848314606741573 0.36666666666666664 0.3862359550561798 0.3738095238095238 0.425561797752809 0.3904761904761905 0.42275280898876405
1 0.35595238095238096 0.3862359550561798 0.3416666666666667 0.3890449438202247 0.35 0.41853932584269665 0.36666666666666664 0.41151685393258425
1 0.32261904761904764 0.3792134831460674 0.30714285714285716 0.3792134831460674 0.3107142857142857 0.41713483146067415 0.33095238095238094 0.4143258426966292
1 0.3345238095238095 0.3553370786516854 0.3345238095238095 0.375 0.3821428571428571 0.3693820224719101 0.37976190476190474 0.3455056179775281
1 0.33095238095238094 0.31179775280898875 0.3107142857142857 0.31179775280898875 0.3107142857142857 0.351123595505618 0.33214285714285713 0.34691011235955055
1 0.33214285714285713 0.273876404494382 0.3119047619047619 0.27668539325842695 0.3142857142857143 0.31320224719101125 0.3345238095238095 0.31179775280898875
4 0.2714285714285714 0.3595505617977528 0.25 0.3651685393258427 0.25476190476190474 0.41713483146067415 0.2773809523809524 0.40870786516853935
1 0.2630952380952381 0.13342696629213482 0.2619047619047619 0.16151685393258428 0.2833333333333333 0.15870786516853932 0.2857142857142857 0.12359550561797752
1 0.24166666666666667 0.1306179775280899 0.2369047619047619 0.16573033707865167 0.2571428571428571 0.16151685393258428 0.25595238095238093 0.12780898876404495
1 0.2119047619047619 0.12921348314606743 0.20595238095238094 0.16432584269662923 0.22380952380952382 0.16573033707865167 0.23095238095238096 0.1306179775280899
1 0.1880952380952381 0.13623595505617977 0.18214285714285713 0.17134831460674158 0.2 0.16573033707865167 0.20238095238095238 0.13764044943820225
1 0.17857142857142858 0.1348314606741573 0.16071428571428573 0.13764044943820225 0.1523809523809524 0.175561797752809 0.1738095238095238 0.1699438202247191
1 0.1523809523809524 0.13764044943820225 0.1357142857142857 0.1404494382022472 0.12738095238095237 0.17134831460674158 0.14761904761904762 0.17275280898876405
1 0.19523809523809524 0.29634831460674155 0.175 0.29634831460674155 0.17023809523809524 0.3398876404494382 0.19523809523809524 0.3356741573033708
1 0.1630952380952381 0.3047752808988764 0.14523809523809525 0.2991573033707865 0.13333333333333333 0.3455056179775281 0.15833333333333333 0.34691011235955055
1 0.13333333333333333 0.30337078651685395 0.11785714285714285 0.3047752808988764 0.11666666666666667 0.351123595505618 0.13095238095238096 0.3455056179775281
1 0.1761904761904762 0.4002808988764045 0.15833333333333333 0.4002808988764045 0.15476190476190477 0.43679775280898875 0.17261904761904762 0.43679775280898875
1 0.15119047619047618 0.40730337078651685 0.12976190476190477 0.4044943820224719 0.12380952380952381 0.449438202247191 0.14285714285714285 0.4508426966292135
1 0.12857142857142856 0.40308988764044945 0.11071428571428571 0.40308988764044945 0.10357142857142858 0.4438202247191011 0.11904761904761904 0.44241573033707865