1 0.7880952380952381 0.7289325842696629 0.7476190476190476 0.8047752808988764 0.7904761904761904 0.8258426966292135 0.8166666666666667 0.75
1 0.44166666666666665 0.398876404494382 0.4630952380952381 0.37219101123595505 0.45 0.3609550561797753 0.4261904761904762 0.3890449438202247
0 0.7047619047619048 0.5435393258426966 0.6309523809523809 0.672752808988764 0.6880952380952381 0.7050561797752809 0.7404761904761905 0.5632022471910112
3 0.7214285714285714 0.3960674157303371 0.7547619047619047 0.3441011235955056 0.7297619047619047 0.32303370786516855 0.6880952380952381 0.3848314606741573
3 0.55 0.625 0.5833333333333334 0.5491573033707865 0.5404761904761904 0.5351123595505618 0.5166666666666667 0.6137640449438202
3 0.5071428571428571 0.6193820224719101 0.5452380952380952 0.5407303370786517 0.5142857142857142 0.5280898876404494 0.4857142857142857 0.601123595505618
3 0.48095238095238096 0.6039325842696629 0.5190476190476191 0.5252808988764045 0.4869047619047619 0.5154494382022472 0.4523809523809524 0.5856741573033708
3 0.45 0.5898876404494382 0.48928571428571427 0.5224719101123596 0.4595238095238095 0.5126404494382022 0.425 0.5800561797752809
3 0.4238095238095238 0.5758426966292135 0.4642857142857143 0.5126404494382022 0.4357142857142857 0.5028089887640449 0.4035714285714286 0.5632022471910112
3 0.4023809523809524 0.44803370786516855 0.44047619047619047 0.3960674157303371 0.41309523809523807 0.3792134831460674 0.37857142857142856 0.4311797752808989
3 0.4654761904761905 0.3693820224719101 0.5047619047619047 0.3160112359550562 0.4714285714285714 0.3047752808988764 0.4452380952380952 0.34831460674157305
3 0.48928571428571427 0.31741573033707865 0.5166666666666667 0.27668539325842695 0.4880952380952381 0.26685393258426965 0.4666666666666667 0.3061797752808989
3 0.5404761904761904 0.21769662921348315 0.580952380952381 0.175561797752809 0.555952380952381 0.16713483146067415 0.5297619047619048 0.20224719101123595
3 0.16666666666666666 0.6081460674157303 0.22738095238095238 0.5800561797752809 0.21666666666666667 0.5533707865168539 0.1523809523809524 0.5800561797752809
3 0.12380952380952381 0.5224719101123596 0.19166666666666668 0.5435393258426966 0.2119047619047619 0.5112359550561798 0.14047619047619048 0.4845505617977528
3 0.2 0.4957865168539326 0.2642857142857143 0.5308988764044944 0.29285714285714287 0.5 0.21785714285714286 0.46769662921348315
3 0.20714285714285716 0.4592696629213483 0.26071428571428573 0.4943820224719101 0.2845238095238095 0.4691011235955056 0.22380952380952382 0.4396067415730337
3 0.21666666666666667 0.43820224719101125 0.275 0.47331460674157305 0.29404761904761906 0.4508426966292135 0.22857142857142856 0.42134831460674155
3 0.2369047619047619 0.425561797752809 0.2976190476190476 0.4508426966292135 0.30714285714285716 0.42696629213483145 0.24642857142857144 0.4058988764044944
3 0.24642857142857144 0.4044943820224719 0.3011904761904762 0.4311797752808989 0.3130952380952381 0.4058988764044944 0.25595238095238093 0.3862359550561798
3 0.13690476190476192 0.46629213483146065 0.1988095238095238 0.49859550561797755 0.2154761904761905 0.46348314606741575 0.14761904761904762 0.4339887640449438
3 0.12976190476190477 0.4241573033707865 0.1880952380952381 0.45224719101123595 0.20595238095238094 0.4311797752808989 0.14523809523809525 0.4058988764044944
2 0.14047619047619048 0.5800561797752809 0.21428571428571427 0.5589887640449438 0.20476190476190476 0.523876404494382 0.13452380952380952 0.547752808988764
2 0.5928571428571429 0.5014044943820225 0.6178571428571429 0.4452247191011236 0.5976190476190476 0.4396067415730337 0.5714285714285714 0.4887640449438202
2 0.5547619047619048 0.4957865168539326 0.5904761904761905 0.4452247191011236 0.5678571428571428 0.4339887640449438 0.5357142857142857 0.4803370786516854
2 0.5261904761904762 0.4901685393258427 0.5595238095238095 0.43820224719101125 0.5333333333333333 0.425561797752809 0.5035714285714286 0.4747191011235955
2 0.4928571428571429 0.48174157303370785 0.5261904761904762 0.4241573033707865 0.5023809523809524 0.41713483146067415 0.475 0.47331460674157305