3 0.1880952380952381 0.4157303370786517 0.2988095238095238 0.4859550561797753 0.2761904761904762 0.5252808988764045 0.1630952380952381 0.4550561797752809
3 0.5369047619047619 0.24859550561797752 0.6452380952380953 0.3061797752808989 0.6226190476190476 0.3553370786516854 0.5083333333333333 0.2893258426966292
3 0.5095238095238095 0.3061797752808989 0.6166666666666667 0.36797752808988765 0.5892857142857143 0.4157303370786517 0.4869047619047619 0.3455056179775281
3 0.30714285714285716 0.20084269662921347 0.39285714285714285 0.28651685393258425 0.3773809523809524 0.3146067415730337 0.2857142857142857 0.2345505617977528
3 0.3333333333333333 0.1404494382022472 0.4261904761904762 0.22893258426966293 0.4 0.2612359550561798 0.3047619047619048 0.17134831460674158
3 0.28095238095238095 0.23876404494382023 0.3678571428571429 0.3398876404494382 0.3488095238095238 0.36797752808988765 0.2523809523809524 0.2696629213483146
3 0.24642857142857144 0.29213483146067415 0.3380952380952381 0.3806179775280899 0.31785714285714284 0.41853932584269665 0.22142857142857142 0.32303370786516855
2 0.5976190476190476 0.11235955056179775 0.7166666666666667 0.1896067415730337 0.6892857142857143 0.24859550561797752 0.569047619047619 0.17275280898876405
2 0.2154761904761905 0.34691011235955055 0.30714285714285716 0.42696629213483145 0.2785714285714286 0.4705056179775281 0.18452380952380953 0.3848314606741573
2 0.3678571428571429 0.4311797752808989 0.2976190476190476 0.5491573033707865 0.34285714285714286 0.5842696629213483 0.40595238095238095 0.46207865168539325
2 0.18095238095238095 0.4901685393258427 0.2761904761904762 0.574438202247191 0.24047619047619048 0.6278089887640449 0.14404761904761904 0.5379213483146067
2 0.6726190476190477 0.34691011235955055 0.6095238095238096 0.47191011235955055 0.6583333333333333 0.5028089887640449 0.7119047619047619 0.37359550561797755
2 0.4738095238095238 0.3637640449438202 0.5845238095238096 0.43820224719101125 0.5654761904761905 0.4845505617977528 0.4523809523809524 0.4143258426966292
2 0.45 0.4297752808988764 0.5583333333333333 0.49157303370786515 0.5369047619047619 0.5365168539325843 0.4238095238095238 0.47191011235955055
2 0.42738095238095236 0.476123595505618 0.530952380952381 0.5561797752808989 0.5071428571428571 0.5997191011235955 0.40476190476190477 0.5154494382022472
2 0.3976190476190476 0.5294943820224719 0.5011904761904762 0.6081460674157303 0.475 0.648876404494382 0.3726190476190476 0.5646067415730337
2 0.36666666666666664 0.5912921348314607 0.4642857142857143 0.6587078651685393 0.444047619047619 0.702247191011236 0.34523809523809523 0.6334269662921348
2 0.33095238095238094 0.6376404494382022 0.44166666666666665 0.7191011235955056 0.42023809523809524 0.7654494382022472 0.30238095238095236 0.6825842696629213
2 0.2702380952380952 0.6825842696629213 0.3630952380952381 0.7710674157303371 0.3380952380952381 0.8174157303370787 0.2369047619047619 0.7162921348314607
2 0.8345238095238096 0.4297752808988764 0.944047619047619 0.49157303370786515 0.9273809523809524 0.5323033707865169 0.8154761904761905 0.4705056179775281
2 0.8083333333333333 0.4887640449438202 0.9142857142857143 0.5547752808988764 0.8916666666666667 0.5997191011235955 0.7857142857142857 0.5280898876404494
2 0.7833333333333333 0.547752808988764 0.8916666666666667 0.6137640449438202 0.8654761904761905 0.6544943820224719 0.7642857142857142 0.5856741573033708
2 0.7559523809523809 0.6123595505617978 0.8702380952380953 0.6825842696629213 0.8511904761904762 0.7303370786516854 0.7309523809523809 0.6530898876404494
2 0.7273809523809524 0.6769662921348315 0.8488095238095238 0.7542134831460674 0.8297619047619048 0.8019662921348315 0.7035714285714286 0.726123595505618
2 0.6892857142857143 0.7443820224719101 0.819047619047619 0.8160112359550562 0.7964285714285714 0.8609550561797753 0.6773809523809524 0.7823033707865169