1 0.49047619047619045 0.800561797752809 0.49047619047619045 0.8595505617977528 0.5142857142857142 0.8609550561797753 0.513095238095238 0.8033707865168539
1 0.4869047619047619 0.7219101123595506 0.49047619047619045 0.7808988764044944 0.5178571428571429 0.7823033707865169 0.513095238095238 0.723314606741573
1 0.49047619047619045 0.6278089887640449 0.4880952380952381 0.6811797752808989 0.513095238095238 0.6811797752808989 0.513095238095238 0.6278089887640449
1 0.4928571428571429 0.5575842696629213 0.49404761904761907 0.6067415730337079 0.5178571428571429 0.6109550561797753 0.5202380952380953 0.5561797752808989
1 0.4988095238095238 0.5042134831460674 0.5 0.5449438202247191 0.5202380952380953 0.5449438202247191 0.5142857142857142 0.5042134831460674
1 0.5011904761904762 0.39325842696629215 0.5011904761904762 0.4396067415730337 0.5214285714285715 0.43820224719101125 0.5226190476190476 0.39325842696629215
1 0.5035714285714286 0.32865168539325845 0.5047619047619047 0.36797752808988765 0.525 0.3693820224719101 0.5273809523809524 0.32865168539325845
1 0.5035714285714286 0.2808988764044944 0.5059523809523809 0.3202247191011236 0.525 0.3202247191011236 0.5226190476190476 0.28230337078651685
1 0.5059523809523809 0.2443820224719101 0.5071428571428571 0.27808988764044945 0.5214285714285715 0.27808988764044945 0.5214285714285715 0.2443820224719101
1 0.5059523809523809 0.20926966292134833 0.5035714285714286 0.24297752808988765 0.5238095238095238 0.24157303370786518 0.525 0.20786516853932585
1 0.5095238095238095 0.16573033707865167 0.5107142857142857 0.2050561797752809 0.5261904761904762 0.2050561797752809 0.5261904761904762 0.16432584269662923
4 0.5023809523809524 0.449438202247191 0.4988095238095238 0.4957865168539326 0.5142857142857142 0.4957865168539326 0.5202380952380953 0.4508426966292135
1 0.7226190476190476 0.1544943820224719 0.7309523809523809 0.1853932584269663 0.7488095238095238 0.1853932584269663 0.7452380952380953 0.1544943820224719
1 0.8119047619047619 0.19241573033707865 0.8154761904761905 0.22191011235955055 0.8345238095238096 0.2205056179775281 0.8297619047619048 0.18679775280898878
1 0.7321428571428571 0.19101123595505617 0.7309523809523809 0.22752808988764045 0.7511904761904762 0.22752808988764045 0.7511904761904762 0.19101123595505617
1 0.7380952380952381 0.2401685393258427 0.7416666666666667 0.2696629213483146 0.7583333333333333 0.273876404494382 0.7547619047619047 0.23595505617977527
1 0.7428571428571429 0.27808988764044945 0.7488095238095238 0.3188202247191011 0.7690476190476191 0.3202247191011236 0.7678571428571429 0.2794943820224719
1 0.7511904761904762 0.3258426966292135 0.7559523809523809 0.3609550561797753 0.7773809523809524 0.3595505617977528 0.7726190476190476 0.324438202247191
2 0.7583333333333333 0.36797752808988765 0.7619047619047619 0.42275280898876405 0.7880952380952381 0.42275280898876405 0.780952380952381 0.36657303370786515
1 0.7666666666666667 0.46207865168539325 0.7726190476190476 0.5084269662921348 0.794047619047619 0.5070224719101124 0.7880952380952381 0.46207865168539325
1 0.7761904761904762 0.5786516853932584 0.7821428571428571 0.625 0.8035714285714286 0.625 0.7988095238095239 0.5758426966292135
1 0.8595238095238096 0.6769662921348315 0.861904761904762 0.7317415730337079 0.8869047619047619 0.7303370786516854 0.8857142857142857 0.6769662921348315
2 0.7857142857142857 0.625 0.7880952380952381 0.6966292134831461 0.8154761904761905 0.6966292134831461 0.8154761904761905 0.6235955056179775
1 0.794047619047619 0.7359550561797753 0.7988095238095239 0.7865168539325843 0.8214285714285714 0.7865168539325843 0.8178571428571428 0.7345505617977528
1 0.8035714285714286 0.8019662921348315 0.8035714285714286 0.8595505617977528 0.8321428571428572 0.8595505617977528 0.8297619047619048 0.8019662921348315
3 0.7380952380952381 0.5702247191011236 0.7440476190476191 0.776685393258427 0.7797619047619048 0.776685393258427 0.7678571428571429 0.5702247191011236
3 0.6738095238095239 0.574438202247191 0.6761904761904762 0.6207865168539326 0.6988095238095238 0.6207865168539326 0.6952380952380952 0.5730337078651685
3 0.6630952380952381 0.28792134831460675 0.675 0.43820224719101125 0.7011904761904761 0.43820224719101125 0.6928571428571428 0.28370786516853935