1 0.41904761904761906 0.46629213483146065 0.3416666666666667 0.46629213483146065 0.33690476190476193 0.5056179775280899 0.4166666666666667 0.5126404494382022
1 0.7047619047619048 0.6924157303370787 0.7107142857142857 0.8089887640449438 0.7488095238095238 0.8103932584269663 0.7440476190476191 0.6882022471910112
4 0.6976190476190476 0.5224719101123596 0.7071428571428572 0.6474719101123596 0.7488095238095238 0.6474719101123596 0.7392857142857143 0.5224719101123596
1 0.6833333333333333 0.36657303370786515 0.6869047619047619 0.4508426966292135 0.7202380952380952 0.44803370786516855 0.7178571428571429 0.36797752808988765
1 0.4261904761904762 0.3595505617977528 0.3357142857142857 0.3595505617977528 0.3357142857142857 0.4044943820224719 0.4261904761904762 0.40308988764044945
1 0.4095238095238095 0.3089887640449438 0.33095238095238094 0.3089887640449438 0.32976190476190476 0.3497191011235955 0.4107142857142857 0.34831460674157305
1 0.42857142857142855 0.24859550561797752 0.33095238095238094 0.25140449438202245 0.33214285714285713 0.29353932584269665 0.4261904761904762 0.29353932584269665
1 0.43214285714285716 0.19662921348314608 0.34523809523809523 0.1896067415730337 0.3357142857142857 0.24157303370786518 0.4261904761904762 0.24578651685393257
4 0.33690476190476193 0.1306179775280899 0.33690476190476193 0.18679775280898878 0.4380952380952381 0.18398876404494383 0.4392857142857143 0.12921348314606743
1 0.9130952380952381 0.4691011235955056 0.8392857142857143 0.4789325842696629 0.8452380952380952 0.5224719101123596 0.919047619047619 0.5154494382022472
1 0.6785714285714286 0.24859550561797752 0.680952380952381 0.3356741573033708 0.7154761904761905 0.3356741573033708 0.7142857142857143 0.2443820224719101
1 0.6702380952380952 0.1446629213483146 0.6761904761904762 0.22752808988764045 0.7119047619047619 0.2247191011235955 0.7071428571428572 0.1446629213483146