1 0.17261904761904762 0.11657303370786516 0.1488095238095238 0.14606741573033707 0.22380952380952382 0.21067415730337077 0.25357142857142856 0.17415730337078653
1 0.2976190476190476 0.1306179775280899 0.24523809523809523 0.20786516853932585 0.2773809523809524 0.2303370786516854 0.33214285714285713 0.15589887640449437
1 0.17857142857142858 0.18398876404494383 0.11785714285714285 0.2710674157303371 0.15357142857142858 0.29353932584269665 0.21428571428571427 0.21067415730337077
1 0.1880952380952381 0.375 0.12142857142857143 0.46629213483146065 0.15833333333333333 0.49297752808988765 0.22380952380952382 0.398876404494382
1 0.4880952380952381 0.17415730337078653 0.4607142857142857 0.21067415730337077 0.5380952380952381 0.2696629213483146 0.5678571428571428 0.22893258426966293
1 0.4595238095238095 0.22191011235955055 0.4369047619047619 0.2556179775280899 0.5178571428571429 0.3089887640449438 0.5404761904761904 0.27808988764044945
1 0.4369047619047619 0.2542134831460674 0.4119047619047619 0.2907303370786517 0.48214285714285715 0.34691011235955055 0.5095238095238095 0.3146067415730337
1 0.3964285714285714 0.29353932584269665 0.36428571428571427 0.33146067415730335 0.4523809523809524 0.3946629213483146 0.48095238095238096 0.3539325842696629
1 0.49404761904761907 0.35814606741573035 0.4642857142857143 0.39325842696629215 0.5523809523809524 0.45224719101123595 0.575 0.40730337078651685
1 0.5964285714285714 0.38764044943820225 0.530952380952381 0.47331460674157305 0.5702380952380952 0.49859550561797755 0.6273809523809524 0.4058988764044944
1 0.6440476190476191 0.4101123595505618 0.5952380952380952 0.4859550561797753 0.6333333333333333 0.5098314606741573 0.6833333333333333 0.4353932584269663
1 0.655952380952381 0.3089887640449438 0.5988095238095238 0.38342696629213485 0.6285714285714286 0.40730337078651685 0.6869047619047619 0.32865168539325845
1 0.7559523809523809 0.2303370786516854 0.7035714285714286 0.3103932584269663 0.7333333333333333 0.32865168539325845 0.7833333333333333 0.25280898876404495
1 0.7047619047619048 0.30758426966292135 0.6523809523809524 0.39325842696629215 0.6845238095238095 0.41292134831460675 0.7345238095238096 0.32865168539325845
1 0.7130952380952381 0.21910112359550563 0.6523809523809524 0.2991573033707865 0.6845238095238095 0.32303370786516855 0.7440476190476191 0.24157303370786518
1 0.5702380952380952 0.2443820224719101 0.5523809523809524 0.27668539325842695 0.6226190476190476 0.32865168539325845 0.6464285714285715 0.29353932584269665
1 0.5428571428571428 0.2808988764044944 0.5238095238095238 0.3146067415730337 0.5928571428571429 0.36797752808988765 0.6238095238095238 0.3300561797752809
1 0.5178571428571429 0.3188202247191011 0.5011904761904762 0.351123595505618 0.5726190476190476 0.40308988764044945 0.594047619047619 0.3693820224719101
1 0.21785714285714286 0.4353932584269663 0.15595238095238095 0.5224719101123596 0.1880952380952381 0.5463483146067416 0.24642857142857144 0.45786516853932585
1 0.15 0.5294943820224719 0.075 0.6095505617977528 0.10714285714285714 0.6474719101123596 0.18452380952380953 0.5561797752808989
1 0.16071428571428573 0.5969101123595506 0.09166666666666666 0.6825842696629213 0.12023809523809524 0.7176966292134831 0.1976190476190476 0.6221910112359551
1 0.22976190476190475 0.5 0.16428571428571428 0.5898876404494382 0.2011904761904762 0.6137640449438202 0.2630952380952381 0.523876404494382
1 0.30357142857142855 0.4887640449438202 0.24285714285714285 0.5786516853932584 0.2714285714285714 0.6095505617977528 0.3345238095238095 0.5112359550561798
1 0.2357142857142857 0.5926966292134831 0.16904761904761906 0.6924157303370787 0.20714285714285716 0.7219101123595506 0.2714285714285714 0.6207865168539326
1 0.16666666666666666 0.702247191011236 0.0880952380952381 0.7893258426966292 0.12142857142857143 0.8384831460674157 0.20357142857142857 0.7331460674157303
1 0.38095238095238093 0.4859550561797753 0.319047619047619 0.577247191011236 0.35119047619047616 0.6067415730337079 0.4142857142857143 0.5084269662921348
1 0.4238095238095238 0.5210674157303371 0.36666666666666664 0.5997191011235955 0.4035714285714286 0.6292134831460674 0.4595238095238095 0.5407303370786517
1 0.47619047619047616 0.5463483146067416 0.4142857142857143 0.6390449438202247 0.45 0.6629213483146067 0.5107142857142857 0.574438202247191
1 0.5083333333333333 0.5898876404494382 0.4523809523809524 0.6657303370786517 0.49166666666666664 0.6910112359550562 0.5428571428571428 0.6123595505617978
1 0.5607142857142857 0.6207865168539326 0.5 0.702247191011236 0.5380952380952381 0.7345505617977528 0.594047619047619 0.6460674157303371
1 0.6095238095238096 0.651685393258427 0.5488095238095239 0.75 0.5857142857142857 0.7752808988764045 0.6392857142857142 0.6769662921348315
1 0.6535714285714286 0.6882022471910112 0.5964285714285714 0.7794943820224719 0.6369047619047619 0.8061797752808989 0.6869047619047619 0.7205056179775281
1 0.705952380952381 0.7317415730337079 0.6464285714285715 0.8174157303370787 0.6857142857142857 0.851123595505618 0.7416666666666667 0.7612359550561798
1 0.7571428571428571 0.7752808988764045 0.7071428571428572 0.8581460674157303 0.7464285714285714 0.8848314606741573 0.794047619047619 0.7991573033707865
1 0.8178571428571428 0.7921348314606742 0.7654761904761904 0.8918539325842697 0.805952380952381 0.9213483146067416 0.8559523809523809 0.8188202247191011