3 0.4928571428571429 0.4648876404494382 0.513095238095238 0.4410112359550562 0.4607142857142857 0.3890449438202247 0.44166666666666665 0.4058988764044944
3 0.5488095238095239 0.45224719101123595 0.5654761904761905 0.4339887640449438 0.5238095238095238 0.3862359550561798 0.5071428571428571 0.3946629213483146
3 0.49047619047619045 0.2991573033707865 0.513095238095238 0.28230337078651685 0.46190476190476193 0.22331460674157302 0.4392857142857143 0.24578651685393257
3 0.42857142857142855 0.33707865168539325 0.4488095238095238 0.31741573033707865 0.4035714285714286 0.25702247191011235 0.375 0.27668539325842695
3 0.6857142857142857 0.34831460674157305 0.7083333333333334 0.33286516853932585 0.6678571428571428 0.28651685393258425 0.6440476190476191 0.30758426966292135
3 0.7547619047619047 0.30337078651685395 0.7714285714285715 0.2851123595505618 0.7226190476190476 0.24578651685393257 0.7035714285714286 0.2654494382022472
3 0.7797619047619048 0.29353932584269665 0.7964285714285714 0.27247191011235955 0.7464285714285714 0.23174157303370788 0.7321428571428571 0.24859550561797752
3 0.775 0.25280898876404495 0.7880952380952381 0.23174157303370788 0.7416666666666667 0.19101123595505617 0.725 0.21629213483146068
3 0.5226190476190476 0.2794943820224719 0.544047619047619 0.2598314606741573 0.48928571428571427 0.20926966292134833 0.47023809523809523 0.22331460674157302
3 0.611904761904762 0.22612359550561797 0.6309523809523809 0.20646067415730338 0.575 0.1544943820224719 0.5523809523809524 0.175561797752809
3 0.6416666666666667 0.20365168539325842 0.6607142857142857 0.1853932584269663 0.6047619047619047 0.13764044943820225 0.5821428571428572 0.1544943820224719
3 0.6654761904761904 0.18117977528089887 0.6845238095238095 0.16573033707865167 0.6309523809523809 0.12078651685393259 0.6154761904761905 0.13623595505617977
2 0.575 0.24719101123595505 0.594047619047619 0.22893258426966293 0.5464285714285714 0.175561797752809 0.5285714285714286 0.18820224719101122
2 0.5488095238095239 0.2640449438202247 0.5714285714285714 0.2443820224719101 0.5190476190476191 0.19382022471910113 0.5011904761904762 0.20926966292134833
2 0.3880952380952381 0.3595505617977528 0.4154761904761905 0.33848314606741575 0.36666666666666664 0.273876404494382 0.34523809523809523 0.29353932584269665
2 0.2 0.2205056179775281 0.225 0.20224719101123595 0.16547619047619047 0.125 0.13690476190476192 0.14606741573033707
2 0.23214285714285715 0.19803370786516855 0.25357142857142856 0.18117977528089887 0.18452380952380953 0.10814606741573034 0.17023809523809524 0.12780898876404495
2 0.2619047619047619 0.18398876404494383 0.28095238095238095 0.1601123595505618 0.2119047619047619 0.08567415730337079 0.19404761904761905 0.10533707865168539
2 0.7642857142857142 0.4002808988764045 0.7988095238095239 0.32865168539325845 0.7642857142857142 0.3188202247191011 0.7333333333333333 0.3806179775280899