1 0.705952380952381 0.7542134831460674 0.6571428571428571 0.7570224719101124 0.6595238095238095 0.7879213483146067 0.7130952380952381 0.7851123595505618
1 0.6095238095238096 0.6952247191011236 0.6309523809523809 0.6938202247191011 0.6333333333333333 0.7471910112359551 0.611904761904762 0.7471910112359551
1 0.6095238095238096 0.6404494382022472 0.6309523809523809 0.6390449438202247 0.6333333333333333 0.6924157303370787 0.611904761904762 0.6924157303370787
1 0.5392857142857143 0.6221910112359551 0.5607142857142857 0.6207865168539326 0.5630952380952381 0.6741573033707865 0.5416666666666666 0.6741573033707865
1 0.5357142857142857 0.5533707865168539 0.5571428571428572 0.5519662921348315 0.5595238095238095 0.6053370786516854 0.5380952380952381 0.6053370786516854
1 0.5369047619047619 0.4943820224719101 0.5583333333333333 0.49297752808988765 0.5607142857142857 0.5463483146067416 0.5392857142857143 0.5463483146067416
1 0.6047619047619047 0.5154494382022472 0.6261904761904762 0.5126404494382022 0.6273809523809524 0.5533707865168539 0.6059523809523809 0.5533707865168539
1 0.6011904761904762 0.5603932584269663 0.6226190476190476 0.5589887640449438 0.625 0.6123595505617978 0.6035714285714285 0.6123595505617978
1 0.5357142857142857 0.3707865168539326 0.5571428571428572 0.36797752808988765 0.5583333333333333 0.40870786516853935 0.5369047619047619 0.40870786516853935
1 0.5392857142857143 0.3300561797752809 0.5607142857142857 0.32724719101123595 0.5619047619047619 0.36797752808988765 0.5404761904761904 0.36797752808988765
1 0.530952380952381 0.28370786516853935 0.5523809523809524 0.2808988764044944 0.5535714285714286 0.32162921348314605 0.5321428571428571 0.32162921348314605
1 0.5333333333333333 0.24297752808988765 0.5547619047619048 0.2401685393258427 0.555952380952381 0.2808988764044944 0.5345238095238095 0.2808988764044944
1 0.5369047619047619 0.18117977528089887 0.5583333333333333 0.17837078651685392 0.5595238095238095 0.21910112359550563 0.5380952380952381 0.21910112359550563
1 0.5345238095238095 0.1348314606741573 0.555952380952381 0.13202247191011235 0.5571428571428572 0.17275280898876405 0.5357142857142857 0.17275280898876405
1 0.5916666666666667 0.13623595505617977 0.6130952380952381 0.13342696629213482 0.6142857142857143 0.17415730337078653 0.5928571428571429 0.17415730337078653
1 0.5892857142857143 0.18679775280898878 0.6107142857142858 0.18398876404494383 0.611904761904762 0.2247191011235955 0.5904761904761905 0.2247191011235955
1 0.5869047619047619 0.2401685393258427 0.6083333333333333 0.23735955056179775 0.6095238095238096 0.27808988764044945 0.5880952380952381 0.27808988764044945
1 0.5928571428571429 0.28792134831460675 0.6142857142857143 0.2851123595505618 0.6154761904761905 0.3258426966292135 0.594047619047619 0.3258426966292135
1 0.5952380952380952 0.34269662921348315 0.6166666666666667 0.3398876404494382 0.6178571428571429 0.3806179775280899 0.5964285714285714 0.3806179775280899
1 0.5964285714285714 0.3862359550561798 0.6178571428571429 0.38342696629213485 0.6190476190476191 0.4241573033707865 0.5976190476190476 0.4241573033707865
1 0.6011904761904762 0.4353932584269663 0.6226190476190476 0.43258426966292135 0.6238095238095238 0.47331460674157305 0.6023809523809524 0.47331460674157305
1 0.5452380952380952 0.6839887640449438 0.5666666666666667 0.6811797752808989 0.5678571428571428 0.7219101123595506 0.5464285714285714 0.7219101123595506
1 0.1738095238095238 0.2556179775280899 0.1357142857142857 0.24578651685393257 0.13214285714285715 0.2710674157303371 0.17261904761904762 0.27808988764044945
1 0.17142857142857143 0.2794943820224719 0.13333333333333333 0.2696629213483146 0.12976190476190477 0.2949438202247191 0.17023809523809524 0.30196629213483145
1 0.16904761904761906 0.29634831460674155 0.13095238095238096 0.28651685393258425 0.12738095238095237 0.31179775280898875 0.16785714285714284 0.3188202247191011
1 0.14166666666666666 0.3160112359550562 0.10357142857142858 0.3061797752808989 0.1 0.33146067415730335 0.14047619047619048 0.33848314606741575
1 0.14404761904761904 0.33707865168539325 0.10595238095238095 0.32724719101123595 0.10238095238095238 0.35252808988764045 0.14285714285714285 0.3595505617977528
1 0.13690476190476192 0.35814606741573035 0.0988095238095238 0.34831460674157305 0.09523809523809523 0.37359550561797755 0.1357142857142857 0.3806179775280899
1 0.13214285714285715 0.38764044943820225 0.09404761904761905 0.37780898876404495 0.09047619047619047 0.40308988764044945 0.13095238095238096 0.4101123595505618
1 0.14642857142857144 0.4606741573033708 0.10833333333333334 0.4508426966292135 0.10476190476190476 0.476123595505618 0.14523809523809525 0.48314606741573035
1 0.15119047619047618 0.4845505617977528 0.1130952380952381 0.4747191011235955 0.10952380952380952 0.5 0.14761904761904762 0.5168539325842697
1 0.14047619047619048 0.5070224719101124 0.10238095238095238 0.49719101123595505 0.0988095238095238 0.5224719101123596 0.13690476190476192 0.5393258426966292
1 0.13214285714285715 0.5294943820224719 0.09404761904761905 0.5196629213483146 0.09047619047619047 0.5449438202247191 0.12857142857142856 0.5617977528089888
1 0.13214285714285715 0.5561797752808989 0.09404761904761905 0.5463483146067416 0.09047619047619047 0.5716292134831461 0.12857142857142856 0.5884831460674157
1 0.12261904761904761 0.5884831460674157 0.08452380952380953 0.5786516853932584 0.08095238095238096 0.6039325842696629 0.11904761904761904 0.6207865168539326
1 0.1761904761904762 0.23735955056179775 0.1380952380952381 0.22752808988764045 0.13452380952380952 0.25280898876404495 0.175 0.2598314606741573
1 0.18333333333333332 0.21348314606741572 0.14523809523809525 0.20365168539325842 0.14166666666666666 0.22893258426966293 0.18214285714285713 0.23595505617977527
1 0.1880952380952381 0.18820224719101122 0.15 0.17837078651685392 0.14642857142857144 0.20365168539325842 0.1869047619047619 0.21067415730337077
1 0.19523809523809524 0.1601123595505618 0.15714285714285714 0.1502808988764045 0.15357142857142858 0.175561797752809 0.19404761904761905 0.18258426966292135
1 0.1976190476190476 0.12780898876404495 0.1595238095238095 0.11797752808988764 0.15595238095238095 0.14325842696629212 0.19642857142857142 0.1502808988764045