1 0.17023809523809524 0.7570224719101124 0.15357142857142858 0.8525280898876404 0.19523809523809524 0.8553370786516854 0.21071428571428572 0.7570224719101124
1 0.2154761904761905 0.7640449438202247 0.2011904761904762 0.8567415730337079 0.2369047619047619 0.8581460674157303 0.24761904761904763 0.7654494382022472
1 0.25595238095238093 0.7668539325842697 0.24642857142857144 0.8553370786516854 0.2773809523809524 0.8553370786516854 0.2869047619047619 0.7682584269662921
1 0.3011904761904762 0.7612359550561798 0.2869047619047619 0.8581460674157303 0.319047619047619 0.8581460674157303 0.3333333333333333 0.7626404494382022
1 0.43452380952380953 0.7598314606741573 0.425 0.8539325842696629 0.4583333333333333 0.8581460674157303 0.4654761904761905 0.7626404494382022
1 0.5202380952380953 0.7696629213483146 0.5154761904761904 0.8595505617977528 0.5523809523809524 0.8609550561797753 0.5535714285714286 0.7696629213483146
1 0.5678571428571428 0.7682584269662921 0.5654761904761905 0.8637640449438202 0.5988095238095238 0.8637640449438202 0.6 0.7696629213483146
1 0.6654761904761904 0.7851123595505618 0.6642857142857143 0.8735955056179775 0.705952380952381 0.8721910112359551 0.7035714285714286 0.7823033707865169
1 0.7178571428571429 0.7879213483146067 0.7119047619047619 0.8792134831460674 0.7440476190476191 0.8834269662921348 0.7488095238095238 0.7879213483146067
1 0.763095238095238 0.7949438202247191 0.7654761904761904 0.8806179775280899 0.7976190476190477 0.8806179775280899 0.7952380952380952 0.7949438202247191
1 0.763095238095238 0.5926966292134831 0.7654761904761904 0.6882022471910112 0.8 0.6882022471910112 0.794047619047619 0.5941011235955056
1 0.725 0.5997191011235955 0.7226190476190476 0.7008426966292135 0.7547619047619047 0.7036516853932584 0.7547619047619047 0.5997191011235955
1 0.680952380952381 0.6025280898876404 0.6833333333333333 0.6839887640449438 0.7130952380952381 0.6867977528089888 0.7107142857142857 0.6025280898876404
1 0.6416666666666667 0.5997191011235955 0.6357142857142857 0.6896067415730337 0.6702380952380952 0.6896067415730337 0.6714285714285714 0.5997191011235955
1 0.6035714285714285 0.5926966292134831 0.6 0.672752808988764 0.6297619047619047 0.675561797752809 0.6321428571428571 0.5912921348314607
1 0.12857142857142856 0.5561797752808989 0.11547619047619048 0.651685393258427 0.1488095238095238 0.6530898876404494 0.1619047619047619 0.5575842696629213
1 0.16547619047619047 0.5688202247191011 0.15595238095238095 0.6573033707865169 0.19166666666666668 0.6587078651685393 0.19642857142857142 0.5716292134831461
1 0.2130952380952381 0.5758426966292135 0.1988095238095238 0.6671348314606742 0.23452380952380952 0.6699438202247191 0.24642857142857144 0.5800561797752809
1 0.25476190476190474 0.5828651685393258 0.24285714285714285 0.6769662921348315 0.2773809523809524 0.6769662921348315 0.28809523809523807 0.5870786516853933
1 0.305952380952381 0.5814606741573034 0.28809523809523807 0.6783707865168539 0.3273809523809524 0.6783707865168539 0.3404761904761905 0.5828651685393258
1 0.3488095238095238 0.5800561797752809 0.33690476190476193 0.6713483146067416 0.37023809523809526 0.675561797752809 0.3773809523809524 0.5814606741573034
1 0.39166666666666666 0.5898876404494382 0.37976190476190474 0.6811797752808989 0.4119047619047619 0.6825842696629213 0.42023809523809524 0.5898876404494382
1 0.4297619047619048 0.5898876404494382 0.42738095238095236 0.675561797752809 0.45714285714285713 0.6769662921348315 0.4583333333333333 0.5912921348314607
1 0.4738095238095238 0.5926966292134831 0.47023809523809523 0.675561797752809 0.5035714285714286 0.675561797752809 0.5035714285714286 0.5926966292134831
1 0.5178571428571429 0.5926966292134831 0.5166666666666667 0.6783707865168539 0.5488095238095239 0.6769662921348315 0.5488095238095239 0.5941011235955056
1 0.5583333333333333 0.5941011235955056 0.5571428571428572 0.6797752808988764 0.5869047619047619 0.6783707865168539 0.5869047619047619 0.5926966292134831
1 0.18214285714285713 0.4845505617977528 0.1738095238095238 0.5617977528089888 0.20952380952380953 0.5646067415730337 0.21785714285714286 0.48735955056179775
1 0.22738095238095238 0.49859550561797755 0.22023809523809523 0.574438202247191 0.2511904761904762 0.5758426966292135 0.25476190476190474 0.5
1 0.26785714285714285 0.5042134831460674 0.2571428571428571 0.5800561797752809 0.2904761904761905 0.5828651685393258 0.2988095238095238 0.5042134831460674
1 0.30952380952380953 0.5042134831460674 0.3 0.5828651685393258 0.33214285714285713 0.5856741573033708 0.3380952380952381 0.5028089887640449
1 0.35 0.5014044943820225 0.34404761904761905 0.5730337078651685 0.3773809523809524 0.574438202247191 0.38095238095238093 0.5028089887640449
1 0.3964285714285714 0.5028089887640449 0.3892857142857143 0.5842696629213483 0.42023809523809524 0.5856741573033708 0.425 0.5014044943820225
1 0.4369047619047619 0.5042134831460674 0.42738095238095236 0.5870786516853933 0.45595238095238094 0.5870786516853933 0.4630952380952381 0.5098314606741573
1 0.4738095238095238 0.5154494382022472 0.4654761904761905 0.5870786516853933 0.4988095238095238 0.5912921348314607 0.5071428571428571 0.5154494382022472
1 0.5178571428571429 0.5168539325842697 0.5154761904761904 0.5912921348314607 0.544047619047619 0.5969101123595506 0.544047619047619 0.5154494382022472
1 0.555952380952381 0.5898876404494382 0.5869047619047619 0.5898876404494382 0.5869047619047619 0.5196629213483146 0.555952380952381 0.5182584269662921
1 0.5964285714285714 0.5870786516853933 0.6297619047619047 0.5884831460674157 0.6321428571428571 0.5154494382022472 0.6035714285714285 0.5126404494382022
1 0.6392857142857142 0.5941011235955056 0.6666666666666666 0.598314606741573 0.6666666666666666 0.5182584269662921 0.6357142857142857 0.5154494382022472
1 0.6785714285714286 0.5941011235955056 0.7095238095238096 0.5955056179775281 0.7095238095238096 0.5224719101123596 0.6785714285714286 0.5210674157303371
1 0.7273809523809524 0.5941011235955056 0.7607142857142857 0.5969101123595506 0.7559523809523809 0.5182584269662921 0.725 0.5182584269662921
1 0.7595238095238095 0.5926966292134831 0.7976190476190477 0.5941011235955056 0.7964285714285714 0.5196629213483146 0.7607142857142857 0.5182584269662921
1 0.37023809523809526 0.22612359550561797 0.35833333333333334 0.3103932584269663 0.3892857142857143 0.31179775280898875 0.3976190476190476 0.2303370786516854
1 0.5595238095238095 0.1502808988764045 0.555952380952381 0.18117977528089887 0.6285714285714286 0.18820224719101122 0.6297619047619047 0.15589887640449437
1 0.555952380952381 0.1797752808988764 0.5535714285714286 0.2148876404494382 0.6154761904761905 0.2247191011235955 0.6178571428571429 0.19101123595505617
1 0.6726190476190477 0.16713483146067415 0.6702380952380952 0.1952247191011236 0.7428571428571429 0.20224719101123595 0.7440476190476191 0.17275280898876405
1 0.6357142857142857 0.20646067415730338 0.6357142857142857 0.24297752808988765 0.7 0.24859550561797752 0.7011904761904761 0.20926966292134833
1 0.6440476190476191 0.2752808988764045 0.6416666666666667 0.3047752808988764 0.7142857142857143 0.3103932584269663 0.7130952380952381 0.2808988764044944
1 0.12738095238095237 0.32162921348314605 0.11785714285714285 0.4002808988764045 0.14761904761904762 0.4002808988764045 0.15595238095238095 0.324438202247191
1 0.17023809523809524 0.324438202247191 0.15714285714285714 0.41292134831460675 0.1869047619047619 0.41151685393258425 0.19642857142857142 0.32724719101123595
1 0.2119047619047619 0.33286516853932585 0.2011904761904762 0.4143258426966292 0.23452380952380952 0.4157303370786517 0.24166666666666667 0.33286516853932585
1 0.25357142857142856 0.32724719101123595 0.24404761904761904 0.4143258426966292 0.2761904761904762 0.41713483146067415 0.28214285714285714 0.32865168539325845
1 0.29404761904761906 0.33848314606741575 0.2845238095238095 0.4199438202247191 0.31547619047619047 0.4199438202247191 0.32261904761904764 0.33848314606741575
1 0.3345238095238095 0.3356741573033708 0.325 0.41713483146067415 0.3547619047619048 0.4199438202247191 0.3630952380952381 0.34129213483146065
1 0.3821428571428571 0.3441011235955056 0.37142857142857144 0.42696629213483145 0.4035714285714286 0.42837078651685395 0.4083333333333333 0.34831460674157305
1 0.42142857142857143 0.34831460674157305 0.41309523809523807 0.42837078651685395 0.44166666666666665 0.4297752808988764 0.45 0.351123595505618
1 0.4595238095238095 0.34831460674157305 0.45476190476190476 0.43258426966292135 0.48214285714285715 0.43679775280898875 0.4869047619047619 0.34691011235955055
1 0.5 0.3539325842696629 0.4928571428571429 0.43679775280898875 0.5214285714285715 0.43820224719101125 0.5261904761904762 0.35814606741573035
1 0.5464285714285714 0.35674157303370785 0.5321428571428571 0.4452247191011236 0.5619047619047619 0.4508426966292135 0.575 0.3609550561797753
1 0.5797619047619048 0.3553370786516854 0.569047619047619 0.43679775280898875 0.5976190476190476 0.4396067415730337 0.6083333333333333 0.35814606741573035
1 0.6154761904761905 0.3595505617977528 0.6107142857142858 0.44241573033707865 0.6440476190476191 0.44241573033707865 0.6488095238095238 0.35814606741573035
1 0.6630952380952381 0.3637640449438202 0.6511904761904762 0.4438202247191011 0.680952380952381 0.44803370786516855 0.6892857142857143 0.3693820224719101
1 0.6928571428571428 0.3707865168539326 0.6892857142857143 0.45224719101123595 0.7238095238095238 0.45646067415730335 0.7226190476190476 0.37359550561797755
1 0.7297619047619047 0.37219101123595505 0.7333333333333333 0.45646067415730335 0.7654761904761904 0.4550561797752809 0.7583333333333333 0.3693820224719101