4 0.5035714285714286 0.8146067415730337 0.5392857142857143 0.7584269662921348 0.5202380952380953 0.7429775280898876 0.4857142857142857 0.7991573033707865
2 0.5583333333333333 0.848314606741573 0.6059523809523809 0.7542134831460674 0.5785714285714286 0.7331460674157303 0.5321428571428571 0.8286516853932584
2 0.530952380952381 0.7219101123595506 0.5785714285714286 0.6320224719101124 0.55 0.6095505617977528 0.5023809523809524 0.702247191011236
2 0.5571428571428572 0.2612359550561798 0.6059523809523809 0.20224719101123595 0.5857142857142857 0.18117977528089887 0.5392857142857143 0.23876404494382023
1 0.4738095238095238 0.29775280898876405 0.5214285714285715 0.3455056179775281 0.5083333333333333 0.3637640449438202 0.4607142857142857 0.3188202247191011
1 0.4785714285714286 0.3890449438202247 0.4928571428571429 0.3693820224719101 0.4452380952380952 0.32303370786516855 0.43214285714285716 0.3441011235955056
1 0.4666666666666667 0.41713483146067415 0.4797619047619048 0.4002808988764045 0.43333333333333335 0.35252808988764045 0.42023809523809524 0.37359550561797755
1 0.4452380952380952 0.44803370786516855 0.45714285714285713 0.4311797752808989 0.4095238095238095 0.3848314606741573 0.3952380952380952 0.4101123595505618
1 0.3773809523809524 0.4297752808988764 0.39166666666666666 0.4101123595505618 0.3416666666666667 0.35814606741573035 0.3273809523809524 0.37780898876404495
1 0.39285714285714285 0.39747191011235955 0.4095238095238095 0.37640449438202245 0.3630952380952381 0.32724719101123595 0.34523809523809523 0.3455056179775281
1 0.4154761904761905 0.37219101123595505 0.42738095238095236 0.3539325842696629 0.3821428571428571 0.30337078651685395 0.3678571428571429 0.31741573033707865
1 0.4297619047619048 0.33707865168539325 0.444047619047619 0.3160112359550562 0.3880952380952381 0.2710674157303371 0.3738095238095238 0.29213483146067415
1 0.4523809523809524 0.31741573033707865 0.4654761904761905 0.29634831460674155 0.41309523809523807 0.25140449438202245 0.4023809523809524 0.2696629213483146
1 0.46904761904761905 0.2851123595505618 0.48095238095238096 0.26685393258426965 0.42738095238095236 0.21629213483146068 0.4142857142857143 0.2345505617977528
1 0.40595238095238095 0.23735955056179775 0.41904761904761906 0.21629213483146068 0.36547619047619045 0.1699438202247191 0.35 0.1896067415730337
1 0.3892857142857143 0.2654494382022472 0.4035714285714286 0.24719101123595505 0.35 0.1952247191011236 0.33214285714285713 0.21629213483146068
1 0.35 0.29213483146067415 0.36428571428571427 0.2710674157303371 0.3119047619047619 0.21910112359550563 0.29523809523809524 0.2401685393258427
1 0.2904761904761905 0.23595505617977527 0.3047619047619048 0.21910112359550563 0.25833333333333336 0.16853932584269662 0.24404761904761904 0.18398876404494383
1 0.2369047619047619 0.18117977528089887 0.2523809523809524 0.1601123595505618 0.20476190476190476 0.11376404494382023 0.19166666666666668 0.13202247191011235
1 0.3130952380952381 0.20926966292134833 0.35595238095238096 0.15589887640449437 0.3404761904761905 0.13623595505617977 0.29404761904761906 0.18398876404494383
1 0.38452380952380955 0.17696629213483145 0.4 0.16292134831460675 0.36428571428571427 0.11657303370786516 0.3488095238095238 0.1306179775280899
1 0.29285714285714287 0.1797752808988764 0.3119047619047619 0.1601123595505618 0.2726190476190476 0.11095505617977527 0.2511904761904762 0.13202247191011235