2 0.48214285714285715 0.7907303370786517 0.5345238095238095 0.7823033707865169 0.5595238095238095 0.9550561797752809 0.5059523809523809 0.9620786516853933
1 0.29285714285714287 0.11938202247191011 0.2845238095238095 0.17837078651685392 0.31547619047619047 0.18258426966292135 0.3202380952380952 0.12219101123595505
1 0.2845238095238095 0.18398876404494383 0.30952380952380953 0.18398876404494383 0.3047619047619048 0.23174157303370788 0.2761904761904762 0.2303370786516854
1 0.275 0.2808988764044944 0.3011904761904762 0.2808988764044944 0.2988095238095238 0.3441011235955056 0.26785714285714285 0.33707865168539325
1 0.2261904761904762 0.7584269662921348 0.25476190476190474 0.7584269662921348 0.24761904761904763 0.8525280898876404 0.2154761904761905 0.8525280898876404
1 0.6047619047619047 0.5210674157303371 0.6404761904761904 0.5154494382022472 0.6535714285714286 0.5884831460674157 0.6202380952380953 0.5941011235955056
1 0.6273809523809524 0.7626404494382022 0.6595238095238095 0.7584269662921348 0.6726190476190477 0.8342696629213483 0.6392857142857142 0.8384831460674157
1 0.6011904761904762 0.44241573033707865 0.6285714285714286 0.4410112359550562 0.6428571428571429 0.5014044943820225 0.611904761904762 0.5056179775280899
1 0.6035714285714285 0.3806179775280899 0.6238095238095238 0.3792134831460674 0.6345238095238095 0.4311797752808989 0.6083333333333333 0.43258426966292135
1 0.5976190476190476 0.32162921348314605 0.6238095238095238 0.3160112359550562 0.6297619047619047 0.37219101123595505 0.6047619047619047 0.37219101123595505
1 0.5904761904761905 0.2598314606741573 0.6 0.3089887640449438 0.6273809523809524 0.3061797752808989 0.6178571428571429 0.2556179775280899
1 0.5880952380952381 0.1544943820224719 0.5964285714285714 0.20224719101123595 0.6178571428571429 0.20365168539325842 0.611904761904762 0.15308988764044945