1 0.4666666666666667 0.11376404494382023 0.4011904761904762 0.14606741573033707 0.41904761904761906 0.17275280898876405 0.4857142857142857 0.1446629213483146
1 0.4726190476190476 0.14887640449438203 0.39166666666666666 0.1853932584269663 0.4095238095238095 0.21769662921348315 0.4880952380952381 0.1853932584269663
1 0.475 0.19803370786516855 0.3869047619047619 0.2443820224719101 0.4023809523809524 0.2794943820224719 0.4928571428571429 0.23314606741573032
1 0.46785714285714286 0.25140449438202245 0.3773809523809524 0.2991573033707865 0.39404761904761904 0.3356741573033708 0.48214285714285715 0.2893258426966292
1 0.45595238095238094 0.3202247191011236 0.37023809523809526 0.36235955056179775 0.39166666666666666 0.398876404494382 0.4738095238095238 0.3539325842696629
1 0.46190476190476193 0.36235955056179775 0.3761904761904762 0.4101123595505618 0.39285714285714285 0.449438202247191 0.47619047619047616 0.39747191011235955
1 0.444047619047619 0.42837078651685395 0.36904761904761907 0.4705056179775281 0.38452380952380955 0.5056179775280899 0.4607142857142857 0.46348314606741575
1 0.5797619047619048 0.1896067415730337 0.6202380952380953 0.24719101123595505 0.6440476190476191 0.22331460674157302 0.6023809523809524 0.15730337078651685
1 0.5654761904761905 0.21629213483146068 0.5535714285714286 0.300561797752809 0.5952380952380952 0.3061797752808989 0.6011904761904762 0.22191011235955055
1 0.5535714285714286 0.30337078651685395 0.5464285714285714 0.40168539325842695 0.5833333333333334 0.4058988764044944 0.5928571428571429 0.3103932584269663
1 0.5464285714285714 0.4199438202247191 0.5416666666666666 0.5280898876404494 0.5821428571428572 0.5337078651685393 0.5869047619047619 0.42275280898876405
1 0.5333333333333333 0.5491573033707865 0.5261904761904762 0.6741573033707865 0.5678571428571428 0.675561797752809 0.575 0.5547752808988764
1 0.5297619047619048 0.6797752808988764 0.5190476190476191 0.7907303370786517 0.5571428571428572 0.7991573033707865 0.5714285714285714 0.6839887640449438
1 0.3904761904761905 0.7036516853932584 0.3821428571428571 0.8328651685393258 0.42738095238095236 0.8328651685393258 0.4297619047619048 0.7050561797752809