1 0.5095238095238095 0.20646067415730338 0.49523809523809526 0.23174157303370788 0.5511904761904762 0.2710674157303371 0.5678571428571428 0.24297752808988765
1 0.6440476190476191 0.2991573033707865 0.6285714285714286 0.32303370786516855 0.6869047619047619 0.36797752808988765 0.7035714285714286 0.34129213483146065
1 0.7119047619047619 0.3595505617977528 0.6952380952380952 0.3848314606741573 0.7571428571428571 0.42696629213483145 0.7726190476190476 0.40168539325842695
1 0.7988095238095239 0.4157303370786517 0.780952380952381 0.4396067415730337 0.8321428571428572 0.4747191011235955 0.8488095238095238 0.4508426966292135
1 0.7821428571428571 0.22893258426966293 0.8130952380952381 0.25 0.7738095238095238 0.3146067415730337 0.7440476190476191 0.29634831460674155
1 0.11785714285714285 0.4648876404494382 0.14285714285714285 0.4803370786516854 0.1869047619047619 0.4044943820224719 0.1619047619047619 0.3890449438202247
1 0.1988095238095238 0.49719101123595505 0.22380952380952382 0.5224719101123596 0.2714285714285714 0.4508426966292135 0.24404761904761904 0.4297752808988764
1 0.4880952380952381 0.3904494382022472 0.55 0.4396067415730337 0.5702380952380952 0.40870786516853935 0.5059523809523809 0.36235955056179775
1 0.5869047619047619 0.41853932584269665 0.5702380952380952 0.44662921348314605 0.6309523809523809 0.4901685393258427 0.6488095238095238 0.46207865168539325
1 0.6678571428571428 0.4803370786516854 0.6476190476190476 0.5112359550561798 0.7178571428571429 0.5533707865168539 0.7357142857142858 0.5252808988764045
1 0.7452380952380953 0.5393258426966292 0.7273809523809524 0.5660112359550562 0.7892857142857143 0.6109550561797753 0.8071428571428572 0.5814606741573034
1 0.830952380952381 0.5955056179775281 0.8142857142857143 0.6235955056179775 0.8773809523809524 0.675561797752809 0.8940476190476191 0.6474719101123596
2 0.4166666666666667 0.28651685393258425 0.3904761904761905 0.3300561797752809 0.4726190476190476 0.3890449438202247 0.5047619047619047 0.3398876404494382