1 0.30714285714285716 0.16432584269662923 0.2714285714285714 0.20786516853932585 0.2904761904761905 0.21910112359550563 0.3261904761904762 0.17415730337078653
1 0.2785714285714286 0.15870786516853932 0.24404761904761904 0.19382022471910113 0.2630952380952381 0.21067415730337077 0.2976190476190476 0.17134831460674158
1 0.24404761904761904 0.15168539325842698 0.20833333333333334 0.19382022471910113 0.22976190476190475 0.20365168539325842 0.2654761904761905 0.15870786516853932
1 0.22142857142857142 0.14325842696629212 0.17976190476190476 0.1896067415730337 0.2 0.20365168539325842 0.24047619047619048 0.15308988764044945
1 0.18452380952380953 0.18117977528089887 0.16428571428571428 0.16573033707865167 0.19404761904761905 0.125 0.2154761904761905 0.13764044943820225
1 0.1523809523809524 0.1699438202247191 0.12857142857142856 0.1601123595505618 0.15595238095238095 0.11938202247191011 0.1773809523809524 0.13202247191011235
1 0.7595238095238095 0.13764044943820225 0.7380952380952381 0.17696629213483145 0.7619047619047619 0.18679775280898878 0.7845238095238095 0.14325842696629212
1 0.6595238095238095 0.3595505617977528 0.6309523809523809 0.3455056179775281 0.6619047619047619 0.2949438202247191 0.6845238095238095 0.30758426966292135
3 0.7226190476190476 0.2794943820224719 0.6845238095238095 0.34129213483146065 0.7142857142857143 0.3553370786516854 0.75 0.29353932584269665
4 0.6619047619047619 0.39747191011235955 0.6273809523809524 0.45786516853932585 0.655952380952381 0.4705056179775281 0.6892857142857143 0.4101123595505618
1 0.30357142857142855 0.6039325842696629 0.2571428571428571 0.6811797752808989 0.22857142857142856 0.6587078651685393 0.275 0.5842696629213483
1 0.4654761904761905 0.7443820224719101 0.4142857142857143 0.8258426966292135 0.4452380952380952 0.8426966292134831 0.49166666666666664 0.7584269662921348
4 0.569047619047619 0.7036516853932584 0.5345238095238095 0.7654494382022472 0.5654761904761905 0.7808988764044944 0.5964285714285714 0.7162921348314607
3 0.5297619047619048 0.6320224719101124 0.4785714285714286 0.7148876404494382 0.513095238095238 0.7359550561797753 0.5583333333333333 0.6460674157303371
1 0.580952380952381 0.547752808988764 0.5404761904761904 0.6109550561797753 0.5702380952380952 0.6278089887640449 0.6059523809523809 0.5617977528089888
2 0.7642857142857142 0.29213483146067415 0.675 0.4606741573033708 0.7333333333333333 0.4789325842696629 0.8095238095238095 0.3103932584269663
2 0.49404761904761907 0.6334269662921348 0.4357142857142857 0.5997191011235955 0.569047619047619 0.37359550561797755 0.6226190476190476 0.4002808988764045
1 0.6345238095238095 0.5758426966292135 0.5988095238095238 0.6446629213483146 0.6261904761904762 0.6615168539325843 0.6642857142857143 0.5856741573033708