1 0.13214285714285715 0.3609550561797753 0.22857142857142856 0.33848314606741575 0.21785714285714286 0.2907303370786517 0.1261904761904762 0.3103932584269663
1 0.24761904761904763 0.30758426966292135 0.3273809523809524 0.33848314606741575 0.35595238095238096 0.2991573033707865 0.27380952380952384 0.2654494382022472
1 0.33095238095238094 0.28230337078651685 0.4238095238095238 0.3061797752808989 0.4369047619047619 0.2612359550561798 0.3464285714285714 0.24157303370786518
1 0.4357142857142857 0.2598314606741573 0.5273809523809524 0.27808988764044945 0.5392857142857143 0.2247191011235955 0.45 0.2148876404494382
1 0.5428571428571428 0.22191011235955055 0.6226190476190476 0.28230337078651685 0.65 0.2303370786516854 0.5595238095238095 0.18258426966292135
1 0.6190476190476191 0.20786516853932585 0.7130952380952381 0.24157303370786518 0.736904761904762 0.19662921348314608 0.6416666666666667 0.16432584269662923
1 0.7023809523809523 0.18117977528089887 0.7928571428571428 0.21207865168539325 0.8083333333333333 0.16853932584269662 0.7166666666666667 0.1404494382022472
1 0.7761904761904762 0.1601123595505618 0.8464285714285714 0.19241573033707865 0.8690476190476191 0.1446629213483146 0.7833333333333333 0.12078651685393259
1 0.8428571428571429 0.2542134831460674 0.9285714285714286 0.2148876404494382 0.905952380952381 0.16432584269662923 0.8261904761904761 0.20786516853932585
1 0.4035714285714286 0.8202247191011236 0.48928571428571427 0.8890449438202247 0.5226190476190476 0.8497191011235955 0.43333333333333335 0.7780898876404494
1 0.4797619047619048 0.8047752808988764 0.580952380952381 0.8665730337078652 0.6035714285714285 0.8202247191011236 0.5035714285714286 0.7598314606741573
1 0.5988095238095238 0.7963483146067416 0.7035714285714286 0.8441011235955056 0.7202380952380952 0.797752808988764 0.6214285714285714 0.7471910112359551
1 0.7285714285714285 0.8160112359550562 0.8333333333333334 0.7823033707865169 0.8178571428571428 0.7289325842696629 0.7178571428571429 0.7598314606741573
1 0.8464285714285714 0.7752808988764045 0.9214285714285714 0.7485955056179775 0.8976190476190476 0.6980337078651685 0.8273809523809523 0.7345505617977528