1 0.29285714285714287 0.7303370786516854 0.2702380952380952 0.7289325842696629 0.26785714285714285 0.8061797752808989 0.29642857142857143 0.8075842696629213
1 0.39404761904761904 0.6882022471910112 0.36904761904761907 0.6910112359550562 0.3678571428571429 0.7556179775280899 0.3976190476190476 0.7556179775280899
1 0.3273809523809524 0.6376404494382022 0.30714285714285716 0.6235955056179775 0.26785714285714285 0.672752808988764 0.29285714285714287 0.6896067415730337
1 0.5761904761904761 0.6544943820224719 0.5535714285714286 0.6573033707865169 0.5595238095238095 0.7176966292134831 0.5880952380952381 0.7134831460674157
1 0.6392857142857142 0.7528089887640449 0.6107142857142858 0.7556179775280899 0.6154761904761905 0.8188202247191011 0.6488095238095238 0.8132022471910112
1 0.8702380952380953 0.5196629213483146 0.8166666666666667 0.5224719101123596 0.8166666666666667 0.5575842696629213 0.8761904761904762 0.5533707865168539
1 0.8511904761904762 0.4901685393258427 0.7964285714285714 0.4943820224719101 0.8023809523809524 0.5280898876404494 0.861904761904762 0.5196629213483146
1 0.7404761904761905 0.32162921348314605 0.6928571428571428 0.32865168539325845 0.7 0.35814606741573035 0.7476190476190476 0.3497191011235955
1 0.7261904761904762 0.2991573033707865 0.6821428571428572 0.2991573033707865 0.6785714285714286 0.32724719101123595 0.7285714285714285 0.32724719101123595
1 0.794047619047619 0.1797752808988764 0.7416666666666667 0.18679775280898878 0.7464285714285714 0.21067415730337077 0.7988095238095239 0.20365168539325842
1 0.7916666666666666 0.15589887640449437 0.7392857142857143 0.16292134831460675 0.7440476190476191 0.18679775280898878 0.7964285714285714 0.1797752808988764
1 0.38452380952380955 0.5112359550561798 0.35714285714285715 0.5154494382022472 0.3607142857142857 0.5716292134831461 0.39166666666666666 0.5646067415730337
1 0.37857142857142856 0.4508426966292135 0.3535714285714286 0.45365168539325845 0.35833333333333334 0.5070224719101124 0.38571428571428573 0.5028089887640449
1 0.29523809523809524 0.5379213483146067 0.2488095238095238 0.5646067415730337 0.2630952380952381 0.5926966292134831 0.30833333333333335 0.5617977528089888
1 0.2869047619047619 0.4887640449438202 0.23809523809523808 0.5028089887640449 0.24166666666666667 0.5252808988764045 0.29404761904761906 0.5126404494382022
1 0.29523809523809524 0.45786516853932585 0.24285714285714285 0.47191011235955055 0.24761904761904763 0.4943820224719101 0.3011904761904762 0.48314606741573035
1 0.35119047619047616 0.2247191011235955 0.33095238095238094 0.2303370786516854 0.3380952380952381 0.27247191011235955 0.3607142857142857 0.26825842696629215
1 0.2976190476190476 0.30758426966292135 0.2488095238095238 0.3146067415730337 0.2511904761904762 0.3398876404494382 0.30357142857142855 0.3300561797752809
1 0.26785714285714285 0.2303370786516854 0.23214285714285715 0.21348314606741572 0.21904761904761905 0.23876404494382023 0.25833333333333336 0.25
3 0.7119047619047619 0.5814606741573034 0.6785714285714286 0.5856741573033708 0.7083333333333334 0.7176966292134831 0.7476190476190476 0.7134831460674157