1 0.30952380952380953 0.8300561797752809 0.33214285714285713 0.8202247191011236 0.36428571428571427 0.8609550561797753 0.34404761904761905 0.8721910112359551
1 0.3523809523809524 0.7921348314606742 0.3357142857142857 0.8146067415730337 0.3738095238095238 0.851123595505618 0.3904761904761905 0.8300561797752809
1 0.40714285714285714 0.7584269662921348 0.3880952380952381 0.7724719101123596 0.4261904761904762 0.824438202247191 0.44761904761904764 0.8089887640449438
1 0.43452380952380953 0.7471910112359551 0.4166666666666667 0.7612359550561798 0.4523809523809524 0.8089887640449438 0.4714285714285714 0.7907303370786517
1 0.4714285714285714 0.7106741573033708 0.4523809523809524 0.7275280898876404 0.4869047619047619 0.7682584269662921 0.5047619047619047 0.7542134831460674
1 0.5202380952380953 0.6769662921348315 0.5047619047619047 0.6952247191011236 0.5369047619047619 0.7387640449438202 0.5583333333333333 0.7247191011235955
4 0.544047619047619 0.648876404494382 0.5190476190476191 0.6713483146067416 0.5642857142857143 0.7191011235955056 0.5821428571428572 0.7008426966292135
1 0.5666666666666667 0.6404494382022472 0.55 0.6544943820224719 0.5857142857142857 0.7064606741573034 0.6095238095238096 0.6839887640449438
1 0.7095238095238096 0.5280898876404494 0.6916666666666667 0.5491573033707865 0.725 0.5856741573033708 0.7452380952380953 0.5660112359550562
1 0.7309523809523809 0.5168539325842697 0.7154761904761905 0.5294943820224719 0.7523809523809524 0.5702247191011236 0.7678571428571429 0.5491573033707865
1 0.7452380952380953 0.5014044943820225 0.7333333333333333 0.5112359550561798 0.7678571428571429 0.547752808988764 0.7833333333333333 0.5294943820224719
1 0.7654761904761904 0.4845505617977528 0.7535714285714286 0.5 0.7857142857142857 0.5323033707865169 0.8023809523809524 0.5168539325842697
1 0.8273809523809523 0.4438202247191011 0.8166666666666667 0.4550561797752809 0.85 0.48735955056179775 0.8630952380952381 0.47191011235955055
1 0.8452380952380952 0.4241573033707865 0.8345238095238096 0.4396067415730337 0.8714285714285714 0.47331460674157305 0.8821428571428571 0.45365168539325845
1 0.1869047619047619 0.42275280898876405 0.1738095238095238 0.43679775280898875 0.20476190476190476 0.46769662921348315 0.225 0.4550561797752809
1 0.2785714285714286 0.37359550561797755 0.26071428571428573 0.3890449438202247 0.2857142857142857 0.42837078651685395 0.30357142857142855 0.4157303370786517
1 0.29404761904761906 0.35252808988764045 0.28214285714285714 0.36235955056179775 0.3107142857142857 0.4101123595505618 0.32976190476190476 0.3946629213483146
1 0.40714285714285714 0.2893258426966292 0.3952380952380952 0.29775280898876405 0.4238095238095238 0.33848314606741575 0.44166666666666665 0.324438202247191
1 0.5107142857142857 0.31741573033707865 0.5 0.3342696629213483 0.5321428571428571 0.36657303370786515 0.55 0.34691011235955055
1 0.5238095238095238 0.37359550561797755 0.5023809523809524 0.3890449438202247 0.4773809523809524 0.35252808988764045 0.49523809523809526 0.33707865168539325
1 0.513095238095238 0.300561797752809 0.5285714285714286 0.31741573033707865 0.5595238095238095 0.29213483146067415 0.544047619047619 0.27668539325842695
1 0.5916666666666667 0.15308988764044945 0.5773809523809523 0.16713483146067415 0.6083333333333333 0.1952247191011236 0.6214285714285714 0.18398876404494383
1 0.6392857142857142 0.16573033707865167 0.6285714285714286 0.18258426966292135 0.5976190476190476 0.15870786516853932 0.6083333333333333 0.14185393258426968