1 0.3345238095238095 0.35252808988764045 0.03333333333333333 0.016853932584269662
1 0.4238095238095238 0.25140449438202245 0.03571428571428571 0.014044943820224719
1 0.41904761904761906 0.2696629213483146 0.04285714285714286 0.016853932584269662
1 0.41309523809523807 0.3146067415730337 0.04047619047619048 0.02247191011235955
1 0.42857142857142855 0.3497191011235955 0.41785714285714287 0.36797752808988765 0.3821428571428571 0.34831460674157305 0.39404761904761904 0.3300561797752809
1 0.4 0.3806179775280899 0.38452380952380955 0.39185393258426965 0.4095238095238095 0.41713483146067415 0.42142857142857143 0.4058988764044944
1 0.3476190476190476 0.46348314606741575 0.33214285714285713 0.476123595505618 0.30714285714285716 0.4508426966292135 0.3202380952380952 0.4396067415730337
1 0.3404761904761905 0.5042134831460674 0.3273809523809524 0.5182584269662921 0.2988095238095238 0.48735955056179775 0.3119047619047619 0.4747191011235955
1 0.3357142857142857 0.547752808988764 0.3273809523809524 0.5674157303370787 0.2892857142857143 0.547752808988764 0.2988095238095238 0.526685393258427
1 0.33095238095238094 0.574438202247191 0.3261904761904762 0.5941011235955056 0.2869047619047619 0.5828651685393258 0.2916666666666667 0.5632022471910112
1 0.33214285714285713 0.6306179775280899 0.31666666666666665 0.6460674157303371 0.28214285714285714 0.6095505617977528 0.3 0.5941011235955056
1 0.32261904761904764 0.675561797752809 0.30714285714285716 0.6867977528089888 0.28214285714285714 0.6446629213483146 0.2988095238095238 0.6348314606741573
1 0.32857142857142857 0.6882022471910112 0.3392857142857143 0.7036516853932584 0.29523809523809524 0.7401685393258427 0.28214285714285714 0.7219101123595506
2 0.7452380952380953 0.7556179775280899 0.7511904761904762 0.8328651685393258 0.7869047619047619 0.8328651685393258 0.7821428571428571 0.7556179775280899
2 0.7642857142857142 0.6376404494382022 0.7726190476190476 0.7064606741573034 0.7416666666666667 0.7064606741573034 0.7357142857142858 0.6390449438202247
1 0.5732142857142857 0.38974719101123595 0.041666666666666664 0.021067415730337078
1 0.5607142857142857 0.4438202247191011 0.5428571428571428 0.44662921348314605 0.5380952380952381 0.4044943820224719 0.555952380952381 0.40168539325842695
1 0.8404761904761905 0.28581460674157305 0.0380952380952381 0.018258426966292134
1 0.5505952380952381 0.24648876404494383 0.041666666666666664 0.023876404494382022
1 0.8369047619047619 0.22331460674157302 0.02619047619047619 0.0449438202247191
1 0.5886904761904762 0.8405898876404494 0.015476190476190477 0.037921348314606744