1 0.3273809523809524 0.19803370786516855 0.39166666666666666 0.199438202247191 0.3904761904761905 0.16151685393258428 0.32976190476190476 0.1601123595505618
1 0.2904761904761905 0.1853932584269663 0.3011904761904762 0.2542134831460674 0.32976190476190476 0.24578651685393257 0.3202380952380952 0.17696629213483145
1 0.3404761904761905 0.24297752808988765 0.38571428571428573 0.24297752808988765 0.38571428571428573 0.20926966292134833 0.3380952380952381 0.20926966292134833
1 0.325 0.2949438202247191 0.3904761904761905 0.29213483146067415 0.3880952380952381 0.2612359550561798 0.32261904761904764 0.2612359550561798
1 0.32142857142857145 0.3455056179775281 0.37976190476190474 0.3441011235955056 0.37976190476190474 0.30758426966292135 0.32142857142857145 0.3103932584269663
1 0.3273809523809524 0.3946629213483146 0.39285714285714285 0.3946629213483146 0.39285714285714285 0.35674157303370785 0.3273809523809524 0.3595505617977528
1 0.39404761904761904 0.47191011235955055 0.43333333333333335 0.40168539325842695 0.4035714285714286 0.38202247191011235 0.36666666666666664 0.4508426966292135
1 0.37976190476190474 0.5547752808988764 0.42738095238095236 0.4957865168539326 0.39880952380952384 0.4705056179775281 0.35595238095238096 0.5280898876404494
1 0.37857142857142856 0.6390449438202247 0.42023809523809524 0.5786516853932584 0.39166666666666666 0.5547752808988764 0.3523809523809524 0.6137640449438202
1 0.3726190476190476 0.699438202247191 0.41785714285714287 0.6404494382022472 0.3976190476190476 0.6123595505617978 0.35 0.6713483146067416
1 0.3595238095238095 0.7935393258426966 0.33214285714285713 0.8623595505617978 0.3619047619047619 0.8735955056179775 0.3892857142857143 0.8089887640449438
1 0.4785714285714286 0.4438202247191011 0.5261904761904762 0.48174157303370785 0.5404761904761904 0.45365168539325845 0.4928571428571429 0.4157303370786517
1 0.46904761904761905 0.5561797752808989 0.5404761904761904 0.5856741573033708 0.55 0.5463483146067416 0.48095238095238096 0.5140449438202247
1 0.48214285714285715 0.6601123595505618 0.5416666666666666 0.7050561797752809 0.5583333333333333 0.672752808988764 0.4988095238095238 0.6264044943820225
1 0.45714285714285713 0.6924157303370787 0.5071428571428571 0.75 0.530952380952381 0.7247191011235955 0.4773809523809524 0.6671348314606742
1 0.4511904761904762 0.7682584269662921 0.5154761904761904 0.8019662921348315 0.525 0.7668539325842697 0.46190476190476193 0.7345505617977528
1 0.48095238095238096 0.8089887640449438 0.5333333333333333 0.8539325842696629 0.5166666666666667 0.8834269662921348 0.4607142857142857 0.8441011235955056
1 0.7678571428571429 0.32865168539325845 0.830952380952381 0.3188202247191011 0.8261904761904761 0.2851123595505618 0.7714285714285715 0.2949438202247191
1 0.4976190476190476 0.33146067415730335 0.5523809523809524 0.32724719101123595 0.5511904761904762 0.2949438202247191 0.49523809523809526 0.2991573033707865
1 0.49404761904761907 0.40168539325842695 0.5333333333333333 0.4339887640449438 0.5488095238095239 0.40730337078651685 0.5107142857142857 0.37219101123595505
3 0.525 0.21910112359550563 0.5297619047619048 0.2808988764044944 0.5595238095238095 0.27668539325842695 0.5523809523809524 0.21629213483146068
3 0.48214285714285715 0.20084269662921347 0.4880952380952381 0.2893258426966292 0.5226190476190476 0.28370786516853935 0.5154761904761904 0.19803370786516855