1 0.14761904761904762 0.7387640449438202 0.1761904761904762 0.6769662921348315 0.14761904761904762 0.6629213483146067 0.12380952380952381 0.7303370786516854
1 0.10714285714285714 0.5646067415730337 0.1630952380952381 0.5969101123595506 0.18452380952380953 0.5716292134831461 0.12261904761904761 0.5337078651685393
1 0.19523809523809524 0.7373595505617978 0.21785714285714286 0.6825842696629213 0.18928571428571428 0.672752808988764 0.175 0.726123595505618
1 0.26071428571428573 0.7865168539325843 0.29404761904761906 0.7317415730337079 0.275 0.7148876404494382 0.24523809523809523 0.7640449438202247
1 0.30952380952380953 0.8019662921348315 0.33690476190476193 0.7401685393258427 0.3119047619047619 0.7219101123595506 0.2857142857142857 0.7879213483146067
1 0.35 0.8132022471910112 0.3738095238095238 0.7570224719101124 0.35 0.7429775280898876 0.33095238095238094 0.8019662921348315
1 0.39166666666666666 0.827247191011236 0.41785714285714287 0.7584269662921348 0.39166666666666666 0.7471910112359551 0.36666666666666664 0.8188202247191011
1 0.4357142857142857 0.851123595505618 0.45476190476190476 0.7780898876404494 0.42738095238095236 0.7710674157303371 0.41309523809523807 0.8412921348314607
1 0.4797619047619048 0.8497191011235955 0.5011904761904762 0.7794943820224719 0.475 0.7682584269662921 0.45 0.8384831460674157
1 0.5095238095238095 0.8595505617977528 0.5273809523809524 0.7963483146067416 0.5011904761904762 0.7865168539325843 0.48214285714285715 0.8497191011235955
1 0.5595238095238095 0.8132022471910112 0.5416666666666666 0.8637640449438202 0.5642857142857143 0.8721910112359551 0.5833333333333334 0.8216292134831461
1 0.5964285714285714 0.8188202247191011 0.5821428571428572 0.8707865168539326 0.6059523809523809 0.8778089887640449 0.6214285714285714 0.8300561797752809
1 0.8333333333333334 0.8300561797752809 0.8940476190476191 0.8539325842696629 0.9035714285714286 0.8146067415730337 0.8416666666666667 0.7949438202247191
1 0.861904761904762 0.26264044943820225 0.8464285714285714 0.32303370786516855 0.8738095238095238 0.3342696629213483 0.8845238095238095 0.2710674157303371
1 0.6904761904761905 0.2205056179775281 0.669047619047619 0.28230337078651685 0.6976190476190476 0.29353932584269665 0.7166666666666667 0.23174157303370788
1 0.6488095238095238 0.20646067415730338 0.6309523809523809 0.26685393258426965 0.6583333333333333 0.2752808988764045 0.675 0.21629213483146068
1 0.5202380952380953 0.18117977528089887 0.4988095238095238 0.24157303370786518 0.5261904761904762 0.24719101123595505 0.5464285714285714 0.19241573033707865
1 0.45 0.1502808988764045 0.43333333333333335 0.21207865168539325 0.4607142857142857 0.22191011235955055 0.475 0.1601123595505618