1 0.7154761904761905 0.18398876404494383 0.6761904761904762 0.24578651685393257 0.6547619047619048 0.22752808988764045 0.694047619047619 0.16573033707865167
1 0.5011904761904762 0.1502808988764045 0.5535714285714286 0.18117977528089887 0.5666666666666667 0.1544943820224719 0.5214285714285715 0.12359550561797752
1 0.48095238095238096 0.19803370786516855 0.5369047619047619 0.22893258426966293 0.5511904761904762 0.199438202247191 0.49523809523809526 0.16713483146067415
1 0.4595238095238095 0.2443820224719101 0.5238095238095238 0.27247191011235955 0.5369047619047619 0.2443820224719101 0.4738095238095238 0.21067415730337077
1 0.4488095238095238 0.2851123595505618 0.5095238095238095 0.3146067415730337 0.5190476190476191 0.2808988764044944 0.4583333333333333 0.25140449438202245
1 0.43214285714285716 0.32303370786516855 0.4845238095238095 0.3497191011235955 0.4976190476190476 0.3188202247191011 0.44166666666666665 0.2907303370786517
1 0.41904761904761906 0.36797752808988765 0.4726190476190476 0.4002808988764045 0.4880952380952381 0.3693820224719101 0.4297619047619048 0.33707865168539325
1 0.39166666666666666 0.42696629213483145 0.45357142857142857 0.45365168539325845 0.4654761904761905 0.42275280898876405 0.40476190476190477 0.39185393258426965
1 0.375 0.47752808988764045 0.43214285714285716 0.5042134831460674 0.44285714285714284 0.476123595505618 0.38452380952380955 0.4452247191011236
1 0.3488095238095238 0.5224719101123596 0.41309523809523807 0.550561797752809 0.4226190476190476 0.5196629213483146 0.35833333333333334 0.4901685393258427
1 0.3357142857142857 0.5716292134831461 0.39880952380952384 0.601123595505618 0.4083333333333333 0.5688202247191011 0.3464285714285714 0.5393258426966292
1 0.32261904761904764 0.6165730337078652 0.38333333333333336 0.6446629213483146 0.39285714285714285 0.6137640449438202 0.3345238095238095 0.5828651685393258
1 0.4166666666666667 0.6699438202247191 0.39404761904761904 0.7415730337078652 0.36666666666666664 0.7289325842696629 0.3904761904761905 0.6558988764044944
1 0.4523809523809524 0.7303370786516854 0.46785714285714286 0.8146067415730337 0.4357142857142857 0.8202247191011236 0.4238095238095238 0.7359550561797753
1 0.4607142857142857 0.726123595505618 0.47619047619047616 0.8061797752808989 0.5059523809523809 0.7935393258426966 0.4880952380952381 0.7120786516853933
1 0.5357142857142857 0.702247191011236 0.5666666666666667 0.7794943820224719 0.5952380952380952 0.7612359550561798 0.5619047619047619 0.6839887640449438
1 0.5785714285714286 0.5997191011235955 0.6452380952380953 0.6530898876404494 0.6607142857142857 0.6179775280898876 0.5964285714285714 0.5646067415730337
2 0.49523809523809526 0.7078651685393258 0.5178571428571429 0.8089887640449438 0.5571428571428572 0.7949438202247191 0.5261904761904762 0.6938202247191011
1 0.28095238095238095 0.4943820224719101 0.34404761904761905 0.5210674157303371 0.3523809523809524 0.4887640449438202 0.2892857142857143 0.4648876404494382
1 0.19404761904761905 0.5182584269662921 0.25595238095238093 0.5491573033707865 0.24285714285714285 0.5786516853932584 0.18214285714285713 0.5463483146067416
1 0.1523809523809524 0.6320224719101124 0.21785714285714286 0.6657303370786517 0.20238095238095238 0.6980337078651685 0.1392857142857143 0.6671348314606742
1 0.23095238095238096 0.6207865168539326 0.2976190476190476 0.648876404494382 0.305952380952381 0.6165730337078652 0.24166666666666667 0.5898876404494382
1 0.2619047619047619 0.550561797752809 0.3202380952380952 0.577247191011236 0.30952380952380953 0.6081460674157303 0.25 0.5814606741573034
1 0.2761904761904762 0.5098314606741573 0.33690476190476193 0.5379213483146067 0.32261904761904764 0.5674157303370787 0.2642857142857143 0.5393258426966292
2 0.2630952380952381 0.3047752808988764 0.28095238095238095 0.25140449438202245 0.25833333333333336 0.2443820224719101 0.23809523809523808 0.2949438202247191