1 0.3952380952380952 0.21910112359550563 0.3869047619047619 0.1601123595505618 0.3619047619047619 0.16292134831460675 0.3726190476190476 0.2247191011235955
1 0.48333333333333334 0.2247191011235955 0.4773809523809524 0.15730337078651685 0.4523809523809524 0.15730337078651685 0.45595238095238094 0.22893258426966293
1 0.5190476190476191 0.21348314606741572 0.5142857142857142 0.13904494382022473 0.49166666666666664 0.13904494382022473 0.49404761904761907 0.21769662921348315
1 0.5845238095238096 0.2247191011235955 0.580952380952381 0.16151685393258428 0.5547619047619048 0.16573033707865167 0.5619047619047619 0.22752808988764045
1 0.2571428571428571 0.7303370786516854 0.2523809523809524 0.6390449438202247 0.22738095238095238 0.6432584269662921 0.23095238095238096 0.7317415730337079
1 0.29642857142857143 0.7247191011235955 0.29642857142857143 0.6362359550561798 0.2726190476190476 0.6390449438202247 0.2726190476190476 0.7275280898876404
1 0.34404761904761905 0.7205056179775281 0.3345238095238095 0.625 0.30833333333333335 0.6306179775280899 0.31666666666666665 0.723314606741573
1 0.48928571428571427 0.6179775280898876 0.49404761904761907 0.5365168539325843 0.46904761904761905 0.5365168539325843 0.4642857142857143 0.6123595505617978
1 0.6309523809523809 0.5603932584269663 0.6345238095238095 0.526685393258427 0.555952380952381 0.523876404494382 0.5571428571428572 0.5589887640449438
1 0.8535714285714285 0.7780898876404494 0.85 0.7443820224719101 0.7714285714285715 0.7415730337078652 0.7702380952380953 0.773876404494382
1 0.5273809523809524 0.8721910112359551 0.5285714285714286 0.8384831460674157 0.45 0.8398876404494382 0.45 0.8735955056179775
1 0.6357142857142857 0.8679775280898876 0.6333333333333333 0.8286516853932584 0.5452380952380952 0.8370786516853933 0.5476190476190477 0.875