1 0.3952380952380952 0.16151685393258428 0.375 0.1797752808988764 0.430952380952381 0.24157303370786518 0.45 0.2205056179775281
1 0.4773809523809524 0.24859550561797752 0.45595238095238094 0.2752808988764045 0.5166666666666667 0.3342696629213483 0.5333333333333333 0.3061797752808989
1 0.5523809523809524 0.324438202247191 0.5333333333333333 0.34831460674157305 0.594047619047619 0.40168539325842695 0.6071428571428571 0.375
1 0.32142857142857145 0.20646067415730338 0.3 0.22191011235955055 0.34523809523809523 0.28370786516853935 0.36547619047619045 0.2640449438202247
1 0.4738095238095238 0.36657303370786515 0.44642857142857145 0.3707865168539326 0.45714285714285713 0.46207865168539325 0.4869047619047619 0.4550561797752809
1 0.5345238095238095 0.4241573033707865 0.5095238095238095 0.425561797752809 0.5226190476190476 0.5154494382022472 0.5511904761904762 0.5056179775280899
1 0.5833333333333334 0.4803370786516854 0.555952380952381 0.4845505617977528 0.5619047619047619 0.5617977528089888 0.5892857142857143 0.5603932584269663
1 0.6357142857142857 0.5252808988764045 0.6059523809523809 0.5252808988764045 0.6059523809523809 0.6137640449438202 0.6369047619047619 0.6137640449438202
1 0.6869047619047619 0.5758426966292135 0.655952380952381 0.5716292134831461 0.6416666666666667 0.6544943820224719 0.6738095238095239 0.6657303370786517
1 0.7214285714285714 0.6320224719101124 0.6928571428571428 0.6306179775280899 0.6880952380952381 0.7176966292134831 0.7226190476190476 0.723314606741573
1 0.7583333333333333 0.6151685393258427 0.7416666666666667 0.6404494382022472 0.8023809523809524 0.7050561797752809 0.8202380952380952 0.6783707865168539
1 0.6107142857142858 0.2612359550561798 0.5654761904761905 0.3202247191011236 0.5869047619047619 0.3441011235955056 0.6333333333333333 0.27668539325842695
1 0.6523809523809524 0.2991573033707865 0.6 0.36235955056179775 0.6226190476190476 0.3862359550561798 0.6726190476190477 0.32303370786516855
1 0.6857142857142857 0.3342696629213483 0.6321428571428571 0.4002808988764045 0.655952380952381 0.425561797752809 0.705952380952381 0.35814606741573035
1 0.7202380952380952 0.35814606741573035 0.6666666666666666 0.4241573033707865 0.6904761904761905 0.449438202247191 0.7404761904761905 0.38202247191011235
1 0.7440476190476191 0.3960674157303371 0.7047619047619048 0.45786516853932585 0.7261904761904762 0.47752808988764045 0.7678571428571429 0.41292134831460675
1 0.7904761904761904 0.4143258426966292 0.7416666666666667 0.48174157303370785 0.7666666666666667 0.49719101123595505 0.8142857142857143 0.4311797752808989
1 0.8202380952380952 0.4410112359550562 0.7702380952380953 0.5042134831460674 0.8 0.5294943820224719 0.8428571428571429 0.4592696629213483
1 0.8535714285714285 0.47752808988764045 0.8 0.5435393258426966 0.8273809523809523 0.5688202247191011 0.8761904761904762 0.4957865168539326