2 0.4928571428571429 0.25842696629213485 0.5261904761904762 0.2598314606741573 0.5261904761904762 0.37219101123595505 0.49404761904761907 0.3707865168539326
2 0.5738095238095238 0.2542134831460674 0.6130952380952381 0.25702247191011235 0.6130952380952381 0.3693820224719101 0.5738095238095238 0.3707865168539326
2 0.625 0.2443820224719101 0.6619047619047619 0.24578651685393257 0.6595238095238095 0.375 0.6238095238095238 0.37219101123595505
2 0.669047619047619 0.25280898876404495 0.7083333333333334 0.2542134831460674 0.7023809523809523 0.3792134831460674 0.6702380952380952 0.37780898876404495
2 0.719047619047619 0.24719101123595505 0.7535714285714286 0.24578651685393257 0.75 0.37780898876404495 0.7154761904761905 0.375
1 0.7595238095238095 0.5294943820224719 0.6714285714285714 0.547752808988764 0.6845238095238095 0.5884831460674157 0.7761904761904762 0.5646067415730337
4 0.46785714285714286 0.5617977528089888 0.4630952380952381 0.6151685393258427 0.5702380952380952 0.6165730337078652 0.5702380952380952 0.5632022471910112
4 0.7511904761904762 0.41853932584269665 0.6738095238095239 0.4508426966292135 0.6880952380952381 0.4859550561797753 0.7690476190476191 0.45786516853932585
1 0.5154761904761904 0.1601123595505618 0.544047619047619 0.1601123595505618 0.5380952380952381 0.23735955056179775 0.5011904761904762 0.22752808988764045
1 0.55 0.16853932584269662 0.5785714285714286 0.16151685393258428 0.5880952380952381 0.23595505617977527 0.5595238095238095 0.2401685393258427
4 0.6047619047619047 0.14325842696629212 0.6047619047619047 0.22612359550561797 0.6321428571428571 0.2247191011235955 0.6369047619047619 0.14325842696629212
1 0.65 0.1502808988764045 0.6797619047619048 0.14747191011235955 0.6797619047619048 0.22752808988764045 0.6523809523809524 0.22893258426966293
3 0.4785714285714286 0.6109550561797753 0.475 0.6502808988764045 0.5702380952380952 0.6601123595505618 0.5726190476190476 0.6151685393258427
3 0.4714285714285714 0.7050561797752809 0.46904761904761905 0.7514044943820225 0.5702380952380952 0.7612359550561798 0.5773809523809523 0.7120786516853933
3 0.46785714285714286 0.7542134831460674 0.4607142857142857 0.800561797752809 0.5666666666666667 0.8089887640449438 0.5678571428571428 0.7612359550561798
3 0.4607142857142857 0.8146067415730337 0.45595238095238094 0.8595505617977528 0.5702380952380952 0.8665730337078652 0.5702380952380952 0.8202247191011236
3 0.6726190476190477 0.797752808988764 0.6702380952380952 0.8581460674157303 0.7892857142857143 0.8637640449438202 0.7869047619047619 0.800561797752809
3 0.6714285714285714 0.7443820224719101 0.6773809523809524 0.7935393258426966 0.7821428571428571 0.800561797752809 0.7785714285714286 0.7457865168539326
3 0.6726190476190477 0.6867977528089888 0.6726190476190477 0.7387640449438202 0.775 0.7471910112359551 0.7773809523809524 0.6924157303370787
3 0.6702380952380952 0.5856741573033708 0.669047619047619 0.6320224719101124 0.7785714285714286 0.6376404494382022 0.7761904761904762 0.5870786516853933
3 0.763095238095238 0.4803370786516854 0.6571428571428571 0.47752808988764045 0.6630952380952381 0.526685393258427 0.7714285714285715 0.5252808988764045