1 0.6952380952380952 0.8356741573033708 0.6976190476190476 0.8820224719101124 0.7214285714285714 0.8806179775280899 0.7214285714285714 0.8328651685393258
1 0.4880952380952381 0.8651685393258427 0.5190476190476191 0.8651685393258427 0.5178571428571429 0.8075842696629213 0.48928571428571427 0.8075842696629213
1 0.4869047619047619 0.7359550561797753 0.49047619047619045 0.8019662921348315 0.5178571428571429 0.8033707865168539 0.5142857142857142 0.7331460674157303
1 0.6869047619047619 0.8160112359550562 0.7142857142857143 0.8160112359550562 0.7142857142857143 0.7514044943820225 0.6821428571428572 0.7528089887640449
1 0.680952380952381 0.7247191011235955 0.7083333333333334 0.7247191011235955 0.7047619047619048 0.6601123595505618 0.6785714285714286 0.6615168539325843
1 0.49047619047619045 0.7275280898876404 0.5178571428571429 0.7303370786516854 0.5166666666666667 0.6643258426966292 0.49047619047619045 0.6643258426966292
1 0.49166666666666664 0.6081460674157303 0.49047619047619045 0.6643258426966292 0.5142857142857142 0.6657303370786517 0.5154761904761904 0.6081460674157303
1 0.669047619047619 0.598314606741573 0.6761904761904762 0.6544943820224719 0.7 0.6502808988764045 0.6928571428571428 0.5955056179775281
1 0.6702380952380952 0.5842696629213483 0.6928571428571428 0.5842696629213483 0.6904761904761905 0.5323033707865169 0.6666666666666666 0.5337078651685393
1 0.4869047619047619 0.5449438202247191 0.4880952380952381 0.6053370786516854 0.5142857142857142 0.6053370786516854 0.513095238095238 0.5449438202247191
1 0.5119047619047619 0.4859550561797753 0.5119047619047619 0.5421348314606742 0.48928571428571427 0.5449438202247191 0.49047619047619045 0.4859550561797753
1 0.6666666666666666 0.526685393258427 0.694047619047619 0.523876404494382 0.6869047619047619 0.4691011235955056 0.6607142857142857 0.47191011235955055
1 0.5142857142857142 0.42134831460674155 0.5166666666666667 0.47191011235955055 0.49166666666666664 0.4747191011235955 0.49047619047619045 0.42275280898876405
1 0.655952380952381 0.4339887640449438 0.6619047619047619 0.4803370786516854 0.6845238095238095 0.4789325842696629 0.675 0.4311797752808989
1 0.6571428571428571 0.38202247191011235 0.6571428571428571 0.42837078651685395 0.6821428571428572 0.4297752808988764 0.6821428571428572 0.38342696629213485
1 0.4880952380952381 0.37359550561797755 0.49642857142857144 0.425561797752809 0.5202380952380953 0.41853932584269665 0.5095238095238095 0.36797752808988765
1 0.4238095238095238 0.37359550561797755 0.46785714285714286 0.34269662921348315 0.4488095238095238 0.32162921348314605 0.41309523809523807 0.34831460674157305
1 0.40714285714285714 0.3188202247191011 0.42142857142857143 0.3441011235955056 0.45476190476190476 0.31320224719101125 0.44166666666666665 0.2949438202247191
1 0.4107142857142857 0.22752808988764045 0.4583333333333333 0.22893258426966293 0.46190476190476193 0.19803370786516855 0.4119047619047619 0.19241573033707865
1 0.4297619047619048 0.17134831460674158 0.4666666666666667 0.15168539325842698 0.4523809523809524 0.1348314606741573 0.42023809523809524 0.15308988764044945
1 0.5023809523809524 0.15870786516853932 0.5261904761904762 0.12640449438202248 0.5059523809523809 0.11376404494382023 0.48214285714285715 0.1502808988764045
1 0.4845238095238095 0.16292134831460675 0.4857142857142857 0.19803370786516855 0.5059523809523809 0.1952247191011236 0.5023809523809524 0.15589887640449437
1 0.48928571428571427 0.24297752808988765 0.5119047619047619 0.24297752808988765 0.5083333333333333 0.19662921348314608 0.48214285714285715 0.19803370786516855
1 0.48928571428571427 0.29213483146067415 0.5119047619047619 0.28651685393258425 0.513095238095238 0.2401685393258427 0.48928571428571427 0.24157303370786518
1 0.5 0.324438202247191 0.5226190476190476 0.2907303370786517 0.5071428571428571 0.27808988764044945 0.48333333333333334 0.3103932584269663
1 0.48928571428571427 0.36657303370786515 0.5119047619047619 0.3693820224719101 0.5154761904761904 0.3202247191011236 0.49047619047619045 0.3202247191011236
1 0.6607142857142857 0.36797752808988765 0.7095238095238096 0.3497191011235955 0.6964285714285714 0.32724719101123595 0.6547619047619048 0.34691011235955055
1 0.6452380952380953 0.32724719101123595 0.6595238095238095 0.3455056179775281 0.6964285714285714 0.3202247191011236 0.6833333333333333 0.2991573033707865
1 0.6785714285714286 0.2654494382022472 0.6428571428571429 0.29634831460674155 0.6595238095238095 0.3160112359550562 0.6964285714285714 0.28792134831460675
1 0.6607142857142857 0.22331460674157302 0.6964285714285714 0.199438202247191 0.6821428571428572 0.18258426966292135 0.65 0.20224719101123595
1 0.6190476190476191 0.15870786516853932 0.6190476190476191 0.2050561797752809 0.6428571428571429 0.2050561797752809 0.6392857142857142 0.15730337078651685
1 0.6654761904761904 0.19803370786516855 0.7023809523809523 0.1699438202247191 0.6869047619047619 0.15308988764044945 0.6511904761904762 0.17837078651685392
1 0.6511904761904762 0.18398876404494383 0.6857142857142857 0.16573033707865167 0.6773809523809524 0.14185393258426968 0.6428571428571429 0.15589887640449437
1 0.6333333333333333 0.1348314606741573 0.6440476190476191 0.15589887640449437 0.6845238095238095 0.1348314606741573 0.6773809523809524 0.1151685393258427
4 0.8297619047619048 0.20365168539325842 0.8559523809523809 0.199438202247191 0.8476190476190476 0.14325842696629212 0.8202380952380952 0.14887640449438203