1 0.444047619047619 0.6685393258426966 0.5202380952380953 0.7682584269662921 0.5476190476190477 0.7387640449438202 0.4726190476190476 0.6376404494382022
1 0.3619047619047619 0.7303370786516854 0.4297619047619048 0.827247191011236 0.4583333333333333 0.8033707865168539 0.3904761904761905 0.699438202247191
1 0.2761904761904762 0.6109550561797753 0.34523809523809523 0.7050561797752809 0.37023809523809526 0.6783707865168539 0.30238095238095236 0.5814606741573034
1 0.19166666666666668 0.6713483146067416 0.2369047619047619 0.7780898876404494 0.275 0.7570224719101124 0.22976190476190475 0.6544943820224719
1 0.680952380952381 0.6797752808988764 0.7428571428571429 0.7710674157303371 0.7761904761904762 0.7401685393258427 0.7119047619047619 0.648876404494382
1 0.6059523809523809 0.574438202247191 0.6714285714285714 0.672752808988764 0.7083333333333334 0.6320224719101124 0.6416666666666667 0.5407303370786517
4 0.5238095238095238 0.449438202247191 0.5916666666666667 0.550561797752809 0.625 0.5168539325842697 0.5571428571428572 0.41853932584269665
1 0.47619047619047616 0.31179775280898875 0.530952380952381 0.3848314606741573 0.4988095238095238 0.41713483146067415 0.444047619047619 0.33848314606741575
1 0.19047619047619047 0.46629213483146065 0.24642857142857144 0.5407303370786517 0.2785714285714286 0.5154494382022472 0.22142857142857142 0.43679775280898875
1 0.11904761904761904 0.3497191011235955 0.16785714285714284 0.4410112359550562 0.2 0.4157303370786517 0.15119047619047618 0.324438202247191
1 0.18214285714285713 0.24578651685393257 0.22023809523809523 0.3103932584269663 0.24285714285714285 0.28792134831460675 0.20952380952380953 0.22612359550561797
1 0.1988095238095238 0.16853932584269662 0.25952380952380955 0.2640449438202247 0.29404761904761906 0.23595505617977527 0.22976190476190475 0.1404494382022472
2 0.3416666666666667 0.17696629213483145 0.40714285714285714 0.28792134831460675 0.44642857142857145 0.26264044943820225 0.37857142857142856 0.15308988764044945