1 0.10833333333333334 0.16432584269662923 0.1261904761904762 0.14606741573033707 0.1630952380952381 0.19382022471910113 0.14047619047619048 0.2050561797752809
1 0.14404761904761904 0.13904494382022473 0.16666666666666666 0.12359550561797752 0.1988095238095238 0.175561797752809 0.1761904761904762 0.1853932584269663
1 0.34285714285714286 0.15168539325842698 0.3595238095238095 0.17415730337078653 0.4095238095238095 0.14185393258426968 0.3904761904761905 0.12078651685393259
1 0.36666666666666664 0.17415730337078653 0.38571428571428573 0.19382022471910113 0.4297619047619048 0.16713483146067415 0.4142857142857143 0.14606741573033707
1 0.39166666666666666 0.19662921348314608 0.4083333333333333 0.21348314606741572 0.4607142857142857 0.1896067415730337 0.444047619047619 0.16573033707865167
1 0.4642857142857143 0.24297752808988765 0.48214285714285715 0.2640449438202247 0.5297619047619048 0.23876404494382023 0.5119047619047619 0.21910112359550563
1 0.5642857142857143 0.2949438202247191 0.580952380952381 0.3146067415730337 0.6321428571428571 0.2794943820224719 0.611904761904762 0.26264044943820225
4 0.5261904761904762 0.18398876404494383 0.5428571428571428 0.21207865168539325 0.6 0.17275280898876405 0.5738095238095238 0.14606741573033707
3 0.1869047619047619 0.25702247191011235 0.22380952380952382 0.2345505617977528 0.35833333333333334 0.36235955056179775 0.3107142857142857 0.4002808988764045
3 0.14047619047619048 0.28230337078651685 0.18452380952380953 0.2556179775280899 0.3107142857142857 0.3890449438202247 0.26666666666666666 0.42696629213483145
3 0.10476190476190476 0.3089887640449438 0.14047619047619048 0.27808988764044945 0.26785714285714285 0.42275280898876405 0.21785714285714286 0.4592696629213483
3 0.07142857142857142 0.33146067415730335 0.10476190476190476 0.3089887640449438 0.2130952380952381 0.4550561797752809 0.16904761904761906 0.4859550561797753
3 0.18095238095238095 0.5589887640449438 0.14047619047619048 0.5884831460674157 0.27380952380952384 0.7794943820224719 0.32142857142857145 0.7359550561797753
3 0.19404761904761905 0.5617977528089888 0.24047619047619048 0.526685393258427 0.3773809523809524 0.7050561797752809 0.3357142857142857 0.7443820224719101
3 0.2988095238095238 0.49719101123595505 0.3357142857142857 0.46348314606741575 0.4714285714285714 0.6418539325842697 0.42857142857142855 0.6797752808988764
3 0.3464285714285714 0.4705056179775281 0.38571428571428573 0.44803370786516855 0.513095238095238 0.6067415730337079 0.475 0.6418539325842697
3 0.38452380952380955 0.44803370786516855 0.42857142857142855 0.4157303370786517 0.5654761904761905 0.5814606741573034 0.525 0.6137640449438202
3 0.430952380952381 0.4157303370786517 0.4654761904761905 0.39185393258426965 0.6023809523809524 0.5407303370786517 0.5666666666666667 0.5786516853932584
3 0.6761904761904762 0.4297752808988764 0.6523809523809524 0.45224719101123595 0.6976190476190476 0.5 0.7273809523809524 0.4803370786516854