1 0.22380952380952382 0.20224719101123595 0.28214285714285714 0.20084269662921347 0.28095238095238095 0.23595505617977527 0.22023809523809523 0.23595505617977527
1 0.780952380952381 0.13904494382022473 0.7845238095238095 0.1797752808988764 0.8392857142857143 0.1797752808988764 0.8416666666666667 0.14185393258426968
1 0.6190476190476191 0.20926966292134833 0.6238095238095238 0.2401685393258427 0.6773809523809524 0.23735955056179775 0.6761904761904762 0.20786516853932585
1 0.46904761904761905 0.2654494382022472 0.46904761904761905 0.29775280898876405 0.5285714285714286 0.29775280898876405 0.5261904761904762 0.2640449438202247
1 0.6392857142857142 0.28651685393258425 0.6440476190476191 0.3202247191011236 0.7035714285714286 0.31741573033707865 0.7 0.28651685393258425
1 0.175 0.3862359550561798 0.1738095238095238 0.41713483146067415 0.2369047619047619 0.4199438202247191 0.2369047619047619 0.3946629213483146
1 0.3357142857142857 0.44662921348314605 0.3345238095238095 0.48174157303370785 0.4011904761904762 0.48174157303370785 0.39880952380952384 0.44662921348314605
1 0.1380952380952381 0.5 0.13690476190476192 0.5351123595505618 0.20476190476190476 0.5379213483146067 0.20476190476190476 0.5042134831460674
4 0.07380952380952381 0.4199438202247191 0.24761904761904763 0.43258426966292135 0.24642857142857144 0.4859550561797753 0.06904761904761905 0.47331460674157305
1 0.22976190476190475 0.49859550561797755 0.2261904761904762 0.5351123595505618 0.29523809523809524 0.5393258426966292 0.29642857142857143 0.5028089887640449
3 0.3547619047619048 0.476123595505618 0.3523809523809524 0.5280898876404494 0.48333333333333334 0.5379213483146067 0.48333333333333334 0.4789325842696629
1 0.4261904761904762 0.4438202247191011 0.42738095238095236 0.47752808988764045 0.4976190476190476 0.48174157303370785 0.4976190476190476 0.4452247191011236
1 0.5404761904761904 0.4592696629213483 0.5416666666666666 0.49157303370786515 0.6071428571428571 0.4901685393258427 0.6071428571428571 0.4606741573033708
1 0.5095238095238095 0.5042134831460674 0.5095238095238095 0.5407303370786517 0.5738095238095238 0.5449438202247191 0.5738095238095238 0.5098314606741573
1 0.6297619047619047 0.45224719101123595 0.6321428571428571 0.4859550561797753 0.7035714285714286 0.4901685393258427 0.7 0.45646067415730335
1 0.6297619047619047 0.5028089887640449 0.6321428571428571 0.5393258426966292 0.6988095238095238 0.5379213483146067 0.6964285714285714 0.5042134831460674
1 0.6607142857142857 0.5589887640449438 0.6619047619047619 0.601123595505618 0.7357142857142858 0.5997191011235955 0.7321428571428571 0.5632022471910112
1 0.75 0.4508426966292135 0.7511904761904762 0.4887640449438202 0.825 0.4887640449438202 0.8214285714285714 0.45224719101123595
1 0.7321428571428571 0.5056179775280899 0.736904761904762 0.5449438202247191 0.8107142857142857 0.5421348314606742 0.8083333333333333 0.5042134831460674
1 0.8476190476190476 0.5168539325842697 0.8523809523809524 0.5491573033707865 0.9035714285714286 0.5449438202247191 0.8964285714285715 0.5098314606741573