1 0.6511904761904762 0.4705056179775281 0.611904761904762 0.4957865168539326 0.6190476190476191 0.5112359550561798 0.6654761904761904 0.4845505617977528
1 0.669047619047619 0.4957865168539326 0.6297619047619047 0.5210674157303371 0.6369047619047619 0.5365168539325843 0.6833333333333333 0.5098314606741573
1 0.5845238095238096 0.3806179775280899 0.5452380952380952 0.4058988764044944 0.5523809523809524 0.42134831460674155 0.5988095238095238 0.3946629213483146
1 0.5642857142857143 0.3637640449438202 0.525 0.38202247191011235 0.5321428571428571 0.4044943820224719 0.5785714285714286 0.37780898876404495
1 0.5273809523809524 0.32724719101123595 0.5083333333333333 0.35814606741573035 0.525 0.3651685393258427 0.5404761904761904 0.3356741573033708
1 0.6333333333333333 0.702247191011236 0.6095238095238096 0.6615168539325843 0.5916666666666667 0.6769662921348315 0.6190476190476191 0.7191011235955056
1 0.6154761904761905 0.773876404494382 0.5988095238095238 0.7837078651685393 0.6238095238095238 0.8230337078651685 0.6404761904761904 0.8047752808988764
1 0.2833333333333333 0.8356741573033708 0.225 0.8665730337078652 0.24166666666666667 0.8862359550561798 0.29523809523809524 0.8553370786516854
2 0.5107142857142857 0.5126404494382022 0.38571428571428573 0.5786516853932584 0.4083333333333333 0.6165730337078652 0.530952380952381 0.5379213483146067
2 0.4869047619047619 0.4845505617977528 0.3619047619047619 0.550561797752809 0.38452380952380955 0.5884831460674157 0.5071428571428571 0.5098314606741573
2 0.4714285714285714 0.4606741573033708 0.3464285714285714 0.526685393258427 0.36904761904761907 0.5646067415730337 0.49166666666666664 0.4859550561797753
2 0.4511904761904762 0.4339887640449438 0.3261904761904762 0.5 0.3488095238095238 0.5379213483146067 0.4714285714285714 0.4592696629213483
2 0.43333333333333335 0.4101123595505618 0.30833333333333335 0.476123595505618 0.33095238095238094 0.5140449438202247 0.45357142857142857 0.4353932584269663
2 0.41309523809523807 0.3848314606741573 0.28809523809523807 0.4508426966292135 0.3107142857142857 0.4887640449438202 0.43333333333333335 0.4101123595505618
2 0.2119047619047619 0.49297752808988765 0.0869047619047619 0.5589887640449438 0.09404761904761905 0.5898876404494382 0.23214285714285715 0.5182584269662921
2 0.2369047619047619 0.5252808988764045 0.11190476190476191 0.5912921348314607 0.11904761904761904 0.6221910112359551 0.2571428571428571 0.550561797752809
2 0.2988095238095238 0.6334269662921348 0.1738095238095238 0.699438202247191 0.18095238095238095 0.7303370786516854 0.319047619047619 0.6587078651685393
2 0.24523809523809523 0.547752808988764 0.12023809523809524 0.6137640449438202 0.12738095238095237 0.6446629213483146 0.2654761904761905 0.5730337078651685
2 0.26666666666666666 0.5674157303370787 0.14166666666666666 0.6334269662921348 0.1488095238095238 0.6643258426966292 0.2869047619047619 0.5926966292134831
2 0.2785714285714286 0.601123595505618 0.15357142857142858 0.6671348314606742 0.16071428571428573 0.6980337078651685 0.2988095238095238 0.6264044943820225
2 0.32261904761904764 0.6601123595505618 0.1976190476190476 0.726123595505618 0.20476190476190476 0.7570224719101124 0.34285714285714286 0.6853932584269663