1 0.2857142857142857 0.14747191011235955 0.29285714285714287 0.18398876404494383 0.31785714285714284 0.17837078651685392 0.3107142857142857 0.14185393258426968
3 0.34404761904761905 0.17134831460674158 0.3523809523809524 0.21910112359550563 0.3761904761904762 0.21348314606741572 0.36666666666666664 0.16432584269662923
1 0.3607142857142857 0.21348314606741572 0.37023809523809526 0.24859550561797752 0.3880952380952381 0.24157303370786518 0.3773809523809524 0.2050561797752809
1 0.39166666666666666 0.199438202247191 0.4011904761904762 0.2401685393258427 0.4238095238095238 0.2303370786516854 0.4119047619047619 0.1952247191011236
1 0.10714285714285714 0.5617977528089888 0.10714285714285714 0.5898876404494382 0.15714285714285714 0.5842696629213483 0.15595238095238095 0.5547752808988764
1 0.23095238095238096 0.5646067415730337 0.23333333333333334 0.5926966292134831 0.2892857142857143 0.5828651685393258 0.28809523809523807 0.5533707865168539
4 0.20238095238095238 0.6306179775280899 0.20595238095238094 0.675561797752809 0.22857142857142856 0.6713483146067416 0.22380952380952382 0.625
4 0.6892857142857143 0.6109550561797753 0.6583333333333333 0.6530898876404494 0.680952380952381 0.6713483146067416 0.7095238095238096 0.6278089887640449
4 0.5773809523809523 0.699438202247191 0.5607142857142857 0.726123595505618 0.6095238095238096 0.7528089887640449 0.6261904761904762 0.7303370786516854
1 0.09761904761904762 0.7205056179775281 0.0988095238095238 0.7457865168539326 0.1488095238095238 0.7373595505617978 0.14523809523809525 0.7092696629213483
1 0.125 0.7682584269662921 0.11666666666666667 0.7963483146067416 0.16904761904761906 0.8103932584269663 0.1761904761904762 0.7865168539325843
1 0.1380952380952381 0.8132022471910112 0.13095238095238096 0.8441011235955056 0.1880952380952381 0.8581460674157303 0.19523809523809524 0.824438202247191
1 0.5571428571428572 0.5884831460674157 0.5666666666666667 0.6418539325842697 0.5928571428571429 0.6376404494382022 0.5833333333333334 0.5842696629213483
1 0.5976190476190476 0.5870786516853933 0.6059523809523809 0.6474719101123596 0.6309523809523809 0.6432584269662921 0.6226190476190476 0.5856741573033708
1 0.6297619047619047 0.5898876404494382 0.6285714285714286 0.6460674157303371 0.6547619047619048 0.648876404494382 0.6571428571428571 0.5926966292134831
2 0.6166666666666667 0.14887640449438203 0.6345238095238095 0.199438202247191 0.655952380952381 0.19382022471910113 0.6416666666666667 0.1404494382022472
1 0.736904761904762 0.1348314606741573 0.7464285714285714 0.15730337078651685 0.7869047619047619 0.14606741573033707 0.7785714285714286 0.125
1 0.6976190476190476 0.13904494382022473 0.7130952380952381 0.17696629213483145 0.7321428571428571 0.16713483146067415 0.7178571428571429 0.1306179775280899
1 0.6666666666666666 0.15168539325842698 0.675 0.1853932584269663 0.6964285714285714 0.17837078651685392 0.6904761904761905 0.1446629213483146
1 0.5916666666666667 0.17275280898876405 0.6035714285714285 0.20646067415730338 0.6202380952380953 0.20084269662921347 0.6095238095238096 0.16853932584269662
1 0.5607142857142857 0.175561797752809 0.5738095238095238 0.21067415730337077 0.5928571428571429 0.2050561797752809 0.5797619047619048 0.16853932584269662
1 0.5166666666666667 0.18117977528089887 0.5261904761904762 0.21629213483146068 0.5488095238095239 0.21067415730337077 0.5392857142857143 0.17415730337078653
1 0.4880952380952381 0.18679775280898878 0.5023809523809524 0.2247191011235955 0.5202380952380953 0.2205056179775281 0.5059523809523809 0.18117977528089887
1 0.45595238095238094 0.1952247191011236 0.4726190476190476 0.22893258426966293 0.48928571428571427 0.2205056179775281 0.475 0.18820224719101122