0 0.43214285714285716 0.23314606741573032 0.5869047619047619 0.3595505617977528 0.6392857142857142 0.30196629213483145 0.47619047619047616 0.17134831460674158
0 0.3476190476190476 0.2907303370786517 0.513095238095238 0.3862359550561798 0.5428571428571428 0.34129213483146065 0.37857142857142856 0.2401685393258427
0 0.319047619047619 0.351123595505618 0.49166666666666664 0.45786516853932585 0.5238095238095238 0.3946629213483146 0.34285714285714286 0.2907303370786517
0 0.23214285714285715 0.42696629213483145 0.3964285714285714 0.5393258426966292 0.43333333333333335 0.4789325842696629 0.2642857142857143 0.3707865168539326
0 0.18095238095238095 0.48735955056179775 0.34523809523809523 0.6137640449438202 0.3869047619047619 0.5547752808988764 0.2226190476190476 0.42696629213483145
0 0.13095238095238096 0.5449438202247191 0.2976190476190476 0.6713483146067416 0.33690476190476193 0.6221910112359551 0.16547619047619047 0.48314606741573035
0 0.3357142857142857 0.7528089887640449 0.4511904761904762 0.6165730337078652 0.4023809523809524 0.5716292134831461 0.28809523809523807 0.7008426966292135
0 0.44166666666666665 0.6053370786516854 0.6011904761904762 0.46348314606741575 0.5511904761904762 0.40870786516853935 0.39404761904761904 0.5463483146067416
0 0.42857142857142855 0.8665730337078652 0.5523809523809524 0.6601123595505618 0.5 0.6278089887640449 0.375 0.8342696629213483
0 0.5642857142857143 0.6601123595505618 0.6892857142857143 0.48174157303370785 0.6345238095238095 0.43679775280898875 0.5035714285714286 0.6095505617977528
0 0.5702380952380952 0.8455056179775281 0.6988095238095238 0.6334269662921348 0.6416666666666667 0.5955056179775281 0.5071428571428571 0.797752808988764
0 0.6392857142857142 0.827247191011236 0.8119047619047619 0.9466292134831461 0.8464285714285714 0.8904494382022472 0.6738095238095239 0.7570224719101124
0 0.680952380952381 0.7626404494382022 0.8738095238095238 0.9199438202247191 0.9095238095238095 0.8539325842696629 0.7083333333333334 0.7036516853932584
0 0.7297619047619047 0.7205056179775281 0.8952380952380953 0.8525280898876404 0.9357142857142857 0.7851123595505618 0.7607142857142857 0.6502808988764045
0 0.763095238095238 0.6544943820224719 0.9178571428571428 0.773876404494382 0.9547619047619048 0.7078651685393258 0.7928571428571428 0.5898876404494382
0 0.805952380952381 0.5969101123595506 0.9333333333333333 0.6952247191011236 0.969047619047619 0.6390449438202247 0.8273809523809523 0.5393258426966292