3 0.3869047619047619 0.6348314606741573 0.3869047619047619 0.4157303370786517 0.42738095238095236 0.41713483146067415 0.4369047619047619 0.6334269662921348
2 0.7452380952380953 0.43820224719101125 0.8464285714285714 0.43258426966292135 0.8476190476190476 0.4803370786516854 0.7488095238095238 0.4859550561797753
1 0.763095238095238 0.6193820224719101 0.8404761904761905 0.6067415730337079 0.8464285714285714 0.6362359550561798 0.7738095238095238 0.6558988764044944
1 0.7797619047619048 0.7120786516853933 0.7904761904761904 0.7935393258426966 0.8273809523809523 0.7865168539325843 0.8130952380952381 0.7036516853932584
1 0.7297619047619047 0.797752808988764 0.7321428571428571 0.8820224719101124 0.7690476190476191 0.8806179775280899 0.7666666666666667 0.7963483146067416
1 0.719047619047619 0.6910112359550562 0.7261904761904762 0.7823033707865169 0.763095238095238 0.7808988764044944 0.7535714285714286 0.6867977528089888
1 0.7142857142857143 0.6067415730337079 0.7166666666666667 0.6783707865168539 0.7488095238095238 0.6769662921348315 0.7464285714285714 0.6081460674157303
1 0.6928571428571428 0.3651685393258427 0.6964285714285714 0.4311797752808989 0.7226190476190476 0.4311797752808989 0.7178571428571429 0.36657303370786515
1 0.6904761904761905 0.351123595505618 0.6845238095238095 0.28792134831460675 0.7142857142857143 0.28651685393258425 0.7166666666666667 0.35252808988764045
1 0.6833333333333333 0.26825842696629215 0.675 0.199438202247191 0.705952380952381 0.199438202247191 0.7154761904761905 0.26685393258426965
1 0.39166666666666666 0.25842696629213485 0.39166666666666666 0.18258426966292135 0.4226190476190476 0.18258426966292135 0.4226190476190476 0.2556179775280899
1 0.39285714285714285 0.34269662921348315 0.39404761904761904 0.2654494382022472 0.42023809523809524 0.2654494382022472 0.4238095238095238 0.34129213483146065
1 0.3964285714285714 0.425561797752809 0.39880952380952384 0.34691011235955055 0.42738095238095236 0.34269662921348315 0.425 0.42134831460674155
1 0.40476190476190477 0.7570224719101124 0.3964285714285714 0.6629213483146067 0.43333333333333335 0.6573033707865169 0.4392857142857143 0.7584269662921348