1 0.40476190476190477 0.17696629213483145 0.40714285714285714 0.2247191011235955 0.49047619047619045 0.2205056179775281 0.48333333333333334 0.17275280898876405
1 0.46904761904761905 0.21910112359550563 0.4523809523809524 0.24859550561797752 0.5273809523809524 0.28230337078651685 0.5416666666666666 0.24859550561797752
1 0.5547619047619048 0.23314606741573032 0.5571428571428572 0.3188202247191011 0.594047619047619 0.31741573033707865 0.5892857142857143 0.23314606741573032
1 0.4095238095238095 0.26264044943820225 0.4095238095238095 0.29213483146067415 0.4845238095238095 0.29213483146067415 0.48214285714285715 0.2612359550561798
1 0.4023809523809524 0.29634831460674155 0.4035714285714286 0.33848314606741575 0.4857142857142857 0.33848314606741575 0.48333333333333334 0.29775280898876405
1 0.40714285714285714 0.3398876404494382 0.40595238095238095 0.38202247191011235 0.49047619047619045 0.38342696629213485 0.48928571428571427 0.34129213483146065
1 0.4 0.4297752808988764 0.3964285714285714 0.47191011235955055 0.4880952380952381 0.47331460674157305 0.4880952380952381 0.43258426966292135
1 0.4 0.5182584269662921 0.4023809523809524 0.5575842696629213 0.47619047619047616 0.5561797752808989 0.4726190476190476 0.5168539325842697
1 0.3964285714285714 0.5617977528089888 0.3976190476190476 0.6053370786516854 0.48214285714285715 0.6053370786516854 0.4797619047619048 0.5632022471910112
1 0.39880952380952384 0.6193820224719101 0.3976190476190476 0.6629213483146067 0.4880952380952381 0.6615168539325843 0.4857142857142857 0.6179775280898876
1 0.39880952380952384 0.6671348314606742 0.4 0.7092696629213483 0.49047619047619045 0.7050561797752809 0.48928571428571427 0.6615168539325843
1 0.39880952380952384 0.7176966292134831 0.3976190476190476 0.7570224719101124 0.4880952380952381 0.7556179775280899 0.4869047619047619 0.7176966292134831
1 0.3964285714285714 0.7696629213483146 0.3964285714285714 0.8160112359550562 0.4880952380952381 0.8160112359550562 0.4869047619047619 0.7724719101123596
1 0.5714285714285714 0.7345505617977528 0.5726190476190476 0.8188202247191011 0.6059523809523809 0.8188202247191011 0.6035714285714285 0.7345505617977528
1 0.5714285714285714 0.6376404494382022 0.575 0.726123595505618 0.6154761904761905 0.726123595505618 0.6083333333333333 0.6362359550561798
1 0.5702380952380952 0.5337078651685393 0.5714285714285714 0.6137640449438202 0.6071428571428571 0.6123595505617978 0.6047619047619047 0.5337078651685393
1 0.5678571428571428 0.4353932584269663 0.5678571428571428 0.5168539325842697 0.6035714285714285 0.5168539325842697 0.5988095238095238 0.43258426966292135
1 0.5571428571428572 0.33848314606741575 0.5583333333333333 0.42275280898876405 0.5928571428571429 0.42275280898876405 0.5892857142857143 0.33707865168539325
1 0.6642857142857143 0.5393258426966292 0.6738095238095239 0.6292134831460674 0.7095238095238096 0.6292134831460674 0.6976190476190476 0.5379213483146067