1 0.49166666666666664 0.5126404494382022 0.4595238095238095 0.5126404494382022 0.45476190476190476 0.6053370786516854 0.49047619047619045 0.6067415730337079
1 0.3535714285714286 0.1404494382022472 0.28809523809523807 0.17696629213483145 0.3011904761904762 0.20786516853932585 0.3678571428571429 0.17134831460674158
1 0.3547619047619048 0.1896067415730337 0.2988095238095238 0.2345505617977528 0.31785714285714284 0.2612359550561798 0.37023809523809526 0.21769662921348315
1 0.3607142857142857 0.24297752808988765 0.29285714285714287 0.2851123595505618 0.3107142857142857 0.3188202247191011 0.3738095238095238 0.27247191011235955
1 0.35595238095238096 0.30337078651685395 0.2976190476190476 0.351123595505618 0.319047619047619 0.3806179775280899 0.3761904761904762 0.32724719101123595
1 0.35119047619047616 0.37219101123595505 0.29285714285714287 0.41151685393258425 0.305952380952381 0.4410112359550562 0.37023809523809526 0.39747191011235955
1 0.3476190476190476 0.42696629213483145 0.28809523809523807 0.4747191011235955 0.30357142857142855 0.5014044943820225 0.36547619047619045 0.45646067415730335
1 0.3464285714285714 0.48735955056179775 0.2785714285714286 0.5337078651685393 0.29404761904761906 0.5646067415730337 0.36428571428571427 0.5154494382022472
1 0.3404761904761905 0.5519662921348315 0.275 0.601123595505618 0.29523809523809524 0.6320224719101124 0.3619047619047619 0.5758426966292135
1 0.3345238095238095 0.6193820224719101 0.26904761904761904 0.672752808988764 0.2845238095238095 0.7036516853932584 0.3547619047619048 0.6460674157303371
1 0.33095238095238094 0.6853932584269663 0.26785714285714285 0.7331460674157303 0.2845238095238095 0.7654494382022472 0.3523809523809524 0.7120786516853933
1 0.325 0.7584269662921348 0.2654761904761905 0.8019662921348315 0.27976190476190477 0.8342696629213483 0.34404761904761905 0.7851123595505618
1 0.18571428571428572 0.5702247191011236 0.13333333333333333 0.6193820224719101 0.15119047619047618 0.6418539325842697 0.20595238095238094 0.5955056179775281
1 0.20476190476190476 0.6039325842696629 0.14642857142857144 0.6601123595505618 0.175 0.6910112359550562 0.22857142857142856 0.6306179775280899
1 0.2 0.2710674157303371 0.18095238095238095 0.28651685393258425 0.2119047619047619 0.3609550561797753 0.24047619047619048 0.3455056179775281
1 0.18095238095238095 0.21769662921348315 0.10595238095238095 0.21348314606741572 0.10238095238095238 0.24719101123595505 0.17857142857142858 0.2542134831460674
1 0.19166666666666668 0.7162921348314607 0.1595238095238095 0.7191011235955056 0.1488095238095238 0.8103932584269663 0.18571428571428572 0.8103932584269663