1 0.8023809523809524 0.672752808988764 0.8071428571428572 0.797752808988764 0.8607142857142858 0.7949438202247191 0.8464285714285714 0.6671348314606742
1 0.7904761904761904 0.6671348314606742 0.7892857142857143 0.7893258426966292 0.7416666666666667 0.7851123595505618 0.7464285714285714 0.6671348314606742
1 0.7178571428571429 0.6643258426966292 0.7321428571428571 0.7907303370786517 0.6892857142857143 0.7879213483146067 0.680952380952381 0.6671348314606742
1 0.6607142857142857 0.6643258426966292 0.6678571428571428 0.7682584269662921 0.6345238095238095 0.7710674157303371 0.6285714285714286 0.6615168539325843
1 0.6023809523809524 0.6629213483146067 0.6154761904761905 0.7794943820224719 0.5797619047619048 0.7851123595505618 0.5702380952380952 0.6615168539325843
1 0.5452380952380952 0.6643258426966292 0.5571428571428572 0.7921348314606742 0.5083333333333333 0.7907303370786517 0.5047619047619047 0.6615168539325843
1 0.49404761904761907 0.6713483146067416 0.5011904761904762 0.7963483146067416 0.4523809523809524 0.7963483146067416 0.4523809523809524 0.672752808988764
1 0.4369047619047619 0.6713483146067416 0.44047619047619047 0.7808988764044944 0.3952380952380952 0.7837078651685393 0.39880952380952384 0.6699438202247191
1 0.37857142857142856 0.675561797752809 0.375 0.7907303370786517 0.33690476190476193 0.7921348314606742 0.3416666666666667 0.672752808988764
1 0.3238095238095238 0.6671348314606742 0.3238095238095238 0.7963483146067416 0.2845238095238095 0.7963483146067416 0.2833333333333333 0.6643258426966292
3 0.2654761904761905 0.651685393258427 0.1523809523809524 0.6643258426966292 0.15357142857142858 0.6179775280898876 0.25357142857142856 0.6067415730337079
1 0.6142857142857143 0.49297752808988765 0.6154761904761905 0.5407303370786517 0.7047619047619048 0.5421348314606742 0.7035714285714286 0.4943820224719101
1 0.19642857142857142 0.8216292134831461 0.19523809523809524 0.8595505617977528 0.12023809523809524 0.8539325842696629 0.125 0.8132022471910112
1 0.4738095238095238 0.49297752808988765 0.4714285714285714 0.5351123595505618 0.5785714285714286 0.5365168539325843 0.5821428571428572 0.49719101123595505
1 0.4845238095238095 0.4241573033707865 0.4857142857142857 0.4648876404494382 0.575 0.47331460674157305 0.580952380952381 0.43258426966292135
1 0.6083333333333333 0.425561797752809 0.6095238095238096 0.4705056179775281 0.7047619047619048 0.46629213483146065 0.7011904761904761 0.42275280898876405
1 0.6035714285714285 0.35814606741573035 0.6035714285714285 0.40730337078651685 0.6988095238095238 0.40870786516853935 0.7011904761904761 0.3637640449438202
1 0.5988095238095238 0.2991573033707865 0.5988095238095238 0.3398876404494382 0.6964285714285714 0.3398876404494382 0.6988095238095238 0.2991573033707865
1 0.5988095238095238 0.24157303370786518 0.5964285714285714 0.2752808988764045 0.6928571428571428 0.2794943820224719 0.694047619047619 0.24297752808988765
1 0.5976190476190476 0.17837078651685392 0.5952380952380952 0.2205056179775281 0.6916666666666667 0.21769662921348315 0.6904761904761905 0.17696629213483145
1 0.4785714285714286 0.17837078651685392 0.47619047619047616 0.2345505617977528 0.580952380952381 0.22752808988764045 0.580952380952381 0.17696629213483145
1 0.5773809523809523 0.24157303370786518 0.5797619047619048 0.28370786516853935 0.4797619047619048 0.28651685393258425 0.47619047619047616 0.24578651685393257
1 0.5797619047619048 0.3061797752808989 0.5797619047619048 0.34831460674157305 0.4845238095238095 0.3497191011235955 0.48214285714285715 0.30758426966292135
1 0.5785714285714286 0.3651685393258427 0.5785714285714286 0.4058988764044944 0.48214285714285715 0.40870786516853935 0.4797619047619048 0.36235955056179775
1 0.1773809523809524 0.48174157303370785 0.175 0.5308988764044944 0.2726190476190476 0.5294943820224719 0.2726190476190476 0.48174157303370785
1 0.18571428571428572 0.42134831460674155 0.1773809523809524 0.47331460674157305 0.275 0.4705056179775281 0.2761904761904762 0.4241573033707865
1 0.17023809523809524 0.34691011235955055 0.17023809523809524 0.39747191011235955 0.26904761904761904 0.398876404494382 0.2714285714285714 0.34831460674157305
1 0.17976190476190476 0.2752808988764045 0.17857142857142858 0.3300561797752809 0.27976190476190477 0.3300561797752809 0.27976190476190477 0.27668539325842695
1 0.18571428571428572 0.20786516853932585 0.18214285714285713 0.25140449438202245 0.275 0.25140449438202245 0.2761904761904762 0.20224719101123595
1 0.3607142857142857 0.22331460674157302 0.35595238095238096 0.31320224719101125 0.3892857142857143 0.3146067415730337 0.39166666666666666 0.22331460674157302
1 0.3547619047619048 0.12921348314606743 0.3547619047619048 0.20646067415730338 0.39166666666666666 0.20926966292134833 0.39166666666666666 0.12780898876404495
1 0.1976190476190476 0.12921348314606743 0.19642857142857142 0.1699438202247191 0.28809523809523807 0.16713483146067415 0.2892857142857143 0.125