1 0.44047619047619047 0.22331460674157302 0.43333333333333335 0.2598314606741573 0.5142857142857142 0.27668539325842695 0.5202380952380953 0.23735955056179775
1 0.6095238095238096 0.175561797752809 0.5880952380952381 0.20224719101123595 0.6595238095238095 0.25702247191011235 0.6785714285714286 0.22612359550561797
1 0.611904761904762 0.23876404494382023 0.5880952380952381 0.26685393258426965 0.6571428571428571 0.32303370786516855 0.6797619047619048 0.29213483146067415
1 0.44285714285714284 0.2710674157303371 0.4369047619047619 0.3047752808988764 0.5083333333333333 0.3188202247191011 0.5142857142857142 0.2851123595505618
1 0.4488095238095238 0.32162921348314605 0.4452380952380952 0.35252808988764045 0.525 0.36235955056179775 0.5273809523809524 0.32865168539325845
1 0.4488095238095238 0.3609550561797753 0.444047619047619 0.398876404494382 0.5285714285714286 0.4101123595505618 0.5333333333333333 0.37219101123595505
1 0.45 0.4058988764044944 0.44642857142857145 0.4396067415730337 0.5345238095238095 0.44803370786516855 0.5357142857142857 0.4101123595505618
1 0.5702380952380952 0.6530898876404494 0.5726190476190476 0.7008426966292135 0.6666666666666666 0.702247191011236 0.6666666666666666 0.6530898876404494
1 0.6107142857142858 0.7092696629213483 0.6047619047619047 0.797752808988764 0.6357142857142857 0.8019662921348315 0.6440476190476191 0.7106741573033708
2 0.43214285714285716 0.4353932584269663 0.4226190476190476 0.5028089887640449 0.5476190476190477 0.5210674157303371 0.5535714285714286 0.45365168539325845
2 0.4083333333333333 0.5323033707865169 0.40595238095238095 0.6053370786516854 0.5261904761904762 0.6151685393258427 0.5285714285714286 0.5407303370786517