1 0.5333333333333333 0.40870786516853935 0.4785714285714286 0.4353932584269663 0.4880952380952381 0.46348314606741575 0.5464285714285714 0.4353932584269663
1 0.7654761904761904 0.29213483146067415 0.7035714285714286 0.3188202247191011 0.7166666666666667 0.351123595505618 0.7773809523809524 0.324438202247191
1 0.2702380952380952 0.5337078651685393 0.20833333333333334 0.5603932584269663 0.22142857142857142 0.5926966292134831 0.28214285714285714 0.5660112359550562
1 0.1523809523809524 0.5856741573033708 0.09047619047619047 0.6123595505617978 0.10357142857142858 0.6446629213483146 0.16428571428571428 0.6179775280898876
1 0.15714285714285714 0.42837078651685395 0.12738095238095237 0.4438202247191011 0.15357142857142858 0.5182584269662921 0.18452380952380953 0.49719101123595505
1 0.2 0.41713483146067415 0.17023809523809524 0.43258426966292135 0.19285714285714287 0.5042134831460674 0.22380952380952382 0.48314606741573035
1 0.23809523809523808 0.40168539325842695 0.20833333333333334 0.41713483146067415 0.23095238095238096 0.4887640449438202 0.2619047619047619 0.46769662921348315
1 0.30357142857142855 0.36797752808988765 0.2785714285714286 0.3792134831460674 0.2988095238095238 0.4438202247191011 0.3238095238095238 0.4297752808988764
1 0.3738095238095238 0.34129213483146065 0.3488095238095238 0.35252808988764045 0.3726190476190476 0.4199438202247191 0.3952380952380952 0.40730337078651685
1 0.40714285714285714 0.3146067415730337 0.3821428571428571 0.3258426966292135 0.40595238095238095 0.39325842696629215 0.42857142857142855 0.3806179775280899
1 0.5107142857142857 0.27247191011235955 0.4857142857142857 0.28370786516853935 0.5095238095238095 0.351123595505618 0.5321428571428571 0.33848314606741575
1 0.5452380952380952 0.25702247191011235 0.5202380952380953 0.26825842696629215 0.544047619047619 0.3356741573033708 0.5666666666666667 0.32303370786516855
1 0.5785714285714286 0.24719101123595505 0.5535714285714286 0.25842696629213485 0.5773809523809523 0.3258426966292135 0.6 0.31320224719101125
1 0.6130952380952381 0.2303370786516854 0.5880952380952381 0.24157303370786518 0.6059523809523809 0.3061797752808989 0.6333333333333333 0.29213483146067415
1 0.6833333333333333 0.18679775280898878 0.6583333333333333 0.19803370786516855 0.6761904761904762 0.26264044943820225 0.7035714285714286 0.24859550561797752
1 0.7178571428571429 0.17134831460674158 0.6928571428571428 0.18258426966292135 0.7107142857142857 0.24719101123595505 0.7380952380952381 0.23314606741573032
1 0.7511904761904762 0.16292134831460675 0.7261904761904762 0.17415730337078653 0.7440476190476191 0.23876404494382023 0.7714285714285715 0.2247191011235955
1 0.7833333333333333 0.13764044943820225 0.7583333333333333 0.14887640449438203 0.7761904761904762 0.21348314606741572 0.8035714285714286 0.199438202247191
1 0.8238095238095238 0.12219101123595505 0.7988095238095239 0.13342696629213482 0.8166666666666667 0.19803370786516855 0.844047619047619 0.18398876404494383
1 0.4488095238095238 0.30196629213483145 0.4357142857142857 0.3693820224719101 0.4642857142857143 0.375 0.4738095238095238 0.3089887640449438
3 0.33690476190476193 0.32724719101123595 0.3047619047619048 0.34269662921348315 0.3380952380952381 0.43820224719101125 0.3678571428571429 0.42275280898876405