1 0.319047619047619 0.8258426966292135 0.2726190476190476 0.848314606741573 0.28095238095238095 0.8637640449438202 0.32857142857142857 0.8426966292134831
1 0.43214285714285716 0.7471910112359551 0.45476190476190476 0.7528089887640449 0.47619047619047616 0.702247191011236 0.4583333333333333 0.6938202247191011
1 0.14761904761904762 0.351123595505618 0.16666666666666666 0.3946629213483146 0.18214285714285713 0.3862359550561798 0.16428571428571428 0.34129213483146065
1 0.1773809523809524 0.351123595505618 0.19285714285714287 0.3848314606741573 0.2119047619047619 0.37640449438202245 0.19523809523809524 0.34129213483146065
1 0.20952380952380953 0.3356741573033708 0.22380952380952382 0.3707865168539326 0.24404761904761904 0.36235955056179775 0.22976190476190475 0.3258426966292135
1 0.26785714285714285 0.3202247191011236 0.2869047619047619 0.3553370786516854 0.3011904761904762 0.3497191011235955 0.2857142857142857 0.31179775280898875
1 0.23452380952380952 0.42696629213483145 0.25 0.4705056179775281 0.26785714285714285 0.46348314606741575 0.25 0.41853932584269665
1 0.2619047619047619 0.41853932584269665 0.2773809523809524 0.4592696629213483 0.29642857142857143 0.45365168539325845 0.2833333333333333 0.4101123595505618
1 0.2916666666666667 0.40730337078651685 0.30833333333333335 0.44662921348314605 0.32857142857142857 0.4396067415730337 0.30714285714285716 0.3960674157303371
1 0.3238095238095238 0.39325842696629215 0.3404761904761905 0.4297752808988764 0.35833333333333334 0.42275280898876405 0.3380952380952381 0.38342696629213485
1 0.3678571428571429 0.34269662921348315 0.4083333333333333 0.3258426966292135 0.39880952380952384 0.3061797752808989 0.3547619047619048 0.324438202247191
1 0.47023809523809523 0.33848314606741575 0.513095238095238 0.324438202247191 0.5047619047619047 0.30196629213483145 0.46190476190476193 0.31741573033707865
1 0.5261904761904762 0.31320224719101125 0.5678571428571428 0.29775280898876405 0.555952380952381 0.27668539325842695 0.5154761904761904 0.29353932584269665
1 0.5369047619047619 0.34269662921348315 0.5583333333333333 0.37359550561797755 0.575 0.3651685393258427 0.5523809523809524 0.32865168539325845