1 0.26666666666666666 0.425561797752809 0.26666666666666666 0.45365168539325845 0.32142857142857145 0.449438202247191 0.319047619047619 0.41853932584269665
1 0.2773809523809524 0.45646067415730335 0.2761904761904762 0.48174157303370785 0.31785714285714284 0.476123595505618 0.319047619047619 0.45365168539325845
1 0.2571428571428571 0.6292134831460674 0.25595238095238093 0.6573033707865169 0.31666666666666665 0.6587078651685393 0.31547619047619047 0.6320224719101124
1 0.25 0.6601123595505618 0.25 0.6924157303370787 0.3107142857142857 0.6910112359550562 0.3119047619047619 0.6629213483146067
1 0.24642857142857144 0.7092696629213483 0.24404761904761904 0.7415730337078652 0.30833333333333335 0.7457865168539326 0.30952380952380953 0.7120786516853933
1 0.2392857142857143 0.7471910112359551 0.23809523809523808 0.7907303370786517 0.3011904761904762 0.7907303370786517 0.30357142857142855 0.75
1 0.2392857142857143 0.797752808988764 0.2369047619047619 0.8300561797752809 0.2976190476190476 0.8286516853932584 0.2988095238095238 0.7963483146067416
1 0.3357142857142857 0.5870786516853933 0.3345238095238095 0.6109550561797753 0.38095238095238093 0.6207865168539326 0.38333333333333336 0.5926966292134831
1 0.325 0.6207865168539326 0.3261904761904762 0.6502808988764045 0.38452380952380955 0.6530898876404494 0.38333333333333336 0.625
1 0.32857142857142857 0.6573033707865169 0.32976190476190476 0.6867977528089888 0.37976190476190474 0.6853932584269663 0.37976190476190474 0.6601123595505618
1 0.32261904761904764 0.6980337078651685 0.32142857142857145 0.7289325842696629 0.37976190476190474 0.7303370786516854 0.37976190476190474 0.6980337078651685
1 0.325 0.7303370786516854 0.325 0.7626404494382022 0.37976190476190474 0.7696629213483146 0.38333333333333336 0.7401685393258427
1 0.319047619047619 0.8117977528089888 0.319047619047619 0.8426966292134831 0.375 0.8426966292134831 0.3761904761904762 0.8117977528089888
1 0.45357142857142857 0.6151685393258427 0.45595238095238094 0.672752808988764 0.48333333333333334 0.6713483146067416 0.4797619047619048 0.6123595505617978
1 0.5119047619047619 0.23174157303370788 0.5119047619047619 0.2598314606741573 0.5678571428571428 0.2612359550561798 0.5678571428571428 0.23174157303370788
1 0.5119047619047619 0.31179775280898875 0.5059523809523809 0.34129213483146065 0.5571428571428572 0.34269662921348315 0.5595238095238095 0.3160112359550562
1 0.5714285714285714 0.3160112359550562 0.5702380952380952 0.3441011235955056 0.625 0.34831460674157305 0.6261904761904762 0.3160112359550562
1 0.6452380952380953 0.31741573033707865 0.6464285714285715 0.3441011235955056 0.7023809523809523 0.3455056179775281 0.7047619047619048 0.3160112359550562
1 0.34523809523809523 0.16151685393258428 0.34523809523809523 0.18679775280898878 0.39880952380952384 0.18820224719101122 0.4 0.16292134831460675
1 0.7547619047619047 0.18820224719101122 0.7535714285714286 0.24157303370786518 0.7761904761904762 0.24157303370786518 0.775 0.18820224719101122
1 0.7833333333333333 0.18398876404494383 0.7833333333333333 0.23735955056179775 0.8011904761904762 0.23595505617977527 0.8011904761904762 0.18398876404494383
1 0.8130952380952381 0.18398876404494383 0.8142857142857143 0.24297752808988765 0.8392857142857143 0.24297752808988765 0.8369047619047619 0.18398876404494383
1 0.844047619047619 0.18398876404494383 0.8464285714285714 0.23595505617977527 0.8702380952380953 0.23595505617977527 0.8666666666666667 0.18398876404494383
1 0.46785714285714286 0.5126404494382022 0.48214285714285715 0.5308988764044944 0.5154761904761904 0.49157303370786515 0.5035714285714286 0.4789325842696629
1 0.4880952380952381 0.5337078651685393 0.5023809523809524 0.5547752808988764 0.5511904761904762 0.5112359550561798 0.5357142857142857 0.49297752808988765
1 0.5178571428571429 0.5491573033707865 0.5321428571428571 0.5688202247191011 0.580952380952381 0.5294943820224719 0.5630952380952381 0.5098314606741573
1 0.5511904761904762 0.5688202247191011 0.5666666666666667 0.5884831460674157 0.6095238095238096 0.547752808988764 0.5904761904761905 0.5323033707865169
1 0.5821428571428572 0.574438202247191 0.5952380952380952 0.5969101123595506 0.638095238095238 0.5660112359550562 0.6226190476190476 0.5449438202247191
1 0.6059523809523809 0.6081460674157303 0.6178571428571429 0.6292134831460674 0.6619047619047619 0.5941011235955056 0.6511904761904762 0.577247191011236
1 0.6476190476190476 0.6123595505617978 0.6630952380952381 0.6334269662921348 0.7 0.601123595505618 0.6821428571428572 0.5814606741573034
1 0.7226190476190476 0.6783707865168539 0.7333333333333333 0.699438202247191 0.7869047619047619 0.672752808988764 0.7726190476190476 0.6446629213483146