0 0.10119047619047619 0.40730337078651685 0.14761904761904762 0.5224719101123596 0.18095238095238095 0.5112359550561798 0.1357142857142857 0.3960674157303371
2 0.5297619047619048 0.33707865168539325 0.4380952380952381 0.3792134831460674 0.45476190476190476 0.40870786516853935 0.5428571428571428 0.3595505617977528
2 0.5976190476190476 0.4143258426966292 0.5107142857142857 0.45786516853932585 0.5321428571428571 0.49297752808988765 0.6166666666666667 0.44662921348314605
2 0.4261904761904762 0.4297752808988764 0.4797619047619048 0.5028089887640449 0.5035714285714286 0.48735955056179775 0.45595238095238094 0.41292134831460675
2 0.40476190476190477 0.42134831460674155 0.46785714285714286 0.5028089887640449 0.43333333333333335 0.5140449438202247 0.3773809523809524 0.43679775280898875
2 0.5226190476190476 0.49859550561797755 0.5833333333333334 0.5828651685393258 0.555952380952381 0.5997191011235955 0.49642857142857144 0.5154494382022472
2 0.5083333333333333 0.5379213483146067 0.5869047619047619 0.6432584269662921 0.555952380952381 0.6643258426966292 0.48214285714285715 0.5547752808988764
2 0.6833333333333333 0.5014044943820225 0.638095238095238 0.5294943820224719 0.6476190476190476 0.547752808988764 0.6976190476190476 0.5210674157303371
2 0.6130952380952381 0.6151685393258427 0.6654761904761904 0.6853932584269663 0.6333333333333333 0.7134831460674157 0.5821428571428572 0.6306179775280899
2 0.8428571428571429 0.7542134831460674 0.7916666666666666 0.7752808988764045 0.8083333333333333 0.8019662921348315 0.8571428571428571 0.7780898876404494
2 0.8738095238095238 0.7921348314606742 0.8178571428571428 0.8160112359550562 0.8380952380952381 0.8455056179775281 0.8916666666666667 0.8202247191011236