1 0.580952380952381 0.5955056179775281 0.5369047619047619 0.6292134831460674 0.5535714285714286 0.6573033707865169 0.6 0.6264044943820225
1 0.5261904761904762 0.3637640449438202 0.48333333333333334 0.3960674157303371 0.5011904761904762 0.4241573033707865 0.544047619047619 0.3848314606741573
1 0.8464285714285714 0.13904494382022473 0.8035714285714286 0.17275280898876405 0.8214285714285714 0.19382022471910113 0.861904761904762 0.15730337078651685
1 0.45714285714285713 0.175561797752809 0.4357142857142857 0.2247191011235955 0.4595238095238095 0.23174157303370788 0.4785714285714286 0.18258426966292135
1 0.3273809523809524 0.2907303370786517 0.28095238095238095 0.28792134831460675 0.2785714285714286 0.3188202247191011 0.3273809523809524 0.32162921348314605
1 0.26785714285714285 0.28792134831460675 0.24404761904761904 0.29213483146067415 0.2511904761904762 0.34831460674157305 0.2773809523809524 0.34129213483146065
1 0.2392857142857143 0.29775280898876405 0.2154761904761905 0.30196629213483145 0.22738095238095238 0.3637640449438202 0.2488095238095238 0.35674157303370785
1 0.21071428571428572 0.3089887640449438 0.1869047619047619 0.31320224719101125 0.1988095238095238 0.375 0.22023809523809523 0.36797752808988765
1 0.18452380952380953 0.31741573033707865 0.16547619047619047 0.3188202247191011 0.16785714285714284 0.37780898876404495 0.1880952380952381 0.3792134831460674
1 0.14761904761904762 0.3539325842696629 0.1261904761904762 0.36235955056179775 0.13690476190476192 0.4143258426966292 0.1619047619047619 0.4044943820224719
1 0.24642857142857144 0.41151685393258425 0.23809523809523808 0.43679775280898875 0.2976190476190476 0.4550561797752809 0.30238095238095236 0.4311797752808989
1 0.2785714285714286 0.3904494382022472 0.2702380952380952 0.4157303370786517 0.32976190476190476 0.4339887640449438 0.3345238095238095 0.4101123595505618
1 0.3107142857142857 0.36797752808988765 0.30238095238095236 0.39325842696629215 0.3619047619047619 0.41151685393258425 0.36666666666666664 0.38764044943820225
1 0.4369047619047619 0.28651685393258425 0.42857142857142855 0.31179775280898875 0.4880952380952381 0.3300561797752809 0.4928571428571429 0.3061797752808989
1 0.46904761904761905 0.26825842696629215 0.4607142857142857 0.29353932584269665 0.5202380952380953 0.31179775280898875 0.525 0.28792134831460675
1 0.49523809523809526 0.24578651685393257 0.4869047619047619 0.2710674157303371 0.5464285714285714 0.2893258426966292 0.5511904761904762 0.2654494382022472
1 0.5523809523809524 0.20365168539325842 0.544047619047619 0.22893258426966293 0.6 0.24719101123595505 0.6023809523809524 0.22331460674157302
1 0.3738095238095238 0.32865168539325845 0.36547619047619045 0.3539325842696629 0.41785714285714287 0.37219101123595505 0.425 0.3455056179775281
1 0.65 0.13764044943820225 0.6392857142857142 0.15589887640449437 0.675 0.1896067415730337 0.6916666666666667 0.17134831460674158