1 0.10833333333333334 0.2542134831460674 0.10714285714285714 0.29775280898876405 0.1988095238095238 0.2949438202247191 0.19642857142857142 0.25140449438202245
1 0.14404761904761904 0.34269662921348315 0.14761904761904762 0.3904494382022472 0.08095238095238096 0.39747191011235955 0.0761904761904762 0.35252808988764045
1 0.2011904761904762 0.3103932584269663 0.20357142857142857 0.35674157303370785 0.30357142857142855 0.351123595505618 0.29285714285714287 0.300561797752809
1 0.39285714285714285 0.29634831460674155 0.3964285714285714 0.33707865168539325 0.4880952380952381 0.3258426966292135 0.48928571428571427 0.2893258426966292
1 0.5107142857142857 0.2949438202247191 0.5142857142857142 0.33848314606741575 0.6023809523809524 0.3356741573033708 0.6023809523809524 0.29213483146067415
1 0.6309523809523809 0.29634831460674155 0.6321428571428571 0.34129213483146065 0.7226190476190476 0.3342696629213483 0.7214285714285714 0.2907303370786517
1 0.736904761904762 0.29213483146067415 0.736904761904762 0.3356741573033708 0.8273809523809523 0.3342696629213483 0.830952380952381 0.2907303370786517
1 0.8476190476190476 0.2893258426966292 0.85 0.3258426966292135 0.9178571428571428 0.3188202247191011 0.9130952380952381 0.2808988764044944
1 0.7357142857142858 0.5758426966292135 0.7404761904761905 0.6137640449438202 0.8333333333333334 0.6109550561797753 0.8333333333333334 0.5702247191011236
1 0.6988095238095238 0.5898876404494382 0.7035714285714286 0.6896067415730337 0.7404761904761905 0.6896067415730337 0.7273809523809524 0.5842696629213483
1 0.6035714285714285 0.5842696629213483 0.6047619047619047 0.6292134831460674 0.675 0.6235955056179775 0.6714285714285714 0.577247191011236
1 0.4857142857142857 0.5912921348314607 0.4869047619047619 0.6348314606741573 0.5785714285714286 0.6334269662921348 0.5797619047619048 0.5828651685393258
1 0.3547619047619048 0.598314606741573 0.35714285714285715 0.6334269662921348 0.44761904761904764 0.6348314606741573 0.4452380952380952 0.5856741573033708
1 0.2226190476190476 0.6053370786516854 0.225 0.6474719101123596 0.32142857142857145 0.6390449438202247 0.3202380952380952 0.5926966292134831
1 0.20595238095238094 0.5997191011235955 0.2011904761904762 0.6530898876404494 0.10952380952380952 0.6474719101123596 0.10833333333333334 0.5997191011235955