2 0.6178571428571429 0.851123595505618 0.8678571428571429 0.8707865168539326 0.8726190476190476 0.7991573033707865 0.6214285714285714 0.773876404494382
2 0.3261904761904762 0.6882022471910112 0.0880952380952381 0.7064606741573034 0.0869047619047619 0.6151685393258427 0.31785714285714284 0.601123595505618
2 0.13452380952380952 0.5730337078651685 0.20238095238095238 0.5955056179775281 0.2130952380952381 0.5463483146067416 0.15476190476190477 0.5280898876404494
2 0.7440476190476191 0.39185393258426965 0.9404761904761905 0.4199438202247191 0.944047619047619 0.351123595505618 0.7464285714285714 0.32724719101123595
2 0.6345238095238095 0.12219101123595505 0.6964285714285714 0.26264044943820225 0.7452380952380953 0.25140449438202245 0.680952380952381 0.10955056179775281
3 0.2357142857142857 0.34269662921348315 0.29404761904761906 0.43258426966292135 0.3238095238095238 0.40308988764044945 0.26785714285714285 0.31741573033707865
3 0.3011904761904762 0.3047752808988764 0.3404761904761905 0.41292134831460675 0.37976190476190474 0.3890449438202247 0.34404761904761905 0.2808988764044944
3 0.3142857142857143 0.29634831460674155 0.3523809523809524 0.16573033707865167 0.32142857142857145 0.1601123595505618 0.2785714285714286 0.2808988764044944
3 0.3547619047619048 0.21207865168539325 0.39285714285714285 0.21207865168539325 0.4095238095238095 0.09269662921348315 0.36666666666666664 0.08567415730337079
3 0.7404761904761905 0.324438202247191 0.8988095238095238 0.3553370786516854 0.9047619047619048 0.3047752808988764 0.7476190476190476 0.273876404494382
1 0.2011904761904762 0.5098314606741573 0.2523809523809524 0.5252808988764045 0.25952380952380955 0.5 0.2119047619047619 0.48174157303370785
1 0.21071428571428572 0.48174157303370785 0.2654761904761905 0.49719101123595505 0.27976190476190477 0.47191011235955055 0.22023809523809523 0.4508426966292135
1 0.2226190476190476 0.449438202247191 0.2773809523809524 0.47191011235955055 0.2857142857142857 0.4396067415730337 0.23452380952380952 0.4241573033707865