1 0.45654761904761904 0.14185393258426968 0.015476190476190477 0.028089887640449437
1 0.45595238095238094 0.18609550561797752 0.014285714285714285 0.02949438202247191
1 0.45 0.2478932584269663 0.016666666666666666 0.037921348314606744
1 0.45654761904761904 0.29634831460674155 0.013095238095238096 0.03651685393258427
1 0.4529761904761905 0.40098314606741575 0.015476190476190477 0.04073033707865169
1 0.4505952380952381 0.4529494382022472 0.015476190476190477 0.04353932584269663
1 0.3886904761904762 0.5393258426966292 0.015476190476190477 0.047752808988764044
1 0.3898809523809524 0.5997191011235955 0.017857142857142856 0.047752808988764044
1 0.38571428571428573 0.6495786516853933 0.016666666666666666 0.04353932584269663
1 0.4517857142857143 0.6235955056179775 0.017857142857142856 0.0449438202247191
1 0.44583333333333336 0.5667134831460674 0.017857142857142856 0.04073033707865169
1 0.7666666666666667 0.7268258426966292 0.05714285714285714 0.026685393258426966
1 0.6654761904761904 0.7036516853932584 0.6511904761904762 0.7191011235955056 0.6166666666666667 0.6825842696629213 0.6321428571428571 0.6685393258426966
1 0.6595238095238095 0.6615168539325843 0.65 0.672752808988764 0.625 0.6474719101123596 0.6369047619047619 0.6362359550561798
1 0.6535714285714286 0.6137640449438202 0.6428571428571429 0.6278089887640449 0.6142857142857143 0.6025280898876404 0.6261904761904762 0.5884831460674157
1 0.6428571428571429 0.5716292134831461 0.6392857142857142 0.5870786516853933 0.6130952380952381 0.5786516853932584 0.6178571428571429 0.5632022471910112
1 0.6511904761904762 0.5365168539325843 0.6452380952380953 0.5575842696629213 0.6059523809523809 0.5407303370786517 0.611904761904762 0.5210674157303371
1 0.611904761904762 0.476123595505618 0.6035714285714285 0.4957865168539326 0.6428571428571429 0.5182584269662921 0.6511904761904762 0.49859550561797755
1 0.6464285714285715 0.46348314606741575 0.6404761904761904 0.4803370786516854 0.6083333333333333 0.46348314606741575 0.6166666666666667 0.44662921348314605
1 0.6369047619047619 0.4311797752808989 0.6297619047619047 0.4438202247191011 0.6 0.425561797752809 0.6071428571428571 0.41292134831460675
1 0.6309523809523809 0.36797752808988765 0.6238095238095238 0.3806179775280899 0.5952380952380952 0.36235955056179775 0.6035714285714285 0.3497191011235955
1 0.6273809523809524 0.3398876404494382 0.6202380952380953 0.351123595505618 0.5928571428571429 0.3356741573033708 0.5988095238095238 0.324438202247191
1 0.6345238095238095 0.3103932584269663 0.625 0.32724719101123595 0.594047619047619 0.30758426966292135 0.6035714285714285 0.29353932584269665
1 0.625 0.2247191011235955 0.6166666666666667 0.24297752808988765 0.5833333333333334 0.22612359550561797 0.5904761904761905 0.20786516853932585
1 0.6202380952380953 0.27247191011235955 0.6142857142857143 0.2893258426966292 0.5821428571428572 0.27247191011235955 0.5892857142857143 0.25702247191011235
1 0.5726190476190476 0.15589887640449437 0.5833333333333334 0.17275280898876405 0.6202380952380953 0.1502808988764045 0.6083333333333333 0.13342696629213482