1 0.7380952380952381 0.29775280898876405 0.705952380952381 0.3103932584269663 0.7130952380952381 0.32724719101123595 0.7488095238095238 0.3103932584269663
1 0.7440476190476191 0.31741573033707865 0.7119047619047619 0.3300561797752809 0.719047619047619 0.34691011235955055 0.7547619047619047 0.3300561797752809
1 0.7702380952380953 0.38342696629213485 0.7392857142857143 0.40308988764044945 0.7511904761904762 0.4199438202247191 0.7821428571428571 0.398876404494382
1 0.7964285714285714 0.4241573033707865 0.7702380952380953 0.4508426966292135 0.7821428571428571 0.46769662921348315 0.8071428571428572 0.4353932584269663
1 0.7845238095238095 0.40308988764044945 0.7535714285714286 0.42275280898876405 0.7654761904761904 0.4396067415730337 0.794047619047619 0.41292134831460675
2 0.2369047619047619 0.7331460674157303 0.18214285714285713 0.7471910112359551 0.19047619047619047 0.773876404494382 0.24761904761904763 0.7570224719101124
2 0.2369047619047619 0.7935393258426966 0.18214285714285713 0.8075842696629213 0.19047619047619047 0.8342696629213483 0.24761904761904763 0.8174157303370787
2 0.30952380952380953 0.7640449438202247 0.25476190476190474 0.7780898876404494 0.2630952380952381 0.8047752808988764 0.3202380952380952 0.7879213483146067
2 0.32261904761904764 0.8314606741573034 0.26785714285714285 0.8455056179775281 0.2761904761904762 0.8721910112359551 0.3333333333333333 0.8553370786516854
2 0.31666666666666665 0.8075842696629213 0.2619047619047619 0.8216292134831461 0.2702380952380952 0.848314606741573 0.3273809523809524 0.8314606741573034
2 0.25952380952380955 0.6418539325842697 0.20476190476190476 0.6558988764044944 0.2130952380952381 0.6825842696629213 0.2702380952380952 0.6657303370786517
2 0.4357142857142857 0.7064606741573034 0.4166666666666667 0.7162921348314607 0.4369047619047619 0.7780898876404494 0.4583333333333333 0.7710674157303371
2 0.4595238095238095 0.7837078651685393 0.44047619047619047 0.7935393258426966 0.4607142857142857 0.8553370786516854 0.48214285714285715 0.848314606741573
2 0.430952380952381 0.5280898876404494 0.4119047619047619 0.5379213483146067 0.42738095238095236 0.5926966292134831 0.45 0.5828651685393258
2 0.4011904761904762 0.42696629213483145 0.3821428571428571 0.43679775280898875 0.39404761904761904 0.4803370786516854 0.4154761904761905 0.47331460674157305
2 0.425 0.41713483146067415 0.40595238095238095 0.42696629213483145 0.41785714285714287 0.4705056179775281 0.4392857142857143 0.46348314606741575
2 0.4773809523809524 0.4002808988764045 0.4583333333333333 0.4101123595505618 0.47023809523809523 0.45365168539325845 0.49166666666666664 0.44662921348314605
2 0.4595238095238095 0.47191011235955055 0.44047619047619047 0.48174157303370785 0.4523809523809524 0.5252808988764045 0.4738095238095238 0.5182584269662921
2 0.4797619047619048 0.4606741573033708 0.4607142857142857 0.4705056179775281 0.4726190476190476 0.5140449438202247 0.49404761904761907 0.5070224719101124
2 0.5285714285714286 0.4845505617977528 0.5095238095238095 0.4943820224719101 0.5214285714285715 0.5379213483146067 0.5428571428571428 0.5308988764044944
2 0.4726190476190476 0.35814606741573035 0.45357142857142857 0.36797752808988765 0.4654761904761905 0.41151685393258425 0.4869047619047619 0.4044943820224719
2 0.44166666666666665 0.35674157303370785 0.4226190476190476 0.36657303370786515 0.43452380952380953 0.4101123595505618 0.45595238095238094 0.40308988764044945
2 0.4154761904761905 0.35814606741573035 0.3964285714285714 0.36797752808988765 0.4083333333333333 0.41151685393258425 0.4297619047619048 0.4044943820224719
2 0.3892857142857143 0.3693820224719101 0.37023809523809526 0.3792134831460674 0.3821428571428571 0.42275280898876405 0.4011904761904762 0.41853932584269665
2 0.36547619047619045 0.37640449438202245 0.3464285714285714 0.3862359550561798 0.35833333333333334 0.4297752808988764 0.3773809523809524 0.425561797752809
2 0.3380952380952381 0.37359550561797755 0.319047619047619 0.38342696629213485 0.33095238095238094 0.42696629213483145 0.35 0.42275280898876405
2 0.3130952380952381 0.38202247191011235 0.29404761904761906 0.39185393258426965 0.305952380952381 0.4353932584269663 0.325 0.4311797752808989
3 0.17857142857142858 0.4747191011235955 0.12857142857142856 0.4859550561797753 0.13095238095238096 0.5042134831460674 0.1880952380952381 0.49297752808988765
3 0.2773809523809524 0.5308988764044944 0.22738095238095238 0.5421348314606742 0.22976190476190475 0.5603932584269663 0.2869047619047619 0.5491573033707865
3 0.18333333333333332 0.5 0.13333333333333333 0.5112359550561798 0.1357142857142857 0.5294943820224719 0.19285714285714287 0.5182584269662921
3 0.1869047619047619 0.5210674157303371 0.13690476190476192 0.5323033707865169 0.1392857142857143 0.550561797752809 0.19642857142857142 0.5393258426966292
3 0.19404761904761905 0.5421348314606742 0.14404761904761904 0.5533707865168539 0.14642857142857144 0.5716292134831461 0.20357142857142857 0.5603932584269663
3 0.2714285714285714 0.5028089887640449 0.22142857142857142 0.5140449438202247 0.22380952380952382 0.5323033707865169 0.28095238095238095 0.5210674157303371
3 0.2654761904761905 0.4789325842696629 0.2154761904761905 0.4901685393258427 0.21785714285714286 0.5084269662921348 0.275 0.49719101123595505
3 0.25833333333333336 0.45646067415730335 0.20833333333333334 0.46769662921348315 0.21071428571428572 0.4859550561797753 0.26785714285714285 0.4747191011235955
3 0.2571428571428571 0.43258426966292135 0.20714285714285716 0.4438202247191011 0.20952380952380953 0.46207865168539325 0.26666666666666666 0.4508426966292135
3 0.33690476190476193 0.43679775280898875 0.2869047619047619 0.44803370786516855 0.2892857142857143 0.46629213483146065 0.3464285714285714 0.4550561797752809
3 0.35833333333333334 0.5070224719101124 0.30833333333333335 0.5182584269662921 0.3107142857142857 0.5365168539325843 0.3678571428571429 0.5252808988764045
3 0.3392857142857143 0.4592696629213483 0.2892857142857143 0.4705056179775281 0.2916666666666667 0.4887640449438202 0.3488095238095238 0.47752808988764045
3 0.3476190476190476 0.476123595505618 0.2976190476190476 0.48735955056179775 0.3 0.5056179775280899 0.35714285714285715 0.4943820224719101
3 0.36428571428571427 0.5351123595505618 0.3142857142857143 0.5463483146067416 0.31666666666666665 0.5646067415730337 0.3738095238095238 0.5533707865168539
3 0.2392857142857143 0.5660112359550562 0.18928571428571428 0.577247191011236 0.19166666666666668 0.5955056179775281 0.2488095238095238 0.5842696629213483
3 0.24404761904761904 0.5912921348314607 0.19404761904761905 0.6025280898876404 0.19642857142857142 0.6207865168539326 0.25357142857142856 0.6095505617977528
3 0.24523809523809523 0.6179775280898876 0.19523809523809524 0.6292134831460674 0.1976190476190476 0.6474719101123596 0.25476190476190474 0.6362359550561798
3 0.5476190476190477 0.3441011235955056 0.5071428571428571 0.351123595505618 0.5095238095238095 0.3693820224719101 0.5547619047619048 0.35674157303370785
3 0.555952380952381 0.36235955056179775 0.5154761904761904 0.3693820224719101 0.5178571428571429 0.38764044943820225 0.5630952380952381 0.375
3 0.5607142857142857 0.3806179775280899 0.5202380952380953 0.38764044943820225 0.5226190476190476 0.4058988764044944 0.5678571428571428 0.39325842696629215
3 0.5702380952380952 0.4002808988764045 0.5297619047619048 0.40730337078651685 0.5321428571428571 0.425561797752809 0.5773809523809523 0.41292134831460675
3 0.5761904761904761 0.4241573033707865 0.5357142857142857 0.4311797752808989 0.5380952380952381 0.449438202247191 0.5833333333333334 0.43679775280898875
3 0.5833333333333334 0.44803370786516855 0.5428571428571428 0.4550561797752809 0.5452380952380952 0.47331460674157305 0.5904761904761905 0.4606741573033708
3 0.6 0.4943820224719101 0.5595238095238095 0.5014044943820225 0.5619047619047619 0.5196629213483146 0.6071428571428571 0.5070224719101124
3 0.5928571428571429 0.4691011235955056 0.5523809523809524 0.476123595505618 0.5547619047619048 0.4943820224719101 0.6 0.48174157303370785
3 0.6130952380952381 0.5210674157303371 0.5726190476190476 0.5280898876404494 0.575 0.5463483146067416 0.6202380952380953 0.5337078651685393
3 0.6166666666666667 0.5393258426966292 0.5761904761904761 0.5463483146067416 0.5785714285714286 0.5646067415730337 0.6238095238095238 0.5519662921348315
3 0.6261904761904762 0.5660112359550562 0.5857142857142857 0.5730337078651685 0.5880952380952381 0.5912921348314607 0.6333333333333333 0.5786516853932584
3 0.6452380952380953 0.5912921348314607 0.594047619047619 0.5997191011235955 0.6035714285714285 0.6207865168539326 0.6535714285714286 0.6137640449438202
3 0.6535714285714286 0.6207865168539326 0.6023809523809524 0.6292134831460674 0.611904761904762 0.6502808988764045 0.6619047619047619 0.6432584269662921
3 0.6678571428571428 0.6657303370786517 0.6166666666666667 0.6741573033707865 0.6261904761904762 0.6952247191011236 0.6761904761904762 0.6882022471910112
3 0.6821428571428572 0.6938202247191011 0.6226190476190476 0.7050561797752809 0.6321428571428571 0.726123595505618 0.6892857142857143 0.7148876404494382
3 0.736904761904762 0.5941011235955056 0.6773809523809524 0.6053370786516854 0.6869047619047619 0.6264044943820225 0.7440476190476191 0.6151685393258427
3 0.7559523809523809 0.6432584269662921 0.6964285714285714 0.6544943820224719 0.705952380952381 0.675561797752809 0.763095238095238 0.6643258426966292
3 0.7607142857142857 0.675561797752809 0.7011904761904761 0.6867977528089888 0.7107142857142857 0.7078651685393258 0.7678571428571429 0.6966292134831461
3 0.7773809523809524 0.7078651685393258 0.7178571428571429 0.7191011235955056 0.7273809523809524 0.7401685393258427 0.7845238095238095 0.7289325842696629
3 0.7476190476190476 0.4747191011235955 0.7107142857142857 0.47752808988764045 0.7142857142857143 0.4943820224719101 0.7535714285714286 0.48735955056179775
3 0.7345238095238096 0.45224719101123595 0.6976190476190476 0.4550561797752809 0.7011904761904761 0.47191011235955055 0.7404761904761905 0.4648876404494382
3 0.7309523809523809 0.4353932584269663 0.694047619047619 0.43820224719101125 0.6976190476190476 0.4550561797752809 0.736904761904762 0.44803370786516855
3 0.7226190476190476 0.41292134831460675 0.6857142857142857 0.4157303370786517 0.6892857142857143 0.43258426966292135 0.7285714285714285 0.425561797752809
3 0.7119047619047619 0.3890449438202247 0.675 0.39185393258426965 0.6785714285714286 0.40870786516853935 0.7178571428571429 0.40168539325842695
3 0.7047619047619048 0.3707865168539326 0.6678571428571428 0.37359550561797755 0.6714285714285714 0.3904494382022472 0.7107142857142857 0.38342696629213485
3 0.6964285714285714 0.351123595505618 0.6595238095238095 0.3539325842696629 0.6630952380952381 0.3707865168539326 0.7023809523809523 0.3637640449438202
3 0.6892857142857143 0.3300561797752809 0.6523809523809524 0.33286516853932585 0.655952380952381 0.3497191011235955 0.6952380952380952 0.34269662921348315
1 0.5226190476190476 0.6376404494382022 0.4714285714285714 0.6404494382022472 0.475 0.6629213483146067 0.5261904761904762 0.6558988764044944
3 0.4988095238095238 0.601123595505618 0.45 0.6179775280898876 0.45714285714285713 0.6418539325842697 0.5059523809523809 0.6235955056179775
3 0.5214285714285715 0.5603932584269663 0.4726190476190476 0.577247191011236 0.4797619047619048 0.601123595505618 0.5285714285714286 0.5828651685393258
3 0.6952380952380952 0.5 0.6464285714285715 0.5168539325842697 0.6535714285714286 0.5407303370786517 0.7023809523809523 0.5224719101123596
1 0.6130952380952381 0.34691011235955055 0.5845238095238096 0.35814606741573035 0.5904761904761905 0.37359550561797755 0.6166666666666667 0.36797752808988765
1 0.6190476190476191 0.37219101123595505 0.5904761904761905 0.3806179775280899 0.5964285714285714 0.3960674157303371 0.6226190476190476 0.3904494382022472
1 0.6273809523809524 0.3890449438202247 0.5988095238095238 0.39747191011235955 0.6047619047619047 0.41292134831460675 0.6309523809523809 0.40730337078651685
1 0.6333333333333333 0.40870786516853935 0.6047619047619047 0.41713483146067415 0.6107142857142858 0.43258426966292135 0.6369047619047619 0.42696629213483145
1 0.6416666666666667 0.4311797752808989 0.6130952380952381 0.4396067415730337 0.6190476190476191 0.4550561797752809 0.6452380952380953 0.449438202247191
1 0.6535714285714286 0.45646067415730335 0.625 0.4648876404494382 0.6309523809523809 0.4803370786516854 0.6571428571428571 0.4747191011235955
1 0.6607142857142857 0.4747191011235955 0.6321428571428571 0.48314606741573035 0.638095238095238 0.49859550561797755 0.6642857142857143 0.49297752808988765
1 0.5059523809523809 0.26264044943820225 0.49166666666666664 0.2710674157303371 0.5047619047619047 0.29775280898876405 0.5226190476190476 0.2893258426966292
1 0.5583333333333333 0.25 0.5452380952380952 0.25702247191011235 0.555952380952381 0.2808988764044944 0.569047619047619 0.2752808988764045
1 0.6 0.2303370786516854 0.5916666666666667 0.23876404494382023 0.6190476190476191 0.2640449438202247 0.6273809523809524 0.24719101123595505
1 0.6916666666666667 0.17415730337078653 0.675 0.17415730337078653 0.6892857142857143 0.20786516853932585 0.7119047619047619 0.21207865168539325
1 0.7166666666666667 0.17696629213483145 0.7023809523809523 0.17837078651685392 0.7107142857142857 0.21207865168539325 0.7285714285714285 0.2050561797752809
1 0.1357142857142857 0.13342696629213482 0.12380952380952381 0.14325842696629212 0.1488095238095238 0.17415730337078653 0.16071428571428573 0.16432584269662923
1 0.7988095238095239 0.16151685393258428 0.7761904761904762 0.16573033707865167 0.7857142857142857 0.21207865168539325 0.8119047619047619 0.20365168539325842
1 0.8238095238095238 0.1151685393258427 0.7976190476190477 0.1306179775280899 0.8071428571428572 0.17696629213483145 0.8333333333333334 0.16853932584269662