0 0.14404761904761904 0.2148876404494382 0.12976190476190477 0.39325842696629215 0.17857142857142858 0.3946629213483146 0.19404761904761905 0.21207865168539325
0 0.22023809523809523 0.22331460674157302 0.20476190476190476 0.4101123595505618 0.24404761904761904 0.4044943820224719 0.25476190476190474 0.2247191011235955
0 0.2726190476190476 0.23314606741573032 0.2714285714285714 0.40730337078651685 0.30833333333333335 0.4044943820224719 0.3119047619047619 0.2303370786516854
0 0.33690476190476193 0.23174157303370788 0.33214285714285713 0.4143258426966292 0.3773809523809524 0.40870786516853935 0.36666666666666664 0.23174157303370788
0 0.42738095238095236 0.22331460674157302 0.41785714285714287 0.40308988764044945 0.45714285714285713 0.40168539325842695 0.46190476190476193 0.22331460674157302
0 0.48333333333333334 0.26264044943820225 0.4797619047619048 0.41713483146067415 0.5154761904761904 0.4143258426966292 0.5154761904761904 0.2598314606741573
0 0.18095238095238095 0.577247191011236 0.1761904761904762 0.7640449438202247 0.2154761904761905 0.7612359550561798 0.21785714285714286 0.574438202247191
0 0.2892857142857143 0.5828651685393258 0.2845238095238095 0.7696629213483146 0.325 0.7682584269662921 0.32261904761904764 0.577247191011236
0 0.3416666666666667 0.574438202247191 0.3404761904761905 0.7696629213483146 0.37857142857142856 0.7682584269662921 0.3761904761904762 0.5688202247191011
0 0.39880952380952384 0.5561797752808989 0.39404761904761904 0.7542134831460674 0.43214285714285716 0.7471910112359551 0.43333333333333335 0.5561797752808989
0 0.44642857142857145 0.5603932584269663 0.4488095238095238 0.7794943820224719 0.48928571428571427 0.773876404494382 0.4797619047619048 0.5589887640449438
0 0.4928571428571429 0.601123595505618 0.5071428571428571 0.7626404494382022 0.544047619047619 0.7556179775280899 0.5261904761904762 0.5969101123595506
0 0.5535714285714286 0.6109550561797753 0.555952380952381 0.7682584269662921 0.5892857142857143 0.7668539325842697 0.5869047619047619 0.6109550561797753
0 0.14166666666666666 0.800561797752809 0.1357142857142857 0.9073033707865169 0.1773809523809524 0.9030898876404494 0.17976190476190476 0.8019662921348315
0 0.2 0.773876404494382 0.2011904761904762 0.9058988764044944 0.2392857142857143 0.9030898876404494 0.2392857142857143 0.7682584269662921
0 0.2726190476190476 0.776685393258427 0.2714285714285714 0.9030898876404494 0.3047619047619048 0.9030898876404494 0.30357142857142855 0.7710674157303371
0 0.3380952380952381 0.8019662921348315 0.3357142857142857 0.9087078651685393 0.3726190476190476 0.9101123595505618 0.37142857142857144 0.7991573033707865
0 0.39880952380952384 0.7682584269662921 0.3976190476190476 0.8974719101123596 0.43452380952380953 0.8974719101123596 0.430952380952381 0.7626404494382022
0 0.49047619047619045 0.7851123595505618 0.4928571428571429 0.8974719101123596 0.5297619047619048 0.8974719101123596 0.5261904761904762 0.7794943820224719
0 0.6035714285714285 0.7570224719101124 0.6059523809523809 0.9185393258426966 0.6464285714285715 0.9199438202247191 0.638095238095238 0.7556179775280899
0 0.7761904761904762 0.7584269662921348 0.7845238095238095 0.9185393258426966 0.8238095238095238 0.9129213483146067 0.8130952380952381 0.7598314606741573
0 0.8345238095238096 0.7626404494382022 0.8464285714285714 0.9058988764044944 0.8797619047619047 0.9044943820224719 0.8702380952380953 0.7612359550561798
4 0.6297619047619047 0.3188202247191011 0.6273809523809524 0.42837078651685395 0.6571428571428571 0.42837078651685395 0.655952380952381 0.31741573033707865
4 0.6154761904761905 0.5926966292134831 0.6178571428571429 0.6896067415730337 0.6416666666666667 0.6924157303370787 0.6440476190476191 0.5884831460674157
4 0.6726190476190477 0.5856741573033708 0.675 0.6783707865168539 0.7 0.6811797752808989 0.7 0.5814606741573034
4 0.7178571428571429 0.5926966292134831 0.7166666666666667 0.6924157303370787 0.7464285714285714 0.6938202247191011 0.7440476190476191 0.5941011235955056
1 0.7654761904761904 0.5828651685393258 0.7702380952380953 0.6544943820224719 0.7928571428571428 0.6544943820224719 0.7892857142857143 0.5800561797752809
1 0.7583333333333333 0.25 0.7607142857142857 0.3188202247191011 0.7857142857142857 0.3188202247191011 0.7833333333333333 0.24859550561797752
1 0.8035714285714286 0.2556179775280899 0.8035714285714286 0.33146067415730335 0.8333333333333334 0.3356741573033708 0.8285714285714286 0.25702247191011235
1 0.8464285714285714 0.25140449438202245 0.8511904761904762 0.3300561797752809 0.8761904761904762 0.32724719101123595 0.8726190476190476 0.25140449438202245
1 0.8095238095238095 0.34129213483146065 0.8130952380952381 0.4199438202247191 0.8392857142857143 0.4199438202247191 0.8357142857142857 0.34129213483146065