1 0.5547619047619048 0.800561797752809 0.5273809523809524 0.8918539325842697 0.5535714285714286 0.9087078651685393 0.5892857142857143 0.8202247191011236
1 0.5071428571428571 0.7794943820224719 0.47619047619047616 0.8806179775280899 0.5083333333333333 0.9002808988764045 0.5404761904761904 0.7935393258426966
1 0.45714285714285713 0.7570224719101124 0.4226190476190476 0.8679775280898876 0.4595238095238095 0.8904494382022472 0.4928571428571429 0.773876404494382
1 0.40714285714285714 0.7401685393258427 0.37857142857142856 0.8469101123595506 0.4083333333333333 0.8567415730337079 0.44761904761904764 0.7570224719101124
1 0.36547619047619045 0.723314606741573 0.33214285714285713 0.8286516853932584 0.36904761904761907 0.8412921348314607 0.4 0.7401685393258427
1 0.3202380952380952 0.702247191011236 0.2833333333333333 0.8103932584269663 0.31785714285714284 0.8216292134831461 0.3547619047619048 0.7219101123595506
1 0.2630952380952381 0.6825842696629213 0.23095238095238096 0.7851123595505618 0.2654761904761905 0.800561797752809 0.2976190476190476 0.6952247191011236
3 0.7880952380952381 0.7752808988764045 0.8166666666666667 0.675561797752809 0.8547619047619047 0.702247191011236 0.8166666666666667 0.7935393258426966
1 0.6988095238095238 0.6306179775280899 0.6678571428571428 0.7289325842696629 0.7035714285714286 0.7415730337078652 0.7309523809523809 0.6474719101123596
1 0.6440476190476191 0.6053370786516854 0.6166666666666667 0.702247191011236 0.6464285714285715 0.7134831460674157 0.6738095238095239 0.6179775280898876
1 0.5964285714285714 0.5912921348314607 0.569047619047619 0.6867977528089888 0.6 0.6980337078651685 0.6261904761904762 0.6039325842696629
1 0.5523809523809524 0.5660112359550562 0.5226190476190476 0.6643258426966292 0.5535714285714286 0.6839887640449438 0.5869047619047619 0.5828651685393258
1 0.5023809523809524 0.5561797752808989 0.4785714285714286 0.6502808988764045 0.5071428571428571 0.6643258426966292 0.5357142857142857 0.5716292134831461
1 0.4595238095238095 0.526685393258427 0.42738095238095236 0.6221910112359551 0.4607142857142857 0.6376404494382022 0.49166666666666664 0.5421348314606742
1 0.4142857142857143 0.5112359550561798 0.37857142857142856 0.6039325842696629 0.4154761904761905 0.6165730337078652 0.4452380952380952 0.523876404494382
1 0.3726190476190476 0.49157303370786515 0.33690476190476193 0.5884831460674157 0.3738095238095238 0.5997191011235955 0.4023809523809524 0.5056179775280899
4 0.26666666666666666 0.45224719101123595 0.23452380952380952 0.5449438202247191 0.26904761904761904 0.5646067415730337 0.30238095238095236 0.46769662921348315
1 0.08452380952380953 0.4396067415730337 0.15476190476190477 0.4705056179775281 0.16904761904761906 0.4297752808988764 0.09642857142857143 0.3904494382022472
0 0.3892857142857143 0.40870786516853935 0.4392857142857143 0.4311797752808989 0.5071428571428571 0.21629213483146068 0.44642857142857145 0.1952247191011236
0 0.35833333333333334 0.4311797752808989 0.4452380952380952 0.19241573033707865 0.38571428571428573 0.16573033707865167 0.305952380952381 0.40870786516853935
0 0.305952380952381 0.38342696629213485 0.3976190476190476 0.14185393258426968 0.33214285714285713 0.11235955056179775 0.25476190476190474 0.35814606741573035