1 0.594047619047619 0.4901685393258427 0.5345238095238095 0.4592696629213483 0.5214285714285715 0.4887640449438202 0.5892857142857143 0.5210674157303371
1 0.5380952380952381 0.5926966292134831 0.48333333333333334 0.5575842696629213 0.46904761904761905 0.5912921348314607 0.5285714285714286 0.625
1 0.6095238095238096 0.6306179775280899 0.55 0.5997191011235955 0.5380952380952381 0.6348314606741573 0.5976190476190476 0.6685393258426966
1 0.694047619047619 0.672752808988764 0.6357142857142857 0.6432584269662921 0.6238095238095238 0.6713483146067416 0.6833333333333333 0.7092696629213483
1 0.85 0.5533707865168539 0.8238095238095238 0.5435393258426966 0.7988095238095239 0.6123595505617978 0.8273809523809523 0.6264044943820225
1 0.8821428571428571 0.5758426966292135 0.8595238095238096 0.5632022471910112 0.8345238095238096 0.6235955056179775 0.8607142857142858 0.6404494382022472
1 0.3976190476190476 0.7528089887640449 0.3404761904761905 0.7752808988764045 0.3464285714285714 0.8075842696629213 0.4083333333333333 0.7837078651685393
1 0.42142857142857143 0.7921348314606742 0.3476190476190476 0.8146067415730337 0.3535714285714286 0.8469101123595506 0.42857142857142855 0.824438202247191
1 0.16428571428571428 0.7907303370786517 0.1488095238095238 0.8202247191011236 0.20238095238095238 0.8581460674157303 0.22023809523809523 0.8258426966292135
1 0.23452380952380952 0.5800561797752809 0.175 0.5491573033707865 0.15833333333333333 0.5814606741573034 0.22023809523809523 0.6081460674157303
1 0.21904761904761905 0.6207865168539326 0.17023809523809524 0.5955056179775281 0.15357142857142858 0.6278089887640449 0.20595238095238094 0.6502808988764045
1 0.4797619047619048 0.22191011235955055 0.41785714285714287 0.19803370786516855 0.40714285714285714 0.22893258426966293 0.47023809523809523 0.25842696629213485
1 0.4642857142857143 0.2598314606741573 0.4023809523809524 0.23595505617977527 0.39166666666666666 0.26685393258426965 0.45476190476190476 0.29634831460674155
1 0.4511904761904762 0.30196629213483145 0.3869047619047619 0.26825842696629215 0.3726190476190476 0.300561797752809 0.4369047619047619 0.33848314606741575
1 0.8630952380952381 0.7752808988764045 0.7904761904761904 0.7373595505617978 0.7797619047619048 0.7682584269662921 0.8523809523809524 0.8061797752808989