4 0.2654761904761905 0.3609550561797753 0.2726190476190476 0.39185393258426965 0.34404761904761905 0.3707865168539326 0.3380952380952381 0.3398876404494382
1 0.305952380952381 0.15589887640449437 0.2892857142857143 0.18258426966292135 0.3488095238095238 0.2303370786516854 0.36666666666666664 0.20224719101123595
4 0.3011904761904762 0.20646067415730338 0.2845238095238095 0.23595505617977527 0.3392857142857143 0.27668539325842695 0.35714285714285715 0.24719101123595505
1 0.5083333333333333 0.14606741573033707 0.45357142857142857 0.1853932584269663 0.47023809523809523 0.21348314606741572 0.525 0.17275280898876405
1 0.5154761904761904 0.18820224719101122 0.4511904761904762 0.2303370786516854 0.4642857142857143 0.25842696629213485 0.5285714285714286 0.21629213483146068
1 0.49642857142857144 0.24578651685393257 0.43333333333333335 0.28651685393258425 0.4488095238095238 0.3146067415730337 0.5107142857142857 0.273876404494382
1 0.5892857142857143 0.125 0.5785714285714286 0.19382022471910113 0.6023809523809524 0.19803370786516855 0.611904761904762 0.12921348314606743
1 0.575 0.20926966292134833 0.5654761904761905 0.29775280898876405 0.594047619047619 0.30337078651685395 0.6035714285714285 0.21629213483146068
1 0.5642857142857143 0.34691011235955055 0.5595238095238095 0.4241573033707865 0.5869047619047619 0.425561797752809 0.5928571428571429 0.3497191011235955
1 0.5535714285714286 0.4396067415730337 0.5476190476190477 0.5140449438202247 0.5773809523809523 0.5182584269662921 0.5821428571428572 0.44241573033707865
1 0.48928571428571427 0.3553370786516854 0.5035714285714286 0.38202247191011235 0.4380952380952381 0.425561797752809 0.4261904761904762 0.398876404494382
1 0.4857142857142857 0.4143258426966292 0.425 0.45365168539325845 0.4380952380952381 0.4803370786516854 0.4988095238095238 0.44241573033707865
1 0.4857142857142857 0.46629213483146065 0.4119047619047619 0.5098314606741573 0.425 0.5379213483146067 0.5 0.4957865168539326
1 0.4773809523809524 0.526685393258427 0.4095238095238095 0.5674157303370787 0.4238095238095238 0.5926966292134831 0.49166666666666664 0.5575842696629213
1 0.544047619047619 0.547752808988764 0.5357142857142857 0.6278089887640449 0.5654761904761905 0.6334269662921348 0.5714285714285714 0.5533707865168539
1 0.46190476190476193 0.6446629213483146 0.3976190476190476 0.6811797752808989 0.4107142857142857 0.7120786516853933 0.47619047619047616 0.6741573033707865
1 0.13452380952380952 0.41292134831460675 0.11547619047619048 0.5028089887640449 0.14523809523809525 0.5112359550561798 0.1630952380952381 0.4199438202247191
1 0.19642857142857142 0.4157303370786517 0.18452380952380953 0.5098314606741573 0.2130952380952381 0.5154494382022472 0.2226190476190476 0.41853932584269665
1 0.2357142857142857 0.43820224719101125 0.22738095238095238 0.5337078651685393 0.25595238095238093 0.5365168539325843 0.2619047619047619 0.4396067415730337
4 0.2904761904761905 0.40870786516853935 0.2761904761904762 0.5014044943820225 0.30952380952380953 0.5084269662921348 0.325 0.4143258426966292
1 0.4642857142857143 0.699438202247191 0.39285714285714285 0.7457865168539326 0.40714285714285714 0.7752808988764045 0.4773809523809524 0.7289325842696629
1 0.5333333333333333 0.6657303370786517 0.5261904761904762 0.75 0.5535714285714286 0.7528089887640449 0.5595238095238095 0.6699438202247191
1 0.5238095238095238 0.7640449438202247 0.5178571428571429 0.8567415730337079 0.5476190476190477 0.8595505617977528 0.5535714285714286 0.7682584269662921
1 0.44642857142857145 0.7654494382022472 0.38095238095238093 0.8103932584269663 0.39404761904761904 0.8384831460674157 0.4630952380952381 0.7963483146067416