1 0.18214285714285713 0.18679775280898878 0.17976190476190476 0.24719101123595505 0.1595238095238095 0.24859550561797752 0.15833333333333333 0.18117977528089887
1 0.19404761904761905 0.19382022471910113 0.19166666666666668 0.25 0.21666666666666667 0.25 0.21666666666666667 0.19101123595505617
1 0.25357142857142856 0.21348314606741572 0.25357142857142856 0.25842696629213485 0.2726190476190476 0.2542134831460674 0.2702380952380952 0.21207865168539325
1 0.29285714285714287 0.19803370786516855 0.29404761904761906 0.24297752808988765 0.319047619047619 0.24297752808988765 0.31666666666666665 0.19241573033707865
1 0.5857142857142857 0.24578651685393257 0.6416666666666667 0.24578651685393257 0.6404761904761904 0.26825842696629215 0.5857142857142857 0.2710674157303371
1 0.7547619047619047 0.1601123595505618 0.7642857142857142 0.2148876404494382 0.7833333333333333 0.21067415730337077 0.7714285714285715 0.15308988764044945
1 0.805952380952381 0.16432584269662923 0.8083333333333333 0.22331460674157302 0.8404761904761905 0.22331460674157302 0.8369047619047619 0.16292134831460675
0 0.7547619047619047 0.324438202247191 0.7535714285714286 0.3848314606741573 0.8892857142857142 0.3792134831460674 0.8904761904761904 0.324438202247191
0 0.2857142857142857 0.3455056179775281 0.4357142857142857 0.3398876404494382 0.43214285714285716 0.38764044943820225 0.28809523809523807 0.3904494382022472
1 0.5785714285714286 0.7289325842696629 0.5738095238095238 0.8132022471910112 0.5988095238095238 0.8146067415730337 0.6059523809523809 0.7289325842696629
1 0.5642857142857143 0.6193820224719101 0.5666666666666667 0.7050561797752809 0.594047619047619 0.7036516853932584 0.5892857142857143 0.6165730337078652
1 0.48333333333333334 0.5969101123595506 0.48214285714285715 0.6699438202247191 0.5083333333333333 0.672752808988764 0.5071428571428571 0.5955056179775281
1 0.4035714285714286 0.4705056179775281 0.4738095238095238 0.46769662921348315 0.4714285714285714 0.5014044943820225 0.40595238095238095 0.5028089887640449
1 0.22738095238095238 0.48735955056179775 0.225 0.5575842696629213 0.1988095238095238 0.5561797752808989 0.2 0.48314606741573035
1 0.2916666666666667 0.45786516853932585 0.35833333333333334 0.45646067415730335 0.3595238095238095 0.4241573033707865 0.29404761904761906 0.42696629213483145
1 0.3869047619047619 0.45224719101123595 0.4511904761904762 0.4550561797752809 0.4488095238095238 0.42275280898876405 0.3869047619047619 0.425561797752809
1 0.6226190476190476 0.38342696629213485 0.6404761904761904 0.40308988764044945 0.6095238095238096 0.45365168539325845 0.5880952380952381 0.4396067415730337
1 0.6619047619047619 0.39185393258426965 0.680952380952381 0.41151685393258425 0.6392857142857142 0.46348314606741575 0.6214285714285714 0.4452247191011236
1 0.7047619047619048 0.39185393258426965 0.7214285714285714 0.40870786516853935 0.6892857142857143 0.46769662921348315 0.6630952380952381 0.4452247191011236
1 0.7464285714285714 0.3946629213483146 0.7690476190476191 0.41151685393258425 0.7404761904761905 0.46348314606741575 0.7202380952380952 0.4452247191011236
1 0.7988095238095239 0.39325842696629215 0.8202380952380952 0.41292134831460675 0.7928571428571428 0.4606741573033708 0.7702380952380953 0.4396067415730337
1 0.8464285714285714 0.4101123595505618 0.8654761904761905 0.425561797752809 0.8369047619047619 0.47331460674157305 0.8166666666666667 0.4606741573033708