1 0.25476190476190474 0.4803370786516854 0.2154761904761905 0.5421348314606742 0.24523809523809523 0.5688202247191011 0.2761904761904762 0.5112359550561798
1 0.1773809523809524 0.5926966292134831 0.1488095238095238 0.672752808988764 0.18333333333333332 0.6839887640449438 0.2119047619047619 0.6039325842696629
1 0.5630952380952381 0.34691011235955055 0.5357142857142857 0.4101123595505618 0.5619047619047619 0.4199438202247191 0.5904761904761905 0.351123595505618
1 0.2845238095238095 0.21629213483146068 0.325 0.15168539325842698 0.3476190476190476 0.17275280898876405 0.3119047619047619 0.23174157303370788
1 0.6928571428571428 0.3539325842696629 0.6642857142857143 0.4199438202247191 0.694047619047619 0.43258426966292135 0.7166666666666667 0.37359550561797755
1 0.6630952380952381 0.4297752808988764 0.6261904761904762 0.48735955056179775 0.6571428571428571 0.5098314606741573 0.6845238095238095 0.44803370786516855
1 0.719047619047619 0.3693820224719101 0.7821428571428571 0.38202247191011235 0.7773809523809524 0.41151685393258425 0.7178571428571429 0.4058988764044944
1 0.6976190476190476 0.4339887640449438 0.7678571428571429 0.45365168539325845 0.7607142857142857 0.4859550561797753 0.6892857142857143 0.46629213483146065
1 0.6821428571428572 0.46348314606741575 0.7559523809523809 0.4859550561797753 0.75 0.5196629213483146 0.6761904761904762 0.5
1 0.669047619047619 0.49157303370786515 0.7464285714285714 0.5168539325842697 0.7357142857142858 0.550561797752809 0.6619047619047619 0.5280898876404494
1 0.6607142857142857 0.5294943820224719 0.7261904761904762 0.5589887640449438 0.7154761904761905 0.5912921348314607 0.6488095238095238 0.5603932584269663
1 0.6630952380952381 0.5786516853932584 0.7285714285714285 0.6025280898876404 0.7238095238095238 0.6362359550561798 0.6476190476190476 0.6081460674157303
1 0.6547619047619048 0.6123595505617978 0.7178571428571429 0.6432584269662921 0.7071428571428572 0.675561797752809 0.6345238095238095 0.6404494382022472
1 0.7523809523809524 0.15870786516853932 0.7321428571428571 0.2205056179775281 0.7690476190476191 0.23174157303370788 0.7785714285714286 0.16713483146067415
1 0.7952380952380952 0.1502808988764045 0.844047619047619 0.2050561797752809 0.8178571428571428 0.23314606741573032 0.7773809523809524 0.1699438202247191
1 0.7797619047619048 0.22191011235955055 0.763095238095238 0.2893258426966292 0.7916666666666666 0.2949438202247191 0.8023809523809524 0.2303370786516854
3 0.22023809523809523 0.29634831460674155 0.26785714285714285 0.199438202247191 0.30833333333333335 0.20926966292134833 0.25357142857142856 0.31320224719101125