1 0.5321428571428571 0.5800561797752809 0.525 0.5969101123595506 0.5583333333333333 0.6165730337078652 0.569047619047619 0.5955056179775281
1 0.5202380952380953 0.6095505617977528 0.513095238095238 0.6264044943820225 0.5464285714285714 0.6460674157303371 0.5571428571428572 0.625
1 0.5059523809523809 0.6334269662921348 0.4988095238095238 0.6502808988764045 0.5297619047619048 0.6713483146067416 0.5404761904761904 0.6587078651685393
1 0.48333333333333334 0.672752808988764 0.47619047619047616 0.6896067415730337 0.5095238095238095 0.7092696629213483 0.5202380952380953 0.6882022471910112
1 0.4369047619047619 0.7219101123595506 0.4297619047619048 0.7387640449438202 0.4630952380952381 0.7584269662921348 0.4738095238095238 0.7373595505617978
1 0.39285714285714285 0.7921348314606742 0.38571428571428573 0.8089887640449438 0.41904761904761906 0.8286516853932584 0.4297619047619048 0.8075842696629213
1 0.5797619047619048 0.42275280898876405 0.5654761904761905 0.4508426966292135 0.5773809523809523 0.45786516853932585 0.594047619047619 0.42696629213483145
1 0.425 0.41713483146067415 0.4523809523809524 0.4353932584269663 0.4630952380952381 0.4241573033707865 0.4357142857142857 0.4002808988764045
1 0.4392857142857143 0.4002808988764045 0.4666666666666667 0.41853932584269665 0.4773809523809524 0.40730337078651685 0.45 0.38342696629213485
1 0.6404761904761904 0.46207865168539325 0.6678571428571428 0.4803370786516854 0.6785714285714286 0.4691011235955056 0.6511904761904762 0.4452247191011236
1 0.6571428571428571 0.4002808988764045 0.6845238095238095 0.41853932584269665 0.6952380952380952 0.40730337078651685 0.6678571428571428 0.38342696629213485
1 0.6714285714285714 0.38202247191011235 0.6988095238095238 0.4002808988764045 0.7095238095238096 0.3890449438202247 0.6821428571428572 0.3651685393258427
1 0.6833333333333333 0.3651685393258427 0.7107142857142857 0.38342696629213485 0.7214285714285714 0.37219101123595505 0.694047619047619 0.34831460674157305
1 0.7130952380952381 0.3441011235955056 0.7404761904761905 0.36235955056179775 0.7511904761904762 0.351123595505618 0.7238095238095238 0.32724719101123595
1 0.7333333333333333 0.3146067415730337 0.7607142857142857 0.33286516853932585 0.7714285714285715 0.32162921348314605 0.7440476190476191 0.29775280898876405
1 0.7476190476190476 0.2991573033707865 0.7773809523809524 0.32303370786516855 0.7857142857142857 0.3061797752808989 0.7583333333333333 0.28230337078651685
1 0.7607142857142857 0.2794943820224719 0.7904761904761904 0.30337078651685395 0.7988095238095239 0.28651685393258425 0.7714285714285715 0.26264044943820225
1 0.7714285714285715 0.26264044943820225 0.8011904761904762 0.28651685393258425 0.8095238095238095 0.2696629213483146 0.7821428571428571 0.24578651685393257
1 0.780952380952381 0.23876404494382023 0.8107142857142857 0.26264044943820225 0.819047619047619 0.24578651685393257 0.7916666666666666 0.22191011235955055
1 0.7916666666666666 0.2205056179775281 0.8214285714285714 0.2443820224719101 0.8297619047619048 0.22752808988764045 0.8023809523809524 0.20365168539325842
1 0.8095238095238095 0.2050561797752809 0.8392857142857143 0.22893258426966293 0.8476190476190476 0.21207865168539325 0.8202380952380952 0.18820224719101122
1 0.8380952380952381 0.1853932584269663 0.8678571428571429 0.20926966292134833 0.8761904761904762 0.19241573033707865 0.8488095238095238 0.16853932584269662
1 0.85 0.1699438202247191 0.8797619047619047 0.19382022471910113 0.888095238095238 0.17696629213483145 0.8607142857142858 0.15308988764044945
1 0.4238095238095238 0.2640449438202247 0.45357142857142857 0.28792134831460675 0.46190476190476193 0.2710674157303371 0.43452380952380953 0.24719101123595505
1 0.4011904761904762 0.30196629213483145 0.430952380952381 0.3258426966292135 0.4392857142857143 0.3089887640449438 0.4119047619047619 0.2851123595505618
1 0.38571428571428573 0.32303370786516855 0.4154761904761905 0.34691011235955055 0.4238095238095238 0.3300561797752809 0.3964285714285714 0.3061797752808989
1 0.36904761904761907 0.33146067415730335 0.39880952380952384 0.3553370786516854 0.40714285714285714 0.33848314606741575 0.37976190476190474 0.3146067415730337
1 0.35119047619047616 0.351123595505618 0.38095238095238093 0.375 0.3892857142857143 0.35814606741573035 0.3619047619047619 0.3342696629213483
1 0.3261904761904762 0.35674157303370785 0.35595238095238096 0.3806179775280899 0.36428571428571427 0.3637640449438202 0.33690476190476193 0.3398876404494382
1 0.1380952380952381 0.16432584269662923 0.16785714285714284 0.18820224719101122 0.1761904761904762 0.17134831460674158 0.1488095238095238 0.14747191011235955
1 0.0988095238095238 0.17696629213483145 0.12857142857142856 0.20084269662921347 0.13690476190476192 0.18398876404494383 0.10952380952380952 0.1601123595505618
1 0.08571428571428572 0.20365168539325842 0.11547619047619048 0.22752808988764045 0.12380952380952381 0.21067415730337077 0.09642857142857143 0.18679775280898878
1 0.14523809523809525 0.7064606741573034 0.175 0.7303370786516854 0.18333333333333332 0.7134831460674157 0.15595238095238095 0.6896067415730337
1 0.1 0.7205056179775281 0.12976190476190477 0.7443820224719101 0.1380952380952381 0.7275280898876404 0.11071428571428571 0.7036516853932584
1 0.20357142857142857 0.6151685393258427 0.20357142857142857 0.6418539325842697 0.24404761904761904 0.6376404494382022 0.24047619047619048 0.6081460674157303
1 0.41309523809523807 0.42134831460674155 0.39166666666666666 0.44803370786516855 0.40595238095238095 0.46207865168539325 0.430952380952381 0.4339887640449438