1 0.22857142857142856 0.5182584269662921 0.175 0.5210674157303371 0.175 0.5449438202247191 0.22857142857142856 0.5407303370786517
1 0.22738095238095238 0.49157303370786515 0.1773809523809524 0.4901685393258427 0.175 0.5098314606741573 0.22738095238095238 0.5154494382022472
1 0.22857142857142856 0.40870786516853935 0.17857142857142858 0.41292134831460675 0.18214285714285713 0.4410112359550562 0.23095238095238096 0.4339887640449438
1 0.22976190476190475 0.38202247191011235 0.17976190476190476 0.3890449438202247 0.1880952380952381 0.40730337078651685 0.2369047619047619 0.4044943820224719
1 0.2392857142857143 0.3089887640449438 0.1976190476190476 0.3089887640449438 0.19523809523809524 0.3356741573033708 0.24285714285714285 0.3356741573033708
1 0.225 0.35674157303370785 0.18571428571428572 0.3651685393258427 0.18928571428571428 0.3848314606741573 0.23214285714285715 0.3806179775280899
1 0.2369047619047619 0.28792134831460675 0.19642857142857142 0.28370786516853935 0.19523809523809524 0.300561797752809 0.2369047619047619 0.30758426966292135
1 0.3547619047619048 0.5688202247191011 0.3011904761904762 0.5688202247191011 0.3011904761904762 0.598314606741573 0.3535714285714286 0.5997191011235955
1 0.35595238095238096 0.5252808988764045 0.30952380952380953 0.5252808988764045 0.305952380952381 0.5533707865168539 0.35833333333333334 0.5533707865168539
1 0.3535714285714286 0.4648876404494382 0.3047619047619048 0.46629213483146065 0.30357142857142855 0.49157303370786515 0.35714285714285715 0.4901685393258427
1 0.36428571428571427 0.3342696629213483 0.3130952380952381 0.3356741573033708 0.3130952380952381 0.35814606741573035 0.36428571428571427 0.35814606741573035
1 0.3607142857142857 0.25 0.31666666666666665 0.24859550561797752 0.3142857142857143 0.26825842696629215 0.3619047619047619 0.26825842696629215
1 0.3607142857142857 0.22612359550561797 0.3130952380952381 0.22752808988764045 0.3142857142857143 0.24859550561797752 0.3630952380952381 0.25
1 0.36428571428571427 0.15308988764044945 0.3130952380952381 0.1544943820224719 0.3142857142857143 0.175561797752809 0.36547619047619045 0.175561797752809
1 0.3142857142857143 0.20786516853932585 0.31547619047619047 0.2247191011235955 0.36547619047619045 0.2247191011235955 0.36547619047619045 0.20786516853932585
1 0.31666666666666665 0.19101123595505617 0.31666666666666665 0.20786516853932585 0.37023809523809526 0.20646067415730338 0.37023809523809526 0.19382022471910113
1 0.6154761904761905 0.5730337078651685 0.6178571428571429 0.5955056179775281 0.575 0.5969101123595506 0.5726190476190476 0.5758426966292135
1 0.6011904761904762 0.523876404494382 0.6011904761904762 0.5533707865168539 0.5547619047619048 0.5547752808988764 0.5511904761904762 0.523876404494382
1 0.5976190476190476 0.46769662921348315 0.5464285714285714 0.46769662921348315 0.5464285714285714 0.49719101123595505 0.6023809523809524 0.49719101123595505
1 0.6035714285714285 0.4199438202247191 0.5428571428571428 0.41713483146067415 0.5452380952380952 0.44803370786516855 0.6059523809523809 0.4508426966292135
1 0.5904761904761905 0.3300561797752809 0.5369047619047619 0.3356741573033708 0.5392857142857143 0.3609550561797753 0.5976190476190476 0.35252808988764045
1 0.7678571428571429 0.5898876404494382 0.719047619047619 0.598314606741573 0.7214285714285714 0.6221910112359551 0.7714285714285715 0.6151685393258427
1 0.7595238095238095 0.5674157303370787 0.7166666666666667 0.5730337078651685 0.7178571428571429 0.5941011235955056 0.7666666666666667 0.5884831460674157
1 0.5845238095238096 0.3047752808988764 0.5357142857142857 0.31179775280898875 0.5369047619047619 0.33286516853932585 0.5892857142857143 0.32865168539325845
1 0.5797619047619048 0.2710674157303371 0.5869047619047619 0.300561797752809 0.5428571428571428 0.31179775280898875 0.5357142857142857 0.2794943820224719
1 0.6976190476190476 0.5196629213483146 0.7 0.5463483146067416 0.7595238095238095 0.5351123595505618 0.7583333333333333 0.5126404494382022
1 0.694047619047619 0.49719101123595505 0.6964285714285714 0.5140449438202247 0.7476190476190476 0.5084269662921348 0.7464285714285714 0.48735955056179775
1 0.6988095238095238 0.46769662921348315 0.7023809523809523 0.4887640449438202 0.7559523809523809 0.4789325842696629 0.7523809523809524 0.45224719101123595
1 0.6773809523809524 0.4157303370786517 0.680952380952381 0.43820224719101125 0.7357142857142858 0.4353932584269663 0.7321428571428571 0.41151685393258425
1 0.6833333333333333 0.3707865168539326 0.6857142857142857 0.3946629213483146 0.7321428571428571 0.3946629213483146 0.7321428571428571 0.3693820224719101
1 0.6702380952380952 0.32865168539325845 0.675 0.3539325842696629 0.7238095238095238 0.3497191011235955 0.7202380952380952 0.324438202247191
1 0.6666666666666666 0.29213483146067415 0.6726190476190477 0.31741573033707865 0.719047619047619 0.31320224719101125 0.7095238095238096 0.2851123595505618
1 0.6464285714285715 0.17134831460674158 0.6464285714285715 0.19803370786516855 0.6976190476190476 0.19803370786516855 0.6964285714285714 0.17134831460674158