1 0.6154761904761905 0.8595505617977528 0.6 0.8384831460674157 0.6416666666666667 0.8019662921348315 0.6607142857142857 0.8300561797752809
1 0.544047619047619 0.7823033707865169 0.5321428571428571 0.7654494382022472 0.5785714285714286 0.7303370786516854 0.5892857142857143 0.7457865168539326
1 0.5190476190476191 0.7457865168539326 0.5047619047619047 0.7289325842696629 0.5464285714285714 0.6910112359550562 0.5607142857142857 0.7134831460674157
1 0.4988095238095238 0.7219101123595506 0.48333333333333334 0.7036516853932584 0.525 0.6699438202247191 0.5428571428571428 0.6839887640449438
1 0.48333333333333334 0.6952247191011236 0.46785714285714286 0.6769662921348315 0.5083333333333333 0.6432584269662921 0.5226190476190476 0.6671348314606742
1 0.45476190476190476 0.6713483146067416 0.44166666666666665 0.6502808988764045 0.49047619047619045 0.6207865168539326 0.5 0.6418539325842697
1 0.4023809523809524 0.651685393258427 0.3773809523809524 0.6095505617977528 0.39166666666666666 0.601123595505618 0.41904761904761906 0.6376404494382022
1 0.38452380952380955 0.5730337078651685 0.37142857142857144 0.5533707865168539 0.40476190476190477 0.5294943820224719 0.41904761904761906 0.550561797752809
1 0.3607142857142857 0.5547752808988764 0.3547619047619048 0.5337078651685393 0.3964285714285714 0.5098314606741573 0.40476190476190477 0.5252808988764045
1 0.32976190476190476 0.5056179775280899 0.31666666666666665 0.4887640449438202 0.35119047619047616 0.4606741573033708 0.36428571428571427 0.4705056179775281
1 0.28214285714285714 0.4747191011235955 0.27380952380952384 0.46207865168539325 0.32142857142857145 0.425561797752809 0.33095238095238094 0.44241573033707865
1 0.2785714285714286 0.4508426966292135 0.2714285714285714 0.43258426966292135 0.305952380952381 0.41151685393258425 0.3142857142857143 0.42837078651685395
1 0.22976190476190475 0.38764044943820225 0.22023809523809523 0.375 0.25595238095238093 0.34691011235955055 0.26666666666666666 0.36235955056179775
1 0.20952380952380953 0.37640449438202245 0.1988095238095238 0.3553370786516854 0.24285714285714285 0.3300561797752809 0.2511904761904762 0.34831460674157305
1 0.1976190476190476 0.3539325842696629 0.1880952380952381 0.3342696629213483 0.22857142857142856 0.31320224719101125 0.23809523809523808 0.32865168539325845
1 0.14285714285714285 0.29353932584269665 0.13333333333333333 0.27247191011235955 0.17142857142857143 0.25140449438202245 0.17976190476190476 0.2696629213483146
1 0.7273809523809524 0.36657303370786515 0.7130952380952381 0.3497191011235955 0.7392857142857143 0.32724719101123595 0.7511904761904762 0.3398876404494382
1 0.6797619047619048 0.32724719101123595 0.6666666666666666 0.30758426966292135 0.6988095238095238 0.2893258426966292 0.7107142857142857 0.3047752808988764
1 0.5773809523809523 0.23314606741573032 0.5666666666666667 0.21910112359550563 0.5976190476190476 0.199438202247191 0.6107142857142858 0.21348314606741572
1 0.5607142857142857 0.21769662921348315 0.55 0.20926966292134833 0.5821428571428572 0.1853932584269663 0.5916666666666667 0.199438202247191
1 0.5404761904761904 0.20646067415730338 0.5333333333333333 0.19382022471910113 0.569047619047619 0.17134831460674158 0.580952380952381 0.18679775280898878