2 0.17261904761904762 0.30196629213483145 0.21666666666666667 0.20084269662921347 0.18214285714285713 0.18258426966292135 0.1357142857142857 0.29775280898876405
2 0.19047619047619047 0.3441011235955056 0.24166666666666667 0.2303370786516854 0.21428571428571427 0.2247191011235955 0.1619047619047619 0.33707865168539325
2 0.22738095238095238 0.3609550561797753 0.26904761904761904 0.2303370786516854 0.24761904761904763 0.21910112359550563 0.19642857142857142 0.3553370786516854
2 0.2619047619047619 0.36657303370786515 0.3 0.23876404494382023 0.26904761904761904 0.2303370786516854 0.23095238095238096 0.3609550561797753
2 0.3488095238095238 0.3637640449438202 0.3880952380952381 0.24859550561797752 0.35833333333333334 0.23595505617977527 0.319047619047619 0.3539325842696629
2 0.305952380952381 0.38202247191011235 0.3488095238095238 0.25 0.32261904761904764 0.2443820224719101 0.2845238095238095 0.3693820224719101
2 0.3904761904761905 0.36797752808988765 0.42857142857142855 0.25 0.4035714285714286 0.24297752808988765 0.35714285714285715 0.36235955056179775
2 0.43333333333333335 0.3806179775280899 0.46190476190476193 0.2612359550561798 0.4392857142857143 0.25702247191011235 0.4023809523809524 0.37359550561797755
2 0.4523809523809524 0.4353932584269663 0.49047619047619045 0.30196629213483145 0.4630952380952381 0.300561797752809 0.42023809523809524 0.42696629213483145
2 0.49166666666666664 0.4438202247191011 0.5321428571428571 0.29775280898876405 0.5071428571428571 0.28792134831460675 0.4630952380952381 0.43679775280898875
2 0.525 0.449438202247191 0.5595238095238095 0.300561797752809 0.5416666666666666 0.29353932584269665 0.4976190476190476 0.44241573033707865
2 0.5607142857142857 0.46348314606741575 0.5904761904761905 0.3160112359550562 0.5678571428571428 0.3089887640449438 0.5297619047619048 0.45646067415730335
2 0.594047619047619 0.46769662921348315 0.6261904761904762 0.324438202247191 0.6035714285714285 0.3160112359550562 0.5702380952380952 0.4648876404494382
2 0.6273809523809524 0.48735955056179775 0.6595238095238095 0.33707865168539325 0.6357142857142857 0.3356741573033708 0.6059523809523809 0.4803370786516854
2 0.6630952380952381 0.49859550561797755 0.6916666666666667 0.35674157303370785 0.6630952380952381 0.34831460674157305 0.638095238095238 0.4957865168539326
2 0.7380952380952381 0.49859550561797755 0.7654761904761904 0.3441011235955056 0.7452380952380953 0.3356741573033708 0.705952380952381 0.4901685393258427
2 0.7785714285714286 0.5028089887640449 0.794047619047619 0.3609550561797753 0.7714285714285715 0.35252808988764045 0.7559523809523809 0.49719101123595505
2 0.8178571428571428 0.5140449438202247 0.8345238095238096 0.3539325842696629 0.805952380952381 0.3553370786516854 0.7904761904761904 0.5098314606741573
2 0.8535714285714285 0.550561797752809 0.8702380952380953 0.38202247191011235 0.8404761904761905 0.37640449438202245 0.8202380952380952 0.550561797752809
2 0.8571428571428571 0.6067415730337079 0.8869047619047619 0.6039325842696629 0.8785714285714286 0.7963483146067416 0.8488095238095238 0.7949438202247191
2 0.7857142857142857 0.702247191011236 0.8142857142857143 0.5323033707865169 0.7821428571428571 0.5280898876404494 0.7571428571428571 0.6980337078651685
2 0.7547619047619047 0.6867977528089888 0.775 0.5224719101123596 0.7476190476190476 0.5182584269662921 0.725 0.6825842696629213
2 0.7107142857142857 0.675561797752809 0.7345238095238096 0.5070224719101124 0.7023809523809523 0.5056179775280899 0.6845238095238095 0.6713483146067416
2 0.6702380952380952 0.6502808988764045 0.7 0.4901685393258427 0.6773809523809524 0.4859550561797753 0.6440476190476191 0.6474719101123596
2 0.6261904761904762 0.6839887640449438 0.6595238095238095 0.5098314606741573 0.6333333333333333 0.5056179775280899 0.5976190476190476 0.6769662921348315
2 0.5964285714285714 0.6502808988764045 0.6142857142857143 0.5224719101123596 0.594047619047619 0.5182584269662921 0.5666666666666667 0.6474719101123596
2 0.5571428571428572 0.6432584269662921 0.5880952380952381 0.48735955056179775 0.5630952380952381 0.4803370786516854 0.5261904761904762 0.6418539325842697
2 0.513095238095238 0.6404494382022472 0.5523809523809524 0.476123595505618 0.5214285714285715 0.47191011235955055 0.48928571428571427 0.6362359550561798
2 0.4773809523809524 0.6292134831460674 0.5214285714285715 0.4747191011235955 0.4976190476190476 0.46348314606741575 0.45476190476190476 0.6207865168539326
2 0.41785714285714287 0.8216292134831461 0.4714285714285714 0.6418539325842697 0.4452380952380952 0.6334269662921348 0.3880952380952381 0.8188202247191011
2 0.3761904761904762 0.7823033707865169 0.4452380952380952 0.6123595505617978 0.4095238095238095 0.6039325842696629 0.3523809523809524 0.773876404494382
2 0.4666666666666667 0.4452247191011236 0.49166666666666664 0.4508426966292135 0.45 0.6053370786516854 0.42142857142857143 0.6067415730337079
2 0.42738095238095236 0.45646067415730335 0.45 0.46769662921348315 0.4154761904761905 0.5955056179775281 0.3869047619047619 0.5941011235955056
2 0.40595238095238095 0.42696629213483145 0.425 0.4297752808988764 0.3880952380952381 0.5870786516853933 0.3595238095238095 0.577247191011236
2 0.3238095238095238 0.5674157303370787 0.35119047619047616 0.574438202247191 0.39880952380952384 0.4157303370786517 0.3726190476190476 0.4101123595505618
2 0.3392857142857143 0.4058988764044944 0.3630952380952381 0.4199438202247191 0.319047619047619 0.574438202247191 0.2988095238095238 0.5674157303370787
2 0.2857142857142857 0.5660112359550562 0.3392857142857143 0.40730337078651685 0.31547619047619047 0.4002808988764045 0.26785714285714285 0.5589887640449438
2 0.23214285714285715 0.5519662921348315 0.25595238095238093 0.5603932584269663 0.305952380952381 0.4143258426966292 0.2833333333333333 0.40730337078651685
2 0.24761904761904763 0.3904494382022472 0.2714285714285714 0.3946629213483146 0.22738095238095238 0.547752808988764 0.19404761904761905 0.547752808988764
2 0.21904761904761905 0.39325842696629215 0.2369047619047619 0.398876404494382 0.19404761904761905 0.547752808988764 0.16547619047619047 0.547752808988764
2 0.10119047619047619 0.7162921348314607 0.125 0.723314606741573 0.17976190476190476 0.5702247191011236 0.15357142857142858 0.5589887640449438
2 0.13452380952380952 0.7331460674157303 0.16428571428571428 0.7373595505617978 0.2226190476190476 0.5646067415730337 0.2011904761904762 0.5575842696629213
2 0.20476190476190476 0.7443820224719101 0.25952380952380955 0.5702247191011236 0.23095238095238096 0.5632022471910112 0.1738095238095238 0.7359550561797753
2 0.21071428571428572 0.7528089887640449 0.23809523809523808 0.7612359550561798 0.29642857142857143 0.5800561797752809 0.26904761904761904 0.574438202247191
2 0.2511904761904762 0.7598314606741573 0.275 0.7682584269662921 0.32976190476190476 0.5870786516853933 0.305952380952381 0.5786516853932584