3 0.2726190476190476 0.2345505617977528 0.21428571428571427 0.33848314606741575 0.25 0.3539325842696629 0.29642857142857143 0.2542134831460674
1 0.31666666666666665 0.1952247191011236 0.2845238095238095 0.2612359550561798 0.31547619047619047 0.27247191011235955 0.34285714285714286 0.21207865168539325
1 0.4 0.29353932584269665 0.36666666666666664 0.3651685393258427 0.4 0.3792134831460674 0.4297619047619048 0.3103932584269663
1 0.41309523809523807 0.38764044943820225 0.3773809523809524 0.46629213483146065 0.41309523809523807 0.48314606741573035 0.4380952380952381 0.398876404494382
1 0.2511904761904762 0.5182584269662921 0.2130952380952381 0.5870786516853933 0.24761904761904763 0.6109550561797753 0.27976190476190477 0.5435393258426966
1 0.16666666666666666 0.6362359550561798 0.14523809523809525 0.7205056179775281 0.175 0.7275280898876404 0.20476190476190476 0.6558988764044944
1 0.6904761904761905 0.39325842696629215 0.6642857142857143 0.45646067415730335 0.694047619047619 0.4705056179775281 0.719047619047619 0.4143258426966292
1 0.655952380952381 0.4691011235955056 0.6261904761904762 0.5280898876404494 0.6619047619047619 0.5491573033707865 0.6904761904761905 0.48314606741573035
1 0.7261904761904762 0.40168539325842695 0.7988095238095239 0.41853932584269665 0.794047619047619 0.449438202247191 0.7107142857142857 0.4353932584269663
1 0.7011904761904761 0.4705056179775281 0.7702380952380953 0.4887640449438202 0.7619047619047619 0.5294943820224719 0.6892857142857143 0.5014044943820225
1 0.6821428571428572 0.5112359550561798 0.7583333333333333 0.5182584269662921 0.7523809523809524 0.5547752808988764 0.680952380952381 0.5435393258426966
1 0.6726190476190477 0.5393258426966292 0.7440476190476191 0.5632022471910112 0.7345238095238096 0.5969101123595506 0.6607142857142857 0.5688202247191011
1 0.6666666666666666 0.574438202247191 0.7309523809523809 0.6025280898876404 0.7214285714285714 0.6320224719101124 0.6535714285714286 0.6025280898876404
1 0.669047619047619 0.6179775280898876 0.7333333333333333 0.6432584269662921 0.7226190476190476 0.6839887640449438 0.6583333333333333 0.6558988764044944
1 0.6547619047619048 0.6558988764044944 0.7297619047619047 0.6910112359550562 0.7130952380952381 0.723314606741573 0.6404761904761904 0.6825842696629213
1 0.780952380952381 0.2556179775280899 0.7642857142857142 0.32162921348314605 0.794047619047619 0.3342696629213483 0.8095238095238095 0.2654494382022472
1 0.7833333333333333 0.20646067415730338 0.8142857142857143 0.26685393258426965 0.8404761904761905 0.24859550561797752 0.8130952380952381 0.19241573033707865
1 0.7488095238095238 0.19803370786516855 0.736904761904762 0.2598314606741573 0.7595238095238095 0.2654494382022472 0.7797619047619048 0.199438202247191