1 0.28809523809523807 0.16292134831460675 0.29523809523809524 0.18398876404494383 0.3380952380952381 0.16292134831460675 0.3261904761904762 0.1446629213483146
1 0.3738095238095238 0.16151685393258428 0.3976190476190476 0.16432584269662923 0.3976190476190476 0.125 0.375 0.125
1 0.30238095238095236 0.17837078651685392 0.30238095238095236 0.1952247191011236 0.3464285714285714 0.1952247191011236 0.3464285714285714 0.175561797752809
1 0.28809523809523807 0.1896067415730337 0.28809523809523807 0.2148876404494382 0.3392857142857143 0.20926966292134833 0.3380952380952381 0.1896067415730337
1 0.29285714285714287 0.22893258426966293 0.3047619047619048 0.24578651685393257 0.34404761904761905 0.21769662921348315 0.33095238095238094 0.20084269662921347
1 0.2857142857142857 0.2542134831460674 0.2904761904761905 0.27668539325842695 0.3380952380952381 0.2696629213483146 0.33214285714285713 0.24719101123595505
1 0.28214285714285714 0.28370786516853935 0.28809523809523807 0.30196629213483145 0.3333333333333333 0.28792134831460675 0.3238095238095238 0.26825842696629215
1 0.2785714285714286 0.3061797752808989 0.2833333333333333 0.32724719101123595 0.319047619047619 0.3089887640449438 0.3130952380952381 0.2907303370786517
1 0.6666666666666666 0.8103932584269663 0.6702380952380952 0.8721910112359551 0.7023809523809523 0.8735955056179775 0.6988095238095238 0.8089887640449438
1 0.3738095238095238 0.16292134831460675 0.3738095238095238 0.20365168539325842 0.3952380952380952 0.20365168539325842 0.3976190476190476 0.16292134831460675
1 0.37142857142857144 0.199438202247191 0.37142857142857144 0.24297752808988765 0.39166666666666666 0.24297752808988765 0.39166666666666666 0.20365168539325842
1 0.37142857142857144 0.2443820224719101 0.37142857142857144 0.2794943820224719 0.39404761904761904 0.2794943820224719 0.39285714285714285 0.24157303370786518
1 0.26904761904761904 0.33286516853932585 0.275 0.3637640449438202 0.3238095238095238 0.3497191011235955 0.31547619047619047 0.32303370786516855
1 0.31785714285714284 0.3441011235955056 0.30833333333333335 0.3890449438202247 0.3333333333333333 0.39185393258426965 0.3392857142857143 0.34691011235955055
1 0.26785714285714285 0.4241573033707865 0.27380952380952384 0.44662921348314605 0.32857142857142857 0.4241573033707865 0.31666666666666665 0.4058988764044944
1 0.25595238095238093 0.45224719101123595 0.2619047619047619 0.47331460674157305 0.31547619047619047 0.45365168539325845 0.30714285714285716 0.4339887640449438
1 0.25 0.4789325842696629 0.2571428571428571 0.5070224719101124 0.3 0.4901685393258427 0.2892857142857143 0.46207865168539325
1 0.24047619047619048 0.8398876404494382 0.2654761904761905 0.8567415730337079 0.3 0.8019662921348315 0.2726190476190476 0.7851123595505618
1 0.25357142857142856 0.5 0.25 0.5351123595505618 0.3119047619047619 0.5351123595505618 0.3119047619047619 0.5028089887640449
1 0.25 0.5435393258426966 0.2619047619047619 0.5716292134831461 0.3142857142857143 0.547752808988764 0.3 0.526685393258427
1 0.275 0.5730337078651685 0.2869047619047619 0.6362359550561798 0.32261904761904764 0.625 0.30714285714285716 0.5688202247191011
1 0.25476190476190474 0.6573033707865169 0.2523809523809524 0.6882022471910112 0.30833333333333335 0.6896067415730337 0.30833333333333335 0.6587078651685393
1 0.35119047619047616 0.8047752808988764 0.3476190476190476 0.8609550561797753 0.3738095238095238 0.8595505617977528 0.3773809523809524 0.8075842696629213
1 0.3464285714285714 0.7471910112359551 0.35 0.8019662921348315 0.38452380952380955 0.800561797752809 0.37976190476190474 0.7457865168539326
1 0.3488095238095238 0.6825842696629213 0.34523809523809523 0.7457865168539326 0.375 0.7415730337078652 0.3738095238095238 0.6839887640449438
1 0.3476190476190476 0.6151685393258427 0.3464285714285714 0.6797752808988764 0.37976190476190474 0.6811797752808989 0.37857142857142856 0.6165730337078652
1 0.36666666666666664 0.2794943820224719 0.3630952380952381 0.3300561797752809 0.3952380952380952 0.3300561797752809 0.3964285714285714 0.2794943820224719
1 0.3607142857142857 0.32865168539325845 0.3595238095238095 0.37640449438202245 0.3904761904761905 0.37640449438202245 0.3880952380952381 0.33286516853932585
1 0.3595238095238095 0.3862359550561798 0.3595238095238095 0.425561797752809 0.3880952380952381 0.42275280898876405 0.38452380952380955 0.38342696629213485
1 0.35714285714285715 0.4339887640449438 0.35714285714285715 0.47752808988764045 0.37857142857142856 0.48174157303370785 0.38095238095238093 0.4311797752808989
1 0.35119047619047616 0.48314606741573035 0.35833333333333334 0.5435393258426966 0.38333333333333336 0.5407303370786517 0.37976190476190474 0.4845505617977528
1 0.3535714285714286 0.5491573033707865 0.35 0.6081460674157303 0.38333333333333336 0.6081460674157303 0.38452380952380955 0.547752808988764
1 0.4023809523809524 0.7514044943820225 0.3964285714285714 0.827247191011236 0.4369047619047619 0.827247191011236 0.44047619047619047 0.7542134831460674
1 0.6023809523809524 0.1446629213483146 0.6047619047619047 0.1896067415730337 0.6333333333333333 0.18679775280898878 0.6285714285714286 0.1446629213483146
1 0.6071428571428571 0.18679775280898878 0.6095238095238096 0.22893258426966293 0.6333333333333333 0.22612359550561797 0.6309523809523809 0.18398876404494383
1 0.6154761904761905 0.2443820224719101 0.6202380952380953 0.28370786516853935 0.6476190476190476 0.28230337078651685 0.6416666666666667 0.2401685393258427
1 0.5369047619047619 0.3103932584269663 0.5452380952380952 0.34691011235955055 0.5976190476190476 0.3342696629213483 0.5857142857142857 0.29634831460674155
1 0.625 0.3806179775280899 0.6297619047619047 0.4241573033707865 0.6571428571428571 0.42134831460674155 0.6547619047619048 0.37780898876404495
1 0.6357142857142857 0.48314606741573035 0.6357142857142857 0.5351123595505618 0.6654761904761904 0.5308988764044944 0.6642857142857143 0.4789325842696629
1 0.6416666666666667 0.5463483146067416 0.6440476190476191 0.5955056179775281 0.6761904761904762 0.5926966292134831 0.669047619047619 0.5407303370786517
1 0.6571428571428571 0.7401685393258427 0.6595238095238095 0.797752808988764 0.6880952380952381 0.7949438202247191 0.6833333333333333 0.7387640449438202
1 0.6523809523809524 0.6699438202247191 0.6571428571428571 0.7331460674157303 0.6857142857142857 0.7289325842696629 0.680952380952381 0.6657303370786517
1 0.65 0.6067415730337079 0.6547619047619048 0.6615168539325843 0.6880952380952381 0.6587078651685393 0.680952380952381 0.6067415730337079
3 0.3952380952380952 0.3103932584269663 0.39285714285714285 0.46769662921348315 0.4369047619047619 0.46769662921348315 0.4380952380952381 0.3103932584269663
3 0.4011904761904762 0.5379213483146067 0.3904761904761905 0.7457865168539326 0.44047619047619047 0.7457865168539326 0.44047619047619047 0.5323033707865169