1 0.655952380952381 0.25140449438202245 0.6464285714285715 0.2752808988764045 0.7011904761904761 0.2949438202247191 0.7071428571428572 0.2696629213483146
1 0.6452380952380953 0.2808988764044944 0.6345238095238095 0.3061797752808989 0.6928571428571428 0.33707865168539325 0.7011904761904761 0.3103932584269663
1 0.6488095238095238 0.31320224719101125 0.6333333333333333 0.34269662921348315 0.6833333333333333 0.36235955056179775 0.6928571428571428 0.3398876404494382
1 0.6297619047619047 0.3497191011235955 0.6166666666666667 0.3792134831460674 0.6738095238095239 0.40168539325842695 0.6845238095238095 0.37780898876404495
1 0.6142857142857143 0.3792134831460674 0.6035714285714285 0.4044943820224719 0.6583333333333333 0.4297752808988764 0.6642857142857143 0.40308988764044945
1 0.6095238095238096 0.41853932584269665 0.5952380952380952 0.4452247191011236 0.6523809523809524 0.47331460674157305 0.6619047619047619 0.44803370786516855
1 0.5845238095238096 0.4592696629213483 0.575 0.4859550561797753 0.6273809523809524 0.5112359550561798 0.6345238095238095 0.48735955056179775
1 0.5654761904761905 0.4887640449438202 0.5535714285714286 0.5126404494382022 0.6083333333333333 0.5435393258426966 0.6190476190476191 0.5182584269662921
1 0.5369047619047619 0.5688202247191011 0.530952380952381 0.5997191011235955 0.5880952380952381 0.6123595505617978 0.594047619047619 0.5828651685393258
1 0.5333333333333333 0.6081460674157303 0.5214285714285715 0.6320224719101124 0.580952380952381 0.6573033707865169 0.5892857142857143 0.6278089887640449
1 0.611904761904762 0.5955056179775281 0.6047619047619047 0.6207865168539326 0.6619047619047619 0.648876404494382 0.6702380952380952 0.6165730337078652
1 0.6047619047619047 0.6334269662921348 0.594047619047619 0.6587078651685393 0.6583333333333333 0.6867977528089888 0.6666666666666666 0.6601123595505618
1 0.5904761904761905 0.6643258426966292 0.580952380952381 0.6966292134831461 0.6476190476190476 0.7176966292134831 0.6571428571428571 0.6938202247191011
1 0.6488095238095238 0.476123595505618 0.6404761904761904 0.5 0.6988095238095238 0.5252808988764045 0.705952380952381 0.49859550561797755
1 0.6488095238095238 0.5112359550561798 0.6416666666666667 0.5393258426966292 0.6976190476190476 0.5603932584269663 0.705952380952381 0.5337078651685393
1 0.28095238095238095 0.24578651685393257 0.2726190476190476 0.26685393258426965 0.3130952380952381 0.2893258426966292 0.3261904761904762 0.2612359550561798
1 0.23333333333333334 0.3258426966292135 0.2261904761904762 0.34691011235955055 0.26666666666666666 0.36797752808988765 0.275 0.34831460674157305
1 0.2011904761904762 0.4002808988764045 0.19285714285714287 0.41853932584269665 0.24404761904761904 0.4396067415730337 0.2511904761904762 0.41853932584269665
1 0.7654761904761904 0.11938202247191011 0.7511904761904762 0.16853932584269662 0.7726190476190476 0.175561797752809 0.7869047619047619 0.12219101123595505
1 0.8035714285714286 0.12359550561797752 0.7773809523809524 0.17415730337078653 0.8023809523809524 0.1853932584269663 0.8202380952380952 0.1348314606741573
1 0.830952380952381 0.12359550561797752 0.8119047619047619 0.17837078651685392 0.8357142857142857 0.18398876404494383 0.8476190476190476 0.13202247191011235
1 0.7690476190476191 0.1896067415730337 0.7511904761904762 0.23595505617977527 0.7773809523809524 0.24297752808988765 0.794047619047619 0.20084269662921347
1 0.7726190476190476 0.25702247191011235 0.7523809523809524 0.31320224719101125 0.7773809523809524 0.3188202247191011 0.794047619047619 0.26685393258426965
1 0.7666666666666667 0.3188202247191011 0.7488095238095238 0.38202247191011235 0.7738095238095238 0.38764044943820225 0.7916666666666666 0.3300561797752809
1 0.7797619047619048 0.4101123595505618 0.7619047619047619 0.46769662921348315 0.7857142857142857 0.476123595505618 0.8023809523809524 0.4143258426966292
1 0.7976190476190477 0.3455056179775281 0.7857142857142857 0.3960674157303371 0.8107142857142857 0.4044943820224719 0.8214285714285714 0.3539325842696629
1 0.8357142857142857 0.3441011235955056 0.8166666666666667 0.40730337078651685 0.8452380952380952 0.4143258426966292 0.8607142857142858 0.3539325842696629
1 0.8404761904761905 0.2205056179775281 0.8428571428571429 0.25140449438202245 0.8916666666666667 0.24859550561797752 0.8928571428571429 0.2205056179775281
1 0.8571428571428571 0.5603932584269663 0.8523809523809524 0.5828651685393258 0.9023809523809524 0.5955056179775281 0.905952380952381 0.5716292134831461
1 0.8559523809523809 0.6025280898876404 0.8511904761904762 0.6278089887640449 0.9011904761904762 0.6390449438202247 0.905952380952381 0.6123595505617978
1 0.8357142857142857 0.6853932584269663 0.8285714285714286 0.7205056179775281 0.9047619047619048 0.7429775280898876 0.9095238095238095 0.7078651685393258
1 0.861904761904762 0.651685393258427 0.8535714285714285 0.6783707865168539 0.9083333333333333 0.6952247191011236 0.9142857142857143 0.6671348314606742
1 0.8392857142857143 0.7303370786516854 0.825 0.7570224719101124 0.8857142857142857 0.7879213483146067 0.8952380952380953 0.7612359550561798
3 0.8690476190476191 0.23735955056179775 0.8321428571428572 0.32303370786516855 0.8654761904761905 0.33707865168539325 0.9 0.24859550561797752
3 0.5488095238095239 0.5252808988764045 0.5333333333333333 0.5519662921348315 0.5952380952380952 0.5856741573033708 0.6107142857142858 0.5547752808988764
3 0.5190476190476191 0.6390449438202247 0.5047619047619047 0.6671348314606742 0.5678571428571428 0.6966292134831461 0.5821428571428572 0.6629213483146067
0 0.17023809523809524 0.24157303370786518 0.11071428571428571 0.3946629213483146 0.16666666666666666 0.41151685393258425 0.2261904761904762 0.2556179775280899