1 0.7488095238095238 0.4058988764044944 0.6880952380952381 0.36657303370786515 0.6714285714285714 0.3904494382022472 0.7333333333333333 0.4353932584269663
1 0.7333333333333333 0.4297752808988764 0.6726190476190477 0.3904494382022472 0.655952380952381 0.4143258426966292 0.7178571428571429 0.4592696629213483
1 0.6916666666666667 0.49157303370786515 0.6392857142857142 0.45646067415730335 0.6226190476190476 0.4803370786516854 0.6761904761904762 0.5210674157303371
1 0.669047619047619 0.5224719101123596 0.6178571428571429 0.4859550561797753 0.6011904761904762 0.5098314606741573 0.6547619047619048 0.550561797752809
1 0.65 0.5463483146067416 0.5988095238095238 0.5098314606741573 0.5821428571428572 0.5337078651685393 0.6357142857142857 0.574438202247191
1 0.6333333333333333 0.5716292134831461 0.5821428571428572 0.5351123595505618 0.5654761904761905 0.5589887640449438 0.6190476190476191 0.5997191011235955
1 0.6107142857142858 0.6025280898876404 0.5595238095238095 0.5660112359550562 0.5428571428571428 0.5898876404494382 0.5964285714285714 0.6306179775280899
1 0.5916666666666667 0.6306179775280899 0.5404761904761904 0.5941011235955056 0.5238095238095238 0.6179775280898876 0.5773809523809523 0.6587078651685393
1 0.5642857142857143 0.6629213483146067 0.5166666666666667 0.6179775280898876 0.5 0.6418539325842697 0.5488095238095239 0.6825842696629213
1 0.5428571428571428 0.6882022471910112 0.49523809523809526 0.6432584269662921 0.4785714285714286 0.6671348314606742 0.5273809523809524 0.7078651685393258
1 0.5154761904761904 0.7120786516853933 0.46785714285714286 0.6671348314606742 0.4511904761904762 0.6910112359550562 0.5 0.7401685393258427
1 0.49404761904761907 0.7429775280898876 0.44642857142857145 0.6980337078651685 0.4297619047619048 0.7219101123595506 0.4785714285714286 0.7710674157303371
1 0.4738095238095238 0.7668539325842697 0.4261904761904762 0.7219101123595506 0.4095238095238095 0.7457865168539326 0.4583333333333333 0.7949438202247191
1 0.45 0.797752808988764 0.4023809523809524 0.7528089887640449 0.38571428571428573 0.776685393258427 0.43452380952380953 0.8258426966292135
1 0.4261904761904762 0.827247191011236 0.37857142857142856 0.7823033707865169 0.3619047619047619 0.8061797752808989 0.4107142857142857 0.8553370786516854
1 0.3976190476190476 0.8581460674157303 0.35 0.8132022471910112 0.3333333333333333 0.8370786516853933 0.3821428571428571 0.8862359550561798
1 0.3476190476190476 0.8047752808988764 0.3 0.7598314606741573 0.2833333333333333 0.7837078651685393 0.33095238095238094 0.8258426966292135
1 0.325 0.8384831460674157 0.2773809523809524 0.7935393258426966 0.26071428571428573 0.8174157303370787 0.30833333333333335 0.8595505617977528
1 0.375 0.776685393258427 0.3273809523809524 0.7317415730337079 0.3107142857142857 0.7556179775280899 0.35833333333333334 0.797752808988764
1 0.3964285714285714 0.7514044943820225 0.3488095238095238 0.7064606741573034 0.33214285714285713 0.7303370786516854 0.37976190476190474 0.7724719101123596
1 0.42023809523809524 0.723314606741573 0.3726190476190476 0.6783707865168539 0.35595238095238096 0.702247191011236 0.4035714285714286 0.7443820224719101
1 0.4452380952380952 0.6966292134831461 0.3976190476190476 0.651685393258427 0.38095238095238093 0.675561797752809 0.42857142857142855 0.7176966292134831
1 0.4666666666666667 0.6643258426966292 0.41904761904761906 0.6193820224719101 0.4023809523809524 0.6432584269662921 0.45 0.6853932584269663
1 0.49047619047619045 0.6418539325842697 0.44285714285714284 0.5969101123595506 0.4261904761904762 0.6207865168539326 0.4738095238095238 0.6629213483146067
1 0.5154761904761904 0.6151685393258427 0.46785714285714286 0.5702247191011236 0.4511904761904762 0.5941011235955056 0.4988095238095238 0.6362359550561798
1 0.5345238095238095 0.5912921348314607 0.4869047619047619 0.5463483146067416 0.47023809523809523 0.5702247191011236 0.5178571428571429 0.6123595505617978
1 0.555952380952381 0.5617977528089888 0.5083333333333333 0.5168539325842697 0.49166666666666664 0.5407303370786517 0.5392857142857143 0.5828651685393258
1 0.5785714285714286 0.5351123595505618 0.530952380952381 0.4901685393258427 0.5142857142857142 0.5140449438202247 0.5619047619047619 0.5561797752808989
1 0.5988095238095238 0.5070224719101124 0.5511904761904762 0.46207865168539325 0.5345238095238095 0.4859550561797753 0.5821428571428572 0.5280898876404494
1 0.6238095238095238 0.4803370786516854 0.5761904761904761 0.4353932584269663 0.5595238095238095 0.4592696629213483 0.6071428571428571 0.5014044943820225
1 0.6178571428571429 0.43679775280898875 0.5761904761904761 0.39747191011235955 0.5595238095238095 0.42134831460674155 0.6023809523809524 0.4592696629213483
1 0.6392857142857142 0.4044943820224719 0.5964285714285714 0.37219101123595505 0.5797619047619048 0.3960674157303371 0.6261904761904762 0.4311797752808989
1 0.6678571428571428 0.3848314606741573 0.6107142857142858 0.34129213483146065 0.594047619047619 0.3651685393258427 0.6523809523809524 0.41292134831460675
1 0.6928571428571428 0.3595505617977528 0.6357142857142857 0.3160112359550562 0.6190476190476191 0.3398876404494382 0.6773809523809524 0.38764044943820225
1 0.6369047619047619 0.3103932584269663 0.5797619047619048 0.26685393258426965 0.5630952380952381 0.2907303370786517 0.6214285714285714 0.33848314606741575
1 0.6083333333333333 0.3356741573033708 0.5511904761904762 0.29213483146067415 0.5345238095238095 0.3160112359550562 0.5928571428571429 0.3637640449438202
1 0.5976190476190476 0.3693820224719101 0.5476190476190477 0.33146067415730335 0.530952380952381 0.3553370786516854 0.5821428571428572 0.3904494382022472
1 0.5785714285714286 0.3960674157303371 0.5285714285714286 0.35814606741573035 0.5119047619047619 0.38202247191011235 0.5583333333333333 0.4199438202247191
1 0.5678571428571428 0.4311797752808989 0.5202380952380953 0.3960674157303371 0.5035714285714286 0.4199438202247191 0.55 0.45786516853932585
1 0.5476190476190477 0.4550561797752809 0.5 0.4199438202247191 0.48333333333333334 0.4438202247191011 0.5297619047619048 0.48174157303370785
1 0.5273809523809524 0.4845505617977528 0.4797619047619048 0.449438202247191 0.4630952380952381 0.47331460674157305 0.5095238095238095 0.5112359550561798
1 0.5059523809523809 0.5098314606741573 0.4583333333333333 0.4747191011235955 0.44166666666666665 0.49859550561797755 0.4880952380952381 0.5365168539325843
1 0.45476190476190476 0.46769662921348315 0.4083333333333333 0.4297752808988764 0.39166666666666666 0.45365168539325845 0.4380952380952381 0.49157303370786515
1 0.4773809523809524 0.4396067415730337 0.430952380952381 0.40168539325842695 0.4142857142857143 0.425561797752809 0.4607142857142857 0.46348314606741575
1 0.4976190476190476 0.4157303370786517 0.4511904761904762 0.37780898876404495 0.43452380952380953 0.40168539325842695 0.48095238095238096 0.4396067415730337
1 0.5190476190476191 0.3904494382022472 0.4726190476190476 0.35252808988764045 0.45595238095238094 0.37640449438202245 0.5023809523809524 0.4143258426966292
1 0.525 0.3553370786516854 0.4785714285714286 0.31741573033707865 0.46190476190476193 0.34129213483146065 0.5083333333333333 0.3792134831460674
1 0.5464285714285714 0.3300561797752809 0.5 0.29213483146067415 0.48333333333333334 0.3160112359550562 0.5297619047619048 0.3539325842696629
1 0.4142857142857143 0.5210674157303371 0.3678571428571429 0.48314606741573035 0.35119047619047616 0.5070224719101124 0.3976190476190476 0.5449438202247191
1 0.4642857142857143 0.5660112359550562 0.41785714285714287 0.5280898876404494 0.4011904761904762 0.5519662921348315 0.44761904761904764 0.5898876404494382
1 0.444047619047619 0.5884831460674157 0.3952380952380952 0.5519662921348315 0.37857142857142856 0.5758426966292135 0.425 0.6137640449438202
1 0.39285714285714285 0.5491573033707865 0.34404761904761905 0.5126404494382022 0.3273809523809524 0.5365168539325843 0.3738095238095238 0.574438202247191
1 0.36904761904761907 0.574438202247191 0.3202380952380952 0.5379213483146067 0.30357142857142855 0.5617977528089888 0.35 0.5997191011235955
1 0.4142857142857143 0.6179775280898876 0.36547619047619045 0.5814606741573034 0.3488095238095238 0.6053370786516854 0.3952380952380952 0.6432584269662921
1 0.39285714285714285 0.6432584269662921 0.34404761904761905 0.6053370786516854 0.3273809523809524 0.6292134831460674 0.3738095238095238 0.6671348314606742
1 0.37142857142857144 0.6685393258426966 0.32261904761904764 0.6306179775280899 0.305952380952381 0.6544943820224719 0.3523809523809524 0.6924157303370787
1 0.3464285714285714 0.6952247191011236 0.2976190476190476 0.6573033707865169 0.28095238095238095 0.6811797752808989 0.3273809523809524 0.7191011235955056
1 0.3238095238095238 0.723314606741573 0.275 0.6825842696629213 0.25833333333333336 0.7064606741573034 0.3047619047619048 0.7443820224719101
1 0.29523809523809524 0.7556179775280899 0.2511904761904762 0.7106741573033708 0.23452380952380952 0.7345505617977528 0.2761904761904762 0.7780898876404494
1 0.27380952380952384 0.7865168539325843 0.22976190476190475 0.7415730337078652 0.2130952380952381 0.7654494382022472 0.25476190476190474 0.8089887640449438
1 0.275 0.8581460674157303 0.23095238095238096 0.8132022471910112 0.21428571428571427 0.8370786516853933 0.25595238095238093 0.8806179775280899
1 0.22738095238095238 0.7991573033707865 0.18333333333333332 0.7542134831460674 0.16666666666666666 0.7780898876404494 0.20833333333333334 0.8216292134831461
1 0.2 0.8342696629213483 0.15595238095238095 0.7893258426966292 0.1392857142857143 0.8132022471910112 0.18095238095238095 0.8567415730337079
1 0.15476190476190477 0.7837078651685393 0.11071428571428571 0.7387640449438202 0.09404761904761905 0.7626404494382022 0.1357142857142857 0.8061797752808989
1 0.18214285714285713 0.7471910112359551 0.1380952380952381 0.702247191011236 0.12142857142857143 0.726123595505618 0.1630952380952381 0.7696629213483146
1 0.24761904761904763 0.7064606741573034 0.20357142857142857 0.6615168539325843 0.18571428571428572 0.6797752808988764 0.22857142857142856 0.7289325842696629
1 0.2702380952380952 0.6825842696629213 0.2261904761904762 0.6376404494382022 0.20833333333333334 0.6558988764044944 0.2511904761904762 0.7050561797752809
1 0.29642857142857143 0.6558988764044944 0.2523809523809524 0.6109550561797753 0.23452380952380952 0.6292134831460674 0.2773809523809524 0.6783707865168539
1 0.31785714285714284 0.6264044943820225 0.27380952380952384 0.5814606741573034 0.25595238095238093 0.5997191011235955 0.2988095238095238 0.648876404494382
1 0.34523809523809523 0.6039325842696629 0.3011904761904762 0.5589887640449438 0.2833333333333333 0.577247191011236 0.3261904761904762 0.6264044943820225
1 0.2488095238095238 0.5014044943820225 0.20476190476190476 0.45646067415730335 0.1869047619047619 0.4747191011235955 0.22976190476190475 0.523876404494382
1 0.2226190476190476 0.5294943820224719 0.17857142857142858 0.4845505617977528 0.16071428571428573 0.5028089887640449 0.20357142857142857 0.5519662921348315
1 0.1988095238095238 0.5561797752808989 0.15476190476190477 0.5112359550561798 0.13690476190476192 0.5294943820224719 0.17976190476190476 0.5786516853932584
1 0.175 0.5856741573033708 0.13095238095238096 0.5407303370786517 0.1130952380952381 0.5589887640449438 0.15595238095238095 0.6081460674157303
1 0.29642857142857143 0.45224719101123595 0.2523809523809524 0.40730337078651685 0.23452380952380952 0.425561797752809 0.2773809523809524 0.4747191011235955
1 0.31785714285714284 0.42696629213483145 0.27380952380952384 0.38202247191011235 0.25595238095238093 0.4002808988764045 0.2988095238095238 0.449438202247191
1 0.3416666666666667 0.40168539325842695 0.2976190476190476 0.35674157303370785 0.27976190476190477 0.375 0.32261904761904764 0.4241573033707865
1 0.3892857142857143 0.35252808988764045 0.34523809523809523 0.30758426966292135 0.3273809523809524 0.3258426966292135 0.37023809523809526 0.375
1 0.4107142857142857 0.324438202247191 0.36666666666666664 0.2794943820224719 0.3488095238095238 0.29775280898876405 0.39166666666666666 0.34691011235955055
1 0.3392857142857143 0.3047752808988764 0.29404761904761906 0.2654494382022472 0.2761904761904762 0.28370786516853935 0.3238095238095238 0.32724719101123595
1 0.36428571428571427 0.2808988764044944 0.319047619047619 0.24157303370786518 0.3011904761904762 0.2598314606741573 0.3488095238095238 0.30337078651685395
1 0.38333333333333336 0.2598314606741573 0.3416666666666667 0.22191011235955055 0.3238095238095238 0.2401685393258427 0.3678571428571429 0.27668539325842695
1 0.39880952380952384 0.23876404494382023 0.35714285714285715 0.20084269662921347 0.3392857142857143 0.21910112359550563 0.38333333333333336 0.2556179775280899
1 0.4357142857142857 0.21207865168539325 0.3821428571428571 0.17275280898876405 0.36428571428571427 0.19101123595505617 0.4238095238095238 0.23735955056179775
1 0.29285714285714287 0.35674157303370785 0.24761904761904763 0.31741573033707865 0.22976190476190475 0.3356741573033708 0.2761904761904762 0.37640449438202245
1 0.2702380952380952 0.37780898876404495 0.225 0.33848314606741575 0.20714285714285716 0.35674157303370785 0.25357142857142856 0.39747191011235955
1 0.2488095238095238 0.4044943820224719 0.20357142857142857 0.3651685393258427 0.18571428571428572 0.38342696629213485 0.23214285714285715 0.4241573033707865
1 0.22738095238095238 0.42837078651685395 0.18214285714285713 0.3890449438202247 0.16428571428571428 0.40730337078651685 0.21071428571428572 0.44803370786516855
1 0.20595238095238094 0.45224719101123595 0.16071428571428573 0.41292134831460675 0.14285714285714285 0.4311797752808989 0.18928571428571428 0.47191011235955055
1 0.1761904761904762 0.4803370786516854 0.13095238095238096 0.4410112359550562 0.1130952380952381 0.4592696629213483 0.1595238095238095 0.5
1 0.17857142857142858 0.3862359550561798 0.13333333333333333 0.34691011235955055 0.11547619047619048 0.3651685393258427 0.1619047619047619 0.4058988764044944
1 0.1988095238095238 0.3609550561797753 0.15357142857142858 0.32162921348314605 0.1357142857142857 0.3398876404494382 0.18214285714285713 0.3806179775280899
1 0.16071428571428573 0.30758426966292135 0.11547619047619048 0.26825842696629215 0.09761904761904762 0.28651685393258425 0.14404761904761904 0.32724719101123595
1 0.21904761904761905 0.33707865168539325 0.1738095238095238 0.29775280898876405 0.15595238095238095 0.3160112359550562 0.20238095238095238 0.35674157303370785
1 0.19047619047619047 0.2794943820224719 0.14523809523809525 0.2401685393258427 0.12738095238095237 0.25842696629213485 0.1738095238095238 0.2991573033707865
1 0.21071428571428572 0.2542134831460674 0.16547619047619047 0.2148876404494382 0.14761904761904762 0.23314606741573032 0.19404761904761905 0.273876404494382
1 0.24285714285714285 0.31320224719101125 0.1976190476190476 0.273876404494382 0.17976190476190476 0.29213483146067415 0.2261904761904762 0.33286516853932585
1 0.26904761904761904 0.2893258426966292 0.22380952380952382 0.25 0.20595238095238094 0.26825842696629215 0.2523809523809524 0.3089887640449438
1 0.1630952380952381 0.21207865168539325 0.11785714285714285 0.17275280898876405 0.1 0.19101123595505617 0.14642857142857144 0.23174157303370788
1 0.21071428571428572 0.16151685393258428 0.16547619047619047 0.12219101123595505 0.14761904761904762 0.1404494382022472 0.19404761904761905 0.18117977528089887
1 0.25952380952380955 0.2050561797752809 0.21428571428571427 0.16573033707865167 0.19642857142857142 0.18398876404494383 0.24285714285714285 0.2247191011235955
1 0.2892857142857143 0.2654494382022472 0.24404761904761904 0.22612359550561797 0.2261904761904762 0.2443820224719101 0.2726190476190476 0.2851123595505618
1 0.30714285714285716 0.24157303370786518 0.2619047619047619 0.20224719101123595 0.24404761904761904 0.2205056179775281 0.2904761904761905 0.2612359550561798
1 0.3345238095238095 0.2247191011235955 0.2892857142857143 0.1853932584269663 0.2714285714285714 0.20365168539325842 0.31785714285714284 0.2443820224719101
1 0.3523809523809524 0.20224719101123595 0.30714285714285716 0.16292134831460675 0.2892857142857143 0.18117977528089887 0.3357142857142857 0.22191011235955055
1 0.3761904761904762 0.17696629213483145 0.33095238095238094 0.13764044943820225 0.3130952380952381 0.15589887640449437 0.3595238095238095 0.19662921348314608
1 0.2833333333333333 0.18117977528089887 0.23809523809523808 0.14185393258426968 0.22023809523809523 0.1601123595505618 0.26666666666666666 0.20084269662921347
1 0.3047619047619048 0.15589887640449437 0.25952380952380955 0.11657303370786516 0.24166666666666667 0.1348314606741573 0.28809523809523807 0.175561797752809