1 0.15714285714285714 0.300561797752809 0.14642857142857144 0.3146067415730337 0.11785714285714285 0.29353932584269665 0.12976190476190477 0.2808988764044944
1 0.1529761904761905 0.2521067415730337 0.015476190476190477 0.02949438202247191
1 0.5267857142857143 0.31741573033707865 0.017857142857142856 0.03932584269662921
1 0.5511904761904762 0.13834269662921347 0.01904761904761905 0.0351123595505618
1 0.6523809523809524 0.26685393258426965 0.6357142857142857 0.2696629213483146 0.6321428571428571 0.2345505617977528 0.6488095238095238 0.23314606741573032
1 0.655952380952381 0.32724719101123595 0.6369047619047619 0.32865168539325845 0.6321428571428571 0.28651685393258425 0.6511904761904762 0.2851123595505618
1 0.5166666666666667 0.3342696629213483 0.5095238095238095 0.35674157303370785 0.4642857142857143 0.34269662921348315 0.4726190476190476 0.32162921348314605
1 0.5654761904761905 0.4332865168539326 0.02142857142857143 0.04915730337078652
1 0.5178571428571429 0.43679775280898875 0.5095238095238095 0.4550561797752809 0.47023809523809523 0.4353932584269663 0.4797619047619048 0.41853932584269665
1 0.6083333333333333 0.4845505617977528 0.6023809523809524 0.43679775280898875 0.5821428571428572 0.43820224719101125 0.5857142857142857 0.4859550561797753
1 0.669047619047619 0.4705056179775281 0.65 0.4648876404494382 0.6416666666666667 0.5084269662921348 0.6607142857142857 0.5140449438202247
1 0.7511904761904762 0.44241573033707865 0.7702380952380953 0.43679775280898875 0.7773809523809524 0.4803370786516854 0.7595238095238095 0.48314606741573035
1 0.7071428571428572 0.4901685393258427 0.7 0.5112359550561798 0.7392857142857143 0.5308988764044944 0.7464285714285714 0.5098314606741573
1 0.6619047619047619 0.5512640449438202 0.01904761904761905 0.046348314606741575
1 0.5696428571428571 0.5470505617977528 0.02023809523809524 0.046348314606741575
1 0.5678571428571428 0.6039325842696629 0.02142857142857143 0.047752808988764044
1 0.530952380952381 0.7050561797752809 0.5107142857142857 0.7064606741573034 0.5095238095238095 0.6615168539325843 0.5297619047619048 0.6601123595505618
1 0.4880952380952381 0.6910112359550562 0.47023809523809523 0.6966292134831461 0.4595238095238095 0.6558988764044944 0.4773809523809524 0.6502808988764045
1 0.5767857142857142 0.6853932584269663 0.017857142857142856 0.03651685393258427
1 0.6869047619047619 0.675561797752809 0.6726190476190477 0.6769662921348315 0.669047619047619 0.6376404494382022 0.6833333333333333 0.6362359550561798
1 0.7166666666666667 0.663623595505618 0.02142857142857143 0.04915730337078652
1 0.7452380952380953 0.6594101123595506 0.023809523809523808 0.04915730337078652
1 0.7892857142857143 0.6882022471910112 0.7702380952380953 0.6910112359550562 0.7654761904761904 0.6334269662921348 0.7857142857142857 0.6320224719101124
1 0.775 0.6025280898876404 0.7726190476190476 0.6235955056179775 0.7238095238095238 0.6109550561797753 0.7285714285714285 0.5884831460674157
1 0.7619047619047619 0.5589887640449438 0.7547619047619047 0.5758426966292135 0.7178571428571429 0.5533707865168539 0.725 0.5365168539325843
1 0.48392857142857143 0.8075842696629213 0.02023809523809524 0.05056179775280899
1 0.5244047619047619 0.8033707865168539 0.02023809523809524 0.0449438202247191
1 0.5815476190476191 0.8096910112359551 0.017857142857142856 0.05196629213483146
1 0.6476190476190476 0.7464887640449438 0.023809523809523808 0.04915730337078652
1 0.6857142857142857 0.7787921348314607 0.02142857142857143 0.046348314606741575
1 0.75 0.75 0.7559523809523809 0.7710674157303371 0.7130952380952381 0.7808988764044944 0.7083333333333334 0.7598314606741573
1 0.7690476190476191 0.7865168539325843 0.7714285714285715 0.8089887640449438 0.7214285714285714 0.8160112359550562 0.7178571428571429 0.7949438202247191
1 0.7619047619047619 0.8216292134831461 0.7714285714285715 0.8398876404494382 0.7297619047619047 0.8609550561797753 0.7202380952380952 0.8398876404494382
1 0.6886904761904762 0.8441011235955056 0.02261904761904762 0.0449438202247191
1 0.5297619047619048 0.8581460674157303 0.023809523809523808 0.042134831460674156