1 0.27976190476190477 0.17696629213483145 0.26071428571428573 0.20365168539325842 0.33095238095238094 0.25280898876404495 0.35119047619047616 0.2205056179775281
4 0.21428571428571427 0.2598314606741573 0.20238095238095238 0.3061797752808989 0.2761904761904762 0.32162921348314605 0.28214285714285714 0.28651685393258425
1 0.3880952380952381 0.19101123595505617 0.3630952380952381 0.2205056179775281 0.4238095238095238 0.27668539325842695 0.45357142857142857 0.24578651685393257
1 0.3142857142857143 0.12640449438202248 0.29285714285714287 0.1502808988764045 0.3547619047619048 0.21629213483146068 0.3761904761904762 0.18679775280898878
1 0.4119047619047619 0.29775280898876405 0.3630952380952381 0.3806179775280899 0.39880952380952384 0.40308988764044945 0.44166666666666665 0.3258426966292135
1 0.45476190476190476 0.3398876404494382 0.4154761904761905 0.4058988764044944 0.4392857142857143 0.4297752808988764 0.48214285714285715 0.35814606741573035
1 0.5190476190476191 0.34269662921348315 0.4785714285714286 0.41151685393258425 0.5107142857142857 0.4353932584269663 0.5476190476190477 0.35814606741573035
1 0.5404761904761904 0.4143258426966292 0.4857142857142857 0.47191011235955055 0.5154761904761904 0.49297752808988765 0.569047619047619 0.43820224719101125
1 0.5357142857142857 0.5421348314606742 0.49523809523809526 0.6278089887640449 0.530952380952381 0.6432584269662921 0.5642857142857143 0.5533707865168539
4 0.6464285714285715 0.6657303370786517 0.6238095238095238 0.7078651685393258 0.7130952380952381 0.7654494382022472 0.7333333333333333 0.7205056179775281
4 0.6166666666666667 0.7120786516853933 0.5571428571428572 0.8047752808988764 0.5976190476190476 0.8398876404494382 0.6583333333333333 0.7556179775280899
1 0.7273809523809524 0.5463483146067416 0.7166666666666667 0.5870786516853933 0.8107142857142857 0.6137640449438202 0.8154761904761905 0.577247191011236
1 0.6416666666666667 0.1952247191011236 0.5964285714285714 0.2640449438202247 0.625 0.28230337078651685 0.6678571428571428 0.21348314606741572
1 0.6845238095238095 0.2205056179775281 0.6333333333333333 0.28792134831460675 0.6619047619047619 0.31320224719101125 0.7071428571428572 0.2401685393258427
1 0.7321428571428571 0.24297752808988765 0.6845238095238095 0.31320224719101125 0.7119047619047619 0.33707865168539325 0.7619047619047619 0.26685393258426965
0 0.3880952380952381 0.7134831460674157 0.2916666666666667 0.8370786516853933 0.3404761904761905 0.8735955056179775 0.4261904761904762 0.7556179775280899