1 0.4488095238095238 0.11797752808988764 0.44642857142857145 0.16853932584269662 0.5357142857142857 0.16853932584269662 0.5404761904761904 0.11938202247191011
1 0.5714285714285714 0.2050561797752809 0.5714285714285714 0.30337078651685395 0.6059523809523809 0.3061797752808989 0.6059523809523809 0.20365168539325842
1 0.6666666666666666 0.26685393258426965 0.6654761904761904 0.37359550561797755 0.6988095238095238 0.37780898876404495 0.7047619047619048 0.2654494382022472
1 0.569047619047619 0.33146067415730335 0.5642857142857143 0.4199438202247191 0.5976190476190476 0.425561797752809 0.6047619047619047 0.3356741573033708
1 0.5630952380952381 0.4410112359550562 0.5595238095238095 0.547752808988764 0.6 0.5491573033707865 0.6035714285714285 0.4438202247191011
1 0.6607142857142857 0.40730337078651685 0.6523809523809524 0.5182584269662921 0.6928571428571428 0.5196629213483146 0.6964285714285714 0.4058988764044944
1 0.5595238095238095 0.5660112359550562 0.555952380952381 0.6741573033707865 0.5952380952380952 0.6797752808988764 0.6011904761904762 0.5674157303370787
1 0.6595238095238095 0.5519662921348315 0.6583333333333333 0.6502808988764045 0.694047619047619 0.651685393258427 0.7023809523809523 0.5491573033707865
1 0.555952380952381 0.7064606741573034 0.5535714285714286 0.8188202247191011 0.5928571428571429 0.8202247191011236 0.5952380952380952 0.7078651685393258
1 0.6547619047619048 0.6853932584269663 0.6547619047619048 0.800561797752809 0.694047619047619 0.800561797752809 0.6964285714285714 0.6867977528089888
1 0.7761904761904762 0.12640449438202248 0.7761904761904762 0.175561797752809 0.8678571428571429 0.175561797752809 0.8678571428571429 0.12780898876404495