2 0.28095238095238095 0.40870786516853935 0.2511904761904762 0.49297752808988765 0.2869047619047619 0.5028089887640449 0.3119047619047619 0.4199438202247191
3 0.42023809523809524 0.6053370786516854 0.39166666666666666 0.7092696629213483 0.4261904761904762 0.7176966292134831 0.45714285714285713 0.6151685393258427
2 0.7488095238095238 0.6938202247191011 0.7261904761904762 0.8019662921348315 0.7607142857142857 0.8117977528089888 0.7833333333333333 0.7064606741573034
3 0.35119047619047616 0.4592696629213483 0.3273809523809524 0.5337078651685393 0.29523809523809524 0.523876404494382 0.3202380952380952 0.44803370786516855
3 0.44285714285714284 0.4044943820224719 0.4154761904761905 0.4887640449438202 0.38571428571428573 0.4747191011235955 0.4142857142857143 0.39747191011235955
3 0.4452380952380952 0.41292134831460675 0.4238095238095238 0.49157303370786515 0.45476190476190476 0.49859550561797755 0.4726190476190476 0.41853932584269665
3 0.4773809523809524 0.41853932584269665 0.4595238095238095 0.5028089887640449 0.4928571428571429 0.5098314606741573 0.5059523809523809 0.4297752808988764
3 0.3761904761904762 0.49157303370786515 0.35 0.5758426966292135 0.38095238095238093 0.5856741573033708 0.40714285714285714 0.5014044943820225
3 0.34285714285714286 0.5786516853932584 0.30714285714285716 0.6825842696629213 0.34404761904761905 0.6966292134831461 0.3761904761904762 0.5912921348314607
3 0.38333333333333336 0.5912921348314607 0.35 0.6966292134831461 0.38333333333333336 0.7064606741573034 0.41785714285714287 0.6067415730337079
3 0.41309523809523807 0.5042134831460674 0.39285714285714285 0.5898876404494382 0.4226190476190476 0.601123595505618 0.444047619047619 0.5140449438202247
3 0.4511904761904762 0.5168539325842697 0.42857142857142855 0.5997191011235955 0.4583333333333333 0.6137640449438202 0.48214285714285715 0.5280898876404494
3 0.7178571428571429 0.45646067415730335 0.6833333333333333 0.5660112359550562 0.7226190476190476 0.5800561797752809 0.7523809523809524 0.46769662921348315
3 0.7619047619047619 0.4691011235955056 0.7321428571428571 0.5800561797752809 0.7702380952380953 0.5898876404494382 0.7964285714285714 0.48174157303370785
3 0.6916666666666667 0.6938202247191011 0.6773809523809524 0.8033707865168539 0.7154761904761905 0.8103932584269663 0.7309523809523809 0.6980337078651685
3 0.7904761904761904 0.7134831460674157 0.7702380952380953 0.827247191011236 0.8119047619047619 0.8398876404494382 0.8285714285714286 0.7289325842696629
3 0.8119047619047619 0.6095505617977528 0.8 0.7120786516853933 0.8380952380952381 0.7176966292134831 0.8476190476190476 0.6137640449438202
3 0.7583333333333333 0.6039325842696629 0.736904761904762 0.6980337078651685 0.7035714285714286 0.6910112359550562 0.7261904761904762 0.5926966292134831
2 0.8380952380952381 0.7303370786516854 0.8119047619047619 0.8469101123595506 0.8535714285714285 0.8567415730337079 0.8761904761904762 0.7443820224719101
1 0.5166666666666667 0.5196629213483146 0.5047619047619047 0.5870786516853933 0.5333333333333333 0.5955056179775281 0.5428571428571428 0.5280898876404494
1 0.638095238095238 0.5196629213483146 0.6142857142857143 0.598314606741573 0.6440476190476191 0.6109550561797753 0.6678571428571428 0.5294943820224719
1 0.669047619047619 0.5842696629213483 0.6571428571428571 0.6460674157303371 0.6869047619047619 0.6544943820224719 0.6964285714285714 0.5926966292134831
1 0.5083333333333333 0.6924157303370787 0.4988095238095238 0.7626404494382022 0.5238095238095238 0.7682584269662921 0.5321428571428571 0.6966292134831461
1 0.44642857142857145 0.6797752808988764 0.42738095238095236 0.7415730337078652 0.45357142857142857 0.7514044943820225 0.46904761904761905 0.6910112359550562
1 0.6083333333333333 0.6278089887640449 0.5892857142857143 0.7008426966292135 0.6190476190476191 0.7134831460674157 0.6369047619047619 0.6418539325842697
1 0.5833333333333334 0.7247191011235955 0.5535714285714286 0.8019662921348315 0.5869047619047619 0.8160112359550562 0.6130952380952381 0.7387640449438202
1 0.6488095238095238 0.7078651685393258 0.6333333333333333 0.7893258426966292 0.6630952380952381 0.797752808988764 0.6797619047619048 0.7162921348314607