1 0.819047619047619 0.6797752808988764 0.8785714285714286 0.7303370786516854 0.8928571428571429 0.6980337078651685 0.8333333333333334 0.6558988764044944
3 0.41904761904761906 0.45786516853932585 0.45476190476190476 0.4957865168539326 0.5571428571428572 0.42696629213483145 0.530952380952381 0.39185393258426965
3 0.4666666666666667 0.49859550561797755 0.4928571428571429 0.5379213483146067 0.5738095238095238 0.476123595505618 0.5476190476190477 0.4410112359550562
3 0.5119047619047619 0.5168539325842697 0.5392857142857143 0.5491573033707865 0.6107142857142858 0.4957865168539326 0.5857142857142857 0.46348314606741575
3 0.5392857142857143 0.5449438202247191 0.5678571428571428 0.5800561797752809 0.6464285714285715 0.5323033707865169 0.6178571428571429 0.49157303370786515
3 0.2892857142857143 0.5842696629213483 0.3547619047619048 0.6839887640449438 0.4011904761904762 0.6544943820224719 0.3380952380952381 0.5575842696629213
3 0.6261904761904762 0.6418539325842697 0.655952380952381 0.6797752808988764 0.7380952380952381 0.6137640449438202 0.7047619047619048 0.5786516853932584
3 0.6654761904761904 0.6825842696629213 0.6964285714285714 0.7148876404494382 0.7714285714285715 0.6502808988764045 0.7416666666666667 0.6165730337078652
3 0.6857142857142857 0.726123595505618 0.7309523809523809 0.7710674157303371 0.8071428571428572 0.6896067415730337 0.7690476190476191 0.6502808988764045
3 0.7595238095238095 0.7823033707865169 0.7976190476190477 0.8188202247191011 0.8678571428571429 0.7457865168539326 0.8333333333333334 0.7120786516853933
3 0.7773809523809524 0.8497191011235955 0.8071428571428572 0.8764044943820225 0.8583333333333333 0.8188202247191011 0.830952380952381 0.7907303370786517