0 0.3261904761904762 0.7710674157303371 0.08095238095238096 0.7851123595505618 0.08452380952380953 0.875 0.32857142857142857 0.8539325842696629
0 0.3404761904761905 0.6741573033707865 0.0869047619047619 0.6657303370786517 0.08214285714285714 0.7373595505617978 0.33690476190476193 0.7528089887640449
0 0.3547619047619048 0.5856741573033708 0.07738095238095238 0.5561797752808989 0.07142857142857142 0.6221910112359551 0.3464285714285714 0.6587078651685393
0 0.3630952380952381 0.49297752808988765 0.09285714285714286 0.4606741573033708 0.08095238095238096 0.5365168539325843 0.35119047619047616 0.5702247191011236
0 0.375 0.41151685393258425 0.10119047619047619 0.3792134831460674 0.09404761904761905 0.44241573033707865 0.36547619047619045 0.4803370786516854
0 0.38452380952380955 0.32724719101123595 0.12976190476190477 0.2907303370786517 0.11904761904761904 0.3609550561797753 0.375 0.39747191011235955
1 0.47023809523809523 0.30337078651685395 0.4880952380952381 0.41853932584269665 0.5285714285714286 0.40870786516853935 0.5095238095238095 0.29353932584269665
1 0.5571428571428572 0.27247191011235955 0.575 0.3848314606741573 0.6154761904761905 0.37359550561797755 0.5988095238095238 0.2640449438202247
1 0.6214285714285714 0.24859550561797752 0.638095238095238 0.3595505617977528 0.6785714285714286 0.35252808988764045 0.6642857142857143 0.24297752808988765
1 0.680952380952381 0.2598314606741573 0.7047619047619048 0.3707865168539326 0.7464285714285714 0.3609550561797753 0.7202380952380952 0.25140449438202245
1 0.7428571428571429 0.24297752808988765 0.7607142857142857 0.3595505617977528 0.8011904761904762 0.3455056179775281 0.780952380952381 0.23735955056179775