1 0.20833333333333334 0.8946629213483146 0.25595238095238093 0.8469101123595506 0.2369047619047619 0.8174157303370787 0.1880952380952381 0.8637640449438202
1 0.19166666666666668 0.7724719101123596 0.2571428571428571 0.7176966292134831 0.2357142857142857 0.6811797752808989 0.1761904761904762 0.7387640449438202
1 0.2130952380952381 0.6882022471910112 0.2630952380952381 0.6278089887640449 0.24404761904761904 0.601123595505618 0.19523809523809524 0.6587078651685393
1 0.20238095238095238 0.6320224719101124 0.25952380952380955 0.5716292134831461 0.2357142857142857 0.5435393258426966 0.18214285714285713 0.5997191011235955
1 0.20714285714285716 0.5716292134831461 0.26666666666666666 0.5056179775280899 0.24285714285714285 0.4747191011235955 0.18333333333333332 0.5365168539325843
1 0.20357142857142857 0.38342696629213485 0.26071428571428573 0.324438202247191 0.24285714285714285 0.29634831460674155 0.18571428571428572 0.3497191011235955
1 0.20714285714285716 0.30337078651685395 0.25952380952380955 0.25140449438202245 0.23809523809523808 0.22893258426966293 0.18928571428571428 0.2808988764044944
1 0.3 0.14747191011235955 0.30357142857142855 0.22612359550561797 0.3333333333333333 0.2205056179775281 0.32976190476190476 0.14185393258426968
1 0.30833333333333335 0.31741573033707865 0.3345238095238095 0.31741573033707865 0.33095238095238094 0.22893258426966293 0.30238095238095236 0.22893258426966293
1 0.30952380952380953 0.40870786516853935 0.3380952380952381 0.40730337078651685 0.3380952380952381 0.32162921348314605 0.30714285714285716 0.32162921348314605
1 0.30952380952380953 0.5140449438202247 0.3404761904761905 0.5098314606741573 0.3380952380952381 0.4143258426966292 0.305952380952381 0.4157303370786517
1 0.3107142857142857 0.5435393258426966 0.3119047619047619 0.6348314606741573 0.34285714285714286 0.6320224719101124 0.34285714285714286 0.5421348314606742
1 0.3107142857142857 0.7331460674157303 0.3392857142857143 0.7331460674157303 0.34404761904761905 0.6418539325842697 0.3107142857142857 0.6418539325842697
1 0.30952380952380953 0.7682584269662921 0.30952380952380953 0.8651685393258427 0.34404761904761905 0.8665730337078652 0.3476190476190476 0.7710674157303371