1 0.29285714285714287 0.19241573033707865 0.2904761904761905 0.2598314606741573 0.325 0.26264044943820225 0.3273809523809524 0.1896067415730337
1 0.2392857142857143 0.4101123595505618 0.3107142857142857 0.40308988764044945 0.30952380952380953 0.44241573033707865 0.2357142857142857 0.44241573033707865
1 0.23809523809523808 0.4452247191011236 0.3119047619047619 0.44662921348314605 0.3107142857142857 0.4789325842696629 0.2392857142857143 0.4789325842696629
1 0.2523809523809524 0.48735955056179775 0.32261904761904764 0.4887640449438202 0.32261904761904764 0.5210674157303371 0.2523809523809524 0.5168539325842697
1 0.24285714285714285 0.5224719101123596 0.3261904761904762 0.526685393258427 0.3202380952380952 0.5632022471910112 0.24642857142857144 0.5632022471910112
1 0.24523809523809523 0.5660112359550562 0.319047619047619 0.5688202247191011 0.3202380952380952 0.6039325842696629 0.24285714285714285 0.601123595505618
1 0.2392857142857143 0.6025280898876404 0.319047619047619 0.6025280898876404 0.31666666666666665 0.6404494382022472 0.2392857142857143 0.6404494382022472
1 0.23095238095238096 0.6910112359550562 0.30833333333333335 0.6783707865168539 0.31666666666666665 0.7205056179775281 0.24285714285714285 0.7373595505617978
1 0.36547619047619045 0.5435393258426966 0.35595238095238096 0.6193820224719101 0.32142857142857145 0.6193820224719101 0.33095238095238094 0.5379213483146067
1 0.31785714285714284 0.6348314606741573 0.3119047619047619 0.7191011235955056 0.35 0.7191011235955056 0.3547619047619048 0.6320224719101124
1 0.6880952380952381 0.32865168539325845 0.6904761904761905 0.40168539325842695 0.7238095238095238 0.40168539325842695 0.7238095238095238 0.33146067415730335
1 0.6928571428571428 0.21348314606741572 0.6976190476190476 0.2794943820224719 0.7273809523809524 0.2808988764044944 0.725 0.21348314606741572
1 0.8011904761904762 0.6811797752808989 0.7976190476190477 0.7668539325842697 0.8404761904761905 0.773876404494382 0.8369047619047619 0.6811797752808989
1 0.7619047619047619 0.3539325842696629 0.7797619047619048 0.42696629213483145 0.8130952380952381 0.41292134831460675 0.7857142857142857 0.33848314606741575
1 0.7726190476190476 0.5870786516853933 0.7821428571428571 0.6671348314606742 0.8107142857142857 0.6643258426966292 0.8047619047619048 0.5800561797752809