1 0.5464285714285714 0.8342696629213483 0.6428571428571429 0.8370786516853933 0.638095238095238 0.8764044943820225 0.5428571428571428 0.875
1 0.5345238095238095 0.7794943820224719 0.5333333333333333 0.8216292134831461 0.6238095238095238 0.8258426966292135 0.6261904761904762 0.7837078651685393
1 0.55 0.6839887640449438 0.5488095238095239 0.7317415730337079 0.638095238095238 0.7345505617977528 0.6309523809523809 0.6896067415730337
1 0.5404761904761904 0.6278089887640449 0.5392857142857143 0.6825842696629213 0.6297619047619047 0.6797752808988764 0.6285714285714286 0.6362359550561798
1 0.5380952380952381 0.5702247191011236 0.5345238095238095 0.6207865168539326 0.6297619047619047 0.6235955056179775 0.6273809523809524 0.577247191011236
1 0.5416666666666666 0.5365168539325843 0.544047619047619 0.5758426966292135 0.6357142857142857 0.574438202247191 0.6297619047619047 0.5308988764044944
1 0.5392857142857143 0.4789325842696629 0.5404761904761904 0.5196629213483146 0.6273809523809524 0.523876404494382 0.6297619047619047 0.47752808988764045
1 0.5416666666666666 0.3637640449438202 0.5452380952380952 0.40870786516853935 0.6285714285714286 0.40308988764044945 0.625 0.3609550561797753
1 0.5428571428571428 0.3160112359550562 0.55 0.351123595505618 0.6285714285714286 0.34691011235955055 0.6273809523809524 0.30758426966292135
1 0.3130952380952381 0.4241573033707865 0.31547619047619047 0.4691011235955056 0.4083333333333333 0.4691011235955056 0.40595238095238095 0.42696629213483145
1 0.319047619047619 0.476123595505618 0.3202380952380952 0.5168539325842697 0.40714285714285714 0.5140449438202247 0.4035714285714286 0.47191011235955055