1 0.13690476190476192 0.7570224719101124 0.08452380952380953 0.7921348314606742 0.10119047619047619 0.824438202247191 0.15595238095238095 0.7837078651685393
1 0.17023809523809524 0.7275280898876404 0.19047619047619047 0.7570224719101124 0.24761904761904763 0.7120786516853933 0.23214285714285715 0.6839887640449438
1 0.24285714285714285 0.6783707865168539 0.2571428571428571 0.7008426966292135 0.3142857142857143 0.6615168539325843 0.2976190476190476 0.6376404494382022
1 0.2988095238095238 0.6376404494382022 0.3142857142857143 0.6573033707865169 0.35595238095238096 0.6292134831460674 0.34285714285714286 0.6039325842696629
1 0.37142857142857144 0.5814606741573034 0.3869047619047619 0.6067415730337079 0.4369047619047619 0.5702247191011236 0.4261904761904762 0.5435393258426966
1 0.5011904761904762 0.4943820224719101 0.4511904761904762 0.523876404494382 0.4666666666666667 0.5449438202247191 0.5178571428571429 0.5126404494382022
1 0.8797619047619047 0.20786516853932585 0.8357142857142857 0.24578651685393257 0.8523809523809524 0.26264044943820225 0.8928571428571429 0.22752808988764045
1 0.8178571428571428 0.2598314606741573 0.7785714285714286 0.2907303370786517 0.7928571428571428 0.3089887640449438 0.8369047619047619 0.2794943820224719
1 0.7273809523809524 0.3258426966292135 0.6833333333333333 0.3595505617977528 0.7023809523809523 0.3806179775280899 0.7476190476190476 0.3455056179775281
1 0.6571428571428571 0.375 0.6142857142857143 0.40730337078651685 0.6321428571428571 0.43258426966292135 0.675 0.3960674157303371
1 0.6083333333333333 0.4157303370786517 0.5523809523809524 0.4508426966292135 0.5666666666666667 0.4747191011235955 0.6202380952380953 0.4396067415730337
1 0.8107142857142857 0.33146067415730335 0.8130952380952381 0.3595505617977528 0.8797619047619047 0.3539325842696629 0.8797619047619047 0.32303370786516855
1 0.7678571428571429 0.36657303370786515 0.7726190476190476 0.39185393258426965 0.825 0.38764044943820225 0.8261904761904761 0.35814606741573035
1 0.7226190476190476 0.3960674157303371 0.7261904761904762 0.4241573033707865 0.780952380952381 0.42837078651685395 0.7833333333333333 0.4002808988764045
1 0.6476190476190476 0.46207865168539325 0.6452380952380953 0.4859550561797753 0.705952380952381 0.4943820224719101 0.7071428571428572 0.46629213483146065
1 0.5928571428571429 0.49719101123595505 0.5904761904761905 0.5210674157303371 0.6523809523809524 0.5252808988764045 0.655952380952381 0.4943820224719101
1 0.7488095238095238 0.526685393258427 0.7523809523809524 0.5589887640449438 0.8166666666666667 0.547752808988764 0.8130952380952381 0.5210674157303371
1 0.6642857142857143 0.6123595505617978 0.6619047619047619 0.6418539325842697 0.7154761904761905 0.648876404494382 0.719047619047619 0.6221910112359551
1 0.6476190476190476 0.6657303370786517 0.6261904761904762 0.6797752808988764 0.6595238095238095 0.7345505617977528 0.6821428571428572 0.7176966292134831
1 0.7071428571428572 0.7289325842696629 0.6630952380952381 0.773876404494382 0.6857142857142857 0.7991573033707865 0.7273809523809524 0.7485955056179775
1 0.475 0.7584269662921348 0.4583333333333333 0.7851123595505618 0.5095238095238095 0.8160112359550562 0.5238095238095238 0.7851123595505618
1 0.17142857142857143 0.8174157303370787 0.1630952380952381 0.8441011235955056 0.22738095238095238 0.8721910112359551 0.2357142857142857 0.8356741573033708
1 0.23095238095238096 0.7710674157303371 0.22142857142857142 0.797752808988764 0.27976190476190477 0.824438202247191 0.29523809523809524 0.7921348314606742
1 0.32142857142857145 0.7036516853932584 0.3107142857142857 0.7275280898876404 0.3738095238095238 0.7542134831460674 0.38452380952380955 0.7219101123595506
1 0.36547619047619045 0.6797752808988764 0.35595238095238096 0.699438202247191 0.4011904761904762 0.7205056179775281 0.40714285714285714 0.6952247191011236
1 0.3952380952380952 0.651685393258427 0.3821428571428571 0.6783707865168539 0.4488095238095238 0.6966292134831461 0.4523809523809524 0.6685393258426966
1 0.4142857142857143 0.6264044943820225 0.4142857142857143 0.6530898876404494 0.46904761904761905 0.6671348314606742 0.4714285714285714 0.6348314606741573
1 0.4630952380952381 0.5997191011235955 0.4642857142857143 0.6264044943820225 0.525 0.6264044943820225 0.525 0.5997191011235955
1 0.5059523809523809 0.5632022471910112 0.5059523809523809 0.5898876404494382 0.5666666666666667 0.5926966292134831 0.5654761904761905 0.5589887640449438