1 0.4452380952380952 0.7303370786516854 0.5226190476190476 0.7317415730337079 0.5214285714285715 0.6924157303370787 0.444047619047619 0.6952247191011236
1 0.3392857142857143 0.723314606741573 0.42023809523809524 0.7457865168539326 0.4297619047619048 0.7092696629213483 0.35119047619047616 0.6896067415730337
3 0.16666666666666666 0.7963483146067416 0.2857142857142857 0.7654494382022472 0.275 0.7191011235955056 0.1619047619047619 0.7429775280898876
1 0.44642857142857145 0.6502808988764045 0.5226190476190476 0.6839887640449438 0.5345238095238095 0.651685393258427 0.45476190476190476 0.6109550561797753
1 0.3821428571428571 0.6797752808988764 0.44642857142857145 0.675561797752809 0.4452380952380952 0.6334269662921348 0.3761904761904762 0.6446629213483146
1 0.2785714285714286 0.6910112359550562 0.36666666666666664 0.6853932584269663 0.36904761904761907 0.6502808988764045 0.275 0.6502808988764045
1 0.15476190476190477 0.6502808988764045 0.2523809523809524 0.6446629213483146 0.25 0.6053370786516854 0.1523809523809524 0.6053370786516854
4 0.18333333333333332 0.5955056179775281 0.26904761904761904 0.5716292134831461 0.25952380952380955 0.5351123595505618 0.17261904761904762 0.5533707865168539
1 0.26904761904761904 0.5646067415730337 0.3476190476190476 0.5533707865168539 0.34285714285714286 0.5196629213483146 0.25952380952380955 0.5280898876404494
4 0.35595238095238096 0.5491573033707865 0.43452380952380953 0.5716292134831461 0.4392857142857143 0.5323033707865169 0.3619047619047619 0.5126404494382022
4 0.45595238095238094 0.5842696629213483 0.5285714285714286 0.5870786516853933 0.5285714285714286 0.5519662921348315 0.45357142857142857 0.547752808988764
3 0.4238095238095238 0.5140449438202247 0.5214285714285715 0.523876404494382 0.5226190476190476 0.48174157303370785 0.42738095238095236 0.4691011235955056
1 0.4595238095238095 0.4648876404494382 0.5404761904761904 0.4845505617977528 0.5428571428571428 0.4452247191011236 0.4666666666666667 0.43258426966292135
1 0.47023809523809523 0.4199438202247191 0.5357142857142857 0.4143258426966292 0.5297619047619048 0.38342696629213485 0.4726190476190476 0.3862359550561798
3 0.4845238095238095 0.30337078651685395 0.5166666666666667 0.375 0.5476190476190477 0.35674157303370785 0.5083333333333333 0.2851123595505618
1 0.3333333333333333 0.49859550561797755 0.40714285714285714 0.5098314606741573 0.41309523809523807 0.4691011235955056 0.3404761904761905 0.4592696629213483
1 0.2654761904761905 0.5224719101123596 0.32142857142857145 0.49859550561797755 0.3119047619047619 0.46348314606741575 0.25 0.4887640449438202
4 0.2369047619047619 0.449438202247191 0.32142857142857145 0.46207865168539325 0.3261904761904762 0.425561797752809 0.24047619047619048 0.4143258426966292
1 0.26785714285714285 0.3862359550561798 0.3345238095238095 0.38342696629213485 0.3357142857142857 0.351123595505618 0.2630952380952381 0.351123595505618
1 0.3261904761904762 0.3398876404494382 0.3761904761904762 0.3356741573033708 0.37857142857142856 0.3047752808988764 0.325 0.30758426966292135
1 0.3380952380952381 0.3862359550561798 0.38452380952380955 0.39747191011235955 0.39285714285714285 0.3609550561797753 0.3404761904761905 0.351123595505618
1 0.3821428571428571 0.40870786516853935 0.45476190476190476 0.41713483146067415 0.4523809523809524 0.375 0.38333333333333336 0.3707865168539326