1 0.29642857142857143 0.2401685393258427 0.01904761904761905 0.03651685393258427
1 0.34345238095238095 0.23946629213483145 0.015476190476190477 0.037921348314606744
1 0.368452380952381 0.23946629213483145 0.02023809523809524 0.037921348314606744
1 0.35773809523809524 0.21067415730337077 0.041666666666666664 0.019662921348314606
1 0.37142857142857144 0.1622191011235955 0.04047619047619048 0.021067415730337078
1 0.3357142857142857 0.34269662921348315 0.3238095238095238 0.3553370786516854 0.3476190476190476 0.38202247191011235 0.3607142857142857 0.37219101123595505
1 0.3261904761904762 0.3960674157303371 0.3142857142857143 0.41292134831460675 0.3523809523809524 0.43820224719101125 0.3630952380952381 0.4199438202247191
1 0.2571428571428571 0.4592696629213483 0.2392857142857143 0.4957865168539326 0.2226190476190476 0.48735955056179775 0.24047619047619048 0.449438202247191
1 0.319047619047619 0.4396067415730337 0.30714285714285716 0.45786516853932585 0.3476190476190476 0.4803370786516854 0.35833333333333334 0.46348314606741575
1 0.34404761904761905 0.526685393258427 0.32976190476190476 0.5449438202247191 0.29285714285714287 0.5154494382022472 0.30714285714285716 0.49719101123595505
1 0.3380952380952381 0.5533707865168539 0.32142857142857145 0.5730337078651685 0.2833333333333333 0.5351123595505618 0.2976190476190476 0.5182584269662921
1 0.35833333333333334 0.6004213483146067 0.023809523809523808 0.05196629213483146
1 0.21666666666666667 0.7191011235955056 0.20595238095238094 0.7387640449438202 0.1630952380952381 0.7120786516853933 0.175 0.6924157303370787
1 0.25833333333333336 0.7823033707865169 0.24047619047619048 0.8019662921348315 0.27976190476190477 0.8426966292134831 0.29642857142857143 0.827247191011236
1 0.25595238095238093 0.8286516853932584 0.23809523809523808 0.8441011235955056 0.2654761904761905 0.8735955056179775 0.2845238095238095 0.8567415730337079
1 0.6095238095238096 0.7872191011235955 0.023809523809523808 0.05758426966292135
1 0.6821428571428572 0.8539325842696629 0.023809523809523808 0.0449438202247191
1 0.6821428571428572 0.726123595505618 0.023809523809523808 0.05337078651685393
1 0.7345238095238096 0.5758426966292135 0.7404761904761905 0.5997191011235955 0.6904761904761905 0.6123595505617978 0.6821428571428572 0.5898876404494382
1 0.7107142857142857 0.4943820224719101 0.7202380952380952 0.5182584269662921 0.7666666666666667 0.49859550561797755 0.7547619047619047 0.47752808988764045
1 0.7321428571428571 0.45224719101123595 0.016666666666666666 0.03932584269662921
1 0.6869047619047619 0.4845505617977528 0.016666666666666666 0.0449438202247191
1 0.6857142857142857 0.4417134831460674 0.016666666666666666 0.04073033707865169
1 0.6857142857142857 0.39396067415730335 0.01904761904761905 0.037921348314606744
1 0.7589285714285714 0.4199438202247191 0.04880952380952381 0.019662921348314606
1 0.7619047619047619 0.3967696629213483 0.047619047619047616 0.023876404494382022
4 0.7571428571428571 0.3539325842696629 0.04523809523809524 0.025280898876404494
1 0.7571428571428571 0.3342696629213483 0.04047619047619048 0.019662921348314606
1 0.7702380952380953 0.2991573033707865 0.7785714285714286 0.31741573033707865 0.7345238095238096 0.3300561797752809 0.7261904761904762 0.3089887640449438
1 0.7678571428571429 0.27668539325842695 0.7761904761904762 0.2949438202247191 0.7380952380952381 0.3089887640449438 0.7285714285714285 0.29353932584269665
1 0.7583333333333333 0.2640449438202247 0.7666666666666667 0.28230337078651685 0.7261904761904762 0.29634831460674155 0.7202380952380952 0.273876404494382
1 0.680952380952381 0.2612359550561798 0.01904761904761905 0.033707865168539325
1 0.680952380952381 0.2226123595505618 0.016666666666666666 0.037921348314606744
1 0.7583333333333333 0.24157303370786518 0.7678571428571429 0.25702247191011235 0.7345238095238096 0.2696629213483146 0.7238095238095238 0.2542134831460674
1 0.7607142857142857 0.21910112359550563 0.7702380952380953 0.2345505617977528 0.7380952380952381 0.25 0.7285714285714285 0.23314606741573032
1 0.7535714285714286 0.20365168539325842 0.7619047619047619 0.21769662921348315 0.7273809523809524 0.23174157303370788 0.719047619047619 0.21629213483146068
1 0.7511904761904762 0.1797752808988764 0.7583333333333333 0.19803370786516855 0.7202380952380952 0.21067415730337077 0.7142857142857143 0.19241573033707865
1 0.7511904761904762 0.1502808988764045 0.7583333333333333 0.16713483146067415 0.719047619047619 0.1797752808988764 0.7142857142857143 0.16151685393258428
1 0.3892857142857143 0.33707865168539325 0.38333333333333336 0.3848314606741573 0.4023809523809524 0.38764044943820225 0.40595238095238095 0.33848314606741575
1 0.2523809523809524 0.7457865168539326 0.29404761904761906 0.7668539325842697 0.3047619047619048 0.75 0.26071428571428573 0.723314606741573
1 0.25833333333333336 0.7120786516853933 0.3 0.7331460674157303 0.3107142857142857 0.7162921348314607 0.26666666666666666 0.6896067415730337
1 0.2630952380952381 0.6783707865168539 0.3047619047619048 0.699438202247191 0.31547619047619047 0.6825842696629213 0.2714285714285714 0.6558988764044944
1 0.2726190476190476 0.598314606741573 0.3142857142857143 0.6193820224719101 0.325 0.6025280898876404 0.28095238095238095 0.5758426966292135
1 0.2869047619047619 0.5674157303370787 0.32857142857142857 0.5884831460674157 0.3392857142857143 0.5716292134831461 0.29523809523809524 0.5449438202247191
1 0.2976190476190476 0.4859550561797753 0.3392857142857143 0.5070224719101124 0.35 0.4901685393258427 0.305952380952381 0.46348314606741575
1 0.3261904761904762 0.37219101123595505 0.3142857142857143 0.3890449438202247 0.3523809523809524 0.4143258426966292 0.3630952380952381 0.3960674157303371
1 0.20952380952380953 0.6432584269662921 0.19642857142857142 0.6938202247191011 0.21666666666666667 0.7036516853932584 0.23095238095238096 0.6502808988764045
1 0.22976190476190475 0.5323033707865169 0.21071428571428572 0.5814606741573034 0.23095238095238096 0.5870786516853933 0.25 0.5393258426966292
1 0.18095238095238095 0.6334269662921348 0.21428571428571427 0.598314606741573 0.22976190476190475 0.6137640449438202 0.19285714285714287 0.6460674157303371
1 0.15357142857142858 0.776685393258427 0.1988095238095238 0.8103932584269663 0.2119047619047619 0.7865168539325843 0.16666666666666666 0.7584269662921348
1 0.15119047619047618 0.7387640449438202 0.19642857142857142 0.7724719101123596 0.20952380952380953 0.7485955056179775 0.16428571428571428 0.7205056179775281
1 0.680952380952381 0.7893258426966292 0.023809523809523808 0.05337078651685393
1 0.680952380952381 0.6587078651685393 0.023809523809523808 0.05337078651685393
1 0.34404761904761905 0.6348314606741573 0.3345238095238095 0.6938202247191011 0.3607142857142857 0.7008426966292135 0.3678571428571429 0.6418539325842697