1 0.1261904761904762 0.1544943820224719 0.15833333333333333 0.1446629213483146 0.15476190476190477 0.1306179775280899 0.12261904761904761 0.13904494382022473
1 0.16666666666666666 0.15870786516853932 0.12976190476190477 0.1699438202247191 0.1261904761904762 0.15308988764044945 0.1630952380952381 0.14185393258426968
1 0.13452380952380952 0.1896067415730337 0.175 0.175561797752809 0.16904761904761906 0.15870786516853932 0.12976190476190477 0.17134831460674158
1 0.15119047619047618 0.22612359550561797 0.1880952380952381 0.21348314606741572 0.18214285714285713 0.19662921348314608 0.14642857142857144 0.20926966292134833
0 0.13690476190476192 0.24719101123595505 0.22142857142857142 0.25702247191011235 0.2119047619047619 0.2949438202247191 0.12738095238095237 0.28370786516853935
1 0.16071428571428573 0.24859550561797752 0.19285714285714287 0.2401685393258427 0.1976190476190476 0.25842696629213485 0.1630952380952381 0.26264044943820225
4 0.23214285714285715 0.33707865168539325 0.21904761904761905 0.29634831460674155 0.2357142857142857 0.2907303370786517 0.2511904761904762 0.33146067415730335
4 0.25952380952380955 0.32162921348314605 0.2773809523809524 0.31320224719101125 0.2619047619047619 0.27247191011235955 0.24285714285714285 0.2794943820224719
4 0.2845238095238095 0.3160112359550562 0.2988095238095238 0.31179775280898875 0.2869047619047619 0.27808988764044945 0.2726190476190476 0.28230337078651685
1 0.3904761904761905 0.25 0.4023809523809524 0.28230337078651685 0.4154761904761905 0.27808988764044945 0.40476190476190477 0.24578651685393257
1 0.43452380952380953 0.2148876404494382 0.4154761904761905 0.17837078651685392 0.43214285714285716 0.17134831460674158 0.4511904761904762 0.20926966292134833
1 0.4642857142857143 0.24578651685393257 0.5095238095238095 0.24719101123595505 0.5095238095238095 0.2303370786516854 0.4642857142857143 0.22893258426966293
1 0.4630952380952381 0.26685393258426965 0.5083333333333333 0.26825842696629215 0.5071428571428571 0.24859550561797752 0.4642857142857143 0.24719101123595505
3 0.6035714285714285 0.5941011235955056 0.4226190476190476 0.6615168539325843 0.43452380952380953 0.7008426966292135 0.6202380952380953 0.6362359550561798
2 0.5119047619047619 0.7373595505617978 0.65 0.6811797752808989 0.669047619047619 0.7331460674157303 0.5345238095238095 0.7935393258426966
2 0.9035714285714286 0.3160112359550562 0.7452380952380953 0.3637640449438202 0.7642857142857142 0.4143258426966292 0.9214285714285714 0.36797752808988765
2 0.5273809523809524 0.3862359550561798 0.6928571428571428 0.3455056179775281 0.6785714285714286 0.2907303370786517 0.5154761904761904 0.33848314606741575
3 0.4380952380952381 0.34129213483146065 0.4488095238095238 0.375 0.6011904761904762 0.3089887640449438 0.5928571428571429 0.2794943820224719
1 0.7952380952380952 0.1797752808988764 0.775 0.1502808988764045 0.7952380952380952 0.1404494382022472 0.8083333333333333 0.1699438202247191
1 0.819047619047619 0.16853932584269662 0.8011904761904762 0.13342696629213482 0.8178571428571428 0.12780898876404495 0.8345238095238096 0.16151685393258428
1 0.6988095238095238 0.15168539325842698 0.7428571428571429 0.13904494382022473 0.7345238095238096 0.12219101123595505 0.694047619047619 0.1348314606741573
1 0.6476190476190476 0.16292134831460675 0.6642857142857143 0.19101123595505617 0.6785714285714286 0.18398876404494383 0.6619047619047619 0.1544943820224719