1 0.1380952380952381 0.8370786516853933 0.13690476190476192 0.8665730337078652 0.19285714285714287 0.8707865168539326 0.1988095238095238 0.8398876404494382
1 0.13690476190476192 0.7823033707865169 0.13214285714285715 0.8188202247191011 0.2154761904761905 0.8174157303370787 0.2154761904761905 0.7794943820224719
1 0.14404761904761904 0.7373595505617978 0.14166666666666666 0.773876404494382 0.2130952380952381 0.773876404494382 0.22380952380952382 0.7345505617977528
1 0.16428571428571428 0.6966292134831461 0.15833333333333333 0.7373595505617978 0.2226190476190476 0.7345505617977528 0.2261904761904762 0.7008426966292135
1 0.15833333333333333 0.6615168539325843 0.15595238095238095 0.6867977528089888 0.22738095238095238 0.6938202247191011 0.22857142857142856 0.6671348314606742
4 0.16428571428571428 0.6151685393258427 0.1523809523809524 0.6573033707865169 0.23095238095238096 0.6587078651685393 0.23214285714285715 0.6165730337078652
1 0.18571428571428572 0.5941011235955056 0.18333333333333332 0.6179775280898876 0.24404761904761904 0.6278089887640449 0.24761904761904763 0.5941011235955056
1 0.18095238095238095 0.547752808988764 0.1738095238095238 0.574438202247191 0.24642857142857144 0.5786516853932584 0.24761904761904763 0.5533707865168539
1 0.17976190476190476 0.5196629213483146 0.17976190476190476 0.5435393258426966 0.23095238095238096 0.5407303370786517 0.22976190476190475 0.5182584269662921
1 0.19523809523809524 0.4845505617977528 0.19047619047619047 0.5070224719101124 0.25357142857142856 0.5182584269662921 0.2571428571428571 0.49297752808988765
1 0.1976190476190476 0.4550561797752809 0.19404761904761905 0.48314606741573035 0.26071428571428573 0.4859550561797753 0.26666666666666666 0.46629213483146065
1 0.19642857142857142 0.42837078651685395 0.19404761904761905 0.45224719101123595 0.2654761904761905 0.45646067415730335 0.26666666666666666 0.4339887640449438
1 0.20833333333333334 0.40168539325842695 0.20952380952380953 0.4241573033707865 0.2773809523809524 0.4311797752808989 0.27976190476190477 0.4044943820224719
1 0.2154761904761905 0.36657303370786515 0.2154761904761905 0.39325842696629215 0.2845238095238095 0.3960674157303371 0.2857142857142857 0.36657303370786515
1 0.22380952380952382 0.3356741573033708 0.22023809523809523 0.3651685393258427 0.27976190476190477 0.3693820224719101 0.28214285714285714 0.3441011235955056
1 0.225 0.30758426966292135 0.2226190476190476 0.33286516853932585 0.27976190476190477 0.3356741573033708 0.2833333333333333 0.3146067415730337
1 0.22738095238095238 0.28230337078651685 0.225 0.3047752808988764 0.2857142857142857 0.3089887640449438 0.2904761904761905 0.2808988764044944
1 0.23214285714285715 0.25702247191011235 0.22976190476190475 0.2808988764044944 0.2892857142857143 0.2808988764044944 0.2904761904761905 0.2598314606741573
1 0.2369047619047619 0.2303370786516854 0.22976190476190475 0.25280898876404495 0.2857142857142857 0.25842696629213485 0.2869047619047619 0.23876404494382023
1 0.33214285714285713 0.8356741573033708 0.3273809523809524 0.8693820224719101 0.3952380952380952 0.8693820224719101 0.3952380952380952 0.8370786516853933
1 0.3392857142857143 0.7991573033707865 0.3392857142857143 0.8342696629213483 0.3964285714285714 0.8342696629213483 0.40595238095238095 0.7921348314606742
1 0.33214285714285713 0.7556179775280899 0.33214285714285713 0.7935393258426966 0.4035714285714286 0.7935393258426966 0.40595238095238095 0.7612359550561798
1 0.35 0.7317415730337079 0.3488095238095238 0.7584269662921348 0.40595238095238095 0.7556179775280899 0.40595238095238095 0.7303370786516854
1 0.3547619047619048 0.6081460674157303 0.3547619047619048 0.6390449438202247 0.4142857142857143 0.6390449438202247 0.4142857142857143 0.6123595505617978
1 0.3607142857142857 0.5758426966292135 0.3607142857142857 0.6095505617977528 0.42142857142857143 0.6067415730337079 0.42023809523809524 0.577247191011236
1 0.3738095238095238 0.5463483146067416 0.3738095238095238 0.5730337078651685 0.4142857142857143 0.5702247191011236 0.42142857142857143 0.550561797752809
1 0.3547619047619048 0.5182584269662921 0.3547619047619048 0.550561797752809 0.42023809523809524 0.550561797752809 0.4238095238095238 0.5224719101123596
1 0.3726190476190476 0.3960674157303371 0.37142857142857144 0.4199438202247191 0.4238095238095238 0.42275280898876405 0.425 0.4002808988764045
1 0.3773809523809524 0.4241573033707865 0.3761904761904762 0.44662921348314605 0.41904761904761906 0.44662921348314605 0.42023809523809524 0.42696629213483145
1 0.3738095238095238 0.3651685393258427 0.3738095238095238 0.39185393258426965 0.430952380952381 0.39325842696629215 0.430952380952381 0.36797752808988765
1 0.37023809523809526 0.3356741573033708 0.36666666666666664 0.3651685393258427 0.43214285714285716 0.3651685393258427 0.43214285714285716 0.3398876404494382
1 0.3761904761904762 0.2907303370786517 0.3726190476190476 0.32162921348314605 0.4380952380952381 0.32303370786516855 0.4380952380952381 0.29213483146067415
1 0.3738095238095238 0.22752808988764045 0.3761904761904762 0.25702247191011235 0.4357142857142857 0.2598314606741573 0.4369047619047619 0.22752808988764045
1 0.6833333333333333 0.21910112359550563 0.6904761904761905 0.24859550561797752 0.7488095238095238 0.24719101123595505 0.7464285714285714 0.21769662921348315
1 0.694047619047619 0.25280898876404495 0.7011904761904761 0.27668539325842695 0.7559523809523809 0.2794943820224719 0.7535714285714286 0.25140449438202245
1 0.7 0.27247191011235955 0.7035714285714286 0.30196629213483145 0.7523809523809524 0.30196629213483145 0.7511904761904762 0.27808988764044945
1 0.6964285714285714 0.30196629213483145 0.7 0.32724719101123595 0.7535714285714286 0.32303370786516855 0.7511904761904762 0.2991573033707865
1 0.6976190476190476 0.32865168539325845 0.7 0.3539325842696629 0.7607142857142857 0.35674157303370785 0.7595238095238095 0.32724719101123595
1 0.7166666666666667 0.3539325842696629 0.7238095238095238 0.3848314606741573 0.7666666666666667 0.38342696629213485 0.7666666666666667 0.3609550561797753
1 0.7083333333333334 0.3946629213483146 0.7130952380952381 0.4157303370786517 0.763095238095238 0.41713483146067415 0.7607142857142857 0.39185393258426965
1 0.7071428571428572 0.42275280898876405 0.7095238095238096 0.44803370786516855 0.7738095238095238 0.449438202247191 0.7726190476190476 0.42275280898876405
1 0.7095238095238096 0.449438202247191 0.7130952380952381 0.476123595505618 0.7797619047619048 0.476123595505618 0.7797619047619048 0.4508426966292135
1 0.7154761904761905 0.48314606741573035 0.7178571428571429 0.5056179775280899 0.780952380952381 0.5084269662921348 0.780952380952381 0.48314606741573035
1 0.7154761904761905 0.5084269662921348 0.719047619047619 0.5393258426966292 0.7821428571428571 0.5379213483146067 0.7797619047619048 0.5070224719101124
1 0.7202380952380952 0.5393258426966292 0.7202380952380952 0.5702247191011236 0.7821428571428571 0.5730337078651685 0.7833333333333333 0.5421348314606742
1 0.7285714285714285 0.5912921348314607 0.7309523809523809 0.6165730337078652 0.794047619047619 0.6151685393258427 0.7916666666666666 0.5912921348314607
1 0.7261904761904762 0.6179775280898876 0.7261904761904762 0.6558988764044944 0.8095238095238095 0.6601123595505618 0.8035714285714286 0.6221910112359551
1 0.7285714285714285 0.6544943820224719 0.7297619047619047 0.6882022471910112 0.8142857142857143 0.6938202247191011 0.8107142857142857 0.6544943820224719
1 0.7321428571428571 0.6952247191011236 0.7357142857142858 0.7289325842696629 0.8023809523809524 0.7275280898876404 0.8011904761904762 0.6980337078651685
1 0.7380952380952381 0.7317415730337079 0.7452380952380953 0.7668539325842697 0.8214285714285714 0.7654494382022472 0.8154761904761905 0.7303370786516854
1 0.7345238095238096 0.7710674157303371 0.7392857142857143 0.8089887640449438 0.8130952380952381 0.8033707865168539 0.8083333333333333 0.7724719101123596
1 0.7440476190476191 0.8384831460674157 0.7476190476190476 0.8764044943820225 0.825 0.875 0.819047619047619 0.8370786516853933
1 0.7488095238095238 0.17275280898876405 0.7511904761904762 0.20084269662921347 0.7988095238095239 0.20084269662921347 0.7988095238095239 0.175561797752809
1 0.8511904761904762 0.17275280898876405 0.8726190476190476 0.19241573033707865 0.8964285714285715 0.15589887640449437 0.8773809523809524 0.1404494382022472
1 0.8476190476190476 0.20365168539325842 0.8583333333333333 0.23174157303370788 0.9 0.21910112359550563 0.8940476190476191 0.19101123595505617
1 0.8535714285714285 0.2612359550561798 0.8547619047619047 0.2808988764044944 0.8976190476190476 0.27668539325842695 0.8976190476190476 0.2542134831460674
1 0.8559523809523809 0.23595505617977527 0.8607142857142858 0.25702247191011235 0.9 0.24719101123595505 0.8976190476190476 0.22893258426966293
3 0.7595238095238095 0.8089887640449438 0.7607142857142857 0.8398876404494382 0.8428571428571429 0.8398876404494382 0.8404761904761905 0.8103932584269663