1 0.5547619047619048 0.23876404494382023 0.5416666666666666 0.2696629213483146 0.5261904761904762 0.2612359550561798 0.5404761904761904 0.23174157303370788
1 0.5321428571428571 0.23174157303370788 0.5190476190476191 0.2640449438202247 0.5047619047619047 0.25842696629213485 0.5178571428571429 0.22752808988764045
1 0.5107142857142857 0.22752808988764045 0.5 0.25842696629213485 0.48333333333333334 0.25140449438202245 0.49523809523809526 0.22191011235955055
1 0.5321428571428571 0.2893258426966292 0.5261904761904762 0.30196629213483145 0.49166666666666664 0.28792134831460675 0.49642857142857144 0.273876404494382
1 0.5071428571428571 0.3160112359550562 0.5011904761904762 0.33146067415730335 0.4654761904761905 0.3160112359550562 0.4726190476190476 0.2991573033707865
1 0.5023809523809524 0.3356741573033708 0.4976190476190476 0.3497191011235955 0.45595238095238094 0.33286516853932585 0.4630952380952381 0.31741573033707865
1 0.4988095238095238 0.3595505617977528 0.4928571428571429 0.37359550561797755 0.45595238095238094 0.35674157303370785 0.4630952380952381 0.34129213483146065
1 0.48333333333333334 0.37780898876404495 0.47619047619047616 0.3904494382022472 0.44761904761904764 0.37640449438202245 0.45595238095238094 0.3595505617977528
1 0.4726190476190476 0.39747191011235955 0.46785714285714286 0.4157303370786517 0.4369047619047619 0.398876404494382 0.444047619047619 0.38202247191011235
1 0.5 0.3946629213483146 0.4880952380952381 0.42275280898876405 0.475 0.4157303370786517 0.4857142857142857 0.38764044943820225
1 0.4583333333333333 0.4438202247191011 0.4523809523809524 0.45786516853932585 0.42738095238095236 0.4438202247191011 0.43452380952380953 0.42837078651685395
1 0.7392857142857143 0.37640449438202245 0.7357142857142858 0.39325842696629215 0.7 0.3806179775280899 0.7071428571428572 0.3651685393258427
1 0.736904761904762 0.40870786516853935 0.7321428571428571 0.42837078651685395 0.6869047619047619 0.4101123595505618 0.6928571428571428 0.3890449438202247
1 0.7107142857142857 0.4747191011235955 0.6988095238095238 0.4887640449438202 0.6702380952380952 0.4606741573033708 0.6857142857142857 0.44662921348314605
1 0.6761904761904762 0.49157303370786515 0.6607142857142857 0.49719101123595505 0.6797619047619048 0.5393258426966292 0.6952380952380952 0.5308988764044944
1 0.2845238095238095 0.5196629213483146 0.2773809523809524 0.5393258426966292 0.31785714285714284 0.5533707865168539 0.325 0.5365168539325843
1 0.2642857142857143 0.5210674157303371 0.25952380952380955 0.5365168539325843 0.2261904761904762 0.523876404494382 0.23095238095238096 0.5070224719101124
1 0.1880952380952381 0.47191011235955055 0.1761904761904762 0.5042134831460674 0.16071428571428573 0.4957865168539326 0.17261904761904762 0.46629213483146065
1 0.3404761904761905 0.7345505617977528 0.325 0.776685393258427 0.305952380952381 0.7682584269662921 0.32261904761904764 0.7275280898876404
1 0.36904761904761907 0.672752808988764 0.3535714285714286 0.7106741573033708 0.33690476190476193 0.7008426966292135 0.3523809523809524 0.6643258426966292
1 0.37142857142857144 0.6109550561797753 0.3678571428571429 0.625 0.3380952380952381 0.6207865168539326 0.3392857142857143 0.6053370786516854
1 0.2392857142857143 0.7907303370786517 0.04047619047619048 0.019662921348314606
1 0.3904761904761905 0.8230337078651685 0.35595238095238096 0.8469101123595506 0.36547619047619045 0.8623595505617978 0.4 0.8370786516853933
1 0.4380952380952381 0.8328651685393258 0.4 0.8553370786516854 0.4119047619047619 0.8721910112359551 0.4511904761904762 0.851123595505618
1 0.5773809523809523 0.75 0.5976190476190476 0.7837078651685393 0.611904761904762 0.7724719101123596 0.5928571428571429 0.7373595505617978
1 0.5761904761904761 0.8216292134831461 0.5630952380952381 0.8553370786516854 0.5785714285714286 0.8609550561797753 0.5916666666666667 0.8286516853932584