1 0.5797619047619048 0.4705056179775281 0.6130952380952381 0.39185393258426965 0.6392857142857142 0.40730337078651685 0.6071428571428571 0.48735955056179775
1 0.37142857142857144 0.449438202247191 0.35119047619047616 0.4803370786516854 0.41309523809523807 0.5308988764044944 0.430952380952381 0.5014044943820225
1 0.544047619047619 0.2808988764044944 0.5178571428571429 0.3707865168539326 0.5464285714285714 0.38202247191011235 0.5726190476190476 0.29213483146067415
1 0.5892857142857143 0.3103932584269663 0.575 0.37219101123595505 0.6011904761904762 0.38202247191011235 0.6166666666666667 0.3188202247191011
1 0.4988095238095238 0.2696629213483146 0.4714285714285714 0.3441011235955056 0.4976190476190476 0.35814606741573035 0.5261904761904762 0.28230337078651685
1 0.45714285714285713 0.24578651685393257 0.42857142857142855 0.3202247191011236 0.4583333333333333 0.33707865168539325 0.4869047619047619 0.2612359550561798
1 0.4119047619047619 0.21629213483146068 0.37976190476190474 0.29775280898876405 0.4083333333333333 0.31179775280898875 0.44047619047619047 0.23174157303370788
1 0.3595238095238095 0.19241573033707865 0.33214285714285713 0.273876404494382 0.3619047619047619 0.28792134831460675 0.3904761904761905 0.2050561797752809
1 0.32142857142857145 0.16853932584269662 0.28809523809523807 0.25280898876404495 0.31785714285714284 0.2696629213483146 0.35119047619047616 0.18398876404494383
1 0.28214285714285714 0.14325842696629212 0.2523809523809524 0.2205056179775281 0.28214285714285714 0.23595505617977527 0.3107142857142857 0.15870786516853932
1 0.23333333333333334 0.12640449438202248 0.1988095238095238 0.20224719101123595 0.22857142857142856 0.21910112359550563 0.2630952380952381 0.14325842696629212