1 0.6988095238095238 0.14747191011235955 0.7464285714285714 0.20926966292134833 0.7726190476190476 0.18258426966292135 0.7309523809523809 0.12359550561797752
1 0.6285714285714286 0.21207865168539325 0.6976190476190476 0.1601123595505618 0.6738095238095239 0.125 0.6095238095238096 0.1699438202247191
1 0.594047619047619 0.1502808988764045 0.5892857142857143 0.2247191011235955 0.5523809523809524 0.2205056179775281 0.5571428571428572 0.14747191011235955
1 0.5511904761904762 0.3089887640449438 0.5857142857142857 0.30758426966292135 0.5845238095238096 0.2205056179775281 0.55 0.2205056179775281
1 0.5511904761904762 0.38202247191011235 0.5821428571428572 0.3792134831460674 0.5845238095238096 0.30758426966292135 0.5488095238095239 0.30758426966292135
1 0.5035714285714286 0.40730337078651685 0.5369047619047619 0.41151685393258425 0.5392857142857143 0.32303370786516855 0.5011904761904762 0.32303370786516855
1 0.49047619047619045 0.4550561797752809 0.4845238095238095 0.5449438202247191 0.5178571428571429 0.547752808988764 0.5297619047619048 0.4606741573033708
1 0.5714285714285714 0.4396067415730337 0.5619047619047619 0.523876404494382 0.525 0.5182584269662921 0.5321428571428571 0.43258426966292135
1 0.5630952380952381 0.5323033707865169 0.5464285714285714 0.6221910112359551 0.5107142857142857 0.6165730337078652 0.525 0.523876404494382
1 0.569047619047619 0.5589887640449438 0.6488095238095238 0.5730337078651685 0.655952380952381 0.523876404494382 0.5761904761904761 0.5098314606741573
1 0.6702380952380952 0.6811797752808989 0.6702380952380952 0.7710674157303371 0.6321428571428571 0.7682584269662921 0.6333333333333333 0.675561797752809
1 0.7107142857142857 0.7092696629213483 0.7130952380952381 0.8188202247191011 0.7547619047619047 0.8188202247191011 0.7523809523809524 0.7092696629213483
1 0.669047619047619 0.7780898876404494 0.6571428571428571 0.8707865168539326 0.6107142857142858 0.8609550561797753 0.6285714285714286 0.7654494382022472
1 0.4928571428571429 0.7542134831460674 0.4857142857142857 0.8595505617977528 0.5273809523809524 0.8665730337078652 0.5369047619047619 0.7570224719101124
1 0.4583333333333333 0.7036516853932584 0.4511904761904762 0.800561797752809 0.4928571428571429 0.8075842696629213 0.5035714285714286 0.7064606741573034
1 0.5154761904761904 0.6376404494382022 0.5023809523809524 0.7373595505617978 0.5428571428571428 0.7429775280898876 0.555952380952381 0.6432584269662921
1 0.4738095238095238 0.5856741573033708 0.4654761904761905 0.6910112359550562 0.5071428571428571 0.6896067415730337 0.513095238095238 0.5884831460674157
1 0.4988095238095238 0.24157303370786518 0.5357142857142857 0.2443820224719101 0.5452380952380952 0.16432584269662923 0.5035714285714286 0.15870786516853932
1 0.4857142857142857 0.25702247191011235 0.5035714285714286 0.175561797752809 0.46785714285714286 0.16573033707865167 0.4488095238095238 0.2443820224719101
1 0.19047619047619047 0.3146067415730337 0.2726190476190476 0.33146067415730335 0.2845238095238095 0.28230337078651685 0.20357142857142857 0.26685393258426965
1 0.4297619047619048 0.47331460674157305 0.42023809523809524 0.5632022471910112 0.3773809523809524 0.5547752808988764 0.3904761904761905 0.4648876404494382
1 0.40476190476190477 0.6825842696629213 0.41785714285714287 0.574438202247191 0.37142857142857144 0.5688202247191011 0.3595238095238095 0.672752808988764
1 0.38095238095238093 0.7823033707865169 0.4 0.6811797752808989 0.3523809523809524 0.672752808988764 0.3392857142857143 0.776685393258427
1 0.38095238095238093 0.7949438202247191 0.37023809523809526 0.8890449438202247 0.32857142857142857 0.8848314606741573 0.3416666666666667 0.7893258426966292
1 0.21904761904761905 0.8328651685393258 0.3142857142857143 0.8426966292134831 0.3202380952380952 0.7921348314606742 0.22380952380952382 0.776685393258427
1 0.24642857142857144 0.7317415730337079 0.24166666666666667 0.776685393258427 0.33214285714285713 0.7893258426966292 0.3357142857142857 0.7387640449438202
1 0.25 0.675561797752809 0.24761904761904763 0.7205056179775281 0.33214285714285713 0.7247191011235955 0.3357142857142857 0.6811797752808989
1 0.2571428571428571 0.625 0.2523809523809524 0.6699438202247191 0.3404761904761905 0.6699438202247191 0.3416666666666667 0.6264044943820225
1 0.2761904761904762 0.5730337078651685 0.27380952380952384 0.6179775280898876 0.3547619047619048 0.6235955056179775 0.35714285714285715 0.574438202247191
1 0.2869047619047619 0.5294943820224719 0.29523809523809524 0.574438202247191 0.3619047619047619 0.5561797752808989 0.35119047619047616 0.5126404494382022
1 0.39404761904761904 0.4339887640449438 0.36666666666666664 0.523876404494382 0.3273809523809524 0.5112359550561798 0.3595238095238095 0.4199438202247191
1 0.3202380952380952 0.41713483146067415 0.29404761904761906 0.5028089887640449 0.32857142857142857 0.5126404494382022 0.3547619047619048 0.4311797752808989
1 0.3119047619047619 0.42837078651685395 0.29285714285714287 0.5154494382022472 0.2571428571428571 0.5056179775280899 0.27380952380952384 0.4157303370786517
1 0.24285714285714285 0.44241573033707865 0.23452380952380952 0.5294943820224719 0.1988095238095238 0.5280898876404494 0.20357142857142857 0.4410112359550562
1 0.21904761904761905 0.5702247191011236 0.21904761904761905 0.6615168539325843 0.18095238095238095 0.6601123595505618 0.1761904761904762 0.5716292134831461
1 0.22023809523809523 0.6825842696629213 0.21904761904761905 0.7780898876404494 0.17976190476190476 0.7851123595505618 0.18333333333333332 0.6825842696629213
1 0.1392857142857143 0.7148876404494382 0.15714285714285714 0.8103932584269663 0.11904761904761904 0.8202247191011236 0.10238095238095238 0.726123595505618
1 0.12976190476190477 0.6053370786516854 0.1357142857142857 0.702247191011236 0.1738095238095238 0.6938202247191011 0.16904761904761906 0.601123595505618