1 0.34285714285714286 0.7668539325842697 0.3488095238095238 0.8778089887640449 0.3952380952380952 0.8693820224719101 0.38452380952380955 0.7584269662921348
1 0.6047619047619047 0.699438202247191 0.6154761904761905 0.8202247191011236 0.6595238095238095 0.8188202247191011 0.6452380952380953 0.6980337078651685
1 0.5892857142857143 0.5519662921348315 0.6 0.6643258426966292 0.6440476190476191 0.6629213483146067 0.6309523809523809 0.5491573033707865
1 0.7297619047619047 0.4803370786516854 0.6428571428571429 0.5014044943820225 0.6511904761904762 0.5463483146067416 0.736904761904762 0.5224719101123596
1 0.3392857142857143 0.6067415730337079 0.34523809523809523 0.7247191011235955 0.38571428571428573 0.7247191011235955 0.38095238095238093 0.6067415730337079
1 0.32976190476190476 0.46769662921348315 0.3380952380952381 0.5941011235955056 0.38095238095238093 0.5884831460674157 0.37142857142857144 0.46348314606741575
1 0.3238095238095238 0.35252808988764045 0.325 0.45646067415730335 0.3630952380952381 0.45224719101123595 0.3619047619047619 0.351123595505618
1 0.5833333333333334 0.39747191011235955 0.5928571428571429 0.5084269662921348 0.6333333333333333 0.5028089887640449 0.625 0.39325842696629215
1 0.5630952380952381 0.25280898876404495 0.5761904761904761 0.36235955056179775 0.6142857142857143 0.35674157303370785 0.6 0.24859550561797752
1 0.5535714285714286 0.12921348314606743 0.5630952380952381 0.23314606741573032 0.6047619047619047 0.22612359550561797 0.594047619047619 0.12359550561797752
1 0.3261904761904762 0.22331460674157302 0.32976190476190476 0.3300561797752809 0.36904761904761907 0.32865168539325845 0.36666666666666664 0.2205056179775281
1 0.3333333333333333 0.10674157303370786 0.3119047619047619 0.20646067415730338 0.3523809523809524 0.2148876404494382 0.3738095238095238 0.11376404494382023