1 0.12857142857142856 0.7794943820224719 0.15476190476190477 0.8075842696629213 0.22976190476190475 0.7331460674157303 0.20476190476190476 0.702247191011236
1 0.28809523809523807 0.6123595505617978 0.225 0.6741573033707865 0.25595238095238093 0.7036516853932584 0.3119047619047619 0.6362359550561798
1 0.26666666666666666 0.7865168539325843 0.2523809523809524 0.8300561797752809 0.3488095238095238 0.8609550561797753 0.3595238095238095 0.824438202247191
1 0.444047619047619 0.5870786516853933 0.43333333333333335 0.625 0.5392857142857143 0.6502808988764045 0.544047619047619 0.6067415730337079
1 0.3726190476190476 0.5098314606741573 0.3952380952380952 0.5407303370786517 0.46190476190476193 0.4705056179775281 0.4369047619047619 0.44241573033707865
1 0.5119047619047619 0.3539325842696629 0.4523809523809524 0.41713483146067415 0.4738095238095238 0.449438202247191 0.5392857142857143 0.38342696629213485
1 0.5869047619047619 0.2710674157303371 0.5297619047619048 0.33707865168539325 0.5535714285714286 0.3609550561797753 0.6154761904761905 0.29634831460674155
1 0.6642857142857143 0.19662921348314608 0.6047619047619047 0.2556179775280899 0.6297619047619047 0.28230337078651685 0.6869047619047619 0.2247191011235955
1 0.5023809523809524 0.526685393258427 0.4928571428571429 0.5660112359550562 0.5928571428571429 0.5969101123595506 0.6 0.5547752808988764
1 0.5392857142857143 0.47752808988764045 0.5285714285714286 0.5140449438202247 0.6190476190476191 0.5449438202247191 0.6285714285714286 0.5070224719101124
1 0.6309523809523809 0.38202247191011235 0.6178571428571429 0.4297752808988764 0.7011904761904761 0.4452247191011236 0.7119047619047619 0.40308988764044945
1 0.7476190476190476 0.2345505617977528 0.7440476190476191 0.273876404494382 0.8380952380952381 0.29634831460674155 0.8416666666666667 0.2556179775280899
1 0.6047619047619047 0.7471910112359551 0.6357142857142857 0.8441011235955056 0.669047619047619 0.8314606741573034 0.6333333333333333 0.7317415730337079
4 0.6369047619047619 0.7219101123595506 0.6880952380952381 0.8146067415730337 0.7178571428571429 0.7893258426966292 0.6666666666666666 0.6938202247191011