2 0.3476190476190476 0.5617977528089888 0.38571428571428573 0.5646067415730337 0.38095238095238093 0.8202247191011236 0.3345238095238095 0.8188202247191011
0 0.36666666666666664 0.31320224719101125 0.4023809523809524 0.3160112359550562 0.39404761904761904 0.4803370786516854 0.35833333333333334 0.47752808988764045
1 0.2892857142857143 0.27808988764044945 0.2714285714285714 0.29213483146067415 0.29642857142857143 0.33707865168539325 0.31547619047619047 0.324438202247191
1 0.28214285714285714 0.2205056179775281 0.3047619047619048 0.2205056179775281 0.305952380952381 0.27247191011235955 0.27976190476190477 0.2696629213483146
1 0.28809523809523807 0.125 0.2833333333333333 0.1952247191011236 0.3130952380952381 0.1952247191011236 0.31785714285714284 0.12640449438202248
1 0.2630952380952381 0.41292134831460675 0.2857142857142857 0.41292134831460675 0.2845238095238095 0.4747191011235955 0.25952380952380955 0.47191011235955055
1 0.25 0.5084269662921348 0.2726190476190476 0.5084269662921348 0.27380952380952384 0.5688202247191011 0.24761904761904763 0.5702247191011236
1 0.27380952380952384 0.5884831460674157 0.3011904761904762 0.5870786516853933 0.2988095238095238 0.6741573033707865 0.2714285714285714 0.6699438202247191
1 0.24285714285714285 0.598314606741573 0.26904761904761904 0.5997191011235955 0.2619047619047619 0.6783707865168539 0.2357142857142857 0.6741573033707865
1 0.2369047619047619 0.6741573033707865 0.26666666666666666 0.6783707865168539 0.26071428571428573 0.75 0.23095238095238096 0.7485955056179775
1 0.23095238095238096 0.7556179775280899 0.26666666666666666 0.7570224719101124 0.25476190476190474 0.8398876404494382 0.22142857142857142 0.8384831460674157