1 0.5845238095238096 0.8651685393258427 0.6583333333333333 0.8553370786516854 0.65 0.8202247191011236 0.5821428571428572 0.8328651685393258
2 0.5702380952380952 0.7921348314606742 0.6464285714285715 0.7851123595505618 0.6428571428571429 0.75 0.5714285714285714 0.7584269662921348
2 0.5702380952380952 0.7205056179775281 0.6428571428571429 0.7120786516853933 0.638095238095238 0.6699438202247191 0.5607142857142857 0.6839887640449438
2 0.6428571428571429 0.6867977528089888 0.7023809523809523 0.6769662921348315 0.6964285714285714 0.6432584269662921 0.6345238095238095 0.651685393258427
2 0.5642857142857143 0.6839887640449438 0.6345238095238095 0.6811797752808989 0.6321428571428571 0.6530898876404494 0.5702380952380952 0.6587078651685393
3 0.6416666666666667 0.6474719101123596 0.7226190476190476 0.6432584269662921 0.7178571428571429 0.6081460674157303 0.6345238095238095 0.6137640449438202
3 0.5535714285714286 0.6573033707865169 0.6321428571428571 0.6460674157303371 0.6297619047619047 0.6137640449438202 0.5511904761904762 0.6235955056179775
3 0.6309523809523809 0.6151685393258427 0.7083333333333334 0.6081460674157303 0.7011904761904761 0.5800561797752809 0.6297619047619047 0.5941011235955056
3 0.5571428571428572 0.6264044943820225 0.6333333333333333 0.6207865168539326 0.6273809523809524 0.5856741573033708 0.5535714285714286 0.5926966292134831
3 0.5511904761904762 0.5955056179775281 0.6297619047619047 0.5842696629213483 0.6273809523809524 0.5575842696629213 0.544047619047619 0.5617977528089888
3 0.5535714285714286 0.5632022471910112 0.6226190476190476 0.5617977528089888 0.6202380952380953 0.526685393258427 0.5464285714285714 0.5294943820224719
3 0.6261904761904762 0.5898876404494382 0.6964285714285714 0.5814606741573034 0.6916666666666667 0.547752808988764 0.625 0.550561797752809
3 0.6226190476190476 0.550561797752809 0.7035714285714286 0.5491573033707865 0.6869047619047619 0.5098314606741573 0.6178571428571429 0.5182584269662921
3 0.8071428571428572 0.5716292134831461 0.8916666666666667 0.5716292134831461 0.8940476190476191 0.5351123595505618 0.8023809523809524 0.5379213483146067
1 0.7738095238095238 0.4691011235955056 0.8345238095238096 0.46769662921348315 0.8297619047619048 0.4353932584269663 0.7702380952380953 0.43820224719101125
1 0.7678571428571429 0.43258426966292135 0.8285714285714286 0.4241573033707865 0.8273809523809523 0.398876404494382 0.763095238095238 0.4044943820224719
1 0.7428571428571429 0.4101123595505618 0.794047619047619 0.4058988764044944 0.794047619047619 0.37780898876404495 0.7440476190476191 0.37359550561797755
1 0.5571428571428572 0.5154494382022472 0.6130952380952381 0.5070224719101124 0.6095238095238096 0.4789325842696629 0.5547619047619048 0.4859550561797753
1 0.5428571428571428 0.4691011235955056 0.6011904761904762 0.46769662921348315 0.5988095238095238 0.4410112359550562 0.5416666666666666 0.4452247191011236
1 0.5464285714285714 0.4452247191011236 0.6047619047619047 0.4396067415730337 0.5988095238095238 0.41292134831460675 0.5428571428571428 0.42275280898876405
1 0.5285714285714286 0.41151685393258425 0.5821428571428572 0.40870786516853935 0.580952380952381 0.3806179775280899 0.5261904761904762 0.38764044943820225
1 0.5273809523809524 0.3792134831460674 0.5797619047619048 0.38202247191011235 0.5797619047619048 0.36235955056179775 0.5345238095238095 0.3609550561797753
1 0.7583333333333333 0.3609550561797753 0.8178571428571428 0.3609550561797753 0.8130952380952381 0.33146067415730335 0.7607142857142857 0.33146067415730335
1 0.7654761904761904 0.32865168539325845 0.8142857142857143 0.32162921348314605 0.805952380952381 0.29634831460674155 0.7559523809523809 0.31179775280898875
1 0.736904761904762 0.3047752808988764 0.7869047619047619 0.30196629213483145 0.7845238095238095 0.28370786516853935 0.7357142857142858 0.2808988764044944
1 0.7285714285714285 0.28370786516853935 0.7821428571428571 0.2794943820224719 0.775 0.2556179775280899 0.725 0.26264044943820225
1 0.7214285714285714 0.19662921348314608 0.7619047619047619 0.18679775280898878 0.7571428571428571 0.16292134831460675 0.7178571428571429 0.16432584269662923
3 0.6535714285714286 0.1896067415730337 0.7095238095238096 0.19101123595505617 0.7119047619047619 0.1601123595505618 0.655952380952381 0.16573033707865167
0 0.5190476190476191 0.3553370786516854 0.5964285714285714 0.3441011235955056 0.5845238095238096 0.3103932584269663 0.513095238095238 0.3202247191011236
0 0.513095238095238 0.32162921348314605 0.5869047619047619 0.31320224719101125 0.580952380952381 0.28651685393258425 0.5095238095238095 0.29353932584269665
2 0.5095238095238095 0.2851123595505618 0.5595238095238095 0.28230337078651685 0.5571428571428572 0.2556179775280899 0.513095238095238 0.2598314606741573
3 0.5035714285714286 0.2556179775280899 0.5714285714285714 0.24859550561797752 0.5666666666666667 0.2205056179775281 0.5059523809523809 0.2303370786516854
3 0.4988095238095238 0.22752808988764045 0.5702380952380952 0.2205056179775281 0.5654761904761905 0.19241573033707865 0.4988095238095238 0.20084269662921347
0 0.4988095238095238 0.199438202247191 0.5678571428571428 0.19803370786516855 0.5607142857142857 0.15870786516853932 0.49642857142857144 0.16573033707865167
2 0.5023809523809524 0.16573033707865167 0.5464285714285714 0.16151685393258428 0.544047619047619 0.13623595505617977 0.49523809523809526 0.1404494382022472