1 0.26071428571428573 0.175561797752809 0.2571428571428571 0.2542134831460674 0.2869047619047619 0.2556179775280899 0.2904761904761905 0.175561797752809
1 0.26071428571428573 0.2851123595505618 0.25595238095238093 0.36797752808988765 0.28809523809523807 0.3693820224719101 0.2916666666666667 0.2851123595505618
1 0.25 0.38202247191011235 0.24523809523809523 0.47752808988764045 0.28095238095238095 0.47752808988764045 0.28214285714285714 0.3806179775280899
1 0.24166666666666667 0.5014044943820225 0.2392857142857143 0.5926966292134831 0.2726190476190476 0.5926966292134831 0.2773809523809524 0.5014044943820225
1 0.2357142857142857 0.6053370786516854 0.23095238095238096 0.7036516853932584 0.2702380952380952 0.7036516853932584 0.2714285714285714 0.6053370786516854
1 0.23214285714285715 0.7247191011235955 0.225 0.8455056179775281 0.2630952380952381 0.8441011235955056 0.2702380952380952 0.723314606741573
1 0.6571428571428571 0.14185393258426968 0.6642857142857143 0.2205056179775281 0.6964285714285714 0.21910112359550563 0.6880952380952381 0.14185393258426968
1 0.6678571428571428 0.24719101123595505 0.6726190476190477 0.33146067415730335 0.7083333333333334 0.33146067415730335 0.7011904761904761 0.2443820224719101
1 0.6726190476190477 0.3637640449438202 0.6761904761904762 0.44662921348314605 0.7083333333333334 0.44662921348314605 0.705952380952381 0.3651685393258427
1 0.6833333333333333 0.47331460674157305 0.6880952380952381 0.5702247191011236 0.7238095238095238 0.5702247191011236 0.7166666666666667 0.4747191011235955
1 0.6892857142857143 0.5884831460674157 0.6988095238095238 0.6811797752808989 0.7345238095238096 0.6797752808988764 0.7261904761904762 0.5884831460674157
1 0.7 0.7401685393258427 0.7071428571428572 0.8525280898876404 0.7488095238095238 0.8497191011235955 0.736904761904762 0.7373595505617978