1 0.49642857142857144 0.7205056179775281 0.4583333333333333 0.7556179775280899 0.46904761904761905 0.7710674157303371 0.5059523809523809 0.7401685393258427
1 0.4380952380952381 0.7654494382022472 0.4 0.800561797752809 0.4107142857142857 0.8160112359550562 0.44761904761904764 0.7851123595505618
1 0.3773809523809524 0.8075842696629213 0.3392857142857143 0.8426966292134831 0.35 0.8581460674157303 0.3869047619047619 0.827247191011236
1 0.2869047619047619 0.8146067415730337 0.2488095238095238 0.8497191011235955 0.25952380952380955 0.8651685393258427 0.29642857142857143 0.8342696629213483
1 0.2726190476190476 0.7879213483146067 0.23452380952380952 0.8230337078651685 0.24523809523809523 0.8384831460674157 0.28214285714285714 0.8075842696629213
1 0.25476190476190474 0.7696629213483146 0.21666666666666667 0.8047752808988764 0.22738095238095238 0.8202247191011236 0.2642857142857143 0.7893258426966292
1 0.24166666666666667 0.7345505617977528 0.20357142857142857 0.7696629213483146 0.21428571428571427 0.7851123595505618 0.2511904761904762 0.7542134831460674
1 0.4714285714285714 0.6783707865168539 0.43333333333333335 0.7134831460674157 0.444047619047619 0.7289325842696629 0.48095238095238096 0.6980337078651685
1 0.4523809523809524 0.6587078651685393 0.4142857142857143 0.6938202247191011 0.425 0.7092696629213483 0.46190476190476193 0.6783707865168539
1 0.4380952380952381 0.6306179775280899 0.4 0.6657303370786517 0.4107142857142857 0.6811797752808989 0.44761904761904764 0.6502808988764045
1 0.41904761904761906 0.6137640449438202 0.38095238095238093 0.648876404494382 0.39166666666666666 0.6643258426966292 0.42857142857142855 0.6334269662921348
1 0.40476190476190477 0.5898876404494382 0.36666666666666664 0.625 0.3773809523809524 0.6404494382022472 0.4142857142857143 0.6095505617977528
1 0.3880952380952381 0.574438202247191 0.35 0.6095505617977528 0.3607142857142857 0.625 0.3976190476190476 0.5941011235955056
1 0.3726190476190476 0.5575842696629213 0.3345238095238095 0.5926966292134831 0.34523809523809523 0.6081460674157303 0.3821428571428571 0.577247191011236
1 0.34523809523809523 0.5112359550561798 0.30714285714285716 0.5463483146067416 0.31785714285714284 0.5617977528089888 0.3547619047619048 0.5308988764044944
1 0.2916666666666667 0.5617977528089888 0.25357142857142856 0.5969101123595506 0.2642857142857143 0.6123595505617978 0.3011904761904762 0.5814606741573034
1 0.22976190476190475 0.5926966292134831 0.19166666666666668 0.6278089887640449 0.20238095238095238 0.6432584269662921 0.2392857142857143 0.6123595505617978
1 0.14285714285714285 0.5632022471910112 0.13333333333333333 0.6081460674157303 0.15357142857142858 0.6123595505617978 0.16428571428571428 0.5646067415730337
1 0.17857142857142858 0.5351123595505618 0.16904761904761906 0.5800561797752809 0.18928571428571428 0.5842696629213483 0.2 0.5365168539325843
1 0.2119047619047619 0.523876404494382 0.20238095238095238 0.5688202247191011 0.2226190476190476 0.5730337078651685 0.23333333333333334 0.5252808988764045
1 0.24523809523809523 0.5042134831460674 0.2357142857142857 0.5491573033707865 0.25595238095238093 0.5533707865168539 0.26666666666666666 0.5056179775280899
1 0.305952380952381 0.4143258426966292 0.2904761904761905 0.425561797752809 0.3119047619047619 0.45786516853932585 0.3273809523809524 0.44803370786516855
1 0.2785714285714286 0.3848314606741573 0.2630952380952381 0.3960674157303371 0.2845238095238095 0.42837078651685395 0.3 0.41853932584269665
1 0.24642857142857144 0.3455056179775281 0.23095238095238096 0.35674157303370785 0.25357142857142856 0.39325842696629215 0.26785714285714285 0.3792134831460674
1 0.3595238095238095 0.41853932584269665 0.34404761904761905 0.4297752808988764 0.36666666666666664 0.46629213483146065 0.38095238095238093 0.45224719101123595
1 0.37857142857142856 0.4044943820224719 0.3630952380952381 0.4157303370786517 0.38571428571428573 0.45224719101123595 0.4 0.43820224719101125
1 0.40714285714285714 0.398876404494382 0.39166666666666666 0.4101123595505618 0.4142857142857143 0.44662921348314605 0.42857142857142855 0.43258426966292135
1 0.42857142857142855 0.38202247191011235 0.41309523809523807 0.39325842696629215 0.4357142857142857 0.4297752808988764 0.45 0.4157303370786517