1 0.45476190476190476 0.8019662921348315 0.42857142857142855 0.8075842696629213 0.44166666666666665 0.8792134831460674 0.47023809523809523 0.8721910112359551
1 0.3273809523809524 0.4859550561797753 0.3 0.4901685393258427 0.3107142857142857 0.5547752808988764 0.3380952380952381 0.5491573033707865
1 0.5571428571428572 0.5294943820224719 0.5297619047619048 0.5365168539325843 0.5452380952380952 0.6025280898876404 0.5726190476190476 0.5912921348314607
1 0.7011904761904761 0.675561797752809 0.6666666666666666 0.723314606741573 0.6869047619047619 0.7457865168539326 0.7214285714285714 0.6980337078651685
1 0.7583333333333333 0.5603932584269663 0.7404761904761905 0.5842696629213483 0.7797619047619048 0.6207865168539326 0.794047619047619 0.601123595505618
1 0.8904761904761904 0.7162921348314607 0.8214285714285714 0.7331460674157303 0.8285714285714286 0.7696629213483146 0.8952380952380953 0.7542134831460674
1 0.6833333333333333 0.598314606741573 0.6511904761904762 0.648876404494382 0.6678571428571428 0.6643258426966292 0.7023809523809523 0.6123595505617978
1 0.6714285714285714 0.5182584269662921 0.6321428571428571 0.5646067415730337 0.6511904761904762 0.5828651685393258 0.6880952380952381 0.5379213483146067
1 0.6761904761904762 0.5603932584269663 0.6369047619047619 0.6067415730337079 0.655952380952381 0.625 0.6928571428571428 0.5800561797752809
1 0.6511904761904762 0.43820224719101125 0.611904761904762 0.4845505617977528 0.6309523809523809 0.5028089887640449 0.6678571428571428 0.45786516853932585
1 0.6357142857142857 0.3707865168539326 0.5976190476190476 0.4101123595505618 0.6166666666666667 0.42696629213483145 0.6523809523809524 0.3862359550561798
1 0.6238095238095238 0.3300561797752809 0.594047619047619 0.37359550561797755 0.6107142857142858 0.38764044943820225 0.6440476190476191 0.34831460674157305
1 0.6178571428571429 0.29634831460674155 0.5845238095238096 0.33848314606741575 0.5976190476190476 0.35252808988764045 0.6333333333333333 0.31179775280898875
1 0.719047619047619 0.36657303370786515 0.7 0.41713483146067415 0.7261904761904762 0.42696629213483145 0.7404761904761905 0.37219101123595505
1 0.7571428571428571 0.34831460674157305 0.7 0.3342696629213483 0.694047619047619 0.3637640449438202 0.7535714285714286 0.375
1 0.7476190476190476 0.3160112359550562 0.694047619047619 0.3089887640449438 0.6928571428571428 0.3342696629213483 0.7488095238095238 0.33848314606741575
1 0.7476190476190476 0.2893258426966292 0.694047619047619 0.28230337078651685 0.6928571428571428 0.30758426966292135 0.7488095238095238 0.31179775280898875
1 0.7535714285714286 0.25842696629213485 0.7 0.25140449438202245 0.6988095238095238 0.27668539325842695 0.7547619047619047 0.2808988764044944
1 0.7333333333333333 0.22612359550561797 0.6797619047619048 0.21910112359550563 0.6785714285714286 0.2443820224719101 0.7345238095238096 0.24859550561797752
1 0.719047619047619 0.1348314606741573 0.6976190476190476 0.1797752808988764 0.7178571428571429 0.19241573033707865 0.7392857142857143 0.1446629213483146
1 0.5845238095238096 0.13202247191011235 0.5547619047619048 0.17134831460674158 0.5761904761904761 0.18398876404494383 0.6071428571428571 0.1446629213483146