1 0.8452380952380952 0.6502808988764045 0.861904761904762 0.7471910112359551 0.8904761904761904 0.7415730337078652 0.8761904761904762 0.6446629213483146
1 0.819047619047619 0.7415730337078652 0.8333333333333334 0.8398876404494382 0.8702380952380953 0.8314606741573034 0.8535714285714285 0.7345505617977528
1 0.7702380952380953 0.6643258426966292 0.7738095238095238 0.7373595505617978 0.8023809523809524 0.7359550561797753 0.8 0.6657303370786517
1 0.7261904761904762 0.5997191011235955 0.7345238095238096 0.6882022471910112 0.7654761904761904 0.6839887640449438 0.7583333333333333 0.5941011235955056
1 0.6785714285714286 0.5870786516853933 0.680952380952381 0.6713483146067416 0.7130952380952381 0.6713483146067416 0.7071428571428572 0.5842696629213483
1 0.7273809523809524 0.7401685393258427 0.7357142857142858 0.8384831460674157 0.7702380952380953 0.8328651685393258 0.7583333333333333 0.7359550561797753
1 0.6654761904761904 0.6896067415730337 0.6726190476190477 0.7808988764044944 0.705952380952381 0.7794943820224719 0.6976190476190476 0.6839887640449438
1 0.5904761904761905 0.7120786516853933 0.5964285714285714 0.8089887640449438 0.6309523809523809 0.8089887640449438 0.6226190476190476 0.7092696629213483
1 0.5452380952380952 0.3862359550561798 0.544047619047619 0.425561797752809 0.6190476190476191 0.42275280898876405 0.6202380952380953 0.3848314606741573
1 0.41785714285714287 0.1797752808988764 0.4238095238095238 0.20926966292134833 0.48928571428571427 0.199438202247191 0.4880952380952381 0.16432584269662923
1 0.41785714285714287 0.21629213483146068 0.41785714285714287 0.25140449438202245 0.4976190476190476 0.24578651685393257 0.49642857142857144 0.20786516853932585
1 0.41785714285714287 0.25842696629213485 0.42023809523809524 0.29213483146067415 0.49523809523809526 0.28651685393258425 0.49404761904761907 0.25
1 0.4226190476190476 0.29775280898876405 0.42142857142857143 0.33286516853932585 0.4928571428571429 0.33286516853932585 0.49523809523809526 0.2907303370786517
1 0.4238095238095238 0.33707865168539325 0.4238095238095238 0.375 0.49523809523809526 0.3693820224719101 0.49523809523809526 0.33146067415730335
1 0.4297619047619048 0.37640449438202245 0.42857142857142855 0.4044943820224719 0.4988095238095238 0.40730337078651685 0.4988095238095238 0.37219101123595505
1 0.4261904761904762 0.42275280898876405 0.42857142857142855 0.4606741573033708 0.5 0.4550561797752809 0.4988095238095238 0.4143258426966292
1 0.42857142857142855 0.46629213483146065 0.430952380952381 0.5014044943820225 0.5047619047619047 0.49719101123595505 0.5047619047619047 0.46207865168539325
1 0.425 0.5112359550561798 0.4261904761904762 0.5449438202247191 0.4976190476190476 0.5421348314606742 0.4988095238095238 0.5042134831460674
1 0.42738095238095236 0.5575842696629213 0.42738095238095236 0.5941011235955056 0.5011904761904762 0.5870786516853933 0.4976190476190476 0.5491573033707865
1 0.42738095238095236 0.5941011235955056 0.41904761904761906 0.6334269662921348 0.5071428571428571 0.6390449438202247 0.5107142857142857 0.601123595505618
1 0.4297619047619048 0.6404494382022472 0.430952380952381 0.6811797752808989 0.5083333333333333 0.6783707865168539 0.5083333333333333 0.6404494382022472
1 0.4369047619047619 0.6896067415730337 0.43452380952380953 0.7289325842696629 0.5119047619047619 0.7247191011235955 0.5119047619047619 0.6853932584269663
1 0.4369047619047619 0.7373595505617978 0.43333333333333335 0.7752808988764045 0.5095238095238095 0.7752808988764045 0.513095238095238 0.7401685393258427
1 0.43214285714285716 0.7907303370786517 0.4297619047619048 0.824438202247191 0.5119047619047619 0.824438202247191 0.5142857142857142 0.7935393258426966
1 0.27380952380952384 0.14325842696629212 0.27380952380952384 0.18398876404494383 0.34285714285714286 0.1797752808988764 0.34285714285714286 0.14325842696629212
1 0.2011904761904762 0.15308988764044945 0.1976190476190476 0.1896067415730337 0.2642857142857143 0.18258426966292135 0.2630952380952381 0.1446629213483146
1 0.12261904761904761 0.12359550561797752 0.1261904761904762 0.18117977528089887 0.15595238095238095 0.17837078651685392 0.15 0.12219101123595505
1 0.12738095238095237 0.1853932584269663 0.13214285714285715 0.25140449438202245 0.16428571428571428 0.24859550561797752 0.1595238095238095 0.1853932584269663
1 0.20714285714285716 0.19101123595505617 0.2011904761904762 0.22331460674157302 0.2773809523809524 0.2205056179775281 0.2773809523809524 0.18679775280898878
1 0.2 0.22893258426966293 0.1976190476190476 0.2640449438202247 0.2702380952380952 0.2556179775280899 0.26904761904761904 0.21910112359550563
1 0.19285714285714287 0.2654494382022472 0.1976190476190476 0.29775280898876405 0.2642857142857143 0.28792134831460675 0.26071428571428573 0.2542134831460674
1 0.18452380952380953 0.3047752808988764 0.1869047619047619 0.33848314606741575 0.26071428571428573 0.33286516853932585 0.26071428571428573 0.2991573033707865
1 0.1773809523809524 0.34691011235955055 0.1761904761904762 0.37780898876404495 0.25595238095238093 0.375 0.2571428571428571 0.34129213483146065
1 0.18571428571428572 0.3890449438202247 0.18452380952380953 0.42134831460674155 0.25476190476190474 0.41853932584269665 0.25595238095238093 0.3862359550561798
1 0.18928571428571428 0.4311797752808989 0.18928571428571428 0.4691011235955056 0.2619047619047619 0.46348314606741575 0.2619047619047619 0.42134831460674155
1 0.18214285714285713 0.47331460674157305 0.17976190476190476 0.5126404494382022 0.2619047619047619 0.5070224719101124 0.2630952380952381 0.47331460674157305
1 0.1869047619047619 0.5182584269662921 0.18452380952380953 0.5561797752808989 0.2619047619047619 0.5449438202247191 0.2619047619047619 0.5098314606741573
1 0.1869047619047619 0.5646067415730337 0.18571428571428572 0.601123595505618 0.2619047619047619 0.5912921348314607 0.2571428571428571 0.5519662921348315
1 0.1880952380952381 0.6095505617977528 0.18571428571428572 0.648876404494382 0.2619047619047619 0.6348314606741573 0.25952380952380955 0.5969101123595506
1 0.18333333333333332 0.6573033707865169 0.18452380952380953 0.6938202247191011 0.2619047619047619 0.6853932584269663 0.26071428571428573 0.6446629213483146
1 0.19166666666666668 0.7050561797752809 0.19166666666666668 0.7415730337078652 0.26666666666666666 0.7345505617977528 0.26666666666666666 0.6966292134831461
1 0.17976190476190476 0.7528089887640449 0.18214285714285713 0.7893258426966292 0.26666666666666666 0.7794943820224719 0.26071428571428573 0.7415730337078652
1 0.18214285714285713 0.800561797752809 0.18333333333333332 0.8328651685393258 0.2654761904761905 0.8286516853932584 0.2619047619047619 0.7893258426966292
1 0.2761904761904762 0.7837078651685393 0.27380952380952384 0.824438202247191 0.35595238095238096 0.8216292134831461 0.35595238095238096 0.7851123595505618
1 0.2726190476190476 0.7373595505617978 0.2702380952380952 0.7710674157303371 0.3488095238095238 0.7724719101123596 0.3488095238095238 0.7359550561797753
1 0.2726190476190476 0.6896067415730337 0.2761904761904762 0.726123595505618 0.3535714285714286 0.726123595505618 0.3476190476190476 0.6867977528089888
1 0.26904761904761904 0.6404494382022472 0.26666666666666666 0.6783707865168539 0.3476190476190476 0.672752808988764 0.34285714285714286 0.6390449438202247
1 0.2654761904761905 0.5912921348314607 0.2654761904761905 0.6278089887640449 0.3392857142857143 0.6306179775280899 0.3392857142857143 0.5941011235955056
1 0.26785714285714285 0.547752808988764 0.2654761904761905 0.5870786516853933 0.3404761904761905 0.5842696629213483 0.3392857142857143 0.5463483146067416
1 0.26785714285714285 0.5014044943820225 0.26904761904761904 0.5407303370786517 0.3488095238095238 0.5393258426966292 0.34404761904761905 0.5042134831460674
1 0.2714285714285714 0.46348314606741575 0.2714285714285714 0.49719101123595505 0.34523809523809523 0.4957865168539326 0.34523809523809523 0.4648876404494382
1 0.27380952380952384 0.42134831460674155 0.27380952380952384 0.4592696629213483 0.3464285714285714 0.4550561797752809 0.3488095238095238 0.4199438202247191
1 0.2630952380952381 0.3693820224719101 0.2642857142857143 0.41853932584269665 0.3380952380952381 0.4143258426966292 0.3345238095238095 0.37359550561797755
1 0.26666666666666666 0.33707865168539325 0.2654761904761905 0.3707865168539326 0.3345238095238095 0.3693820224719101 0.3357142857142857 0.3356741573033708
1 0.26904761904761904 0.29634831460674155 0.26666666666666666 0.34129213483146065 0.3345238095238095 0.33286516853932585 0.3380952380952381 0.29775280898876405
1 0.27380952380952384 0.2542134831460674 0.2714285714285714 0.30196629213483145 0.34523809523809523 0.29634831460674155 0.3464285714285714 0.2598314606741573