3 0.26904761904761904 0.19662921348314608 0.32857142857142857 0.29353932584269665 0.3630952380952381 0.27668539325842695 0.30357142857142855 0.17415730337078653
1 0.3869047619047619 0.2752808988764045 0.4107142857142857 0.3160112359550562 0.430952380952381 0.30196629213483145 0.40714285714285714 0.2612359550561798
1 0.4511904761904762 0.37219101123595505 0.4857142857142857 0.42134831460674155 0.5083333333333333 0.4044943820224719 0.4738095238095238 0.351123595505618
3 0.3630952380952381 0.10112359550561797 0.4583333333333333 0.23735955056179775 0.4928571428571429 0.21769662921348315 0.39880952380952384 0.08286516853932584
1 0.5726190476190476 0.39185393258426965 0.611904761904762 0.4410112359550562 0.6285714285714286 0.42134831460674155 0.5904761904761905 0.36797752808988765
1 0.5595238095238095 0.5252808988764045 0.6035714285714285 0.577247191011236 0.6190476190476191 0.5589887640449438 0.5845238095238096 0.5014044943820225
1 0.6535714285714286 0.5870786516853933 0.7 0.6432584269662921 0.7142857142857143 0.6235955056179775 0.6785714285714286 0.5632022471910112
1 0.6261904761904762 0.6207865168539326 0.6666666666666666 0.6741573033707865 0.6857142857142857 0.651685393258427 0.6428571428571429 0.5997191011235955
1 0.7642857142857142 0.5070224719101124 0.8035714285714286 0.5589887640449438 0.8261904761904761 0.5379213483146067 0.7821428571428571 0.4859550561797753
4 0.7785714285714286 0.7162921348314607 0.8095238095238095 0.7612359550561798 0.8285714285714286 0.7429775280898876 0.794047619047619 0.6938202247191011
1 0.7238095238095238 0.7612359550561798 0.7642857142857142 0.8146067415730337 0.7857142857142857 0.7963483146067416 0.7440476190476191 0.7373595505617978