4 0.29285714285714287 0.6095505617977528 0.27380952380952384 0.6811797752808989 0.3047619047619048 0.6896067415730337 0.3261904761904762 0.6179775280898876
4 0.5071428571428571 0.24578651685393257 0.5035714285714286 0.3103932584269663 0.530952380952381 0.31320224719101125 0.5321428571428571 0.24578651685393257
4 0.7845238095238095 0.7275280898876404 0.7095238095238096 0.7289325842696629 0.7095238095238096 0.773876404494382 0.7904761904761904 0.7710674157303371
1 0.49166666666666664 0.1502808988764045 0.41904761904761906 0.14747191011235955 0.4166666666666667 0.18820224719101122 0.4928571428571429 0.19101123595505617
1 0.4845238095238095 0.19382022471910113 0.4226190476190476 0.19101123595505617 0.42023809523809524 0.22331460674157302 0.48333333333333334 0.2247191011235955
1 0.4869047619047619 0.22752808988764045 0.4154761904761905 0.22752808988764045 0.4154761904761905 0.26685393258426965 0.49047619047619045 0.2612359550561798
1 0.4880952380952381 0.26685393258426965 0.4035714285714286 0.2696629213483146 0.4035714285714286 0.3103932584269663 0.4928571428571429 0.3061797752808989
1 0.48214285714285715 0.3160112359550562 0.4119047619047619 0.3202247191011236 0.4107142857142857 0.35674157303370785 0.48214285714285715 0.3539325842696629
1 0.48095238095238096 0.36235955056179775 0.40714285714285714 0.3595505617977528 0.40714285714285714 0.3960674157303371 0.48095238095238096 0.39747191011235955
1 0.5119047619047619 0.15730337078651685 0.5059523809523809 0.23735955056179775 0.5357142857142857 0.2401685393258427 0.5416666666666666 0.1544943820224719
1 0.5035714285714286 0.3188202247191011 0.5023809523809524 0.39325842696629215 0.5345238095238095 0.39325842696629215 0.5357142857142857 0.31741573033707865
1 0.5023809523809524 0.40870786516853935 0.5011904761904762 0.5014044943820225 0.5345238095238095 0.5014044943820225 0.5380952380952381 0.40730337078651685
1 0.5011904761904762 0.5337078651685393 0.4976190476190476 0.6264044943820225 0.530952380952381 0.6264044943820225 0.5333333333333333 0.5337078651685393
1 0.49404761904761907 0.6404494382022472 0.49166666666666664 0.7359550561797753 0.5214285714285715 0.7373595505617978 0.525 0.6446629213483146
1 0.49523809523809526 0.7612359550561798 0.49047619047619045 0.8553370786516854 0.5214285714285715 0.8567415730337079 0.5238095238095238 0.7584269662921348
1 0.48095238095238096 0.40730337078651685 0.4023809523809524 0.4058988764044944 0.4035714285714286 0.4438202247191011 0.48095238095238096 0.4438202247191011
1 0.48333333333333334 0.45224719101123595 0.4 0.449438202247191 0.4 0.4887640449438202 0.4869047619047619 0.48735955056179775
1 0.4773809523809524 0.49859550561797755 0.39166666666666666 0.4957865168539326 0.39404761904761904 0.5379213483146067 0.4785714285714286 0.5365168539325843
1 0.4738095238095238 0.5491573033707865 0.4023809523809524 0.5435393258426966 0.3976190476190476 0.5786516853932584 0.475 0.5842696629213483
1 0.4785714285714286 0.598314606741573 0.4011904761904762 0.5912921348314607 0.39880952380952384 0.6362359550561798 0.47619047619047616 0.6404494382022472
1 0.4773809523809524 0.6502808988764045 0.39285714285714285 0.6530898876404494 0.39285714285714285 0.6952247191011236 0.48214285714285715 0.6980337078651685
1 0.47023809523809523 0.7106741573033708 0.38333333333333336 0.6980337078651685 0.3761904761904762 0.7359550561797753 0.46785714285714286 0.7443820224719101
1 0.2773809523809524 0.7134831460674157 0.26666666666666666 0.8117977528089888 0.3 0.8132022471910112 0.30714285714285716 0.7148876404494382
1 0.46785714285714286 0.7584269662921348 0.3821428571428571 0.7514044943820225 0.37857142857142856 0.7935393258426966 0.47023809523809523 0.8019662921348315
1 0.4595238095238095 0.8075842696629213 0.3726190476190476 0.8033707865168539 0.37142857142857144 0.851123595505618 0.46190476190476193 0.8469101123595506
1 0.7607142857142857 0.12921348314606743 0.7571428571428571 0.16292134831460675 0.6797619047619048 0.15730337078651685 0.6833333333333333 0.11938202247191011
1 0.825 0.18679775280898878 0.8226190476190476 0.2598314606741573 0.8535714285714285 0.2612359550561798 0.8583333333333333 0.1896067415730337
1 0.7678571428571429 0.16713483146067415 0.6916666666666667 0.16573033707865167 0.694047619047619 0.20084269662921347 0.7702380952380953 0.20224719101123595
1 0.7607142857142857 0.21348314606741572 0.6964285714285714 0.20365168539325842 0.6928571428571428 0.24578651685393257 0.7583333333333333 0.24578651685393257
1 0.7678571428571429 0.24719101123595505 0.6869047619047619 0.24719101123595505 0.6892857142857143 0.28651685393258425 0.7702380952380953 0.28792134831460675
1 0.7738095238095238 0.29634831460674155 0.6892857142857143 0.29213483146067415 0.694047619047619 0.33146067415730335 0.7761904761904762 0.33286516853932585
1 0.7702380952380953 0.3356741573033708 0.6976190476190476 0.33146067415730335 0.6952380952380952 0.37219101123595505 0.7702380952380953 0.3707865168539326
1 0.7833333333333333 0.3792134831460674 0.7011904761904761 0.37219101123595505 0.6976190476190476 0.4143258426966292 0.7845238095238095 0.4199438202247191
1 0.7726190476190476 0.42837078651685395 0.6904761904761905 0.42275280898876405 0.6892857142857143 0.4606741573033708 0.7726190476190476 0.46207865168539325
1 0.7642857142857142 0.4648876404494382 0.6916666666666667 0.46348314606741575 0.6904761904761905 0.5070224719101124 0.7619047619047619 0.5112359550561798
1 0.7773809523809524 0.5154494382022472 0.6857142857142857 0.5140449438202247 0.6857142857142857 0.5589887640449438 0.7785714285714286 0.5589887640449438
1 0.7892857142857143 0.5617977528089888 0.7 0.5575842696629213 0.7 0.6025280898876404 0.7952380952380952 0.6067415730337079
1 0.7845238095238095 0.6207865168539326 0.6880952380952381 0.6165730337078652 0.6892857142857143 0.6558988764044944 0.7880952380952381 0.6573033707865169
1 0.7821428571428571 0.6741573033707865 0.6928571428571428 0.6671348314606742 0.6928571428571428 0.7191011235955056 0.7857142857142857 0.7162921348314607
1 0.7928571428571428 0.7893258426966292 0.7011904761904761 0.7879213483146067 0.7023809523809523 0.8370786516853933 0.7892857142857143 0.8370786516853933
1 0.8571428571428571 0.3553370786516854 0.9083333333333333 0.39185393258426965 0.8940476190476191 0.4199438202247191 0.8357142857142857 0.3848314606741573
1 0.8488095238095238 0.3960674157303371 0.905952380952381 0.44241573033707865 0.8869047619047619 0.4789325842696629 0.8321428571428572 0.42134831460674155
1 0.8345238095238096 0.5632022471910112 0.8476190476190476 0.6629213483146067 0.8869047619047619 0.6558988764044944 0.8726190476190476 0.5575842696629213
1 0.8952380952380953 0.6811797752808989 0.8607142857142858 0.6797752808988764 0.8642857142857143 0.776685393258427 0.9023809523809524 0.7794943820224719
1 0.6345238095238095 0.17837078651685392 0.6321428571428571 0.24719101123595505 0.6642857142857143 0.24859550561797752 0.6630952380952381 0.17837078651685392
1 0.6345238095238095 0.26825842696629215 0.6392857142857142 0.34269662921348315 0.6738095238095239 0.3455056179775281 0.6726190476190477 0.26825842696629215
1 0.6392857142857142 0.36235955056179775 0.6440476190476191 0.44662921348314605 0.680952380952381 0.4452247191011236 0.6773809523809524 0.3637640449438202
1 0.6428571428571429 0.46629213483146065 0.6428571428571429 0.5589887640449438 0.6797619047619048 0.5589887640449438 0.675 0.46769662921348315
1 0.6416666666666667 0.577247191011236 0.6440476190476191 0.6769662921348315 0.6833333333333333 0.6769662921348315 0.680952380952381 0.5800561797752809
1 0.6488095238095238 0.6882022471910112 0.65 0.7907303370786517 0.6880952380952381 0.7907303370786517 0.6833333333333333 0.6867977528089888
1 0.6464285714285715 0.8075842696629213 0.6535714285714286 0.8974719101123596 0.6880952380952381 0.8960674157303371 0.6857142857142857 0.8047752808988764