1 0.2523809523809524 0.7219101123595506 0.24642857142857144 0.7668539325842697 0.3357142857142857 0.7724719101123596 0.3416666666666667 0.7317415730337079
1 0.175 0.46348314606741575 0.17142857142857143 0.5 0.26904761904761904 0.5084269662921348 0.275 0.46629213483146065
1 0.16428571428571428 0.4648876404494382 0.16428571428571428 0.5154494382022472 0.0880952380952381 0.5140449438202247 0.0880952380952381 0.4648876404494382
1 0.175 0.4143258426966292 0.175 0.4592696629213483 0.09642857142857143 0.45786516853932585 0.1 0.4143258426966292
1 0.17976190476190476 0.41292134831460675 0.17857142857142858 0.45224719101123595 0.2773809523809524 0.45646067415730335 0.27976190476190477 0.4143258426966292
1 0.19404761904761905 0.31320224719101125 0.1988095238095238 0.3609550561797753 0.29285714285714287 0.34691011235955055 0.2916666666666667 0.300561797752809
1 0.19285714285714287 0.2654494382022472 0.19166666666666668 0.30758426966292135 0.10119047619047619 0.3089887640449438 0.10357142857142858 0.2598314606741573
1 0.1976190476190476 0.2148876404494382 0.19523809523809524 0.2612359550561798 0.09047619047619047 0.2556179775280899 0.09285714285714286 0.21348314606741572
1 0.19285714285714287 0.16713483146067415 0.19404761904761905 0.20786516853932585 0.08214285714285714 0.20224719101123595 0.0880952380952381 0.1544943820224719
4 0.37023809523809526 0.1502808988764045 0.36904761904761907 0.24578651685393257 0.4119047619047619 0.2443820224719101 0.4107142857142857 0.1502808988764045
3 0.555952380952381 0.1151685393258427 0.5583333333333333 0.34691011235955055 0.6202380952380953 0.3455056179775281 0.6130952380952381 0.11657303370786516