1 0.5047619047619047 0.2752808988764045 0.5083333333333333 0.32162921348314605 0.5321428571428571 0.3146067415730337 0.5273809523809524 0.27247191011235955
1 0.45357142857142857 0.3890449438202247 0.45595238095238094 0.43679775280898875 0.48095238095238096 0.4396067415730337 0.4797619047619048 0.38764044943820225
1 0.37023809523809526 0.15168539325842698 0.37857142857142856 0.16853932584269662 0.41309523809523807 0.1544943820224719 0.40595238095238095 0.13623595505617977
1 0.30357142857142855 0.16432584269662923 0.3142857142857143 0.1896067415730337 0.33095238095238094 0.18398876404494383 0.3202380952380952 0.15870786516853932
1 0.37857142857142856 0.17696629213483145 0.38333333333333336 0.18679775280898878 0.4142857142857143 0.17134831460674158 0.4095238095238095 0.16292134831460675
1 0.38452380952380955 0.19662921348314608 0.39404761904761904 0.20786516853932585 0.4154761904761905 0.19101123595505617 0.4083333333333333 0.18258426966292135
1 0.3130952380952381 0.23174157303370788 0.3130952380952381 0.26685393258426965 0.3333333333333333 0.26825842696629215 0.33095238095238094 0.2303370786516854
1 0.27380952380952384 0.20084269662921347 0.275 0.21629213483146068 0.30952380952380953 0.2205056179775281 0.30833333333333335 0.20646067415730338
1 0.28214285714285714 0.1853932584269663 0.28214285714285714 0.20084269662921347 0.3142857142857143 0.20365168539325842 0.3142857142857143 0.1896067415730337
1 0.37142857142857144 0.2640449438202247 0.37976190476190474 0.27668539325842695 0.4119047619047619 0.25842696629213485 0.4035714285714286 0.23735955056179775
1 0.38333333333333336 0.27808988764044945 0.3904761904761905 0.29213483146067415 0.42142857142857143 0.273876404494382 0.4119047619047619 0.26264044943820225
1 0.3821428571428571 0.29775280898876405 0.3892857142857143 0.3103932584269663 0.42857142857142855 0.2949438202247191 0.41785714285714287 0.27668539325842695
1 0.375 0.3258426966292135 0.3869047619047619 0.3441011235955056 0.42023809523809524 0.32303370786516855 0.4107142857142857 0.3089887640449438
1 0.7202380952380952 0.5365168539325843 0.7261904761904762 0.5786516853932584 0.7523809523809524 0.577247191011236 0.7428571428571429 0.5337078651685393
1 0.8226190476190476 0.5210674157303371 0.8297619047619048 0.5688202247191011 0.8511904761904762 0.5660112359550562 0.8452380952380952 0.5182584269662921
1 0.2654761904761905 0.2710674157303371 0.2714285714285714 0.29775280898876405 0.30833333333333335 0.2907303370786517 0.305952380952381 0.27247191011235955
1 0.2571428571428571 0.30758426966292135 0.25595238095238093 0.3342696629213483 0.3 0.33286516853932585 0.3 0.3089887640449438
1 0.25595238095238093 0.35252808988764045 0.2571428571428571 0.37219101123595505 0.305952380952381 0.36657303370786515 0.30238095238095236 0.34691011235955055
1 0.36904761904761907 0.4592696629213483 0.3678571428571429 0.5084269662921348 0.3892857142857143 0.5084269662921348 0.3892857142857143 0.4592696629213483
1 0.34404761904761905 0.4550561797752809 0.34285714285714286 0.5042134831460674 0.36666666666666664 0.5042134831460674 0.36428571428571427 0.4550561797752809
1 0.31785714285714284 0.45224719101123595 0.31666666666666665 0.5014044943820225 0.3404761904761905 0.5014044943820225 0.3380952380952381 0.45224719101123595
1 0.2892857142857143 0.45365168539325845 0.28809523809523807 0.5028089887640449 0.3119047619047619 0.5028089887640449 0.30952380952380953 0.45365168539325845
1 0.2654761904761905 0.44662921348314605 0.2642857142857143 0.4957865168539326 0.28809523809523807 0.4957865168539326 0.2857142857142857 0.44662921348314605
1 0.36904761904761907 0.5112359550561798 0.3678571428571429 0.5603932584269663 0.39166666666666666 0.5603932584269663 0.3892857142857143 0.5112359550561798
1 0.2630952380952381 0.550561797752809 0.2642857142857143 0.5730337078651685 0.3119047619047619 0.574438202247191 0.3119047619047619 0.5547752808988764
1 0.2714285714285714 0.5042134831460674 0.2726190476190476 0.526685393258427 0.3202380952380952 0.5280898876404494 0.3202380952380952 0.5084269662921348
1 0.2702380952380952 0.526685393258427 0.2714285714285714 0.5491573033707865 0.319047619047619 0.550561797752809 0.319047619047619 0.5308988764044944
1 0.2630952380952381 0.574438202247191 0.2642857142857143 0.5969101123595506 0.3119047619047619 0.598314606741573 0.3119047619047619 0.5786516853932584
1 0.2619047619047619 0.5955056179775281 0.2630952380952381 0.6179775280898876 0.3107142857142857 0.6193820224719101 0.3107142857142857 0.5997191011235955
1 0.2571428571428571 0.6221910112359551 0.25833333333333336 0.6446629213483146 0.305952380952381 0.6460674157303371 0.305952380952381 0.6264044943820225
1 0.24523809523809523 0.6502808988764045 0.24642857142857144 0.672752808988764 0.29404761904761906 0.6741573033707865 0.29404761904761906 0.6544943820224719
1 0.25 0.6783707865168539 0.2511904761904762 0.7008426966292135 0.2988095238095238 0.702247191011236 0.2988095238095238 0.6825842696629213
1 0.25 0.7064606741573034 0.2511904761904762 0.7289325842696629 0.2988095238095238 0.7303370786516854 0.2988095238095238 0.7106741573033708
1 0.2523809523809524 0.7331460674157303 0.25357142857142856 0.7556179775280899 0.3011904761904762 0.7570224719101124 0.3011904761904762 0.7373595505617978
1 0.2511904761904762 0.7626404494382022 0.2523809523809524 0.7851123595505618 0.3 0.7865168539325843 0.3 0.7668539325842697
1 0.24642857142857144 0.7963483146067416 0.24761904761904763 0.8188202247191011 0.29523809523809524 0.8202247191011236 0.29523809523809524 0.800561797752809
1 0.3761904761904762 0.7626404494382022 0.3726190476190476 0.8202247191011236 0.39404761904761904 0.8202247191011236 0.3964285714285714 0.7640449438202247
1 0.4607142857142857 0.8202247191011236 0.46190476190476193 0.8707865168539326 0.4857142857142857 0.8721910112359551 0.4869047619047619 0.8160112359550562
1 0.75 0.7626404494382022 0.7595238095238095 0.8202247191011236 0.7857142857142857 0.8146067415730337 0.7761904761904762 0.7584269662921348
1 0.2226190476190476 0.8300561797752809 0.2226190476190476 0.8595505617977528 0.28095238095238095 0.8539325842696629 0.2785714285714286 0.8286516853932584