3 0.26904761904761904 0.273876404494382 0.25952380952380955 0.5 0.30714285714285716 0.49719101123595505 0.30952380952380953 0.2696629213483146
3 0.36428571428571427 0.38202247191011235 0.37023809523809526 0.45365168539325845 0.6107142857142858 0.42837078651685395 0.6011904761904762 0.3693820224719101
3 0.3595238095238095 0.3455056179775281 0.3630952380952381 0.39325842696629215 0.6142857142857143 0.37219101123595505 0.6083333333333333 0.324438202247191
3 0.36666666666666664 0.3061797752808989 0.37142857142857144 0.34831460674157305 0.6107142857142858 0.33286516853932585 0.6023809523809524 0.2893258426966292
3 0.37142857142857144 0.27808988764044945 0.3761904761904762 0.3188202247191011 0.6083333333333333 0.2991573033707865 0.6 0.2612359550561798
3 0.34523809523809523 0.25280898876404495 0.3476190476190476 0.30758426966292135 0.5678571428571428 0.26685393258426965 0.555952380952381 0.21348314606741572
3 0.3523809523809524 0.5435393258426966 0.34523809523809523 0.5870786516853933 0.6095238095238096 0.5603932584269663 0.6083333333333333 0.5112359550561798
3 0.34404761904761905 0.5898876404494382 0.3464285714285714 0.6390449438202247 0.6142857142857143 0.6179775280898876 0.6083333333333333 0.5561797752808989
3 0.3333333333333333 0.6418539325842697 0.3261904761904762 0.6867977528089888 0.625 0.6657303370786517 0.6202380952380953 0.6165730337078652
3 0.3273809523809524 0.7542134831460674 0.3333333333333333 0.8188202247191011 0.6142857142857143 0.7851123595505618 0.6083333333333333 0.7275280898876404
3 0.3273809523809524 0.6938202247191011 0.32857142857142857 0.7542134831460674 0.6238095238095238 0.723314606741573 0.6202380952380953 0.6558988764044944
3 0.3547619047619048 0.8216292134831461 0.35714285714285715 0.8862359550561798 0.6678571428571428 0.8398876404494382 0.65 0.7570224719101124
3 0.6666666666666666 0.7514044943820225 0.6833333333333333 0.824438202247191 0.9154761904761904 0.7808988764044944 0.8964285714285715 0.6952247191011236
3 0.6821428571428572 0.8230337078651685 0.6964285714285714 0.8735955056179775 0.9285714285714286 0.8398876404494382 0.9142857142857143 0.773876404494382
3 0.6321428571428571 0.6221910112359551 0.6452380952380953 0.6797752808988764 0.9083333333333333 0.6474719101123596 0.9011904761904762 0.5814606741573034
3 0.625 0.5617977528089888 0.6404761904761904 0.6292134831460674 0.9130952380952381 0.5926966292134831 0.9023809523809524 0.523876404494382
3 0.6226190476190476 0.5168539325842697 0.6309523809523809 0.5786516853932584 0.9011904761904762 0.5379213483146067 0.8952380952380953 0.4859550561797753
3 0.6821428571428572 0.47752808988764045 0.6916666666666667 0.5337078651685393 0.9392857142857143 0.5028089887640449 0.9285714285714286 0.4452247191011236
3 0.6202380952380953 0.43679775280898875 0.6345238095238095 0.5070224719101124 0.9214285714285714 0.46207865168539325 0.9095238095238095 0.3960674157303371
3 0.6285714285714286 0.4101123595505618 0.6333333333333333 0.45224719101123595 0.9154761904761904 0.4157303370786517 0.9071428571428571 0.36235955056179775
3 0.6154761904761905 0.25702247191011235 0.6226190476190476 0.3103932584269663 0.8654761904761905 0.28370786516853935 0.85 0.22893258426966293
3 0.575 0.22331460674157302 0.575 0.2696629213483146 0.805952380952381 0.24578651685393257 0.7964285714285714 0.1952247191011236
3 0.5702380952380952 0.1699438202247191 0.5773809523809523 0.22612359550561797 0.8154761904761905 0.20365168539325842 0.8023809523809524 0.13623595505617977
2 0.3357142857142857 0.19241573033707865 0.3464285714285714 0.25280898876404495 0.5630952380952381 0.21910112359550563 0.5511904761904762 0.1544943820224719
2 0.35 0.4705056179775281 0.35595238095238096 0.5435393258426966 0.6107142857142858 0.5112359550561798 0.6035714285714285 0.43820224719101125
2 0.3488095238095238 0.13342696629213482 0.3523809523809524 0.1896067415730337 0.575 0.15730337078651685 0.5702380952380952 0.09691011235955056