1 0.7226190476190476 0.7387640449438202 0.7035714285714286 0.7752808988764045 0.775 0.8216292134831461 0.7916666666666666 0.7851123595505618
1 0.18452380952380953 0.3146067415730337 0.16428571428571428 0.34129213483146065 0.22738095238095238 0.3806179775280899 0.24642857142857144 0.34831460674157305
1 0.24523809523809523 0.35252808988764045 0.22976190476190475 0.37219101123595505 0.28095238095238095 0.40730337078651685 0.29642857142857143 0.38202247191011235
1 0.37023809523809526 0.41713483146067415 0.3488095238095238 0.44241573033707865 0.40595238095238095 0.476123595505618 0.4238095238095238 0.4508426966292135
1 0.42857142857142855 0.4550561797752809 0.4107142857142857 0.4803370786516854 0.4654761904761905 0.5112359550561798 0.48214285714285715 0.4859550561797753
1 0.4880952380952381 0.4887640449438202 0.4714285714285714 0.5126404494382022 0.5273809523809524 0.5449438202247191 0.5404761904761904 0.5210674157303371
1 0.5523809523809524 0.5224719101123596 0.5369047619047619 0.5463483146067416 0.5928571428571429 0.5814606741573034 0.6083333333333333 0.550561797752809
1 0.6130952380952381 0.5575842696629213 0.6011904761904762 0.5786516853932584 0.6595238095238095 0.6278089887640449 0.6714285714285714 0.5941011235955056
1 0.6785714285714286 0.5898876404494382 0.6583333333333333 0.6278089887640449 0.7273809523809524 0.6615168539325843 0.7416666666666667 0.6264044943820225
1 0.7571428571428571 0.6348314606741573 0.7428571428571429 0.675561797752809 0.8095238095238095 0.7050561797752809 0.8261904761904761 0.6615168539325843
1 0.8345238095238096 0.6839887640449438 0.8214285714285714 0.7176966292134831 0.8869047619047619 0.7570224719101124 0.9011904761904762 0.7162921348314607