1 0.2702380952380952 0.7205056179775281 0.25357142857142856 0.7443820224719101 0.3142857142857143 0.7949438202247191 0.33095238095238094 0.7710674157303371
1 0.35714285714285715 0.5716292134831461 0.3404761904761905 0.5955056179775281 0.4011904761904762 0.6390449438202247 0.41785714285714287 0.6193820224719101
1 0.4083333333333333 0.47331460674157305 0.39404761904761904 0.49719101123595505 0.4452380952380952 0.5463483146067416 0.4595238095238095 0.523876404494382
1 0.5119047619047619 0.3398876404494382 0.4988095238095238 0.36235955056179775 0.5583333333333333 0.40730337078651685 0.5714285714285714 0.38202247191011235
1 0.5369047619047619 0.3047752808988764 0.5261904761904762 0.32724719101123595 0.5785714285714286 0.36797752808988765 0.5904761904761905 0.34269662921348315
1 0.5916666666666667 0.21348314606741572 0.5797619047619048 0.2303370786516854 0.6285714285714286 0.27808988764044945 0.6440476190476191 0.25842696629213485
1 0.680952380952381 0.18820224719101122 0.6976190476190476 0.16292134831460675 0.638095238095238 0.10674157303370786 0.6190476190476191 0.14325842696629212
1 0.39404761904761904 0.8132022471910112 0.37976190476190474 0.8412921348314607 0.44047619047619047 0.8918539325842697 0.4607142857142857 0.8623595505617978
1 0.40595238095238095 0.7963483146067416 0.46904761904761905 0.8455056179775281 0.4845238095238095 0.8117977528089888 0.42142857142857143 0.7626404494382022
1 0.444047619047619 0.7303370786516854 0.42857142857142855 0.7570224719101124 0.4928571428571429 0.8033707865168539 0.5083333333333333 0.776685393258427
1 0.46785714285714286 0.6797752808988764 0.4511904761904762 0.7078651685393258 0.513095238095238 0.7542134831460674 0.5285714285714286 0.7275280898876404
1 0.48928571428571427 0.6376404494382022 0.475 0.6699438202247191 0.5345238095238095 0.7092696629213483 0.55 0.6783707865168539
1 0.513095238095238 0.5955056179775281 0.4988095238095238 0.6221910112359551 0.5583333333333333 0.6685393258426966 0.5726190476190476 0.6418539325842697
1 0.5369047619047619 0.5547752808988764 0.5238095238095238 0.5856741573033708 0.5821428571428572 0.6278089887640449 0.5952380952380952 0.5997191011235955
1 0.5571428571428572 0.5182584269662921 0.5428571428571428 0.5449438202247191 0.6011904761904762 0.5870786516853933 0.6142857142857143 0.5575842696629213
1 0.5773809523809523 0.47331460674157305 0.5607142857142857 0.5014044943820225 0.6202380952380953 0.5449438202247191 0.6321428571428571 0.5182584269662921
1 0.6226190476190476 0.3960674157303371 0.6107142857142858 0.4241573033707865 0.6678571428571428 0.46207865168539325 0.6845238095238095 0.4339887640449438
1 0.6619047619047619 0.32303370786516855 0.65 0.3539325842696629 0.7095238095238096 0.3904494382022472 0.7238095238095238 0.3595505617977528
1 0.6833333333333333 0.28370786516853935 0.6642857142857143 0.31179775280898875 0.7238095238095238 0.351123595505618 0.7392857142857143 0.3188202247191011
1 0.7071428571428572 0.23735955056179775 0.6892857142857143 0.26264044943820225 0.7523809523809524 0.30758426966292135 0.7714285714285715 0.2794943820224719
1 0.7583333333333333 0.1544943820224719 0.7392857142857143 0.18398876404494383 0.805952380952381 0.2303370786516854 0.825 0.20224719101123595
1 0.8321428571428572 0.18820224719101122 0.8488095238095238 0.15589887640449437 0.7821428571428571 0.11095505617977527 0.763095238095238 0.1446629213483146
1 0.736904761904762 0.47752808988764045 0.725 0.5042134831460674 0.7845238095238095 0.5463483146067416 0.7964285714285714 0.5140449438202247
1 0.7119047619047619 0.5252808988764045 0.6976190476190476 0.5533707865168539 0.7559523809523809 0.5955056179775281 0.7726190476190476 0.5646067415730337
1 0.6904761904761905 0.5646067415730337 0.6773809523809524 0.5926966292134831 0.7380952380952381 0.625 0.7523809523809524 0.5997191011235955
1 0.65 0.6390449438202247 0.6357142857142857 0.6713483146067416 0.7071428571428572 0.7120786516853933 0.7178571428571429 0.6839887640449438
1 0.6345238095238095 0.6797752808988764 0.6202380952380953 0.7106741573033708 0.6797619047619048 0.7514044943820225 0.6952380952380952 0.7219101123595506
1 0.6095238095238096 0.7176966292134831 0.5964285714285714 0.75 0.6607142857142857 0.7893258426966292 0.669047619047619 0.7570224719101124
1 0.5904761904761905 0.7570224719101124 0.575 0.7893258426966292 0.638095238095238 0.8286516853932584 0.6511904761904762 0.7949438202247191
1 0.8345238095238096 0.32303370786516855 0.8202380952380952 0.3553370786516854 0.8845238095238095 0.398876404494382 0.8952380952380953 0.3693820224719101
1 0.8178571428571428 0.5126404494382022 0.8023809523809524 0.5393258426966292 0.8738095238095238 0.5828651685393258 0.888095238095238 0.5561797752808989
1 0.8 0.550561797752809 0.7857142857142857 0.5814606741573034 0.85 0.6207865168539326 0.8642857142857143 0.5926966292134831
1 0.780952380952381 0.5870786516853933 0.7666666666666667 0.6165730337078652 0.830952380952381 0.6587078651685393 0.8476190476190476 0.6278089887640449
1 0.7619047619047619 0.6292134831460674 0.7452380952380953 0.6573033707865169 0.8119047619047619 0.702247191011236 0.8261904761904761 0.6699438202247191
1 0.7416666666666667 0.6671348314606742 0.7261904761904762 0.6966292134831461 0.7904761904761904 0.7415730337078652 0.8047619047619048 0.7106741573033708
1 0.719047619047619 0.7106741573033708 0.7047619047619048 0.7443820224719101 0.7726190476190476 0.7893258426966292 0.7821428571428571 0.7542134831460674
1 0.6976190476190476 0.7556179775280899 0.6833333333333333 0.7837078651685393 0.7511904761904762 0.8300561797752809 0.763095238095238 0.800561797752809
1 0.6773809523809524 0.7921348314606742 0.6642857142857143 0.824438202247191 0.7273809523809524 0.8764044943820225 0.7452380952380953 0.848314606741573
1 0.8380952380952381 0.8103932584269663 0.8226190476190476 0.8426966292134831 0.8821428571428571 0.8820224719101124 0.8976190476190476 0.848314606741573
1 0.8583333333333333 0.7668539325842697 0.8464285714285714 0.7991573033707865 0.9 0.8356741573033708 0.9119047619047619 0.8047752808988764