1 0.16785714285714284 0.15589887640449437 0.15833333333333333 0.17134831460674158 0.13452380952380952 0.15308988764044945 0.14523809523809525 0.14185393258426968
1 0.21428571428571427 0.2949438202247191 0.1976190476190476 0.3061797752808989 0.1761904761904762 0.2851123595505618 0.19404761904761905 0.27247191011235955
1 0.33095238095238094 0.28230337078651685 0.31666666666666665 0.29634831460674155 0.2869047619047619 0.2710674157303371 0.30357142857142855 0.2556179775280899
1 0.37023809523809526 0.3047752808988764 0.3630952380952381 0.3160112359550562 0.32857142857142857 0.29775280898876405 0.3404761904761905 0.28230337078651685
1 0.4154761904761905 0.3300561797752809 0.40476190476190477 0.3497191011235955 0.37023809523809526 0.324438202247191 0.38452380952380955 0.30758426966292135
1 0.4261904761904762 0.33848314606741575 0.41904761904761906 0.35252808988764045 0.4511904761904762 0.375 0.4607142857142857 0.36235955056179775
1 0.5416666666666666 0.40730337078651685 0.530952380952381 0.42696629213483145 0.5726190476190476 0.45224719101123595 0.5904761904761905 0.4353932584269663
1 0.5666666666666667 0.3693820224719101 0.555952380952381 0.3904494382022472 0.6 0.4157303370786517 0.6095238095238096 0.3946629213483146
1 0.6309523809523809 0.4648876404494382 0.6214285714285714 0.48174157303370785 0.5785714285714286 0.45365168539325845 0.5904761904761905 0.4353932584269663
1 0.8166666666666667 0.5716292134831461 0.8011904761904762 0.5955056179775281 0.8392857142857143 0.625 0.8547619047619047 0.6053370786516854
1 0.5476190476190477 0.6123595505617978 0.5321428571428571 0.601123595505618 0.5059523809523809 0.6418539325842697 0.5214285714285715 0.6530898876404494
1 0.3380952380952381 0.21207865168539325 0.32976190476190476 0.2247191011235955 0.3535714285714286 0.24157303370786518 0.36428571428571427 0.2303370786516854
1 0.4083333333333333 0.24719101123595505 0.3964285714285714 0.2654494382022472 0.3630952380952381 0.24578651685393257 0.3761904761904762 0.22752808988764045
1 0.4654761904761905 0.2949438202247191 0.4511904761904762 0.3146067415730337 0.4976190476190476 0.3441011235955056 0.5107142857142857 0.3258426966292135
1 0.5595238095238095 0.2752808988764045 0.5345238095238095 0.31179775280898875 0.55 0.32303370786516855 0.575 0.2893258426966292
1 0.5607142857142857 0.5056179775280899 0.544047619047619 0.5196629213483146 0.5714285714285714 0.5561797752808989 0.5880952380952381 0.5407303370786517
1 0.16785714285714284 0.4957865168539326 0.14047619047619048 0.5351123595505618 0.12380952380952381 0.523876404494382 0.1488095238095238 0.48735955056179775
1 0.18571428571428572 0.5210674157303371 0.1523809523809524 0.5519662921348315 0.14404761904761904 0.5351123595505618 0.1761904761904762 0.5070224719101124