1 0.7904761904761904 0.22331460674157302 0.8166666666666667 0.2401685393258427 0.7892857142857143 0.273876404494382 0.7678571428571429 0.2542134831460674
1 0.8523809523809524 0.8202247191011236 0.875 0.851123595505618 0.8226190476190476 0.898876404494382 0.7952380952380952 0.8721910112359551
1 0.7988095238095239 0.7823033707865169 0.8226190476190476 0.8160112359550562 0.7738095238095238 0.8707865168539326 0.7488095238095238 0.8441011235955056
1 0.7297619047619047 0.8075842696629213 0.7559523809523809 0.8314606741573034 0.7988095238095239 0.7837078651685393 0.7821428571428571 0.7556179775280899
1 0.7011904761904761 0.7724719101123596 0.7214285714285714 0.797752808988764 0.7690476190476191 0.7485955056179775 0.75 0.726123595505618
1 0.6678571428571428 0.7387640449438202 0.694047619047619 0.7626404494382022 0.7392857142857143 0.7134831460674157 0.7142857142857143 0.6882022471910112
1 0.6130952380952381 0.6882022471910112 0.6369047619047619 0.7120786516853933 0.6821428571428572 0.6671348314606742 0.6619047619047619 0.6390449438202247
1 0.5738095238095238 0.6460674157303371 0.6047619047619047 0.6769662921348315 0.6535714285714286 0.6334269662921348 0.6321428571428571 0.6081460674157303
1 0.5583333333333333 0.6179775280898876 0.575 0.6418539325842697 0.6226190476190476 0.6039325842696629 0.6035714285714285 0.5814606741573034
1 0.5404761904761904 0.5969101123595506 0.5547619047619048 0.6151685393258427 0.6011904761904762 0.5856741573033708 0.5880952380952381 0.5603932584269663
1 0.5214285714285715 0.577247191011236 0.5297619047619048 0.598314606741573 0.5880952380952381 0.5617977528089888 0.5678571428571428 0.5365168539325843
1 0.4976190476190476 0.5533707865168539 0.5202380952380953 0.577247191011236 0.5511904761904762 0.5421348314606742 0.530952380952381 0.5224719101123596
1 0.4666666666666667 0.5294943820224719 0.49166666666666664 0.550561797752809 0.530952380952381 0.5126404494382022 0.5107142857142857 0.49157303370786515
1 0.41904761904761906 0.47752808988764045 0.43452380952380953 0.5 0.4845238095238095 0.46769662921348315 0.46785714285714286 0.44803370786516855
1 0.38095238095238093 0.4339887640449438 0.3952380952380952 0.4550561797752809 0.44761904761904764 0.4241573033707865 0.43333333333333335 0.4044943820224719
1 0.35 0.4101123595505618 0.36904761904761907 0.4297752808988764 0.4154761904761905 0.4044943820224719 0.40476190476190477 0.37640449438202245
1 0.32261904761904764 0.3806179775280899 0.34404761904761905 0.398876404494382 0.39404761904761904 0.37219101123595505 0.3761904761904762 0.3497191011235955