1 0.6797619047619048 0.5716292134831461 0.680952380952381 0.6629213483146067 0.7214285714285714 0.6643258426966292 0.7202380952380952 0.5716292134831461
1 0.6880952380952381 0.4606741573033708 0.6869047619047619 0.5533707865168539 0.7238095238095238 0.5547752808988764 0.7238095238095238 0.4606741573033708
1 0.6964285714285714 0.34691011235955055 0.6869047619047619 0.4339887640449438 0.719047619047619 0.4396067415730337 0.7273809523809524 0.3539325842696629
1 0.6916666666666667 0.27668539325842695 0.6952380952380952 0.35814606741573035 0.7273809523809524 0.3553370786516854 0.7238095238095238 0.273876404494382
1 0.6916666666666667 0.19241573033707865 0.6904761904761905 0.27247191011235955 0.7273809523809524 0.273876404494382 0.7285714285714285 0.19382022471910113
1 0.6928571428571428 0.1853932584269663 0.7321428571428571 0.1853932584269663 0.7345238095238096 0.11797752808988764 0.6964285714285714 0.11797752808988764
1 0.5714285714285714 0.15589887640449437 0.6333333333333333 0.19662921348314608 0.65 0.15730337078651685 0.5892857142857143 0.12078651685393259
1 0.5726190476190476 0.19382022471910113 0.6261904761904762 0.24578651685393257 0.65 0.21769662921348315 0.5952380952380952 0.16432584269662923
1 0.5607142857142857 0.273876404494382 0.6190476190476191 0.3300561797752809 0.638095238095238 0.3047752808988764 0.5845238095238096 0.25
1 0.5583333333333333 0.3356741573033708 0.6107142857142858 0.3862359550561798 0.6297619047619047 0.3553370786516854 0.5785714285714286 0.30196629213483145
1 0.5488095238095239 0.39325842696629215 0.6083333333333333 0.4396067415730337 0.6261904761904762 0.40870786516853935 0.5714285714285714 0.3609550561797753
1 0.544047619047619 0.4508426966292135 0.6142857142857143 0.49157303370786515 0.6285714285714286 0.45365168539325845 0.5607142857142857 0.41151685393258425
1 0.5535714285714286 0.49297752808988765 0.6071428571428571 0.5449438202247191 0.6321428571428571 0.5126404494382022 0.575 0.46207865168539325
1 0.5535714285714286 0.5435393258426966 0.6047619047619047 0.601123595505618 0.6309523809523809 0.5730337078651685 0.580952380952381 0.5168539325842697
1 0.5416666666666666 0.6137640449438202 0.6 0.6601123595505618 0.6214285714285714 0.6278089887640449 0.5619047619047619 0.5786516853932584
1 0.5404761904761904 0.7275280898876404 0.5869047619047619 0.6657303370786517 0.5642857142857143 0.6334269662921348 0.5154761904761904 0.6910112359550562
1 0.4857142857142857 0.8188202247191011 0.4869047619047619 0.8651685393258427 0.5619047619047619 0.8651685393258427 0.5607142857142857 0.8188202247191011
1 0.4880952380952381 0.5674157303370787 0.4880952380952381 0.6741573033707865 0.5261904761904762 0.6699438202247191 0.5261904761904762 0.5716292134831461
4 0.5071428571428571 0.4550561797752809 0.5023809523809524 0.550561797752809 0.5369047619047619 0.5519662921348315 0.5392857142857143 0.4592696629213483
4 0.5190476190476191 0.3539325842696629 0.5142857142857142 0.43820224719101125 0.5488095238095239 0.43820224719101125 0.55 0.3539325842696629
1 0.5226190476190476 0.2443820224719101 0.5190476190476191 0.31320224719101125 0.5547619047619048 0.31320224719101125 0.5547619047619048 0.24578651685393257
1 0.525 0.22191011235955055 0.5583333333333333 0.22752808988764045 0.5642857142857143 0.15730337078651685 0.530952380952381 0.1544943820224719
1 0.45357142857142857 0.17275280898876405 0.4928571428571429 0.17275280898876405 0.5 0.10674157303370786 0.4595238095238095 0.0997191011235955
1 0.4297619047619048 0.20646067415730338 0.44166666666666665 0.13764044943820225 0.4107142857142857 0.1348314606741573 0.39880952380952384 0.20365168539325842
1 0.39404761904761904 0.28651685393258425 0.42738095238095236 0.28370786516853935 0.4297619047619048 0.20646067415730338 0.3964285714285714 0.20786516853932585
1 0.4142857142857143 0.41292134831460675 0.3952380952380952 0.5112359550561798 0.35833333333333334 0.49719101123595505 0.37857142857142856 0.4058988764044944
1 0.39285714285714285 0.523876404494382 0.3869047619047619 0.6095505617977528 0.3488095238095238 0.6039325842696629 0.3547619047619048 0.5210674157303371
2 0.375 0.7626404494382022 0.3880952380952381 0.6109550561797753 0.3357142857142857 0.601123595505618 0.3202380952380952 0.7556179775280899
1 0.26904761904761904 0.7907303370786517 0.35 0.8258426966292135 0.36547619047619045 0.7780898876404494 0.28214285714285714 0.7415730337078652
1 0.26785714285714285 0.8117977528089888 0.25952380952380955 0.8581460674157303 0.3345238095238095 0.875 0.34285714285714286 0.8258426966292135
4 0.13095238095238096 0.8426966292134831 0.2261904761904762 0.8497191011235955 0.22738095238095238 0.8019662921348315 0.13690476190476192 0.7907303370786517
4 0.16666666666666666 0.7696629213483146 0.25952380952380955 0.7808988764044944 0.26666666666666666 0.7331460674157303 0.17261904761904762 0.726123595505618
1 0.18571428571428572 0.672752808988764 0.17976190476190476 0.7148876404494382 0.2630952380952381 0.7289325842696629 0.275 0.6811797752808989
1 0.1869047619047619 0.6235955056179775 0.1869047619047619 0.6671348314606742 0.2773809523809524 0.6643258426966292 0.27976190476190477 0.6221910112359551
1 0.21428571428571427 0.5547752808988764 0.20357142857142857 0.5955056179775281 0.2761904761904762 0.6207865168539326 0.2892857142857143 0.5800561797752809
1 0.21428571428571427 0.5210674157303371 0.21428571428571427 0.5632022471910112 0.2976190476190476 0.5646067415730337 0.2976190476190476 0.5210674157303371
1 0.2154761904761905 0.4803370786516854 0.2154761904761905 0.5182584269662921 0.3 0.5126404494382022 0.2976190476190476 0.4747191011235955
1 0.22857142857142856 0.41151685393258425 0.2154761904761905 0.45365168539325845 0.29404761904761906 0.4845505617977528 0.3107142857142857 0.44662921348314605
1 0.24404761904761904 0.3862359550561798 0.2392857142857143 0.425561797752809 0.3107142857142857 0.4297752808988764 0.3107142857142857 0.39185393258426965
1 0.2619047619047619 0.3455056179775281 0.25595238095238093 0.3792134831460674 0.3273809523809524 0.39747191011235955 0.3380952380952381 0.36235955056179775
1 0.2011904761904762 0.5126404494382022 0.18571428571428572 0.5969101123595506 0.1523809523809524 0.5898876404494382 0.16785714285714284 0.5042134831460674
1 0.16428571428571428 0.6151685393258427 0.125 0.6882022471910112 0.0988095238095238 0.6671348314606742 0.12976190476190477 0.598314606741573
1 0.14047619047619048 0.577247191011236 0.09642857142857143 0.6348314606741573 0.07738095238095238 0.6067415730337079 0.11904761904761904 0.5519662921348315
1 0.10119047619047619 0.5323033707865169 0.15476190476190477 0.5028089887640449 0.14047619047619048 0.46769662921348315 0.08928571428571429 0.4957865168539326
1 0.11904761904761904 0.425561797752809 0.07261904761904762 0.46207865168539325 0.09523809523809523 0.4957865168539326 0.14166666666666666 0.45786516853932585
3 0.1595238095238095 0.43258426966292135 0.21666666666666667 0.36235955056179775 0.18452380952380953 0.33848314606741575 0.13095238095238096 0.41151685393258425
1 0.125 0.3398876404494382 0.19404761904761905 0.34129213483146065 0.1976190476190476 0.30196629213483145 0.125 0.2991573033707865
1 0.1357142857142857 0.2640449438202247 0.20833333333333334 0.2808988764044944 0.2 0.31741573033707865 0.12380952380952381 0.3061797752808989
1 0.14285714285714285 0.22331460674157302 0.2119047619047619 0.24297752808988765 0.20357142857142857 0.27668539325842695 0.13095238095238096 0.2598314606741573
1 0.15476190476190477 0.18398876404494383 0.2261904761904762 0.20786516853932585 0.2130952380952381 0.25 0.14404761904761904 0.2205056179775281
1 0.2642857142857143 0.22752808988764045 0.3380952380952381 0.22191011235955055 0.3392857142857143 0.1797752808988764 0.2642857142857143 0.1853932584269663
1 0.2773809523809524 0.13904494382022473 0.2726190476190476 0.18258426966292135 0.34523809523809523 0.1896067415730337 0.35 0.1446629213483146