1 0.8369047619047619 0.49157303370786515 0.8690476190476191 0.46348314606741575 0.8511904761904762 0.4452247191011236 0.8178571428571428 0.4705056179775281
1 0.8178571428571428 0.49859550561797755 0.7845238095238095 0.5252808988764045 0.7654761904761904 0.5112359550561798 0.8023809523809524 0.48174157303370785
1 0.7535714285714286 0.5210674157303371 0.7107142857142857 0.5491573033707865 0.7273809523809524 0.5688202247191011 0.7678571428571429 0.5393258426966292
1 0.6880952380952381 0.5674157303370787 0.65 0.5969101123595506 0.6678571428571428 0.6165730337078652 0.7023809523809523 0.5926966292134831
1 0.6166666666666667 0.6278089887640449 0.5702380952380952 0.6671348314606742 0.5892857142857143 0.6853932584269663 0.6285714285714286 0.648876404494382
1 0.569047619047619 0.6882022471910112 0.5285714285714286 0.7247191011235955 0.513095238095238 0.7008426966292135 0.555952380952381 0.6685393258426966
1 0.5178571428571429 0.7331460674157303 0.4726190476190476 0.7682584269662921 0.45714285714285713 0.7457865168539326 0.5035714285714286 0.7120786516853933
0 0.5202380952380953 0.7457865168539326 0.43214285714285716 0.8174157303370787 0.44642857142857145 0.8384831460674157 0.5357142857142857 0.7682584269662921
1 0.4297619047619048 0.7640449438202247 0.38452380952380955 0.8061797752808989 0.39880952380952384 0.8258426966292135 0.44642857142857145 0.7823033707865169
1 0.36428571428571427 0.8188202247191011 0.3047619047619048 0.8581460674157303 0.31547619047619047 0.8806179775280899 0.375 0.8426966292134831
1 0.6416666666666667 0.7092696629213483 0.6892857142857143 0.7148876404494382 0.6892857142857143 0.6811797752808989 0.6440476190476191 0.6769662921348315
1 0.7083333333333334 0.6264044943820225 0.7035714285714286 0.6474719101123596 0.7559523809523809 0.6671348314606742 0.7654761904761904 0.6502808988764045
1 0.7452380952380953 0.625 0.7976190476190477 0.625 0.7988095238095239 0.5941011235955056 0.7464285714285714 0.5941011235955056
1 0.3011904761904762 0.3441011235955056 0.3273809523809524 0.37219101123595505 0.3464285714285714 0.3609550561797753 0.319047619047619 0.33146067415730335
1 0.37976190476190474 0.43679775280898875 0.4035714285714286 0.46348314606741575 0.425 0.44803370786516855 0.3976190476190476 0.4199438202247191
1 0.7238095238095238 0.20926966292134833 0.7619047619047619 0.23595505617977527 0.7726190476190476 0.22331460674157302 0.736904761904762 0.19662921348314608
1 0.7464285714285714 0.1896067415730337 0.7833333333333333 0.21629213483146068 0.7916666666666666 0.20365168539325842 0.7595238095238095 0.17837078651685392
1 0.7702380952380953 0.1797752808988764 0.8035714285714286 0.20365168539325842 0.8178571428571428 0.18820224719101122 0.7845238095238095 0.16713483146067415
1 0.8023809523809524 0.16151685393258428 0.8416666666666667 0.18398876404494383 0.8523809523809524 0.16292134831460675 0.8166666666666667 0.14606741573033707
1 0.8345238095238096 0.13764044943820225 0.8642857142857143 0.16713483146067415 0.875 0.15168539325842698 0.8476190476190476 0.12780898876404495
1 0.861904761904762 0.2556179775280899 0.8369047619047619 0.27808988764044945 0.8511904761904762 0.29353932584269665 0.875 0.2696629213483146
1 0.8178571428571428 0.2851123595505618 0.7845238095238095 0.3089887640449438 0.7988095238095239 0.32865168539325845 0.8285714285714286 0.30337078651685395
1 0.7785714285714286 0.31179775280898875 0.7464285714285714 0.33707865168539325 0.7595238095238095 0.3539325842696629 0.7916666666666666 0.33286516853932585
1 0.7392857142857143 0.34129213483146065 0.6988095238095238 0.36797752808988765 0.7119047619047619 0.38342696629213485 0.75 0.35814606741573035
1 0.6916666666666667 0.36657303370786515 0.655952380952381 0.3946629213483146 0.6678571428571428 0.4143258426966292 0.7071428571428572 0.38764044943820225
1 0.6666666666666666 0.33707865168539325 0.6369047619047619 0.37219101123595505 0.6511904761904762 0.38764044943820225 0.6821428571428572 0.3497191011235955
1 0.5845238095238096 0.3890449438202247 0.6107142857142858 0.425561797752809 0.6297619047619047 0.4101123595505618 0.6023809523809524 0.37640449438202245
1 0.49523809523809526 0.4311797752808989 0.5428571428571428 0.45365168539325845 0.5523809523809524 0.4297752808988764 0.5083333333333333 0.40870786516853935
1 0.55 0.49297752808988765 0.594047619047619 0.4648876404494382 0.580952380952381 0.4438202247191011 0.5404761904761904 0.47191011235955055
1 0.5380952380952381 0.5042134831460674 0.49404761904761907 0.5407303370786517 0.4797619047619048 0.5168539325842697 0.5226190476190476 0.48314606741573035
1 0.45595238095238094 0.47191011235955055 0.5035714285714286 0.4845505617977528 0.5095238095238095 0.46348314606741575 0.4607142857142857 0.45365168539325845
1 0.42023809523809524 0.4957865168539326 0.48095238095238096 0.5070224719101124 0.48214285714285715 0.48314606741573035 0.42142857142857143 0.476123595505618
1 0.38452380952380955 0.5112359550561798 0.42857142857142855 0.5323033707865169 0.44166666666666665 0.5098314606741573 0.3976190476190476 0.4887640449438202
1 0.3476190476190476 0.5365168539325843 0.3964285714285714 0.5519662921348315 0.4011904761904762 0.5252808988764045 0.3523809523809524 0.5154494382022472
1 0.31666666666666665 0.5716292134831461 0.37023809523809526 0.577247191011236 0.3738095238095238 0.550561797752809 0.31785714285714284 0.5463483146067416
1 0.24166666666666667 0.6081460674157303 0.3011904761904762 0.6264044943820225 0.30714285714285716 0.5955056179775281 0.24761904761904763 0.5828651685393258
1 0.19523809523809524 0.6292134831460674 0.18928571428571428 0.648876404494382 0.2369047619047619 0.6671348314606742 0.24642857142857144 0.6446629213483146
1 0.15357142857142858 0.6741573033707865 0.20357142857142857 0.6924157303370787 0.21071428571428572 0.6671348314606742 0.16071428571428573 0.651685393258427
1 0.1130952380952381 0.7008426966292135 0.1488095238095238 0.7247191011235955 0.1630952380952381 0.699438202247191 0.12380952380952381 0.6783707865168539
1 0.2916666666666667 0.6502808988764045 0.2988095238095238 0.6671348314606742 0.3547619047619048 0.6278089887640449 0.34523809523809523 0.6123595505617978
1 0.36428571428571427 0.6235955056179775 0.4035714285714286 0.5941011235955056 0.39166666666666666 0.5716292134831461 0.35119047619047616 0.6039325842696629
1 0.4107142857142857 0.5941011235955056 0.45 0.5674157303370787 0.4380952380952381 0.5463483146067416 0.4035714285714286 0.574438202247191
1 0.5761904761904761 0.425561797752809 0.5488095238095239 0.39185393258426965 0.5630952380952381 0.375 0.594047619047619 0.40870786516853935
1 0.625 0.3946629213483146 0.5964285714285714 0.36657303370786515 0.611904761904762 0.35252808988764045 0.6369047619047619 0.3848314606741573