1 0.4083333333333333 0.17134831460674158 0.3761904761904762 0.1853932584269663 0.3821428571428571 0.20224719101123595 0.4154761904761905 0.18679775280898878
1 0.41904761904761906 0.20084269662921347 0.39166666666666666 0.21348314606741572 0.3869047619047619 0.19803370786516855 0.41309523809523807 0.1853932584269663
1 0.43214285714285716 0.2148876404494382 0.39880952380952384 0.2303370786516854 0.39166666666666666 0.21348314606741572 0.425 0.199438202247191
1 0.4452380952380952 0.2401685393258427 0.4119047619047619 0.2542134831460674 0.40476190476190477 0.23735955056179775 0.4392857142857143 0.22331460674157302
1 0.4773809523809524 0.15589887640449437 0.49642857142857144 0.12921348314606743 0.48333333333333334 0.11938202247191011 0.4642857142857143 0.14606741573033707
1 0.5 0.15870786516853932 0.4857142857142857 0.14887640449438203 0.5035714285714286 0.12219101123595505 0.5166666666666667 0.13342696629213482
1 0.3 0.449438202247191 0.2785714285714286 0.4887640449438202 0.29642857142857143 0.49859550561797755 0.31666666666666665 0.4592696629213483
1 0.4880952380952381 0.37219101123595505 0.4666666666666667 0.41292134831460675 0.4857142857142857 0.42275280898876405 0.5059523809523809 0.3806179775280899
1 0.4738095238095238 0.43679775280898875 0.4607142857142857 0.4691011235955056 0.4380952380952381 0.46769662921348315 0.45714285714285713 0.4297752808988764
1 0.45476190476190476 0.4747191011235955 0.4392857142857143 0.5112359550561798 0.42142857142857143 0.5028089887640449 0.4369047619047619 0.46769662921348315
1 0.5726190476190476 0.37359550561797755 0.5583333333333333 0.4157303370786517 0.5773809523809523 0.42134831460674155 0.5892857142857143 0.3792134831460674
1 0.48095238095238096 0.577247191011236 0.4642857142857143 0.6264044943820225 0.4797619047619048 0.6334269662921348 0.49642857142857144 0.5856741573033708
1 0.40476190476190477 0.6685393258426966 0.38333333333333336 0.7106741573033708 0.4 0.7191011235955056 0.42023809523809524 0.6783707865168539
1 0.42857142857142855 0.699438202247191 0.40476190476190477 0.7471910112359551 0.4226190476190476 0.7570224719101124 0.4452380952380952 0.7106741573033708
1 0.4 0.7640449438202247 0.38452380952380955 0.7991573033707865 0.4023809523809524 0.8089887640449438 0.4166666666666667 0.7724719101123596
1 0.29523809523809524 0.7556179775280899 0.2761904761904762 0.7907303370786517 0.29285714285714287 0.8019662921348315 0.3107142857142857 0.7654494382022472
1 0.32261904761904764 0.6966292134831461 0.30357142857142855 0.7401685393258427 0.31785714285714284 0.7471910112359551 0.33690476190476193 0.702247191011236
1 0.444047619047619 0.7865168539325843 0.4297619047619048 0.8342696629213483 0.44761904761904764 0.8412921348314607 0.46190476190476193 0.7949438202247191
1 0.4642857142857143 0.7303370786516854 0.44761904761904764 0.776685393258427 0.4666666666666667 0.7851123595505618 0.48095238095238096 0.7387640449438202
1 0.5523809523809524 0.601123595505618 0.5785714285714286 0.6320224719101124 0.5880952380952381 0.6235955056179775 0.5642857142857143 0.5912921348314607
1 0.580952380952381 0.5646067415730337 0.569047619047619 0.574438202247191 0.5928571428571429 0.6123595505617978 0.6047619047619047 0.6039325842696629
1 0.5928571428571429 0.5224719101123596 0.6047619047619047 0.5632022471910112 0.6178571428571429 0.5561797752808989 0.6083333333333333 0.5168539325842697
1 0.6047619047619047 0.4943820224719101 0.6 0.5098314606741573 0.6345238095238095 0.5280898876404494 0.6404761904761904 0.5126404494382022
1 0.6214285714285714 0.45786516853932585 0.6071428571428571 0.4691011235955056 0.6333333333333333 0.5014044943820225 0.6452380952380953 0.49157303370786515
1 0.6452380952380953 0.4241573033707865 0.6261904761904762 0.43258426966292135 0.6428571428571429 0.47331460674157305 0.6619047619047619 0.4648876404494382
1 0.6535714285714286 0.398876404494382 0.6357142857142857 0.4058988764044944 0.6535714285714286 0.4438202247191011 0.6702380952380952 0.4339887640449438
1 0.6583333333333333 0.36657303370786515 0.6440476190476191 0.3806179775280899 0.669047619047619 0.4101123595505618 0.6833333333333333 0.3960674157303371
1 0.669047619047619 0.34129213483146065 0.6547619047619048 0.3497191011235955 0.680952380952381 0.3862359550561798 0.694047619047619 0.375
1 0.6738095238095239 0.3202247191011236 0.6654761904761904 0.3356741573033708 0.6928571428571428 0.3609550561797753 0.7023809523809523 0.3455056179775281
1 0.6904761904761905 0.29353932584269665 0.6761904761904762 0.30337078651685395 0.7011904761904761 0.33848314606741575 0.7142857142857143 0.3300561797752809
1 0.7083333333333334 0.25140449438202245 0.6964285714285714 0.2612359550561798 0.7202380952380952 0.2893258426966292 0.7309523809523809 0.27808988764044945
1 0.7488095238095238 0.22331460674157302 0.7607142857142857 0.25702247191011235 0.7726190476190476 0.25280898876404495 0.7607142857142857 0.21769662921348315
1 0.5011904761904762 0.21207865168539325 0.5 0.22752808988764045 0.5261904761904762 0.2345505617977528 0.5297619047619048 0.2205056179775281
1 0.5190476190476191 0.25280898876404495 0.4845238095238095 0.24157303370786518 0.4880952380952381 0.22752808988764045 0.5238095238095238 0.23735955056179775
1 0.5107142857142857 0.2556179775280899 0.5023809523809524 0.2696629213483146 0.47619047619047616 0.2542134831460674 0.4845238095238095 0.23876404494382023
1 0.5083333333333333 0.2808988764044944 0.49642857142857144 0.29213483146067415 0.46785714285714286 0.26825842696629215 0.4797619047619048 0.25702247191011235
1 0.49523809523809526 0.29634831460674155 0.49166666666666664 0.31179775280898875 0.45357142857142857 0.30196629213483145 0.45714285714285713 0.28370786516853935
1 0.4857142857142857 0.3188202247191011 0.4797619047619048 0.3356741573033708 0.444047619047619 0.3202247191011236 0.4511904761904762 0.3047752808988764
1 0.42857142857142855 0.3398876404494382 0.4226190476190476 0.3539325842696629 0.4583333333333333 0.3651685393258427 0.4630952380952381 0.351123595505618
1 0.45714285714285713 0.375 0.4511904761904762 0.39185393258426965 0.41309523809523807 0.3792134831460674 0.42023809523809524 0.36235955056179775
1 0.4452380952380952 0.40168539325842695 0.4392857142857143 0.41713483146067415 0.3976190476190476 0.3946629213483146 0.40714285714285714 0.3792134831460674
1 0.4392857142857143 0.4199438202247191 0.43452380952380953 0.43679775280898875 0.3952380952380952 0.425561797752809 0.39880952380952384 0.40730337078651685
1 0.42857142857142855 0.44662921348314605 0.4226190476190476 0.4606741573033708 0.38095238095238093 0.4438202247191011 0.3880952380952381 0.42696629213483145
1 0.3738095238095238 0.45646067415730335 0.36666666666666664 0.47331460674157305 0.4083333333333333 0.4887640449438202 0.41309523809523807 0.4691011235955056
1 0.3607142857142857 0.49157303370786515 0.35833333333333334 0.5084269662921348 0.4023809523809524 0.5182584269662921 0.40595238095238095 0.5028089887640449
1 0.3404761904761905 0.5280898876404494 0.3357142857142857 0.5421348314606742 0.38095238095238093 0.5561797752808989 0.38571428571428573 0.5393258426966292
1 0.3738095238095238 0.5674157303370787 0.36904761904761907 0.5870786516853933 0.325 0.5716292134831461 0.33095238095238094 0.5533707865168539
1 0.30833333333333335 0.598314606741573 0.305952380952381 0.6123595505617978 0.34523809523809523 0.6193820224719101 0.3464285714285714 0.6067415730337079
1 0.30892857142857144 0.6453651685393258 0.041666666666666664 0.01544943820224719
1 0.2857142857142857 0.6748595505617978 0.04523809523809524 0.023876404494382022
1 0.25476190476190474 0.6867977528089888 0.2488095238095238 0.7064606741573034 0.2869047619047619 0.7148876404494382 0.2916666666666667 0.6966292134831461
1 0.2714285714285714 0.7626404494382022 0.2654761904761905 0.7794943820224719 0.2226190476190476 0.7668539325842697 0.22857142857142856 0.7485955056179775
1 0.17976190476190476 0.7078651685393258 0.15595238095238095 0.7471910112359551 0.14047619047619048 0.7359550561797753 0.16428571428571428 0.6952247191011236
1 0.2773809523809524 0.7331460674157303 0.22976190476190475 0.723314606741573 0.225 0.7457865168539326 0.2726190476190476 0.7570224719101124
1 0.39166666666666666 0.28230337078651685 0.3761904761904762 0.324438202247191 0.39404761904761904 0.33146067415730335 0.4083333333333333 0.28792134831460675