1 0.7321428571428571 0.5603932584269663 0.794047619047619 0.5632022471910112 0.794047619047619 0.5912921348314607 0.7309523809523809 0.5884831460674157
1 0.7202380952380952 0.5294943820224719 0.7904761904761904 0.5323033707865169 0.7928571428571428 0.5632022471910112 0.719047619047619 0.5646067415730337
1 0.719047619047619 0.4943820224719101 0.7892857142857143 0.49719101123595505 0.7916666666666666 0.5280898876404494 0.7178571428571429 0.5294943820224719
1 0.7309523809523809 0.45786516853932585 0.7952380952380952 0.4592696629213483 0.7964285714285714 0.49157303370786515 0.7297619047619047 0.49297752808988765
1 0.7202380952380952 0.4241573033707865 0.7845238095238095 0.425561797752809 0.7857142857142857 0.45786516853932585 0.719047619047619 0.4592696629213483
1 0.7202380952380952 0.3960674157303371 0.7845238095238095 0.39747191011235955 0.7857142857142857 0.4297752808988764 0.719047619047619 0.4311797752808989
1 0.7119047619047619 0.3539325842696629 0.7761904761904762 0.3553370786516854 0.7773809523809524 0.38764044943820225 0.7107142857142857 0.3890449438202247
1 0.7130952380952381 0.30337078651685395 0.7773809523809524 0.3047752808988764 0.7785714285714286 0.33707865168539325 0.7119047619047619 0.33848314606741575
1 0.7130952380952381 0.27247191011235955 0.7773809523809524 0.273876404494382 0.7785714285714286 0.3061797752808989 0.7119047619047619 0.30758426966292135
1 0.7142857142857143 0.24297752808988765 0.7785714285714286 0.2443820224719101 0.7797619047619048 0.27668539325842695 0.7130952380952381 0.27808988764044945
1 0.705952380952381 0.22191011235955055 0.7702380952380953 0.22331460674157302 0.7714285714285715 0.2556179775280899 0.7047619047619048 0.25702247191011235
1 0.7071428571428572 0.19662921348314608 0.7714285714285715 0.19803370786516855 0.7726190476190476 0.2303370786516854 0.705952380952381 0.23174157303370788
1 0.5630952380952381 0.15168539325842698 0.625 0.15168539325842698 0.6226190476190476 0.18117977528089887 0.5619047619047619 0.17837078651685392
1 0.5619047619047619 0.6657303370786517 0.6345238095238095 0.6741573033707865 0.6321428571428571 0.7134831460674157 0.5607142857142857 0.7008426966292135
1 0.5666666666666667 0.5575842696629213 0.625 0.5617977528089888 0.6226190476190476 0.5912921348314607 0.5642857142857143 0.5856741573033708
1 0.5619047619047619 0.5210674157303371 0.6309523809523809 0.5210674157303371 0.6309523809523809 0.5589887640449438 0.5619047619047619 0.5561797752808989
1 0.6321428571428571 0.43679775280898875 0.6261904761904762 0.49157303370786515 0.65 0.4943820224719101 0.655952380952381 0.4410112359550562
1 0.5642857142857143 0.4887640449438202 0.625 0.4901685393258427 0.625 0.5182584269662921 0.5630952380952381 0.5168539325842697
1 0.555952380952381 0.40308988764044945 0.611904761904762 0.40308988764044945 0.611904761904762 0.43820224719101125 0.5523809523809524 0.4311797752808989
1 0.6297619047619047 0.29213483146067415 0.6285714285714286 0.34691011235955055 0.6547619047619048 0.3497191011235955 0.6523809523809524 0.2907303370786517
1 0.5535714285714286 0.2696629213483146 0.6154761904761905 0.26264044943820225 0.6190476190476191 0.2949438202247191 0.5607142857142857 0.2991573033707865
1 0.5619047619047619 0.21207865168539325 0.6190476190476191 0.2148876404494382 0.6154761904761905 0.24157303370786518 0.5607142857142857 0.23876404494382023
1 0.5654761904761905 0.34269662921348315 0.6273809523809524 0.34269662921348315 0.625 0.375 0.5630952380952381 0.37219101123595505
1 0.5595238095238095 0.37359550561797755 0.6190476190476191 0.375 0.6190476190476191 0.4044943820224719 0.5619047619047619 0.398876404494382
1 0.5654761904761905 0.24297752808988765 0.6178571428571429 0.23735955056179775 0.6190476190476191 0.2654494382022472 0.5630952380952381 0.26825842696629215
1 0.16666666666666666 0.5955056179775281 0.22738095238095238 0.601123595505618 0.225 0.6306179775280899 0.1595238095238095 0.625
1 0.09642857142857143 0.23595505617977527 0.1595238095238095 0.2443820224719101 0.15595238095238095 0.273876404494382 0.09285714285714286 0.2612359550561798
1 0.1773809523809524 0.5660112359550562 0.23809523809523808 0.5716292134831461 0.2357142857142857 0.601123595505618 0.17023809523809524 0.5955056179775281
1 0.1738095238095238 0.5294943820224719 0.23452380952380952 0.5351123595505618 0.23214285714285715 0.5646067415730337 0.16666666666666666 0.5589887640449438
1 0.17976190476190476 0.49719101123595505 0.24404761904761904 0.5070224719101124 0.24166666666666667 0.5379213483146067 0.17261904761904762 0.526685393258427
1 0.20833333333333334 0.40168539325842695 0.2702380952380952 0.4058988764044944 0.2654761904761905 0.43258426966292135 0.20476190476190476 0.4241573033707865
1 0.20238095238095238 0.4297752808988764 0.2642857142857143 0.4339887640449438 0.25833333333333336 0.46348314606741575 0.1988095238095238 0.45786516853932585
1 0.21785714285714286 0.36235955056179775 0.27976190476190477 0.36657303370786515 0.27380952380952384 0.3960674157303371 0.2130952380952381 0.39185393258426965
1 0.2261904761904762 0.3356741573033708 0.28809523809523807 0.3398876404494382 0.28214285714285714 0.3693820224719101 0.22142857142857142 0.3651685393258427
1 0.23095238095238096 0.30337078651685395 0.29285714285714287 0.30758426966292135 0.2869047619047619 0.33707865168539325 0.2261904761904762 0.33286516853932585
1 0.20238095238095238 0.47752808988764045 0.26071428571428573 0.4789325842696629 0.25595238095238093 0.5084269662921348 0.2011904761904762 0.5028089887640449
1 0.25476190476190474 0.16292134831460675 0.3130952380952381 0.16713483146067415 0.3107142857142857 0.18679775280898878 0.2523809523809524 0.18258426966292135
1 0.2523809523809524 0.20365168539325842 0.3119047619047619 0.21629213483146068 0.3047619047619048 0.23735955056179775 0.24761904761904763 0.22612359550561797
1 0.2523809523809524 0.21629213483146068 0.3119047619047619 0.22893258426966293 0.3047619047619048 0.25 0.24761904761904763 0.23876404494382023
1 0.24523809523809523 0.2443820224719101 0.3047619047619048 0.25702247191011235 0.2976190476190476 0.27808988764044945 0.24047619047619048 0.26685393258426965
1 0.24047619047619048 0.2710674157303371 0.3 0.28370786516853935 0.29285714285714287 0.3047752808988764 0.2357142857142857 0.29353932584269665
1 0.2511904761904762 0.18398876404494383 0.30952380952380953 0.18820224719101122 0.30714285714285716 0.20786516853932585 0.2488095238095238 0.20365168539325842
2 0.7297619047619047 0.6067415730337079 0.8297619047619048 0.598314606741573 0.8345238095238096 0.6530898876404494 0.7285714285714285 0.651685393258427