2 0.12976190476190477 0.4957865168539326 0.1630952380952381 0.47752808988764045 0.11547619047619048 0.39185393258426965 0.0869047619047619 0.4101123595505618
2 0.175 0.47752808988764045 0.20238095238095238 0.4550561797752809 0.15 0.375 0.12261904761904761 0.3890449438202247
2 0.2119047619047619 0.4508426966292135 0.23809523809523808 0.43258426966292135 0.1880952380952381 0.3553370786516854 0.16071428571428573 0.3693820224719101
2 0.24761904761904763 0.4297752808988764 0.27380952380952384 0.41151685393258425 0.22738095238095238 0.3342696629213483 0.1988095238095238 0.3497191011235955
2 0.2892857142857143 0.4143258426966292 0.3119047619047619 0.3960674157303371 0.25833333333333336 0.31741573033707865 0.23452380952380952 0.33286516853932585
2 0.3238095238095238 0.39747191011235955 0.3488095238095238 0.38202247191011235 0.2976190476190476 0.30196629213483145 0.2726190476190476 0.3188202247191011
2 0.3607142857142857 0.375 0.3821428571428571 0.3609550561797753 0.3333333333333333 0.2851123595505618 0.305952380952381 0.30337078651685395
2 0.3952380952380952 0.36235955056179775 0.4238095238095238 0.34129213483146065 0.3607142857142857 0.2710674157303371 0.3380952380952381 0.2851123595505618
2 0.42857142857142855 0.34129213483146065 0.45595238095238094 0.32162921348314605 0.3964285714285714 0.2556179775280899 0.37142857142857144 0.2710674157303371
2 0.4654761904761905 0.3258426966292135 0.4869047619047619 0.3047752808988764 0.43214285714285716 0.23876404494382023 0.40595238095238095 0.2542134831460674
2 0.49642857142857144 0.3103932584269663 0.5142857142857142 0.2893258426966292 0.4642857142857143 0.2247191011235955 0.44047619047619047 0.23735955056179775
2 0.5238095238095238 0.29353932584269665 0.5488095238095239 0.273876404494382 0.49047619047619045 0.21067415730337077 0.46904761904761905 0.22331460674157302
2 0.555952380952381 0.27668539325842695 0.5738095238095238 0.2542134831460674 0.5202380952380953 0.19662921348314608 0.5023809523809524 0.20786516853932585
2 0.7404761904761905 0.43258426966292135 0.7583333333333333 0.41713483146067415 0.7130952380952381 0.3707865168539326 0.6952380952380952 0.3904494382022472
2 0.5702380952380952 0.5617977528089888 0.5952380952380952 0.5393258426966292 0.544047619047619 0.4705056179775281 0.5166666666666667 0.4901685393258427
2 0.5369047619047619 0.5828651685393258 0.5595238095238095 0.5646067415730337 0.5095238095238095 0.4901685393258427 0.48214285714285715 0.5154494382022472
2 0.34523809523809523 0.6980337078651685 0.3773809523809524 0.6783707865168539 0.32857142857142857 0.5955056179775281 0.29642857142857143 0.6137640449438202
3 0.694047619047619 0.33146067415730335 0.7595238095238095 0.28651685393258425 0.7416666666666667 0.26685393258426965 0.675 0.3103932584269663
3 0.725 0.35814606741573035 0.7785714285714286 0.3202247191011236 0.763095238095238 0.29775280898876405 0.7023809523809523 0.33707865168539325
3 0.7559523809523809 0.3946629213483146 0.819047619047619 0.34831460674157305 0.7988095238095239 0.32303370786516855 0.7392857142857143 0.3707865168539326
3 0.7821428571428571 0.42837078651685395 0.8607142857142858 0.37359550561797755 0.8380952380952381 0.351123595505618 0.763095238095238 0.40168539325842695
3 0.6821428571428572 0.4859550561797753 0.7011904761904761 0.46629213483146065 0.6392857142857142 0.40168539325842695 0.6154761904761905 0.41853932584269665
3 0.6523809523809524 0.5126404494382022 0.6761904761904762 0.49297752808988765 0.6083333333333333 0.42134831460674155 0.5857142857142857 0.4396067415730337
3 0.6190476190476191 0.5337078651685393 0.6357142857142857 0.5098314606741573 0.575 0.44241573033707865 0.555952380952381 0.4592696629213483
3 0.5083333333333333 0.6067415730337079 0.5345238095238095 0.5856741573033708 0.4773809523809524 0.5084269662921348 0.4511904761904762 0.5294943820224719
3 0.47023809523809523 0.6278089887640449 0.5 0.6067415730337079 0.44047619047619047 0.5294943820224719 0.4154761904761905 0.550561797752809
3 0.3952380952380952 0.6783707865168539 0.425 0.6601123595505618 0.36547619047619045 0.5758426966292135 0.3416666666666667 0.5912921348314607
3 0.8083333333333333 0.5786516853932584 0.8238095238095238 0.5603932584269663 0.7726190476190476 0.5042134831460674 0.7523809523809524 0.523876404494382
3 0.8107142857142857 0.6320224719101124 0.8261904761904761 0.6109550561797753 0.775 0.5561797752808989 0.7535714285714286 0.5730337078651685
3 0.7785714285714286 0.6558988764044944 0.8 0.6362359550561798 0.7452380952380953 0.5758426966292135 0.7238095238095238 0.5898876404494382
2 0.7464285714285714 0.6839887640449438 0.7642857142857142 0.6573033707865169 0.7047619047619048 0.5941011235955056 0.6821428571428572 0.6137640449438202
3 0.7083333333333334 0.7064606741573034 0.7297619047619047 0.6853932584269663 0.675 0.6221910112359551 0.6511904761904762 0.6418539325842697
3 0.5238095238095238 0.848314606741573 0.55 0.8328651685393258 0.4976190476190476 0.7542134831460674 0.47619047619047616 0.7682584269662921
3 0.4714285714285714 0.8665730337078652 0.49642857142857144 0.851123595505618 0.425 0.7556179775280899 0.3964285714285714 0.7794943820224719
2 0.7869047619047619 0.7780898876404494 0.8297619047619048 0.6882022471910112 0.7892857142857143 0.6769662921348315 0.7488095238095238 0.7584269662921348
1 0.8011904761904762 0.6502808988764045 0.8369047619047619 0.6713483146067416 0.8297619047619048 0.6867977528089888 0.794047619047619 0.6629213483146067
1 0.8178571428571428 0.6348314606741573 0.8464285714285714 0.6502808988764045 0.8392857142857143 0.6643258426966292 0.8095238095238095 0.6502808988764045
1 0.8392857142857143 0.6137640449438202 0.8547619047619047 0.6207865168539326 0.8452380952380952 0.6460674157303371 0.8261904761904761 0.6376404494382022