2 0.4511904761904762 0.2542134831460674 0.4488095238095238 0.28370786516853935 0.5345238095238095 0.28792134831460675 0.5369047619047619 0.2556179775280899
2 0.41904761904761906 0.5182584269662921 0.39404761904761904 0.7008426966292135 0.444047619047619 0.699438202247191 0.46190476190476193 0.5196629213483146
2 0.2892857142857143 0.38202247191011235 0.24761904761904763 0.6629213483146067 0.3047619047619048 0.6629213483146067 0.3416666666666667 0.38202247191011235
2 0.530952380952381 0.49297752808988765 0.5333333333333333 0.6980337078651685 0.5821428571428572 0.6980337078651685 0.575 0.4901685393258427
2 0.7726190476190476 0.7148876404494382 0.7916666666666666 0.8103932584269663 0.9571428571428572 0.797752808988764 0.9452380952380952 0.7036516853932584
3 0.4642857142857143 0.75 0.4738095238095238 0.8342696629213483 0.75 0.8132022471910112 0.7619047619047619 0.7359550561797753
3 0.6523809523809524 0.49719101123595505 0.6547619047619048 0.7050561797752809 0.7023809523809523 0.7036516853932584 0.7011904761904761 0.49859550561797755
3 0.4797619047619048 0.49859550561797755 0.4654761904761905 0.702247191011236 0.5142857142857142 0.699438202247191 0.5238095238095238 0.49719101123595505
3 0.5607142857142857 0.27247191011235955 0.5107142857142857 0.33286516853932585 0.5452380952380952 0.35814606741573035 0.5928571428571429 0.2893258426966292
3 0.6964285714285714 0.18679775280898878 0.6976190476190476 0.26685393258426965 0.7285714285714285 0.26685393258426965 0.7261904761904762 0.18679775280898878
3 0.7023809523809523 0.27247191011235955 0.7071428571428572 0.34129213483146065 0.7380952380952381 0.3398876404494382 0.7333333333333333 0.26685393258426965
3 0.7357142857142858 0.18679775280898878 0.7380952380952381 0.2612359550561798 0.7738095238095238 0.2612359550561798 0.7726190476190476 0.18258426966292135
3 0.7440476190476191 0.2654494382022472 0.7464285714285714 0.3342696629213483 0.7785714285714286 0.33707865168539325 0.7761904761904762 0.2612359550561798
3 0.7857142857142857 0.26685393258426965 0.7916666666666666 0.3398876404494382 0.8214285714285714 0.3398876404494382 0.8178571428571428 0.2654494382022472
3 0.7773809523809524 0.18820224719101122 0.7821428571428571 0.25842696629213485 0.819047619047619 0.25842696629213485 0.8119047619047619 0.18679775280898878
3 0.8404761904761905 0.18398876404494383 0.8464285714285714 0.2598314606741573 0.8833333333333333 0.25280898876404495 0.8785714285714286 0.18258426966292135
3 0.8488095238095238 0.2696629213483146 0.8642857142857143 0.3455056179775281 0.9011904761904762 0.33286516853932585 0.8904761904761904 0.2598314606741573
1 0.5178571428571429 0.19101123595505617 0.5190476190476191 0.22893258426966293 0.5892857142857143 0.22191011235955055 0.5892857142857143 0.18820224719101122
1 0.5845238095238096 0.351123595505618 0.5845238095238096 0.39185393258426965 0.6130952380952381 0.3890449438202247 0.611904761904762 0.34831460674157305