1 0.5976190476190476 0.5730337078651685 0.5785714285714286 0.5716292134831461 0.5845238095238096 0.6292134831460674 0.6083333333333333 0.6264044943820225
1 0.5988095238095238 0.6446629213483146 0.5797619047619048 0.6432584269662921 0.5857142857142857 0.7008426966292135 0.6095238095238096 0.6980337078651685
1 0.6 0.4901685393258427 0.580952380952381 0.4887640449438202 0.5892857142857143 0.5351123595505618 0.6047619047619047 0.5337078651685393
1 0.5297619047619048 0.47752808988764045 0.5107142857142857 0.476123595505618 0.5190476190476191 0.5224719101123596 0.5345238095238095 0.5210674157303371
1 0.5952380952380952 0.4410112359550562 0.5761904761904761 0.4396067415730337 0.5845238095238096 0.4859550561797753 0.6 0.4845505617977528
1 0.25476190476190474 0.7092696629213483 0.2 0.7092696629213483 0.2 0.7345505617977528 0.25595238095238093 0.7331460674157303
1 0.25595238095238093 0.6825842696629213 0.2011904761904762 0.6825842696629213 0.2011904761904762 0.7078651685393258 0.2571428571428571 0.7064606741573034
1 0.2654761904761905 0.648876404494382 0.21071428571428572 0.648876404494382 0.21071428571428572 0.6741573033707865 0.26666666666666666 0.672752808988764
1 0.2702380952380952 0.6221910112359551 0.2154761904761905 0.6221910112359551 0.2154761904761905 0.6474719101123596 0.2714285714285714 0.6460674157303371
1 0.27380952380952384 0.5926966292134831 0.21904761904761905 0.5926966292134831 0.21904761904761905 0.6179775280898876 0.275 0.6165730337078652
1 0.2702380952380952 0.5393258426966292 0.2154761904761905 0.5393258426966292 0.2154761904761905 0.5646067415730337 0.2714285714285714 0.5632022471910112
1 0.25952380952380955 0.49719101123595505 0.20476190476190476 0.49719101123595505 0.20476190476190476 0.5224719101123596 0.26071428571428573 0.5210674157303371
1 0.26666666666666666 0.39747191011235955 0.2119047619047619 0.39747191011235955 0.2119047619047619 0.42275280898876405 0.26785714285714285 0.42134831460674155
1 0.30238095238095236 0.3146067415730337 0.24761904761904763 0.3146067415730337 0.24761904761904763 0.3398876404494382 0.30357142857142855 0.33848314606741575
1 0.3047619047619048 0.2907303370786517 0.25 0.2907303370786517 0.25 0.3160112359550562 0.305952380952381 0.3146067415730337
1 0.3261904761904762 0.23174157303370788 0.2714285714285714 0.23174157303370788 0.2714285714285714 0.25702247191011235 0.3273809523809524 0.2556179775280899
1 0.6035714285714285 0.35674157303370785 0.5738095238095238 0.36235955056179775 0.5785714285714286 0.3806179775280899 0.6071428571428571 0.37219101123595505
1 0.5976190476190476 0.33286516853932585 0.5678571428571428 0.33848314606741575 0.5726190476190476 0.35674157303370785 0.6011904761904762 0.34831460674157305
1 0.14166666666666666 0.4002808988764045 0.11071428571428571 0.38342696629213485 0.10476190476190476 0.3960674157303371 0.1357142857142857 0.41853932584269665
1 0.17857142857142858 0.2640449438202247 0.1380952380952381 0.25140449438202245 0.13214285714285715 0.2696629213483146 0.175 0.2851123595505618
1 0.18571428571428572 0.30196629213483145 0.14523809523809525 0.2893258426966292 0.1392857142857143 0.30758426966292135 0.18214285714285713 0.32303370786516855
1 0.17142857142857143 0.1446629213483146 0.13095238095238096 0.13202247191011235 0.125 0.1502808988764045 0.16785714285714284 0.16573033707865167