1 0.16785714285714284 0.3651685393258427 0.18452380952380953 0.3862359550561798 0.23214285714285715 0.3455056179775281 0.21428571428571427 0.324438202247191
1 0.33214285714285713 0.33286516853932585 0.34523809523809523 0.35674157303370785 0.4011904761904762 0.32303370786516855 0.3904761904761905 0.2991573033707865
1 0.48214285714285715 0.24578651685393257 0.49523809523809526 0.273876404494382 0.5571428571428572 0.23314606741573032 0.5416666666666666 0.20786516853932585
1 0.3345238095238095 0.2556179775280899 0.33690476190476193 0.2851123595505618 0.4 0.27668539325842695 0.3976190476190476 0.24297752808988765
1 0.4369047619047619 0.23174157303370788 0.45714285714285713 0.25280898876404495 0.5071428571428571 0.20786516853932585 0.4880952380952381 0.18820224719101122
1 0.5071428571428571 0.1797752808988764 0.5154761904761904 0.20084269662921347 0.5726190476190476 0.17837078651685392 0.5642857142857143 0.15589887640449437
1 0.8035714285714286 0.20786516853932585 0.8154761904761905 0.22893258426966293 0.875 0.20084269662921347 0.8595238095238096 0.17696629213483145
4 0.6773809523809524 0.24719101123595505 0.7095238095238096 0.28792134831460675 0.7273809523809524 0.2752808988764045 0.694047619047619 0.23314606741573032
1 0.6416666666666667 0.2710674157303371 0.6797619047619048 0.3188202247191011 0.6988095238095238 0.3047752808988764 0.6666666666666666 0.2556179775280899
1 0.5916666666666667 0.33848314606741575 0.6035714285714285 0.3637640449438202 0.6666666666666666 0.32724719101123595 0.65 0.30196629213483145
1 0.5095238095238095 0.38202247191011235 0.5202380952380953 0.41151685393258425 0.5797619047619048 0.3792134831460674 0.5666666666666667 0.3497191011235955
1 0.2630952380952381 0.4747191011235955 0.2702380952380952 0.5 0.3273809523809524 0.4705056179775281 0.319047619047619 0.44662921348314605
1 0.2892857142857143 0.5070224719101124 0.29642857142857143 0.5308988764044944 0.35714285714285715 0.5014044943820225 0.3476190476190476 0.476123595505618
1 0.2130952380952381 0.5547752808988764 0.22380952380952382 0.5814606741573034 0.2845238095238095 0.5463483146067416 0.2726190476190476 0.5182584269662921
1 0.5666666666666667 0.48735955056179775 0.6238095238095238 0.5154494382022472 0.6321428571428571 0.48174157303370785 0.5714285714285714 0.4592696629213483
1 0.5904761904761905 0.41151685393258425 0.6178571428571429 0.46769662921348315 0.6416666666666667 0.45365168539325845 0.611904761904762 0.3960674157303371
1 0.6273809523809524 0.40730337078651685 0.6511904761904762 0.45786516853932585 0.6738095238095239 0.44241573033707865 0.6452380952380953 0.39325842696629215
1 0.5916666666666667 0.5533707865168539 0.6595238095238095 0.5589887640449438 0.6571428571428571 0.523876404494382 0.594047619047619 0.523876404494382
1 0.6226190476190476 0.5884831460674157 0.6797619047619048 0.6221910112359551 0.6869047619047619 0.5969101123595506 0.6285714285714286 0.5660112359550562
4 0.7238095238095238 0.5941011235955056 0.7523809523809524 0.651685393258427 0.7702380952380953 0.6390449438202247 0.7416666666666667 0.5814606741573034
4 0.7964285714285714 0.6446629213483146 0.8083333333333333 0.672752808988764 0.8583333333333333 0.6460674157303371 0.8416666666666667 0.6179775280898876
1 0.33214285714285713 0.5589887640449438 0.3547619047619048 0.6137640449438202 0.3738095238095238 0.6025280898876404 0.3476190476190476 0.5463483146067416
1 0.4380952380952381 0.7584269662921348 0.46904761904761905 0.8258426966292135 0.49166666666666664 0.8132022471910112 0.45714285714285713 0.7429775280898876
4 0.5571428571428572 0.8216292134831461 0.5702380952380952 0.8497191011235955 0.513095238095238 0.8792134831460674 0.5035714285714286 0.8539325842696629
4 0.7511904761904762 0.8160112359550562 0.7845238095238095 0.8735955056179775 0.8035714285714286 0.8581460674157303 0.7726190476190476 0.8019662921348315