3 0.31785714285714284 0.4410112359550562 0.2761904761904762 0.4747191011235955 0.3976190476190476 0.5997191011235955 0.4357142857142857 0.5646067415730337
4 0.4452380952380952 0.5308988764044944 0.4238095238095238 0.5491573033707865 0.4630952380952381 0.5912921348314607 0.4845238095238095 0.574438202247191
1 0.49404761904761907 0.46629213483146065 0.4714285714285714 0.48735955056179775 0.5142857142857142 0.5308988764044944 0.5369047619047619 0.5084269662921348
1 0.5833333333333334 0.547752808988764 0.5619047619047619 0.5660112359550562 0.6095238095238096 0.6137640449438202 0.6321428571428571 0.5955056179775281
1 0.675 0.6376404494382022 0.6511904761904762 0.6587078651685393 0.7011904761904761 0.7092696629213483 0.7273809523809524 0.6867977528089888
1 0.611904761904762 0.6896067415730337 0.5857142857142857 0.7134831460674157 0.6369047619047619 0.7640449438202247 0.6654761904761904 0.7415730337078652
1 0.6142857142857143 0.7654494382022472 0.5904761904761905 0.7865168539325843 0.6440476190476191 0.8398876404494382 0.6654761904761904 0.8188202247191011
1 0.6916666666666667 0.7780898876404494 0.669047619047619 0.7991573033707865 0.7202380952380952 0.8539325842696629 0.7440476190476191 0.8342696629213483
1 0.7440476190476191 0.7078651685393258 0.7238095238095238 0.7289325842696629 0.7714285714285715 0.776685393258427 0.7928571428571428 0.7542134831460674
1 0.725 0.7429775280898876 0.7023809523809523 0.7640449438202247 0.7535714285714286 0.8160112359550562 0.7761904761904762 0.7949438202247191
1 0.8047619047619048 0.7640449438202247 0.7845238095238095 0.7851123595505618 0.8452380952380952 0.8441011235955056 0.8666666666666667 0.824438202247191
1 0.8119047619047619 0.8258426966292135 0.7857142857142857 0.8525280898876404 0.8357142857142857 0.8960674157303371 0.8595238095238096 0.8735955056179775