4 0.6738095238095239 0.6123595505617978 0.6797619047619048 0.7317415730337079 0.7154761904761905 0.7303370786516854 0.705952380952381 0.6109550561797753
1 0.14523809523809525 0.34831460674157305 0.11071428571428571 0.43258426966292135 0.1380952380952381 0.449438202247191 0.16904761904761906 0.3595505617977528
1 0.19285714285714287 0.37640449438202245 0.18452380952380953 0.45786516853932585 0.21428571428571427 0.4606741573033708 0.22023809523809523 0.37640449438202245
1 0.2392857142857143 0.3806179775280899 0.22976190476190475 0.45646067415730335 0.25595238095238093 0.46207865168539325 0.26666666666666666 0.38342696629213485
1 0.1630952380952381 0.4648876404494382 0.15476190476190477 0.4957865168539326 0.0988095238095238 0.476123595505618 0.10714285714285714 0.449438202247191
1 0.14642857142857144 0.5084269662921348 0.14047619047619048 0.5407303370786517 0.08452380952380953 0.5224719101123596 0.09285714285714286 0.49157303370786515
1 0.24166666666666667 0.5491573033707865 0.24166666666666667 0.5800561797752809 0.3142857142857143 0.5800561797752809 0.3142857142857143 0.5463483146067416
1 0.22738095238095238 0.6053370786516854 0.22857142857142856 0.6404494382022472 0.3011904761904762 0.6432584269662921 0.3011904761904762 0.6081460674157303
1 0.23095238095238096 0.7078651685393258 0.22976190476190475 0.7415730337078652 0.30833333333333335 0.7415730337078652 0.30952380952380953 0.7078651685393258
1 0.319047619047619 0.4396067415730337 0.319047619047619 0.4747191011235955 0.3952380952380952 0.47191011235955055 0.39285714285714285 0.43679775280898875
1 0.32142857142857145 0.48174157303370785 0.32142857142857145 0.5126404494382022 0.4023809523809524 0.5084269662921348 0.4 0.4789325842696629
1 0.32142857142857145 0.526685393258427 0.32142857142857145 0.5617977528089888 0.4035714285714286 0.5603932584269663 0.4023809523809524 0.523876404494382
1 0.325 0.5674157303370787 0.32142857142857145 0.5997191011235955 0.39285714285714285 0.6025280898876404 0.39285714285714285 0.5688202247191011
1 0.30714285714285716 0.6109550561797753 0.305952380952381 0.6474719101123596 0.39166666666666666 0.6474719101123596 0.3892857142857143 0.6137640449438202
1 0.319047619047619 0.6643258426966292 0.31666666666666665 0.6980337078651685 0.39880952380952384 0.702247191011236 0.4 0.6685393258426966
1 0.325 0.7162921348314607 0.3261904761904762 0.7514044943820225 0.39880952380952384 0.7514044943820225 0.3976190476190476 0.7176966292134831
1 0.3357142857142857 0.7654494382022472 0.3357142857142857 0.8019662921348315 0.4119047619047619 0.8019662921348315 0.4107142857142857 0.7640449438202247
1 0.31547619047619047 0.8103932584269663 0.31666666666666665 0.848314606741573 0.3904761904761905 0.8469101123595506 0.3869047619047619 0.8089887640449438
1 0.2892857142857143 0.16292134831460675 0.3607142857142857 0.18398876404494383 0.36547619047619045 0.15308988764044945 0.2976190476190476 0.1348314606741573
1 0.425 0.21769662921348315 0.4261904761904762 0.29634831460674155 0.4523809523809524 0.29353932584269665 0.4523809523809524 0.21769662921348315
1 0.4166666666666667 0.19662921348314608 0.44642857142857145 0.19662921348314608 0.44642857142857145 0.1348314606741573 0.4142857142857143 0.1348314606741573
1 0.3821428571428571 0.19241573033707865 0.4083333333333333 0.18679775280898878 0.3952380952380952 0.12359550561797752 0.36666666666666664 0.1306179775280899
1 0.4083333333333333 0.4339887640449438 0.4083333333333333 0.4691011235955056 0.4785714285714286 0.46769662921348315 0.47619047619047616 0.4353932584269663
1 0.41309523809523807 0.4789325842696629 0.4142857142857143 0.5126404494382022 0.4845238095238095 0.5140449438202247 0.48333333333333334 0.4789325842696629
1 0.4107142857142857 0.526685393258427 0.4107142857142857 0.5603932584269663 0.47023809523809523 0.5575842696629213 0.47023809523809523 0.5252808988764045
1 0.40714285714285714 0.5716292134831461 0.4083333333333333 0.6053370786516854 0.4869047619047619 0.601123595505618 0.4857142857142857 0.5702247191011236
1 0.4107142857142857 0.6165730337078652 0.41309523809523807 0.6474719101123596 0.48214285714285715 0.6474719101123596 0.48095238095238096 0.6137640449438202
1 0.40476190476190477 0.6643258426966292 0.40714285714285714 0.6966292134831461 0.4797619047619048 0.6952247191011236 0.4797619047619048 0.6615168539325843
1 0.4107142857142857 0.7134831460674157 0.4095238095238095 0.75 0.4869047619047619 0.7485955056179775 0.4869047619047619 0.7120786516853933
1 0.41785714285714287 0.7626404494382022 0.41785714285714287 0.7949438202247191 0.49047619047619045 0.7935393258426966 0.4880952380952381 0.7570224719101124
1 0.4035714285714286 0.8089887640449438 0.4035714285714286 0.8426966292134831 0.49047619047619045 0.8398876404494382 0.48928571428571427 0.8019662921348315
1 0.4988095238095238 0.8033707865168539 0.5 0.8370786516853933 0.5773809523809523 0.8356741573033708 0.575 0.7991573033707865
1 0.5095238095238095 0.75 0.5083333333333333 0.7893258426966292 0.575 0.7935393258426966 0.5761904761904761 0.7570224719101124
1 0.5035714285714286 0.7064606741573034 0.5059523809523809 0.7415730337078652 0.5773809523809523 0.7415730337078652 0.5773809523809523 0.7050561797752809
1 0.5 0.6615168539325843 0.4988095238095238 0.6966292134831461 0.5785714285714286 0.6966292134831461 0.5773809523809523 0.6615168539325843
1 0.4928571428571429 0.6123595505617978 0.49166666666666664 0.6446629213483146 0.569047619047619 0.6446629213483146 0.5678571428571428 0.6151685393258427
1 0.49523809523809526 0.5660112359550562 0.4976190476190476 0.5997191011235955 0.5714285714285714 0.5969101123595506 0.569047619047619 0.5589887640449438
1 0.49523809523809526 0.5224719101123596 0.49404761904761907 0.5519662921348315 0.5642857142857143 0.5463483146067416 0.5630952380952381 0.5168539325842697
1 0.49166666666666664 0.48174157303370785 0.49166666666666664 0.5098314606741573 0.5619047619047619 0.5070224719101124 0.5595238095238095 0.47752808988764045
1 0.48928571428571427 0.43679775280898875 0.4880952380952381 0.47191011235955055 0.5619047619047619 0.4691011235955056 0.5595238095238095 0.43679775280898875
1 0.48928571428571427 0.3946629213483146 0.49166666666666664 0.42275280898876405 0.5654761904761905 0.4199438202247191 0.5642857142857143 0.39325842696629215
1 0.580952380952381 0.4410112359550562 0.5821428571428572 0.47191011235955055 0.6523809523809524 0.46348314606741575 0.6488095238095238 0.43258426966292135
1 0.5833333333333334 0.48174157303370785 0.5869047619047619 0.5098314606741573 0.655952380952381 0.5098314606741573 0.6535714285714286 0.48174157303370785
1 0.5845238095238096 0.5210674157303371 0.5857142857142857 0.5575842696629213 0.6583333333333333 0.5561797752808989 0.6583333333333333 0.5224719101123596
1 0.5904761904761905 0.574438202247191 0.5904761904761905 0.6025280898876404 0.6607142857142857 0.601123595505618 0.6583333333333333 0.5730337078651685
1 0.5869047619047619 0.6165730337078652 0.5869047619047619 0.648876404494382 0.655952380952381 0.648876404494382 0.655952380952381 0.6165730337078652
1 0.5892857142857143 0.6573033707865169 0.5892857142857143 0.6924157303370787 0.6583333333333333 0.6938202247191011 0.6583333333333333 0.6601123595505618
1 0.5904761904761905 0.7036516853932584 0.5904761904761905 0.7387640449438202 0.6702380952380952 0.7443820224719101 0.6702380952380952 0.7078651685393258
1 0.5928571428571429 0.7542134831460674 0.5952380952380952 0.7907303370786517 0.6678571428571428 0.7879213483146067 0.6666666666666666 0.7528089887640449
1 0.5976190476190476 0.8033707865168539 0.6 0.8370786516853933 0.6761904761904762 0.8342696629213483 0.6761904761904762 0.797752808988764
1 0.6011904761904762 0.8426966292134831 0.6011904761904762 0.8721910112359551 0.6738095238095239 0.8778089887640449 0.6726190476190477 0.8497191011235955
1 0.6392857142857142 0.34691011235955055 0.6321428571428571 0.42837078651685395 0.6630952380952381 0.4311797752808989 0.6654761904761904 0.34831460674157305
1 0.669047619047619 0.3904494382022472 0.669047619047619 0.4199438202247191 0.7452380952380953 0.4241573033707865 0.7440476190476191 0.3904494382022472
1 0.669047619047619 0.4311797752808989 0.669047619047619 0.5070224719101124 0.6952380952380952 0.5098314606741573 0.6976190476190476 0.4339887640449438
1 0.6702380952380952 0.5140449438202247 0.6714285714285714 0.6039325842696629 0.7035714285714286 0.6039325842696629 0.7 0.5154494382022472
1 0.6857142857142857 0.7457865168539326 0.6880952380952381 0.8412921348314607 0.7226190476190476 0.8412921348314607 0.7142857142857143 0.7457865168539326
1 0.7238095238095238 0.7514044943820225 0.7321428571428571 0.8539325842696629 0.7654761904761904 0.851123595505618 0.7511904761904762 0.7457865168539326
1 0.775 0.776685393258427 0.7833333333333333 0.8679775280898876 0.8154761904761905 0.8665730337078652 0.8047619047619048 0.7752808988764045
1 0.7511904761904762 0.6882022471910112 0.7976190476190477 0.7654494382022472 0.819047619047619 0.7457865168539326 0.775 0.6713483146067416
1 0.7178571428571429 0.6292134831460674 0.7214285714285714 0.7134831460674157 0.7488095238095238 0.7134831460674157 0.7428571428571429 0.6292134831460674
1 0.7571428571428571 0.5870786516853933 0.7619047619047619 0.6643258426966292 0.7928571428571428 0.6643258426966292 0.7869047619047619 0.5856741573033708
1 0.7142857142857143 0.5337078651685393 0.7178571428571429 0.6193820224719101 0.7452380952380953 0.6179775280898876 0.7404761904761905 0.5308988764044944
1 0.7071428571428572 0.4311797752808989 0.705952380952381 0.5280898876404494 0.7428571428571429 0.526685393258427 0.7392857142857143 0.4297752808988764
1 0.7559523809523809 0.4859550561797753 0.7595238095238095 0.577247191011236 0.7916666666666666 0.5758426966292135 0.7869047619047619 0.48314606741573035
1 0.7511904761904762 0.38764044943820225 0.7571428571428571 0.47752808988764045 0.7845238095238095 0.4789325842696629 0.7797619047619048 0.38764044943820225
1 0.7440476190476191 0.29353932584269665 0.7511904761904762 0.3848314606741573 0.7821428571428571 0.38202247191011235 0.7785714285714286 0.2893258426966292
1 0.6619047619047619 0.2893258426966292 0.6714285714285714 0.37359550561797755 0.7 0.3651685393258427 0.6892857142857143 0.28230337078651685
1 0.694047619047619 0.2808988764044944 0.7035714285714286 0.3693820224719101 0.7333333333333333 0.36235955056179775 0.7261904761904762 0.27808988764044945
1 0.6523809523809524 0.19382022471910113 0.6547619047619048 0.27808988764044945 0.6833333333333333 0.27808988764044945 0.6773809523809524 0.1896067415730337
1 0.6857142857142857 0.1797752808988764 0.694047619047619 0.2640449438202247 0.7214285714285714 0.26264044943820225 0.7119047619047619 0.1797752808988764
1 0.7178571428571429 0.1896067415730337 0.7273809523809524 0.27247191011235955 0.7547619047619047 0.2696629213483146 0.7440476190476191 0.18679775280898878
1 0.7523809523809524 0.17275280898876405 0.7535714285714286 0.25842696629213485 0.7821428571428571 0.25842696629213485 0.780952380952381 0.17134831460674158
1 0.7892857142857143 0.16853932584269662 0.7892857142857143 0.25280898876404495 0.8226190476190476 0.25280898876404495 0.819047619047619 0.1699438202247191
1 0.8261904761904761 0.16432584269662923 0.8273809523809523 0.24859550561797752 0.8559523809523809 0.24859550561797752 0.8523809523809524 0.16292134831460675
1 0.6785714285714286 0.1699438202247191 0.7083333333333334 0.1699438202247191 0.7071428571428572 0.11657303370786516 0.6761904761904762 0.11657303370786516
1 0.7166666666666667 0.17837078651685392 0.7440476190476191 0.1797752808988764 0.7452380952380953 0.10814606741573034 0.7154761904761905 0.10674157303370786
1 0.7535714285714286 0.16573033707865167 0.780952380952381 0.16573033707865167 0.7785714285714286 0.10814606741573034 0.7535714285714286 0.10814606741573034
1 0.7916666666666666 0.16151685393258428 0.8226190476190476 0.16151685393258428 0.819047619047619 0.10533707865168539 0.7880952380952381 0.10674157303370786