0 0.2630952380952381 0.37640449438202245 0.25357142857142856 0.5575842696629213 0.2988095238095238 0.5575842696629213 0.30357142857142855 0.37640449438202245
2 0.26904761904761904 0.22752808988764045 0.2654761904761905 0.3188202247191011 0.2988095238095238 0.3188202247191011 0.3 0.22752808988764045
2 0.25833333333333336 0.2401685393258427 0.18333333333333332 0.23876404494382023 0.18214285714285713 0.28370786516853935 0.25952380952380955 0.28230337078651685
4 0.725 0.398876404494382 0.7035714285714286 0.4157303370786517 0.7345238095238096 0.46207865168539325 0.7571428571428571 0.44803370786516855
1 0.25595238095238093 0.7176966292134831 0.2523809523809524 0.7949438202247191 0.2773809523809524 0.7949438202247191 0.28095238095238095 0.7162921348314607
1 0.2226190476190476 0.6713483146067416 0.15833333333333333 0.6685393258426966 0.15833333333333333 0.7050561797752809 0.22380952380952382 0.7050561797752809
1 0.23809523809523808 0.6207865168539326 0.18333333333333332 0.5941011235955056 0.17261904761904762 0.625 0.22738095238095238 0.651685393258427
1 0.19047619047619047 0.5533707865168539 0.17976190476190476 0.5814606741573034 0.22380952380952382 0.6053370786516854 0.23452380952380952 0.5758426966292135
1 0.24404761904761904 0.45365168539325845 0.18452380952380953 0.46348314606741575 0.18928571428571428 0.49719101123595505 0.25 0.4859550561797753
1 0.24166666666666667 0.43820224719101125 0.19642857142857142 0.4143258426966292 0.1869047619047619 0.44241573033707865 0.23333333333333334 0.4648876404494382
1 0.24642857142857144 0.39747191011235955 0.19166666666666668 0.3792134831460674 0.18333333333333332 0.4044943820224719 0.24047619047619048 0.42837078651685395
1 0.2630952380952381 0.29775280898876405 0.20476190476190476 0.2949438202247191 0.20357142857142857 0.32865168539325845 0.2619047619047619 0.3300561797752809
1 0.2892857142857143 0.3300561797752809 0.2714285714285714 0.375 0.29285714285714287 0.38342696629213485 0.30833333333333335 0.3398876404494382
1 0.3238095238095238 0.37640449438202245 0.32261904761904764 0.4438202247191011 0.35119047619047616 0.4438202247191011 0.3488095238095238 0.375
1 0.11071428571428571 0.25 0.14047619047619048 0.2542134831460674 0.13095238095238096 0.31179775280898875 0.10238095238095238 0.3047752808988764
1 0.25595238095238093 0.20224719101123595 0.19404761904761905 0.20224719101123595 0.19285714285714287 0.2303370786516854 0.25595238095238093 0.23314606741573032
1 0.2976190476190476 0.18258426966292135 0.2773809523809524 0.19101123595505617 0.30714285714285716 0.23735955056179775 0.325 0.22331460674157302
1 0.25595238095238093 0.17275280898876405 0.20595238095238094 0.17837078651685392 0.20476190476190476 0.20224719101123595 0.2571428571428571 0.199438202247191
1 0.25 0.12219101123595505 0.18928571428571428 0.1348314606741573 0.19523809523809524 0.16432584269662923 0.25595238095238093 0.15589887640449437
1 0.3892857142857143 0.10955056179775281 0.3880952380952381 0.16151685393258428 0.4154761904761905 0.16292134831460675 0.4154761904761905 0.11095505617977527
4 0.7083333333333334 0.7148876404494382 0.7119047619047619 0.7991573033707865 0.7404761904761905 0.7991573033707865 0.7392857142857143 0.7162921348314607
1 0.7714285714285715 0.8230337078651685 0.7309523809523809 0.8553370786516854 0.7428571428571429 0.8707865168539326 0.7845238095238095 0.8384831460674157
1 0.7535714285714286 0.7345505617977528 0.7583333333333333 0.8089887640449438 0.7869047619047619 0.8061797752808989 0.7797619047619048 0.7317415730337079
1 0.6440476190476191 0.6235955056179775 0.6488095238095238 0.702247191011236 0.6773809523809524 0.702247191011236 0.6738095238095239 0.6235955056179775
1 0.7464285714285714 0.6418539325842697 0.7511904761904762 0.7162921348314607 0.7785714285714286 0.7134831460674157 0.7714285714285715 0.6390449438202247
1 0.7452380952380953 0.5702247191011236 0.7238095238095238 0.6334269662921348 0.7476190476190476 0.6446629213483146 0.7714285714285715 0.5800561797752809
1 0.7273809523809524 0.4887640449438202 0.7309523809523809 0.5561797752808989 0.7571428571428571 0.5561797752808989 0.7535714285714286 0.48735955056179775
1 0.7119047619047619 0.3398876404494382 0.7142857142857143 0.39747191011235955 0.7380952380952381 0.39747191011235955 0.7345238095238096 0.3398876404494382
1 0.7047619047619048 0.20646067415730338 0.669047619047619 0.23876404494382023 0.6857142857142857 0.2556179775280899 0.7202380952380952 0.2205056179775281
1 0.7107142857142857 0.13904494382022473 0.6654761904761904 0.15870786516853932 0.6773809523809524 0.18398876404494383 0.7226190476190476 0.16292134831460675