1 0.23095238095238096 0.30196629213483145 0.2119047619047619 0.3497191011235955 0.24166666666666667 0.35674157303370785 0.25476190476190474 0.3103932584269663
2 0.7511904761904762 0.46629213483146065 0.7511904761904762 0.5084269662921348 0.8392857142857143 0.5196629213483146 0.8428571428571429 0.476123595505618
2 0.5452380952380952 0.15168539325842698 0.5416666666666666 0.20084269662921347 0.7428571428571429 0.22893258426966293 0.75 0.175561797752809
2 0.5392857142857143 0.18398876404494383 0.5345238095238095 0.24859550561797752 0.7261904761904762 0.28230337078651685 0.7345238095238096 0.20926966292134833
2 0.4511904761904762 0.523876404494382 0.4380952380952381 0.5955056179775281 0.6916666666666667 0.6278089887640449 0.694047619047619 0.550561797752809
2 0.42857142857142855 0.5730337078651685 0.42023809523809524 0.6390449438202247 0.6702380952380952 0.6558988764044944 0.6761904761904762 0.5955056179775281
2 0.41785714285714287 0.6207865168539326 0.4107142857142857 0.6867977528089888 0.6642857142857143 0.7078651685393258 0.6678571428571428 0.6404494382022472
2 0.4166666666666667 0.6699438202247191 0.40714285714285714 0.7457865168539326 0.6833333333333333 0.7724719101123596 0.6857142857142857 0.6867977528089888
2 0.40714285714285714 0.7120786516853933 0.39404761904761904 0.7823033707865169 0.6761904761904762 0.8216292134831461 0.680952380952381 0.7415730337078652
2 0.3869047619047619 0.7654494382022472 0.3869047619047619 0.8412921348314607 0.6595238095238095 0.8609550561797753 0.6607142857142857 0.7907303370786517
2 0.3523809523809524 0.8174157303370787 0.34285714285714286 0.8806179775280899 0.625 0.925561797752809 0.6345238095238095 0.8426966292134831
2 0.1761904761904762 0.42696629213483145 0.05 0.6573033707865169 0.11190476190476191 0.6966292134831461 0.23095238095238096 0.45365168539325845
3 0.6392857142857142 0.5070224719101124 0.6345238095238095 0.5800561797752809 0.8821428571428571 0.6039325842696629 0.8809523809523809 0.5280898876404494
3 0.48214285714285715 0.3356741573033708 0.4738095238095238 0.39185393258426965 0.694047619047619 0.42275280898876405 0.7047619047619048 0.36657303370786515
3 0.5 0.29213483146067415 0.4845238095238095 0.34269662921348315 0.7011904761904761 0.36797752808988765 0.7011904761904761 0.3188202247191011