0 0.49047619047619045 0.4691011235955056 0.44642857142857145 0.4691011235955056 0.45 0.6685393258426966 0.49642857142857144 0.6657303370786517
1 0.4035714285714286 0.7275280898876404 0.3726190476190476 0.7289325842696629 0.37142857142857144 0.8146067415730337 0.4107142857142857 0.8117977528089888
1 0.7380952380952381 0.5926966292134831 0.7083333333333334 0.5955056179775281 0.7166666666666667 0.675561797752809 0.7488095238095238 0.6699438202247191
1 0.7380952380952381 0.4943820224719101 0.7095238095238096 0.5 0.7166666666666667 0.5786516853932584 0.7428571428571429 0.5758426966292135
1 0.7202380952380952 0.3806179775280899 0.6952380952380952 0.38342696629213485 0.7011904761904761 0.4691011235955056 0.7345238095238096 0.46769662921348315
1 0.7035714285714286 0.27668539325842695 0.6761904761904762 0.28230337078651685 0.6916666666666667 0.3637640449438202 0.7214285714285714 0.35252808988764045
1 0.7726190476190476 0.1797752808988764 0.6988095238095238 0.18398876404494383 0.7 0.22191011235955055 0.7738095238095238 0.21067415730337077
1 0.4035714285714286 0.6165730337078652 0.3726190476190476 0.6179775280898876 0.37023809523809526 0.7092696629213483 0.4035714285714286 0.702247191011236
1 0.4011904761904762 0.5210674157303371 0.3726190476190476 0.5224719101123596 0.375 0.5997191011235955 0.4035714285714286 0.598314606741573
1 0.4 0.4199438202247191 0.36904761904761907 0.4199438202247191 0.37023809523809526 0.5098314606741573 0.4023809523809524 0.5112359550561798
1 0.39880952380952384 0.3188202247191011 0.3678571428571429 0.3188202247191011 0.36904761904761907 0.40870786516853935 0.4011904761904762 0.4101123595505618
1 0.39880952380952384 0.2247191011235955 0.3678571428571429 0.2247191011235955 0.37023809523809526 0.3061797752808989 0.4011904761904762 0.30196629213483145
1 0.4 0.1348314606741573 0.36904761904761907 0.1348314606741573 0.37142857142857144 0.21629213483146068 0.4023809523809524 0.21207865168539325
1 0.26785714285714285 0.17415730337078653 0.25 0.20224719101123595 0.31785714285714284 0.24859550561797752 0.33095238095238094 0.21910112359550563
2 0.275 0.23314606741573032 0.25476190476190474 0.27668539325842695 0.3345238095238095 0.32303370786516855 0.35595238095238096 0.28230337078651685
4 0.2702380952380952 0.33286516853932585 0.25952380952380955 0.3637640449438202 0.3142857142857143 0.3848314606741573 0.3261904761904762 0.3553370786516854
1 0.33214285714285713 0.49719101123595505 0.26071428571428573 0.47191011235955055 0.24404761904761904 0.5084269662921348 0.31666666666666665 0.5337078651685393
1 0.1880952380952381 0.651685393258427 0.11428571428571428 0.6530898876404494 0.11071428571428571 0.6867977528089888 0.18928571428571428 0.6853932584269663