1 0.22857142857142856 0.1404494382022472 0.23095238095238096 0.1601123595505618 0.26666666666666666 0.15730337078651685 0.2654761904761905 0.13623595505617977
1 0.22738095238095238 0.16151685393258428 0.22857142857142856 0.18117977528089887 0.2726190476190476 0.175561797752809 0.2726190476190476 0.15589887640449437
1 0.22857142857142856 0.21910112359550563 0.22857142857142856 0.23876404494382023 0.2726190476190476 0.23876404494382023 0.2726190476190476 0.21769662921348315
1 0.22976190476190475 0.23876404494382023 0.22976190476190475 0.25702247191011235 0.2702380952380952 0.25702247191011235 0.2702380952380952 0.2401685393258427
4 0.23214285714285715 0.18820224719101122 0.23214285714285715 0.20786516853932585 0.2654761904761905 0.20786516853932585 0.26666666666666666 0.18679775280898878
1 0.3416666666666667 0.24297752808988765 0.3416666666666667 0.2598314606741573 0.38095238095238093 0.2598314606741573 0.3821428571428571 0.2401685393258427
1 0.2226190476190476 0.27247191011235955 0.2226190476190476 0.2949438202247191 0.2619047619047619 0.2949438202247191 0.2630952380952381 0.27247191011235955
1 0.21904761904761905 0.2949438202247191 0.21904761904761905 0.31320224719101125 0.26071428571428573 0.31320224719101125 0.26071428571428573 0.2949438202247191
1 0.2154761904761905 0.3146067415730337 0.2154761904761905 0.33146067415730335 0.26071428571428573 0.3300561797752809 0.26071428571428573 0.31320224719101125
1 0.21428571428571427 0.32724719101123595 0.2130952380952381 0.3455056179775281 0.25595238095238093 0.34691011235955055 0.25833333333333336 0.32865168539325845
1 0.2154761904761905 0.34831460674157305 0.2154761904761905 0.3693820224719101 0.25476190476190474 0.3693820224719101 0.25476190476190474 0.34831460674157305
1 0.20357142857142857 0.3693820224719101 0.20357142857142857 0.3946629213483146 0.24523809523809523 0.3946629213483146 0.24523809523809523 0.3693820224719101
1 0.3416666666666667 0.2598314606741573 0.3404761904761905 0.2808988764044944 0.3821428571428571 0.2808988764044944 0.38333333333333336 0.2598314606741573
1 0.3380952380952381 0.29213483146067415 0.3380952380952381 0.3160112359550562 0.375 0.3160112359550562 0.3761904761904762 0.29213483146067415
1 0.33095238095238094 0.36235955056179775 0.33095238095238094 0.3904494382022472 0.375 0.39185393258426965 0.3773809523809524 0.36235955056179775
1 0.19523809523809524 0.48735955056179775 0.19523809523809524 0.5126404494382022 0.24285714285714285 0.5112359550561798 0.24285714285714285 0.4845505617977528
4 0.19047619047619047 0.5014044943820225 0.19047619047619047 0.5337078651685393 0.24285714285714285 0.5337078651685393 0.24285714285714285 0.5014044943820225
1 0.19285714285714287 0.5337078651685393 0.19166666666666668 0.5575842696629213 0.24047619047619048 0.5575842696629213 0.24047619047619048 0.5337078651685393
1 0.18214285714285713 0.5856741573033708 0.18095238095238095 0.6095505617977528 0.22738095238095238 0.6095505617977528 0.22857142857142856 0.5828651685393258
1 0.3142857142857143 0.4845505617977528 0.3142857142857143 0.5098314606741573 0.36547619047619045 0.5098314606741573 0.36547619047619045 0.4845505617977528
1 0.31666666666666665 0.5084269662921348 0.31666666666666665 0.5379213483146067 0.36547619047619045 0.5365168539325843 0.36547619047619045 0.5070224719101124
1 0.18095238095238095 0.6235955056179775 0.18095238095238095 0.6502808988764045 0.22857142857142856 0.6502808988764045 0.22857142857142856 0.625
1 0.16785714285714284 0.6502808988764045 0.16785714285714284 0.6769662921348315 0.225 0.6741573033707865 0.22380952380952382 0.648876404494382
1 0.15119047619047618 0.702247191011236 0.15119047619047618 0.7303370786516854 0.20833333333333334 0.7219101123595506 0.20595238095238094 0.6952247191011236
1 0.16547619047619047 0.726123595505618 0.16428571428571428 0.7542134831460674 0.2130952380952381 0.7528089887640449 0.2154761904761905 0.7247191011235955
1 0.15119047619047618 0.7612359550561798 0.15119047619047618 0.7907303370786517 0.20357142857142857 0.7907303370786517 0.20476190476190476 0.7598314606741573
1 0.14642857142857144 0.800561797752809 0.14642857142857144 0.8286516853932584 0.1988095238095238 0.8286516853932584 0.1988095238095238 0.800561797752809
1 0.13452380952380952 0.8497191011235955 0.14166666666666666 0.8721910112359551 0.1988095238095238 0.8525280898876404 0.18928571428571428 0.8258426966292135
1 0.2988095238095238 0.8019662921348315 0.2916666666666667 0.8342696629213483 0.35 0.8426966292134831 0.3535714285714286 0.8117977528089888
1 0.30714285714285716 0.7724719101123596 0.30357142857142855 0.800561797752809 0.35833333333333334 0.8047752808988764 0.3619047619047619 0.7780898876404494
1 0.3119047619047619 0.7134831460674157 0.3119047619047619 0.7373595505617978 0.3535714285714286 0.7345505617977528 0.3535714285714286 0.7092696629213483
1 0.3107142857142857 0.6432584269662921 0.30833333333333335 0.6671348314606742 0.3595238095238095 0.6671348314606742 0.3619047619047619 0.6432584269662921
1 0.3142857142857143 0.6123595505617978 0.3142857142857143 0.6376404494382022 0.3630952380952381 0.6390449438202247 0.36547619047619045 0.6137640449438202
1 0.31785714285714284 0.5870786516853933 0.31785714285714284 0.6109550561797753 0.36547619047619045 0.6109550561797753 0.36547619047619045 0.5856741573033708
1 0.544047619047619 0.16853932584269662 0.544047619047619 0.18820224719101122 0.5821428571428572 0.18820224719101122 0.5833333333333334 0.16713483146067415
1 0.6511904761904762 0.17275280898876405 0.6511904761904762 0.19241573033707865 0.6952380952380952 0.1896067415730337 0.694047619047619 0.1699438202247191
1 0.5428571428571428 0.20365168539325842 0.5416666666666666 0.22331460674157302 0.5845238095238096 0.22331460674157302 0.5857142857142857 0.20224719101123595
1 0.544047619047619 0.22612359550561797 0.544047619047619 0.24578651685393257 0.5845238095238096 0.2443820224719101 0.5857142857142857 0.2247191011235955
1 0.6595238095238095 0.24578651685393257 0.6619047619047619 0.26685393258426965 0.705952380952381 0.26685393258426965 0.705952380952381 0.2443820224719101
1 0.5511904761904762 0.26825842696629215 0.5511904761904762 0.28792134831460675 0.5928571428571429 0.28792134831460675 0.594047619047619 0.26685393258426965
3 0.55 0.29634831460674155 0.55 0.3202247191011236 0.5952380952380952 0.31741573033707865 0.5952380952380952 0.2949438202247191
1 0.555952380952381 0.32303370786516855 0.555952380952381 0.3441011235955056 0.5988095238095238 0.34269662921348315 0.5976190476190476 0.3202247191011236
1 0.55 0.3356741573033708 0.55 0.35674157303370785 0.5964285714285714 0.35814606741573035 0.5976190476190476 0.33707865168539325
1 0.5523809523809524 0.3609550561797753 0.555952380952381 0.3848314606741573 0.6023809523809524 0.37219101123595505 0.5988095238095238 0.351123595505618
1 0.6666666666666666 0.28792134831460675 0.6678571428571428 0.31320224719101125 0.7035714285714286 0.31179775280898875 0.7011904761904761 0.28651685393258425
1 0.6642857142857143 0.2654494382022472 0.6642857142857143 0.2851123595505618 0.705952380952381 0.2851123595505618 0.705952380952381 0.2640449438202247
4 0.5630952380952381 0.523876404494382 0.5630952380952381 0.5519662921348315 0.6154761904761905 0.5519662921348315 0.6154761904761905 0.523876404494382
1 0.5630952380952381 0.5688202247191011 0.5630952380952381 0.5969101123595506 0.6154761904761905 0.5955056179775281 0.6142857142857143 0.5688202247191011
1 0.694047619047619 0.5014044943820225 0.6952380952380952 0.5224719101123596 0.7357142857142858 0.5210674157303371 0.7357142857142858 0.5
1 0.7083333333333334 0.5842696629213483 0.7083333333333334 0.6081460674157303 0.7571428571428571 0.6081460674157303 0.7571428571428571 0.5814606741573034
1 0.7095238095238096 0.6109550561797753 0.7095238095238096 0.6362359550561798 0.7666666666666667 0.6362359550561798 0.7666666666666667 0.6067415730337079
1 0.5595238095238095 0.5941011235955056 0.5595238095238095 0.6193820224719101 0.6154761904761905 0.6235955056179775 0.6166666666666667 0.5955056179775281
1 0.569047619047619 0.6376404494382022 0.5702380952380952 0.6587078651685393 0.6214285714285714 0.6587078651685393 0.6214285714285714 0.6362359550561798
1 0.5702380952380952 0.6839887640449438 0.5702380952380952 0.7134831460674157 0.6214285714285714 0.7134831460674157 0.6238095238095238 0.6839887640449438
1 0.575 0.7120786516853933 0.575 0.7429775280898876 0.6273809523809524 0.7429775280898876 0.6273809523809524 0.7106741573033708
1 0.5761904761904761 0.7429775280898876 0.5761904761904761 0.7696629213483146 0.6238095238095238 0.7696629213483146 0.6238095238095238 0.7415730337078652
1 0.5821428571428572 0.8019662921348315 0.580952380952381 0.8314606741573034 0.6333333333333333 0.8314606741573034 0.6345238095238095 0.8033707865168539
1 0.7404761904761905 0.7935393258426966 0.7416666666666667 0.8216292134831461 0.7988095238095239 0.8216292134831461 0.7976190476190477 0.7907303370786517
1 0.7309523809523809 0.7598314606741573 0.7309523809523809 0.7865168539325843 0.7869047619047619 0.7837078651685393 0.7869047619047619 0.7584269662921348
1 0.7321428571428571 0.7219101123595506 0.7321428571428571 0.75 0.7821428571428571 0.75 0.7821428571428571 0.7219101123595506
1 0.7226190476190476 0.6853932584269663 0.719047619047619 0.7176966292134831 0.7821428571428571 0.726123595505618 0.7845238095238095 0.6952247191011236
4 0.580952380952381 0.6573033707865169 0.580952380952381 0.6811797752808989 0.6214285714285714 0.6811797752808989 0.6214285714285714 0.6544943820224719