2 0.3964285714285714 0.5491573033707865 0.4 0.6151685393258427 0.5273809523809524 0.6193820224719101 0.5285714285714286 0.550561797752809
2 0.1761904761904762 0.4845505617977528 0.17142857142857143 0.4410112359550562 0.1130952380952381 0.44241573033707865 0.1130952380952381 0.48735955056179775
1 0.14642857142857144 0.49859550561797755 0.14285714285714285 0.5252808988764045 0.19047619047619047 0.526685393258427 0.19404761904761905 0.4957865168539326
1 0.11547619047619048 0.6460674157303371 0.10238095238095238 0.6867977528089888 0.12023809523809524 0.6966292134831461 0.13333333333333333 0.6460674157303371
1 0.14285714285714285 0.6502808988764045 0.13214285714285715 0.7036516853932584 0.15595238095238095 0.7036516853932584 0.16428571428571428 0.6502808988764045
1 0.16547619047619047 0.6474719101123596 0.1619047619047619 0.6980337078651685 0.18571428571428572 0.6980337078651685 0.1880952380952381 0.6474719101123596
1 0.20238095238095238 0.648876404494382 0.19166666666666668 0.6952247191011236 0.21428571428571427 0.6980337078651685 0.225 0.648876404494382
1 0.27976190476190477 0.651685393258427 0.2714285714285714 0.702247191011236 0.29285714285714287 0.7036516853932584 0.30357142857142855 0.6502808988764045
1 0.30714285714285716 0.6530898876404494 0.3047619047619048 0.7050561797752809 0.3261904761904762 0.7078651685393258 0.32976190476190476 0.6502808988764045
1 0.3404761904761905 0.651685393258427 0.3345238095238095 0.7008426966292135 0.35833333333333334 0.702247191011236 0.3619047619047619 0.651685393258427
1 0.36666666666666664 0.6558988764044944 0.3630952380952381 0.7050561797752809 0.38452380952380955 0.7092696629213483 0.3904761904761905 0.651685393258427
1 0.39880952380952384 0.6544943820224719 0.3964285714285714 0.7078651685393258 0.4166666666666667 0.7078651685393258 0.41785714285714287 0.6530898876404494
1 0.43452380952380953 0.6558988764044944 0.43214285714285716 0.7092696629213483 0.4523809523809524 0.7092696629213483 0.45476190476190476 0.6544943820224719
1 0.48095238095238096 0.6558988764044944 0.4785714285714286 0.7078651685393258 0.5011904761904762 0.7092696629213483 0.5011904761904762 0.6558988764044944
1 0.513095238095238 0.6615168539325843 0.5119047619047619 0.7106741573033708 0.5357142857142857 0.7120786516853933 0.5369047619047619 0.6629213483146067
1 0.5488095238095239 0.6629213483146067 0.5488095238095239 0.7120786516853933 0.569047619047619 0.7120786516853933 0.569047619047619 0.6629213483146067
1 0.5761904761904761 0.6629213483146067 0.5785714285714286 0.7191011235955056 0.5964285714285714 0.7191011235955056 0.5952380952380952 0.6629213483146067
1 0.6035714285714285 0.6643258426966292 0.6071428571428571 0.7176966292134831 0.6309523809523809 0.7176966292134831 0.6273809523809524 0.6601123595505618
1 0.6345238095238095 0.6713483146067416 0.6404761904761904 0.7205056179775281 0.6619047619047619 0.7191011235955056 0.6595238095238095 0.6671348314606742
1 0.669047619047619 0.6643258426966292 0.669047619047619 0.7134831460674157 0.6928571428571428 0.7120786516853933 0.6916666666666667 0.6629213483146067
1 0.7154761904761905 0.6629213483146067 0.7154761904761905 0.7162921348314607 0.7392857142857143 0.7162921348314607 0.7380952380952381 0.6615168539325843
1 0.7440476190476191 0.6643258426966292 0.7464285714285714 0.7148876404494382 0.7678571428571429 0.7162921348314607 0.7654761904761904 0.6643258426966292
1 0.7773809523809524 0.6671348314606742 0.7797619047619048 0.7191011235955056 0.8023809523809524 0.7205056179775281 0.7988095238095239 0.6657303370786517
1 0.805952380952381 0.6741573033707865 0.8083333333333333 0.7247191011235955 0.8297619047619048 0.7247191011235955 0.8261904761904761 0.672752808988764
1 0.8416666666666667 0.672752808988764 0.8452380952380952 0.723314606741573 0.8714285714285714 0.7219101123595506 0.8666666666666667 0.672752808988764
1 0.6166666666666667 0.8328651685393258 0.6142857142857143 0.8595505617977528 0.675 0.8637640449438202 0.6738095238095239 0.8356741573033708