1 0.21785714285714286 0.34691011235955055 0.19047619047619047 0.3707865168539326 0.23809523809523808 0.44241573033707865 0.2642857142857143 0.4157303370786517
1 0.3964285714285714 0.726123595505618 0.36904761904761907 0.75 0.425 0.827247191011236 0.4488095238095238 0.800561797752809
1 0.22023809523809523 0.17837078651685392 0.2369047619047619 0.20365168539325842 0.2892857142857143 0.16151685393258428 0.2702380952380952 0.1348314606741573
1 0.2523809523809524 0.2247191011235955 0.2726190476190476 0.25140449438202245 0.32261904761904764 0.2050561797752809 0.30238095238095236 0.18117977528089887
1 0.30833333333333335 0.28370786516853935 0.32976190476190476 0.30337078651685395 0.3761904761904762 0.25 0.35595238095238096 0.22752808988764045
1 0.33095238095238094 0.3202247191011236 0.35714285714285715 0.3497191011235955 0.4035714285714286 0.300561797752809 0.38095238095238093 0.2752808988764045
1 0.3630952380952381 0.35814606741573035 0.38452380952380955 0.38342696629213485 0.4380952380952381 0.324438202247191 0.4142857142857143 0.29775280898876405
1 0.3904761904761905 0.3960674157303371 0.4083333333333333 0.4199438202247191 0.4583333333333333 0.36235955056179775 0.4380952380952381 0.33707865168539325
1 0.42023809523809524 0.4311797752808989 0.43452380952380953 0.45224719101123595 0.49404761904761907 0.40308988764044945 0.47619047619047616 0.37359550561797755
1 0.45 0.4691011235955056 0.47023809523809523 0.49719101123595505 0.5238095238095238 0.4353932584269663 0.5059523809523809 0.41151685393258425
1 0.513095238095238 0.5463483146067416 0.5297619047619048 0.574438202247191 0.5773809523809523 0.5252808988764045 0.5571428571428572 0.5014044943820225
1 0.5321428571428571 0.6025280898876404 0.5535714285714286 0.6235955056179775 0.5988095238095238 0.5603932584269663 0.5773809523809523 0.5393258426966292
1 0.5654761904761905 0.6334269662921348 0.5833333333333334 0.6558988764044944 0.6345238095238095 0.5884831460674157 0.611904761904762 0.5674157303370787
1 0.5333333333333333 0.22331460674157302 0.5535714285714286 0.24719101123595505 0.5964285714285714 0.20084269662921347 0.5785714285714286 0.1797752808988764
1 0.5678571428571428 0.25140449438202245 0.5833333333333334 0.27247191011235955 0.6297619047619047 0.2303370786516854 0.6142857142857143 0.21067415730337077
1 0.5904761904761905 0.2907303370786517 0.6095238095238096 0.31320224719101125 0.6583333333333333 0.25280898876404495 0.638095238095238 0.23174157303370788
1 0.625 0.3258426966292135 0.6440476190476191 0.34269662921348315 0.6928571428571428 0.28370786516853935 0.6726190476190477 0.2654494382022472
1 0.4380952380952381 0.25280898876404495 0.42142857142857143 0.27247191011235955 0.4642857142857143 0.3356741573033708 0.4869047619047619 0.31320224719101125
1 0.5035714285714286 0.3356741573033708 0.4797619047619048 0.35674157303370785 0.5297619047619048 0.4199438202247191 0.5511904761904762 0.3960674157303371
1 0.7071428571428572 0.3637640449438202 0.6523809523809524 0.4241573033707865 0.6726190476190477 0.44662921348314605 0.7297619047619047 0.3848314606741573
1 0.6773809523809524 0.33146067415730335 0.6404761904761904 0.3707865168539326 0.6571428571428571 0.39185393258426965 0.7 0.351123595505618
1 0.7297619047619047 0.4058988764044944 0.6785714285714286 0.46769662921348315 0.7 0.48735955056179775 0.7511904761904762 0.4241573033707865
1 0.7678571428571429 0.44662921348314605 0.7154761904761905 0.5014044943820225 0.7380952380952381 0.5294943820224719 0.7892857142857143 0.4691011235955056
1 0.8428571428571429 0.4143258426966292 0.7916666666666666 0.4789325842696629 0.8142857142857143 0.49719101123595505 0.861904761904762 0.4339887640449438
1 0.7869047619047619 0.4845505617977528 0.7309523809523809 0.547752808988764 0.75 0.5702247191011236 0.8095238095238095 0.5098314606741573
1 0.6642857142857143 0.6839887640449438 0.6285714285714286 0.7359550561797753 0.6523809523809524 0.7556179775280899 0.6857142857142857 0.7064606741573034
1 0.825 0.5252808988764045 0.7773809523809524 0.5870786516853933 0.7964285714285714 0.6095505617977528 0.85 0.547752808988764
1 0.8226190476190476 0.6067415730337079 0.8452380952380952 0.6320224719101124 0.8976190476190476 0.5758426966292135 0.8785714285714286 0.550561797752809
1 0.8428571428571429 0.5140449438202247 0.8642857142857143 0.5435393258426966 0.9083333333333333 0.5042134831460674 0.8892857142857142 0.476123595505618
2 0.5833333333333334 0.6839887640449438 0.6047619047619047 0.7134831460674157 0.6785714285714286 0.6446629213483146 0.6523809523809524 0.6109550561797753
2 0.7142857142857143 0.8455056179775281 0.736904761904762 0.8806179775280899 0.819047619047619 0.8047752808988764 0.7892857142857143 0.7640449438202247