1 0.3761904761904762 0.17415730337078653 0.4035714285714286 0.17415730337078653 0.4023809523809524 0.10814606741573034 0.3738095238095238 0.11095505617977527
1 0.45595238095238094 0.18117977528089887 0.5238095238095238 0.17837078651685392 0.5214285714285715 0.13342696629213482 0.45357142857142857 0.13764044943820225
4 0.5035714285714286 0.20646067415730338 0.5607142857142857 0.20224719101123595 0.5595238095238095 0.16151685393258428 0.5035714285714286 0.16713483146067415
1 0.35833333333333334 0.3300561797752809 0.35714285714285715 0.4143258426966292 0.39404761904761904 0.4143258426966292 0.39404761904761904 0.3342696629213483
1 0.3488095238095238 0.5168539325842697 0.3869047619047619 0.5210674157303371 0.39166666666666666 0.425561797752809 0.3547619047619048 0.425561797752809
1 0.3404761904761905 0.6292134831460674 0.3738095238095238 0.6334269662921348 0.38452380952380955 0.5463483146067416 0.3523809523809524 0.5393258426966292
1 0.34285714285714286 0.7331460674157303 0.3738095238095238 0.7331460674157303 0.3761904761904762 0.6362359550561798 0.3416666666666667 0.6348314606741573
1 0.3345238095238095 0.7471910112359551 0.325 0.8567415730337079 0.36904761904761907 0.8581460674157303 0.3738095238095238 0.7457865168539326
1 0.4261904761904762 0.8117977528089888 0.48928571428571427 0.8778089887640449 0.5095238095238095 0.851123595505618 0.44761904761904764 0.7851123595505618
1 0.5369047619047619 0.7921348314606742 0.5345238095238095 0.8834269662921348 0.5738095238095238 0.8862359550561798 0.575 0.7893258426966292
1 0.43333333333333335 0.7008426966292135 0.4976190476190476 0.7752808988764045 0.5202380952380953 0.7331460674157303 0.45595238095238094 0.6699438202247191
1 0.5345238095238095 0.6952247191011236 0.5321428571428571 0.7794943820224719 0.5738095238095238 0.7794943820224719 0.5714285714285714 0.6952247191011236
1 0.44642857142857145 0.6334269662921348 0.5035714285714286 0.6980337078651685 0.5261904761904762 0.6615168539325843 0.4726190476190476 0.598314606741573
1 0.5285714285714286 0.5407303370786517 0.5273809523809524 0.6278089887640449 0.5619047619047619 0.625 0.5619047619047619 0.5435393258426966
1 0.611904761904762 0.5547752808988764 0.6107142857142858 0.6530898876404494 0.65 0.6544943820224719 0.6488095238095238 0.5547752808988764
1 0.4654761904761905 0.5308988764044944 0.5297619047619048 0.5814606741573034 0.5119047619047619 0.6179775280898876 0.44285714285714284 0.5646067415730337
1 0.4654761904761905 0.4845505617977528 0.530952380952381 0.5224719101123596 0.5178571428571429 0.5603932584269663 0.444047619047619 0.5224719101123596
1 0.5369047619047619 0.42837078651685395 0.5333333333333333 0.5154494382022472 0.5702380952380952 0.5154494382022472 0.5666666666666667 0.42696629213483145
1 0.46190476190476193 0.425561797752809 0.5178571428571429 0.4747191011235955 0.5011904761904762 0.5084269662921348 0.44285714285714284 0.4550561797752809
1 0.4654761904761905 0.37640449438202245 0.5178571428571429 0.4339887640449438 0.4928571428571429 0.4592696629213483 0.44047619047619047 0.40168539325842695
1 0.4488095238095238 0.351123595505618 0.5083333333333333 0.3960674157303371 0.5226190476190476 0.3651685393258427 0.4666666666666667 0.3188202247191011
1 0.5464285714285714 0.29353932584269665 0.5071428571428571 0.34831460674157305 0.47619047619047616 0.32162921348314605 0.5190476190476191 0.2654494382022472
1 0.5678571428571428 0.3160112359550562 0.5785714285714286 0.40308988764044945 0.5404761904761904 0.40870786516853935 0.5297619047619048 0.32724719101123595
1 0.6702380952380952 0.3637640449438202 0.6726190476190477 0.4550561797752809 0.7142857142857143 0.45646067415730335 0.7083333333333334 0.36657303370786515
1 0.6726190476190477 0.5547752808988764 0.7154761904761905 0.5561797752808989 0.7130952380952381 0.4606741573033708 0.6726190476190477 0.46629213483146065
1 0.6785714285714286 0.7205056179775281 0.6845238095238095 0.8132022471910112 0.7238095238095238 0.8117977528089888 0.7178571428571429 0.7134831460674157
1 0.6880952380952381 0.8258426966292135 0.6892857142857143 0.9002808988764045 0.7238095238095238 0.9002808988764045 0.7226190476190476 0.8230337078651685
1 0.8047619047619048 0.8426966292134831 0.8904761904761904 0.8412921348314607 0.888095238095238 0.7963483146067416 0.7988095238095239 0.7963483146067416
1 0.7607142857142857 0.6081460674157303 0.85 0.6235955056179775 0.8511904761904762 0.5814606741573034 0.7642857142857142 0.5688202247191011
1 0.780952380952381 0.5196629213483146 0.7761904761904762 0.5603932584269663 0.8559523809523809 0.5730337078651685 0.8607142857142858 0.5351123595505618
1 0.7869047619047619 0.47331460674157305 0.7761904761904762 0.5126404494382022 0.8642857142857143 0.5435393258426966 0.8714285714285714 0.49859550561797755
1 0.7726190476190476 0.43820224719101125 0.775 0.48174157303370785 0.861904761904762 0.47752808988764045 0.8559523809523809 0.4339887640449438
1 0.7690476190476191 0.38764044943820225 0.7690476190476191 0.42837078651685395 0.8523809523809524 0.4297752808988764 0.85 0.3890449438202247
1 0.7702380952380953 0.34129213483146065 0.7666666666666667 0.3806179775280899 0.8464285714285714 0.39185393258426965 0.8511904761904762 0.34691011235955055
1 0.7642857142857142 0.2991573033707865 0.7666666666666667 0.34129213483146065 0.8547619047619047 0.3356741573033708 0.8488095238095238 0.2907303370786517
1 0.7654761904761904 0.25140449438202245 0.7642857142857142 0.2893258426966292 0.8476190476190476 0.29634831460674155 0.8452380952380952 0.25842696629213485
1 0.763095238095238 0.20365168539325842 0.7619047619047619 0.24578651685393257 0.8392857142857143 0.24719101123595505 0.8369047619047619 0.2050561797752809
1 0.8630952380952381 0.36797752808988765 0.8940476190476191 0.3609550561797753 0.9011904761904762 0.43820224719101125 0.8690476190476191 0.44241573033707865
1 0.6761904761904762 0.1896067415730337 0.7547619047619047 0.20786516853932585 0.7428571428571429 0.2443820224719101 0.6642857142857143 0.22893258426966293
1 0.6880952380952381 0.1544943820224719 0.7488095238095238 0.16151685393258428 0.7476190476190476 0.19382022471910113 0.6761904761904762 0.1797752808988764
2 0.775 0.14887640449438203 0.8666666666666667 0.1502808988764045 0.8678571428571429 0.1896067415730337 0.7690476190476191 0.19101123595505617