1 0.15357142857142858 0.7401685393258427 0.1523809523809524 0.7780898876404494 0.21071428571428572 0.7794943820224719 0.20952380952380953 0.7415730337078652
4 0.5964285714285714 0.7991573033707865 0.5976190476190476 0.827247191011236 0.6488095238095238 0.827247191011236 0.6452380952380953 0.7963483146067416
1 0.5821428571428572 0.7429775280898876 0.5833333333333334 0.7682584269662921 0.6392857142857142 0.7668539325842697 0.6392857142857142 0.7387640449438202
1 0.5821428571428572 0.6867977528089888 0.5833333333333334 0.7134831460674157 0.6357142857142857 0.7148876404494382 0.6357142857142857 0.6825842696629213
1 0.5761904761904761 0.6306179775280899 0.5785714285714286 0.6657303370786517 0.6392857142857142 0.6558988764044944 0.6297619047619047 0.6207865168539326
1 0.5619047619047619 0.523876404494382 0.5619047619047619 0.5491573033707865 0.6142857142857143 0.550561797752809 0.6154761904761905 0.523876404494382
1 0.5583333333333333 0.4957865168539326 0.5571428571428572 0.5168539325842697 0.611904761904762 0.5224719101123596 0.6130952380952381 0.5
1 0.555952380952381 0.4691011235955056 0.555952380952381 0.49297752808988765 0.6083333333333333 0.49297752808988765 0.6083333333333333 0.46769662921348315
1 0.555952380952381 0.44803370786516855 0.5571428571428572 0.4648876404494382 0.6095238095238096 0.46629213483146065 0.6095238095238096 0.44662921348314605
1 0.555952380952381 0.4199438202247191 0.5583333333333333 0.4438202247191011 0.6047619047619047 0.4438202247191011 0.6047619047619047 0.42275280898876405
1 0.42142857142857143 0.7415730337078652 0.4226190476190476 0.7682584269662921 0.4797619047619048 0.7668539325842697 0.4797619047619048 0.7401685393258427
1 0.425 0.7148876404494382 0.42738095238095236 0.7387640449438202 0.4785714285714286 0.7359550561797753 0.4785714285714286 0.7078651685393258
1 0.4357142857142857 0.6783707865168539 0.4357142857142857 0.7036516853932584 0.4857142857142857 0.699438202247191 0.4845238095238095 0.672752808988764
1 0.42738095238095236 0.5421348314606742 0.430952380952381 0.5660112359550562 0.48095238095238096 0.5589887640449438 0.4773809523809524 0.5294943820224719
1 0.4238095238095238 0.4901685393258427 0.42738095238095236 0.5154494382022472 0.48214285714285715 0.5154494382022472 0.48333333333333334 0.4859550561797753
1 0.1488095238095238 0.6713483146067416 0.14761904761904762 0.6910112359550562 0.1988095238095238 0.6924157303370787 0.1988095238095238 0.6699438202247191
1 0.175 0.6432584269662921 0.1738095238095238 0.6629213483146067 0.21428571428571427 0.6643258426966292 0.21428571428571427 0.6460674157303371
1 0.17023809523809524 0.6278089887640449 0.17023809523809524 0.6432584269662921 0.21666666666666667 0.6418539325842697 0.21785714285714286 0.6221910112359551
1 0.1738095238095238 0.601123595505618 0.16904761904761906 0.6264044943820225 0.22857142857142856 0.6221910112359551 0.22857142857142856 0.601123595505618
1 0.175 0.5758426966292135 0.175 0.5955056179775281 0.22976190476190475 0.601123595505618 0.23452380952380952 0.5758426966292135
1 0.1761904761904762 0.5519662921348315 0.17857142857142858 0.5730337078651685 0.23095238095238096 0.5730337078651685 0.23214285714285715 0.547752808988764
1 0.18095238095238095 0.5280898876404494 0.1869047619047619 0.5519662921348315 0.22857142857142856 0.547752808988764 0.23095238095238096 0.523876404494382
1 0.18452380952380953 0.5028089887640449 0.18571428571428572 0.526685393258427 0.22857142857142856 0.523876404494382 0.23214285714285715 0.49859550561797755