0 0.4226190476190476 0.2752808988764045 0.24642857142857144 0.2542134831460674 0.2357142857142857 0.3202247191011236 0.4238095238095238 0.34831460674157305
0 0.37857142857142856 0.3595505617977528 0.19404761904761905 0.3637640449438202 0.19404761904761905 0.4157303370786517 0.38095238095238093 0.4157303370786517
0 0.3821428571428571 0.41713483146067415 0.19642857142857142 0.41713483146067415 0.19642857142857142 0.47752808988764045 0.38452380952380955 0.4747191011235955
0 0.3547619047619048 0.5407303370786517 0.1619047619047619 0.5407303370786517 0.15476190476190477 0.6123595505617978 0.3535714285714286 0.6067415730337079
0 0.3488095238095238 0.6264044943820225 0.1523809523809524 0.6151685393258427 0.1392857142857143 0.6882022471910112 0.34285714285714286 0.6952247191011236
0 0.13214285714285715 0.6952247191011236 0.11904761904761904 0.7612359550561798 0.33690476190476193 0.7682584269662921 0.33690476190476193 0.7064606741573034
0 0.44047619047619047 0.4157303370786517 0.37857142857142856 0.6109550561797753 0.43452380952380953 0.6278089887640449 0.4880952380952381 0.4339887640449438
0 0.4 0.6362359550561798 0.36428571428571427 0.8132022471910112 0.4119047619047619 0.8216292134831461 0.44047619047619047 0.6432584269662921
0 0.5142857142857142 0.6264044943820225 0.5059523809523809 0.8525280898876404 0.5523809523809524 0.851123595505618 0.5571428571428572 0.6264044943820225
0 0.5285714285714286 0.3946629213483146 0.5047619047619047 0.5969101123595506 0.5511904761904762 0.5997191011235955 0.5666666666666667 0.39747191011235955
0 0.6107142857142858 0.5224719101123596 0.6071428571428571 0.7514044943820225 0.6523809523809524 0.7514044943820225 0.6535714285714286 0.5252808988764045
0 0.7130952380952381 0.6362359550561798 0.7119047619047619 0.7120786516853933 0.888095238095238 0.7289325842696629 0.8904761904761904 0.6544943820224719
0 0.7178571428571429 0.5758426966292135 0.7202380952380952 0.6348314606741573 0.8869047619047619 0.6474719101123596 0.8845238095238095 0.5870786516853933
0 0.7285714285714285 0.5056179775280899 0.7321428571428571 0.5646067415730337 0.9023809523809524 0.5758426966292135 0.9 0.5140449438202247
0 0.7309523809523809 0.44241573033707865 0.7321428571428571 0.4957865168539326 0.8904761904761904 0.5070224719101124 0.8869047619047619 0.45224719101123595
0 0.7321428571428571 0.3806179775280899 0.7309523809523809 0.4311797752808989 0.8892857142857142 0.44803370786516855 0.8869047619047619 0.3960674157303371
0 0.7297619047619047 0.3258426966292135 0.7297619047619047 0.37219101123595505 0.8892857142857142 0.38342696629213485 0.8892857142857142 0.33146067415730335
0 0.7345238095238096 0.26264044943820225 0.7333333333333333 0.31320224719101125 0.8952380952380953 0.3202247191011236 0.8904761904761904 0.2710674157303371
0 0.7321428571428571 0.20926966292134833 0.7333333333333333 0.25702247191011235 0.8833333333333333 0.26264044943820225 0.8821428571428571 0.21067415730337077
0 0.7297619047619047 0.1502808988764045 0.7321428571428571 0.20646067415730338 0.8940476190476191 0.20646067415730338 0.8940476190476191 0.15730337078651685