1 0.29285714285714287 0.19241573033707865 0.3333333333333333 0.17415730337078653 0.325 0.15589887640449437 0.2833333333333333 0.17415730337078653
1 0.2761904761904762 0.15308988764044945 0.28214285714285714 0.1699438202247191 0.32142857142857145 0.15308988764044945 0.31547619047619047 0.1348314606741573
1 0.2619047619047619 0.1404494382022472 0.2702380952380952 0.15730337078651685 0.30833333333333335 0.14185393258426968 0.3011904761904762 0.125
1 0.3964285714285714 0.3693820224719101 0.4023809523809524 0.3890449438202247 0.4452380952380952 0.37219101123595505 0.4392857142857143 0.351123595505618
1 0.44285714285714284 0.3693820224719101 0.40714285714285714 0.4044943820224719 0.42142857142857143 0.4241573033707865 0.4583333333333333 0.3848314606741573
1 0.4261904761904762 0.42134831460674155 0.4380952380952381 0.4410112359550562 0.47619047619047616 0.41151685393258425 0.4630952380952381 0.3946629213483146
1 0.4226190476190476 0.46769662921348315 0.44642857142857145 0.5084269662921348 0.4642857142857143 0.49719101123595505 0.44047619047619047 0.4550561797752809
1 0.5273809523809524 0.5674157303370787 0.5654761904761905 0.5449438202247191 0.555952380952381 0.526685393258427 0.5178571428571429 0.5491573033707865
1 0.611904761904762 0.5294943820224719 0.6511904761904762 0.5098314606741573 0.6440476190476191 0.48735955056179775 0.6035714285714285 0.5098314606741573
1 0.5464285714285714 0.6432584269662921 0.5714285714285714 0.6896067415730337 0.55 0.702247191011236 0.5261904761904762 0.6601123595505618
1 0.6464285714285715 0.5603932584269663 0.6035714285714285 0.5814606741573034 0.6142857142857143 0.6025280898876404 0.655952380952381 0.5814606741573034
1 0.6535714285714286 0.5912921348314607 0.6059523809523809 0.6081460674157303 0.6142857142857143 0.6320224719101124 0.6583333333333333 0.6179775280898876
1 0.680952380952381 0.6362359550561798 0.6369047619047619 0.6629213483146067 0.65 0.6853932584269663 0.694047619047619 0.6573033707865169
1 0.6976190476190476 0.6573033707865169 0.6511904761904762 0.6797752808988764 0.6595238095238095 0.702247191011236 0.705952380952381 0.6783707865168539
1 0.7178571428571429 0.6825842696629213 0.6714285714285714 0.7120786516853933 0.6821428571428572 0.7303370786516854 0.7273809523809524 0.7008426966292135
1 0.7357142857142858 0.7008426966292135 0.694047619047619 0.726123595505618 0.705952380952381 0.75 0.7488095238095238 0.7219101123595506
1 0.7678571428571429 0.7668539325842697 0.7154761904761905 0.7921348314606742 0.7238095238095238 0.8174157303370787 0.7797619047619048 0.7893258426966292
1 0.8047619047619048 0.824438202247191 0.7523809523809524 0.851123595505618 0.7595238095238095 0.8707865168539326 0.8154761904761905 0.848314606741573
1 0.6714285714285714 0.6109550561797753 0.6238095238095238 0.6376404494382022 0.6345238095238095 0.6615168539325843 0.6833333333333333 0.6348314606741573
1 0.7416666666666667 0.7331460674157303 0.7 0.7584269662921348 0.7119047619047619 0.7823033707865169 0.7547619047619047 0.7542134831460674
1 0.7857142857142857 0.7935393258426966 0.7333333333333333 0.8188202247191011 0.7416666666666667 0.8441011235955056 0.7976190476190477 0.8160112359550562