1 0.18571428571428572 0.15870786516853932 0.17261904761904762 0.23314606741573032 0.1976190476190476 0.23595505617977527 0.20833333333333334 0.16292134831460675
1 0.12142857142857143 0.25140449438202245 0.10833333333333334 0.324438202247191 0.1392857142857143 0.3258426966292135 0.1523809523809524 0.2542134831460674
3 0.24523809523809523 0.13202247191011235 0.28809523809523807 0.13342696629213482 0.25833333333333336 0.3342696629213483 0.2130952380952381 0.3300561797752809
1 0.23214285714285715 0.3356741573033708 0.21904761904761905 0.4143258426966292 0.2488095238095238 0.4157303370786517 0.25833333333333336 0.33707865168539325
1 0.17023809523809524 0.6221910112359551 0.1619047619047619 0.702247191011236 0.19404761904761905 0.7050561797752809 0.2011904761904762 0.6221910112359551
1 0.15714285714285714 0.7191011235955056 0.1488095238095238 0.8117977528089888 0.18571428571428572 0.8117977528089888 0.19047619047619047 0.7191011235955056
1 0.5845238095238096 0.40730337078651685 0.5821428571428572 0.48314606741573035 0.6130952380952381 0.4845505617977528 0.6130952380952381 0.40730337078651685
1 0.5952380952380952 0.26264044943820225 0.5892857142857143 0.33707865168539325 0.6202380952380953 0.33707865168539325 0.6238095238095238 0.26264044943820225
1 0.5619047619047619 0.20365168539325842 0.555952380952381 0.273876404494382 0.5845238095238096 0.2752808988764045 0.5869047619047619 0.2050561797752809
1 0.6988095238095238 0.16151685393258428 0.6976190476190476 0.1952247191011236 0.7571428571428571 0.20084269662921347 0.7583333333333333 0.16713483146067415
1 0.6904761904761905 0.2247191011235955 0.6904761904761905 0.2598314606741573 0.7571428571428571 0.2654494382022472 0.7571428571428571 0.22893258426966293
1 0.6988095238095238 0.3637640449438202 0.6976190476190476 0.398876404494382 0.763095238095238 0.40730337078651685 0.7654761904761904 0.37219101123595505
1 0.7047619047619048 0.4044943820224719 0.7047619047619048 0.4396067415730337 0.7690476190476191 0.4410112359550562 0.7690476190476191 0.4058988764044944
1 0.694047619047619 0.48174157303370785 0.6952380952380952 0.5182584269662921 0.763095238095238 0.5210674157303371 0.7619047619047619 0.4845505617977528
1 0.7023809523809523 0.625 0.7023809523809523 0.6615168539325843 0.7738095238095238 0.6629213483146067 0.7702380952380953 0.6264044943820225
3 0.7654761904761904 0.6671348314606742 0.7678571428571429 0.7064606741573034 0.6892857142857143 0.7064606741573034 0.6869047619047619 0.6657303370786517
4 0.7642857142857142 0.7275280898876404 0.763095238095238 0.7626404494382022 0.7035714285714286 0.7570224719101124 0.7047619047619048 0.7205056179775281
1 0.6130952380952381 0.8103932584269663 0.6130952380952381 0.8960674157303371 0.6464285714285715 0.8946629213483146 0.6440476190476191 0.8103932584269663
1 0.7047619047619048 0.7710674157303371 0.7047619047619048 0.8061797752808989 0.7797619047619048 0.8061797752808989 0.7785714285714286 0.7682584269662921
1 0.6916666666666667 0.8089887640449438 0.6904761904761905 0.848314606741573 0.7690476190476191 0.8539325842696629 0.7714285714285715 0.8132022471910112