1 0.25952380952380955 0.2345505617977528 0.3 0.2303370786516854 0.30238095238095236 0.12780898876404495 0.2571428571428571 0.12921348314606743
1 0.25357142857142856 0.26825842696629215 0.2619047619047619 0.37219101123595505 0.3 0.37219101123595505 0.2916666666666667 0.2654494382022472
1 0.25357142857142856 0.39325842696629215 0.25595238095238093 0.5070224719101124 0.29523809523809524 0.5042134831460674 0.2916666666666667 0.38764044943820225
1 0.2511904761904762 0.5224719101123596 0.25476190476190474 0.6390449438202247 0.2892857142857143 0.6376404494382022 0.2916666666666667 0.5154494382022472
1 0.24642857142857144 0.6643258426966292 0.2488095238095238 0.7935393258426966 0.29285714285714287 0.7921348314606742 0.29285714285714287 0.6587078651685393
1 0.25476190476190474 0.8033707865168539 0.25357142857142856 0.901685393258427 0.29523809523809524 0.8974719101123596 0.29523809523809524 0.8061797752808989
1 0.7071428571428572 0.20646067415730338 0.7535714285714286 0.20365168539325842 0.7488095238095238 0.10814606741573034 0.7023809523809523 0.10955056179775281
1 0.7178571428571429 0.2949438202247191 0.7535714285714286 0.28651685393258425 0.75 0.20224719101123595 0.7119047619047619 0.20084269662921347
1 0.7154761904761905 0.39747191011235955 0.7773809523809524 0.35252808988764045 0.7535714285714286 0.3188202247191011 0.6976190476190476 0.3595505617977528
1 0.7214285714285714 0.4297752808988764 0.7797619047619048 0.3497191011235955 0.8107142857142857 0.37780898876404495 0.7511904761904762 0.46207865168539325
1 0.7452380952380953 0.49859550561797755 0.7773809523809524 0.5337078651685393 0.8404761904761905 0.45224719101123595 0.8047619047619048 0.4143258426966292
1 0.7488095238095238 0.5716292134831461 0.7833333333333333 0.6053370786516854 0.8464285714285714 0.5210674157303371 0.8178571428571428 0.49297752808988765
1 0.7559523809523809 0.648876404494382 0.7964285714285714 0.6910112359550562 0.8559523809523809 0.5941011235955056 0.825 0.5646067415730337
1 0.7607142857142857 0.7443820224719101 0.7892857142857143 0.7865168539325843 0.8642857142857143 0.6910112359550562 0.8261904761904761 0.6530898876404494
1 0.7476190476190476 0.8441011235955056 0.7869047619047619 0.8918539325842697 0.8678571428571429 0.8160112359550562 0.8333333333333334 0.7682584269662921