1 0.32142857142857145 0.6629213483146067 0.32261904761904764 0.6980337078651685 0.39880952380952384 0.7008426966292135 0.4 0.6671348314606742
1 0.46190476190476193 0.6544943820224719 0.4511904761904762 0.6896067415730337 0.5261904761904762 0.7134831460674157 0.5345238095238095 0.6811797752808989
1 0.4726190476190476 0.5898876404494382 0.4654761904761905 0.6221910112359551 0.5380952380952381 0.6502808988764045 0.5464285714285714 0.6109550561797753
1 0.46904761904761905 0.5294943820224719 0.45 0.6165730337078652 0.41785714285714287 0.6095505617977528 0.4369047619047619 0.5210674157303371
1 0.8178571428571428 0.14185393258426968 0.8107142857142857 0.175561797752809 0.7285714285714285 0.1601123595505618 0.7345238095238096 0.12780898876404495
1 0.8142857142857143 0.19101123595505617 0.8083333333333333 0.22893258426966293 0.7285714285714285 0.20786516853932585 0.7357142857142858 0.17134831460674158
1 0.7285714285714285 0.22191011235955055 0.7226190476190476 0.25280898876404495 0.8035714285714286 0.273876404494382 0.8095238095238095 0.23735955056179775
1 0.7226190476190476 0.2640449438202247 0.7154761904761905 0.29775280898876405 0.7988095238095239 0.3202247191011236 0.8047619047619048 0.28792134831460675
1 0.7261904761904762 0.3146067415730337 0.7154761904761905 0.35252808988764045 0.7904761904761904 0.3707865168539326 0.7988095238095239 0.3356741573033708
1 0.7119047619047619 0.3637640449438202 0.7035714285714286 0.39185393258426965 0.7880952380952381 0.4143258426966292 0.794047619047619 0.3792134831460674
1 0.705952380952381 0.4101123595505618 0.7 0.44241573033707865 0.7821428571428571 0.4592696629213483 0.7880952380952381 0.42696629213483145
1 0.6988095238095238 0.45365168539325845 0.6952380952380952 0.48735955056179775 0.775 0.5042134831460674 0.780952380952381 0.4705056179775281
1 0.6904761904761905 0.5014044943820225 0.6880952380952381 0.5337078651685393 0.7678571428571429 0.5491573033707865 0.7738095238095238 0.5140449438202247
1 0.6547619047619048 0.14747191011235955 0.6488095238095238 0.18398876404494383 0.7238095238095238 0.199438202247191 0.7297619047619047 0.16573033707865167
1 0.6488095238095238 0.199438202247191 0.6416666666666667 0.2303370786516854 0.7202380952380952 0.25 0.7273809523809524 0.21629213483146068
1 0.6404761904761904 0.24719101123595505 0.6321428571428571 0.2808988764044944 0.7130952380952381 0.29634831460674155 0.7178571428571429 0.26264044943820225
1 0.6464285714285715 0.29353932584269665 0.6369047619047619 0.32724719101123595 0.7130952380952381 0.34691011235955055 0.7202380952380952 0.31179775280898875
1 0.6285714285714286 0.33848314606741575 0.6214285714285714 0.37640449438202245 0.6988095238095238 0.39185393258426965 0.7047619047619048 0.35814606741573035
1 0.6226190476190476 0.39185393258426965 0.6166666666666667 0.42837078651685395 0.6964285714285714 0.4410112359550562 0.7035714285714286 0.40308988764044945
1 0.6130952380952381 0.43820224719101125 0.6083333333333333 0.46629213483146065 0.6916666666666667 0.48735955056179775 0.6976190476190476 0.45224719101123595
1 0.6035714285714285 0.4901685393258427 0.5988095238095238 0.526685393258427 0.6833333333333333 0.5365168539325843 0.6869047619047619 0.5042134831460674
1 0.6476190476190476 0.1502808988764045 0.6452380952380953 0.1797752808988764 0.5666666666666667 0.16713483146067415 0.5738095238095238 0.13342696629213482
1 0.5666666666666667 0.17837078651685392 0.5607142857142857 0.21207865168539325 0.638095238095238 0.22893258426966293 0.6428571428571429 0.19241573033707865
1 0.5654761904761905 0.22893258426966293 0.5595238095238095 0.26264044943820225 0.6297619047619047 0.27808988764044945 0.6333333333333333 0.24578651685393257
1 0.5464285714285714 0.3202247191011236 0.5416666666666666 0.3539325842696629 0.6166666666666667 0.3707865168539326 0.625 0.3356741573033708
1 0.5380952380952381 0.3693820224719101 0.530952380952381 0.40870786516853935 0.6095238095238096 0.42275280898876405 0.6154761904761905 0.38764044943820225
1 0.5297619047619048 0.42134831460674155 0.5226190476190476 0.4550561797752809 0.6035714285714285 0.4691011235955056 0.6095238095238096 0.4353932584269663
1 0.5178571428571429 0.46629213483146065 0.5119047619047619 0.5 0.594047619047619 0.5182584269662921 0.5988095238095238 0.48314606741573035
1 0.4023809523809524 0.17837078651685392 0.3976190476190476 0.21348314606741572 0.47023809523809523 0.2303370786516854 0.47619047619047616 0.1952247191011236
1 0.39404761904761904 0.22331460674157302 0.3869047619047619 0.25842696629213485 0.45476190476190476 0.27668539325842695 0.4642857142857143 0.24578651685393257
1 0.39285714285714285 0.273876404494382 0.3869047619047619 0.30196629213483145 0.45714285714285713 0.32303370786516855 0.4607142857142857 0.2907303370786517
1 0.38333333333333336 0.3160112359550562 0.37976190476190474 0.3539325842696629 0.4511904761904762 0.36797752808988765 0.45357142857142857 0.3356741573033708
1 0.36666666666666664 0.41713483146067415 0.35595238095238096 0.449438202247191 0.430952380952381 0.476123595505618 0.4392857142857143 0.44803370786516855
1 0.35119047619047616 0.46207865168539325 0.3404761904761905 0.49859550561797755 0.4142857142857143 0.5182584269662921 0.42023809523809524 0.4845505617977528
1 0.35 0.5112359550561798 0.3404761904761905 0.5393258426966292 0.41309523809523807 0.5716292134831461 0.4238095238095238 0.5379213483146067
1 0.34285714285714286 0.5589887640449438 0.33214285714285713 0.5926966292134831 0.4107142857142857 0.6165730337078652 0.41785714285714287 0.5828651685393258
1 0.3273809523809524 0.15589887640449437 0.32261904761904764 0.19101123595505617 0.39285714285714285 0.21067415730337077 0.39880952380952384 0.175561797752809
1 0.3202380952380952 0.20786516853932585 0.3119047619047619 0.2345505617977528 0.3821428571428571 0.25702247191011235 0.3869047619047619 0.22752808988764045
1 0.31666666666666665 0.25 0.3107142857142857 0.2794943820224719 0.38333333333333336 0.3047752808988764 0.3904761904761905 0.273876404494382
1 0.3047619047619048 0.2949438202247191 0.29642857142857143 0.32865168539325845 0.37023809523809526 0.35252808988764045 0.3773809523809524 0.32162921348314605
1 0.2892857142857143 0.38764044943820225 0.27976190476190477 0.425561797752809 0.3547619047619048 0.4508426966292135 0.3630952380952381 0.41713483146067415
1 0.2785714285714286 0.44241573033707865 0.2714285714285714 0.47331460674157305 0.3380952380952381 0.49297752808988765 0.3476190476190476 0.4606741573033708
1 0.2714285714285714 0.4845505617977528 0.2630952380952381 0.5210674157303371 0.33690476190476193 0.5435393258426966 0.34285714285714286 0.5112359550561798
1 0.2642857142857143 0.5351123595505618 0.25595238095238093 0.5688202247191011 0.33214285714285713 0.5884831460674157 0.3380952380952381 0.5561797752808989
1 0.2511904761904762 0.13764044943820225 0.24404761904761904 0.16713483146067415 0.31547619047619047 0.19101123595505617 0.3238095238095238 0.15730337078651685
1 0.24523809523809523 0.1853932584269663 0.2392857142857143 0.21910112359550563 0.30952380952380953 0.23314606741573032 0.3142857142857143 0.20084269662921347
1 0.2369047619047619 0.22752808988764045 0.22976190476190475 0.25702247191011235 0.305952380952381 0.2808988764044944 0.3119047619047619 0.24719101123595505
1 0.22738095238095238 0.273876404494382 0.22023809523809523 0.3047752808988764 0.2916666666666667 0.32724719101123595 0.2988095238095238 0.29634831460674155
1 0.2226190476190476 0.3160112359550562 0.2119047619047619 0.3539325842696629 0.28809523809523807 0.3806179775280899 0.29642857142857143 0.34269662921348315
1 0.2130952380952381 0.3637640449438202 0.2011904761904762 0.40308988764044945 0.2785714285714286 0.42275280898876405 0.2857142857142857 0.3848314606741573
1 0.20595238095238094 0.4157303370786517 0.19642857142857142 0.45224719101123595 0.26785714285714285 0.4705056179775281 0.2761904761904762 0.43820224719101125
1 0.19404761904761905 0.4592696629213483 0.18452380952380953 0.49157303370786515 0.2619047619047619 0.5182584269662921 0.2654761904761905 0.4803370786516854
1 0.18095238095238095 0.5098314606741573 0.1738095238095238 0.5421348314606742 0.2511904761904762 0.5688202247191011 0.25833333333333336 0.5337078651685393