1 0.6214285714285714 0.7429775280898876 0.5988095238095238 0.7429775280898876 0.6023809523809524 0.797752808988764 0.6261904761904762 0.7963483146067416
1 0.6178571428571429 0.6544943820224719 0.5952380952380952 0.6544943820224719 0.6 0.7289325842696629 0.625 0.726123595505618
1 0.6214285714285714 0.5617977528089888 0.5988095238095238 0.5617977528089888 0.6 0.6292134831460674 0.6238095238095238 0.6320224719101124
1 0.6178571428571429 0.4957865168539326 0.5952380952380952 0.4957865168539326 0.5964285714285714 0.547752808988764 0.6190476190476191 0.5463483146067416
1 0.6130952380952381 0.4353932584269663 0.5904761904761905 0.4353932584269663 0.5916666666666667 0.4887640449438202 0.6142857142857143 0.4887640449438202
1 0.6130952380952381 0.3637640449438202 0.5904761904761905 0.3637640449438202 0.5916666666666667 0.42134831460674155 0.6154761904761905 0.425561797752809
1 0.7 0.5589887640449438 0.7583333333333333 0.5674157303370787 0.7571428571428571 0.5926966292134831 0.694047619047619 0.5856741573033708
1 0.6107142857142858 0.17696629213483145 0.6547619047619048 0.18820224719101122 0.6511904761904762 0.21207865168539325 0.6035714285714285 0.199438202247191
1 0.48095238095238096 0.15730337078651685 0.4297619047619048 0.16292134831460675 0.43214285714285716 0.18398876404494383 0.48214285714285715 0.18117977528089887
1 0.47619047619047616 0.18398876404494383 0.425 0.1896067415730337 0.42738095238095236 0.21067415730337077 0.4773809523809524 0.20786516853932585
1 0.4726190476190476 0.20646067415730338 0.42142857142857143 0.21207865168539325 0.4238095238095238 0.23314606741573032 0.4738095238095238 0.2303370786516854
1 0.48333333333333334 0.24859550561797752 0.43214285714285716 0.23735955056179775 0.42142857142857143 0.25842696629213485 0.4738095238095238 0.27247191011235955
1 0.4297619047619048 0.28370786516853935 0.4738095238095238 0.27668539325842695 0.4773809523809524 0.300561797752809 0.42857142857142855 0.3061797752808989
1 0.42738095238095236 0.3103932584269663 0.46904761904761905 0.3103932584269663 0.47023809523809523 0.33146067415730335 0.42738095238095236 0.32865168539325845
1 0.4023809523809524 0.3904494382022472 0.38333333333333336 0.39185393258426965 0.37857142857142856 0.4452247191011236 0.4011904761904762 0.4452247191011236
1 0.35119047619047616 0.27247191011235955 0.40595238095238095 0.273876404494382 0.40476190476190477 0.300561797752809 0.3488095238095238 0.300561797752809
1 0.319047619047619 0.16151685393258428 0.3107142857142857 0.21207865168539325 0.3333333333333333 0.21629213483146068 0.3404761904761905 0.16573033707865167
1 0.25476190476190474 0.15308988764044945 0.25 0.20224719101123595 0.2761904761904762 0.20224719101123595 0.275 0.15308988764044945
4 0.13333333333333333 0.15168539325842698 0.12380952380952381 0.19662921348314608 0.14642857142857144 0.20224719101123595 0.15714285714285714 0.15308988764044945
4 0.6547619047619048 0.21067415730337077 0.6107142857142858 0.20786516853932585 0.6095238095238096 0.23595505617977527 0.6535714285714286 0.23735955056179775
4 0.7976190476190477 0.6207865168539326 0.794047619047619 0.7008426966292135 0.8226190476190476 0.7050561797752809 0.8214285714285714 0.625