1 0.65 0.800561797752809 0.6511904761904762 0.8328651685393258 0.7119047619047619 0.824438202247191 0.7071428571428572 0.7963483146067416
1 0.6464285714285715 0.7837078651685393 0.6464285714285715 0.7514044943820225 0.7047619047619048 0.7514044943820225 0.7071428571428572 0.7794943820224719
1 0.6452380952380953 0.7471910112359551 0.6452380952380953 0.7247191011235955 0.7011904761904761 0.723314606741573 0.7 0.7514044943820225
1 0.6404761904761904 0.6966292134831461 0.6369047619047619 0.6671348314606742 0.6916666666666667 0.6671348314606742 0.694047619047619 0.6938202247191011
1 0.6261904761904762 0.6418539325842697 0.6261904761904762 0.6095505617977528 0.680952380952381 0.6123595505617978 0.6833333333333333 0.6362359550561798
1 0.625 0.6095505617977528 0.6238095238095238 0.5912921348314607 0.675 0.5898876404494382 0.6773809523809524 0.6137640449438202
1 0.625 0.5912921348314607 0.6202380952380953 0.5632022471910112 0.6738095238095239 0.5617977528089888 0.6761904761904762 0.5856741573033708
1 0.6214285714285714 0.5603932584269663 0.6190476190476191 0.5393258426966292 0.6666666666666666 0.5379213483146067 0.669047619047619 0.5561797752808989
1 0.5488095238095239 0.6671348314606742 0.5 0.6558988764044944 0.5035714285714286 0.6292134831460674 0.5547619047619048 0.6418539325842697
1 0.5452380952380952 0.625 0.4976190476190476 0.625 0.4976190476190476 0.6039325842696629 0.5464285714285714 0.6053370786516854
1 0.5380952380952381 0.5912921348314607 0.4797619047619048 0.6039325842696629 0.4797619047619048 0.577247191011236 0.5285714285714286 0.5688202247191011
1 0.5357142857142857 0.5196629213483146 0.49404761904761907 0.5224719101123596 0.4976190476190476 0.49859550561797755 0.5345238095238095 0.5
1 0.5321428571428571 0.4887640449438202 0.4845238095238095 0.49719101123595505 0.4857142857142857 0.4789325842696629 0.5297619047619048 0.46769662921348315
1 0.5297619047619048 0.4648876404494382 0.48095238095238096 0.4747191011235955 0.4845238095238095 0.449438202247191 0.5297619047619048 0.4410112359550562
1 0.5285714285714286 0.4002808988764045 0.4797619047619048 0.40308988764044945 0.48095238095238096 0.38342696629213485 0.5273809523809524 0.3792134831460674
1 0.19523809523809524 0.8117977528089888 0.19404761904761905 0.7823033707865169 0.2511904761904762 0.7780898876404494 0.2523809523809524 0.8089887640449438
1 0.19523809523809524 0.7780898876404494 0.19642857142857142 0.7514044943820225 0.2488095238095238 0.75 0.24761904761904763 0.773876404494382
1 0.20595238095238094 0.7457865168539326 0.20714285714285716 0.7162921348314607 0.25595238095238093 0.7162921348314607 0.25833333333333336 0.7471910112359551
1 0.2154761904761905 0.7134831460674157 0.2154761904761905 0.6896067415730337 0.2702380952380952 0.6924157303370787 0.2702380952380952 0.7176966292134831
1 0.21071428571428572 0.6882022471910112 0.2119047619047619 0.6657303370786517 0.2702380952380952 0.6671348314606742 0.2702380952380952 0.6882022471910112
1 0.22023809523809523 0.598314606741573 0.22023809523809523 0.5758426966292135 0.2702380952380952 0.5758426966292135 0.2702380952380952 0.5969101123595506
1 0.22023809523809523 0.5730337078651685 0.22023809523809523 0.550561797752809 0.27380952380952384 0.5519662921348315 0.27380952380952384 0.5716292134831461
1 0.2226190476190476 0.5491573033707865 0.225 0.5252808988764045 0.27380952380952384 0.526685393258427 0.2761904761904762 0.550561797752809
1 0.22738095238095238 0.5014044943820225 0.22857142857142856 0.4803370786516854 0.275 0.48174157303370785 0.27380952380952384 0.5
1 0.22380952380952382 0.4691011235955056 0.225 0.4438202247191011 0.2785714285714286 0.44662921348314605 0.2785714285714286 0.46769662921348315
1 0.22380952380952382 0.44241573033707865 0.22738095238095238 0.4199438202247191 0.28214285714285714 0.42275280898876405 0.2785714285714286 0.449438202247191
1 0.22738095238095238 0.4199438202247191 0.23095238095238096 0.398876404494382 0.28095238095238095 0.40168539325842695 0.28214285714285714 0.42134831460674155
1 0.6023809523809524 0.48735955056179775 0.6023809523809524 0.46207865168539325 0.6511904761904762 0.4606741573033708 0.6511904761904762 0.48314606741573035
1 0.5964285714285714 0.4438202247191011 0.5964285714285714 0.4143258426966292 0.6464285714285715 0.4143258426966292 0.6464285714285715 0.43820224719101125
1 0.5988095238095238 0.41151685393258425 0.6 0.3904494382022472 0.6440476190476191 0.39185393258426965 0.6476190476190476 0.4143258426966292