1 0.14285714285714285 0.29634831460674155 0.11547619047619048 0.37219101123595505 0.08571428571428572 0.3553370786516854 0.11785714285714285 0.2794943820224719
1 0.15357142857142858 0.2907303370786517 0.13333333333333333 0.37219101123595505 0.16428571428571428 0.38202247191011235 0.18333333333333332 0.29634831460674155
1 0.19285714285714287 0.30196629213483145 0.17142857142857143 0.3862359550561798 0.20357142857142857 0.39325842696629215 0.22380952380952382 0.3061797752808989
1 0.12976190476190477 0.3792134831460674 0.10595238095238095 0.46348314606741575 0.1392857142857143 0.4747191011235955 0.1595238095238095 0.3890449438202247
1 0.17142857142857143 0.3890449438202247 0.15 0.47331460674157305 0.18095238095238095 0.4845505617977528 0.2011904761904762 0.39747191011235955
1 0.14047619047619048 0.48174157303370785 0.11904761904761904 0.5603932584269663 0.0880952380952381 0.547752808988764 0.11190476190476191 0.47191011235955055
1 0.15 0.48174157303370785 0.12976190476190477 0.5646067415730337 0.16071428571428573 0.5730337078651685 0.18452380952380953 0.4845505617977528
1 0.2392857142857143 0.3089887640449438 0.21904761904761905 0.39185393258426965 0.2511904761904762 0.39747191011235955 0.2702380952380952 0.3146067415730337
1 0.21785714285714286 0.4002808988764045 0.19523809523809524 0.48174157303370785 0.22738095238095238 0.4887640449438202 0.24642857142857144 0.4058988764044944
1 0.19285714285714287 0.4901685393258427 0.17142857142857143 0.5758426966292135 0.20714285714285716 0.5856741573033708 0.22857142857142856 0.49859550561797755
1 0.2773809523809524 0.5070224719101124 0.25833333333333336 0.5842696629213483 0.2845238095238095 0.5955056179775281 0.30714285714285716 0.5154494382022472
1 0.36666666666666664 0.33707865168539325 0.3416666666666667 0.41853932584269665 0.375 0.42837078651685395 0.39285714285714285 0.3441011235955056
1 0.34404761904761905 0.42696629213483145 0.3273809523809524 0.5056179775280899 0.35595238095238096 0.5168539325842697 0.37142857142857144 0.43258426966292135
1 0.325 0.5168539325842697 0.30238095238095236 0.5969101123595506 0.33095238095238094 0.6053370786516854 0.35119047619047616 0.523876404494382
1 0.40476190476190477 0.3398876404494382 0.38571428571428573 0.425561797752809 0.41904761904761906 0.42837078651685395 0.43333333333333335 0.34269662921348315
1 0.3892857142857143 0.42837078651685395 0.37142857142857144 0.5168539325842697 0.4 0.523876404494382 0.4154761904761905 0.43679775280898875
1 0.36904761904761907 0.5224719101123596 0.35 0.6053370786516854 0.3773809523809524 0.6137640449438202 0.3976190476190476 0.5294943820224719
1 0.45 0.35252808988764045 0.43214285714285716 0.4353932584269663 0.4583333333333333 0.4410112359550562 0.4738095238095238 0.3595505617977528
1 0.4119047619047619 0.5365168539325843 0.39166666666666666 0.6151685393258427 0.41904761904761906 0.6221910112359551 0.4369047619047619 0.5407303370786517
1 0.4297619047619048 0.4410112359550562 0.41309523809523807 0.5224719101123596 0.4380952380952381 0.5308988764044944 0.45595238095238094 0.449438202247191
1 0.4726190476190476 0.44662921348314605 0.45357142857142857 0.5224719101123596 0.48095238095238096 0.5323033707865169 0.4976190476190476 0.45786516853932585
1 0.4523809523809524 0.5379213483146067 0.43333333333333335 0.6207865168539326 0.4583333333333333 0.6292134831460674 0.4797619047619048 0.5449438202247191
1 0.5357142857142857 0.36235955056179775 0.5119047619047619 0.44803370786516855 0.5380952380952381 0.4550561797752809 0.5595238095238095 0.3693820224719101
1 0.5083333333333333 0.45646067415730335 0.49166666666666664 0.5379213483146067 0.5202380952380953 0.5407303370786517 0.5369047619047619 0.46207865168539325
1 0.49047619047619045 0.5463483146067416 0.4726190476190476 0.6264044943820225 0.5011904761904762 0.6362359550561798 0.5178571428571429 0.5533707865168539
1 0.5321428571428571 0.5519662921348315 0.5142857142857142 0.6334269662921348 0.5452380952380952 0.6432584269662921 0.5595238095238095 0.5603932584269663
1 0.5761904761904761 0.5646067415730337 0.5619047619047619 0.6474719101123596 0.5904761904761905 0.6530898876404494 0.6035714285714285 0.5716292134831461
1 0.6166666666666667 0.5702247191011236 0.6 0.6530898876404494 0.6285714285714286 0.6629213483146067 0.6488095238095238 0.5800561797752809
1 0.6607142857142857 0.577247191011236 0.6428571428571429 0.6657303370786517 0.6702380952380952 0.6741573033707865 0.6880952380952381 0.5870786516853933
1 0.6988095238095238 0.5870786516853933 0.6845238095238095 0.6741573033707865 0.7154761904761905 0.6811797752808989 0.7273809523809524 0.5941011235955056
1 0.7404761904761905 0.5969101123595506 0.7285714285714285 0.6839887640449438 0.7595238095238095 0.6924157303370787 0.7702380952380953 0.6025280898876404
1 0.7833333333333333 0.6039325842696629 0.775 0.6867977528089888 0.8035714285714286 0.6952247191011236 0.8142857142857143 0.6123595505617978
1 0.8273809523809523 0.6109550561797753 0.8178571428571428 0.7036516853932584 0.85 0.7078651685393258 0.8583333333333333 0.6179775280898876
1 0.8416666666666667 0.5154494382022472 0.8285714285714286 0.6053370786516854 0.8607142857142858 0.6109550561797753 0.8726190476190476 0.5224719101123596
1 0.55 0.45646067415730335 0.5297619047619048 0.5449438202247191 0.5595238095238095 0.5547752808988764 0.5773809523809523 0.46769662921348315
1 0.5726190476190476 0.3693820224719101 0.55 0.45646067415730335 0.5773809523809523 0.46348314606741575 0.5964285714285714 0.37640449438202245
1 0.6083333333333333 0.38342696629213485 0.5916666666666667 0.46769662921348315 0.6190476190476191 0.47331460674157305 0.6333333333333333 0.38764044943820225
1 0.6476190476190476 0.3904494382022472 0.6345238095238095 0.4705056179775281 0.6619047619047619 0.47752808988764045 0.6726190476190477 0.39747191011235955
1 0.6880952380952381 0.4002808988764045 0.675 0.47752808988764045 0.7 0.4845505617977528 0.7142857142857143 0.4058988764044944
1 0.7309523809523809 0.40308988764044945 0.7142857142857143 0.49157303370786515 0.7428571428571429 0.49859550561797755 0.7595238095238095 0.4101123595505618
1 0.7702380952380953 0.42134831460674155 0.7559523809523809 0.5014044943820225 0.7892857142857143 0.5098314606741573 0.8023809523809524 0.4297752808988764
1 0.5916666666666667 0.47331460674157305 0.5738095238095238 0.5575842696629213 0.6059523809523809 0.5660112359550562 0.6202380952380953 0.47752808988764045
1 0.6333333333333333 0.47752808988764045 0.6166666666666667 0.5660112359550562 0.6476190476190476 0.5758426966292135 0.6630952380952381 0.48735955056179775
1 0.675 0.4887640449438202 0.6607142857142857 0.5730337078651685 0.6880952380952381 0.5786516853932584 0.6988095238095238 0.49297752808988765
1 0.7142857142857143 0.49719101123595505 0.7 0.5828651685393258 0.7285714285714285 0.5884831460674157 0.7404761904761905 0.5
1 0.7583333333333333 0.5098314606741573 0.7404761904761905 0.5898876404494382 0.7702380952380953 0.598314606741573 0.7857142857142857 0.5168539325842697
1 0.8511904761904762 0.23174157303370788 0.8333333333333334 0.32303370786516855 0.8666666666666667 0.3300561797752809 0.8821428571428571 0.24157303370786518
1 0.8035714285714286 0.22893258426966293 0.7880952380952381 0.3202247191011236 0.8202380952380952 0.3258426966292135 0.8357142857142857 0.23174157303370788
1 0.7666666666666667 0.21769662921348315 0.7488095238095238 0.31320224719101125 0.7785714285714286 0.31741573033707865 0.794047619047619 0.22191011235955055
1 0.7226190476190476 0.21348314606741572 0.7047619047619048 0.3061797752808989 0.7345238095238096 0.31179775280898875 0.7511904761904762 0.2148876404494382
1 0.680952380952381 0.20365168539325842 0.6642857142857143 0.28651685393258425 0.694047619047619 0.2949438202247191 0.7107142857142857 0.20786516853932585
1 0.6369047619047619 0.19662921348314608 0.6238095238095238 0.28370786516853935 0.6535714285714286 0.28792134831460675 0.6666666666666666 0.20365168539325842
1 0.5583333333333333 0.17275280898876405 0.5369047619047619 0.2542134831460674 0.5642857142857143 0.2598314606741573 0.5857142857142857 0.18258426966292135
1 0.5047619047619047 0.175561797752809 0.4880952380952381 0.2640449438202247 0.5154761904761904 0.2696629213483146 0.530952380952381 0.18398876404494383
1 0.45357142857142857 0.16432584269662923 0.43452380952380953 0.25280898876404495 0.4642857142857143 0.2598314606741573 0.48095238095238096 0.1699438202247191
1 0.4107142857142857 0.15168539325842698 0.3892857142857143 0.23735955056179775 0.4154761904761905 0.24578651685393257 0.4369047619047619 0.16151685393258428
1 0.37023809523809526 0.14747191011235955 0.34404761904761905 0.23735955056179775 0.3761904761904762 0.24719101123595505 0.3952380952380952 0.15589887640449437
1 0.32857142857142857 0.14325842696629212 0.305952380952381 0.22612359550561797 0.33095238095238094 0.23876404494382023 0.35595238095238096 0.1502808988764045
1 0.21666666666666667 0.2148876404494382 0.2488095238095238 0.2205056179775281 0.26666666666666666 0.13342696629213482 0.2369047619047619 0.12640449438202248
1 0.16904761904761906 0.20365168539325842 0.2011904761904762 0.21348314606741572 0.22857142857142856 0.12780898876404495 0.1988095238095238 0.11797752808988764
1 0.2726190476190476 0.19662921348314608 0.30357142857142855 0.20084269662921347 0.3202380952380952 0.12359550561797752 0.2869047619047619 0.11938202247191011
1 0.13333333333333333 0.18398876404494383 0.16785714285714284 0.18679775280898878 0.18333333333333332 0.11657303370786516 0.14761904761904762 0.10955056179775281
1 0.638095238095238 0.19382022471910113 0.6714285714285714 0.19803370786516855 0.6869047619047619 0.11657303370786516 0.6511904761904762 0.11095505617977527
1 0.6797619047619048 0.19803370786516855 0.7119047619047619 0.20365168539325842 0.7321428571428571 0.11657303370786516 0.7 0.10814606741573034
1 0.725 0.2050561797752809 0.7523809523809524 0.21207865168539325 0.7702380952380953 0.1306179775280899 0.7452380952380953 0.12078651685393259
1 0.7666666666666667 0.21067415730337077 0.7976190476190477 0.21629213483146068 0.8214285714285714 0.12219101123595505 0.7904761904761904 0.1151685393258427
1 0.8095238095238095 0.21629213483146068 0.8380952380952381 0.2247191011235955 0.8630952380952381 0.13202247191011235 0.830952380952381 0.125
1 0.8511904761904762 0.2247191011235955 0.8702380952380953 0.13202247191011235 0.9023809523809524 0.13904494382022473 0.8857142857142857 0.23174157303370788
1 0.555952380952381 0.16573033707865167 0.5869047619047619 0.17275280898876405 0.6035714285714285 0.11938202247191011 0.5702380952380952 0.10955056179775281
1 0.5059523809523809 0.1699438202247191 0.5357142857142857 0.175561797752809 0.5535714285714286 0.11938202247191011 0.5214285714285715 0.11095505617977527
1 0.4583333333333333 0.16151685393258428 0.4845238095238095 0.16853932584269662 0.5011904761904762 0.11235955056179775 0.4726190476190476 0.10393258426966293