1 0.5904761904761905 0.5814606741573034 0.5642857142857143 0.6025280898876404 0.6226190476190476 0.6924157303370787 0.6571428571428571 0.6615168539325843
1 0.675 0.7008426966292135 0.6452380952380953 0.726123595505618 0.7023809523809523 0.8047752808988764 0.7380952380952381 0.7752808988764045
1 0.7333333333333333 0.8019662921348315 0.7011904761904761 0.8314606741573034 0.7523809523809524 0.8904494382022472 0.780952380952381 0.8595505617977528
1 0.30952380952380953 0.17696629213483145 0.28095238095238095 0.20365168539325842 0.3273809523809524 0.26685393258426965 0.3595238095238095 0.23876404494382023
1 0.5285714285714286 0.3356741573033708 0.5 0.35674157303370785 0.5583333333333333 0.43258426966292135 0.5869047619047619 0.4044943820224719
1 0.5630952380952381 0.3061797752808989 0.5380952380952381 0.33286516853932585 0.5892857142857143 0.3946629213483146 0.6178571428571429 0.3637640449438202
1 0.5952380952380952 0.273876404494382 0.5714285714285714 0.2991573033707865 0.6154761904761905 0.35814606741573035 0.6404761904761904 0.3356741573033708
1 0.6369047619047619 0.24719101123595505 0.6095238095238096 0.2654494382022472 0.655952380952381 0.34129213483146065 0.6857142857142857 0.31320224719101125
1 0.6726190476190477 0.22331460674157302 0.6476190476190476 0.24578651685393257 0.7 0.31179775280898875 0.7226190476190476 0.28370786516853935
1 0.4357142857142857 0.21067415730337077 0.4035714285714286 0.2303370786516854 0.44761904761904764 0.29634831460674155 0.48095238095238096 0.27247191011235955
1 0.4738095238095238 0.19241573033707865 0.4488095238095238 0.2148876404494382 0.5071428571428571 0.2640449438202247 0.5321428571428571 0.22752808988764045