1 0.4488095238095238 0.16151685393258428 0.4511904761904762 0.19101123595505617 0.513095238095238 0.1797752808988764 0.5083333333333333 0.15168539325842698
1 0.4607142857142857 0.19803370786516855 0.4595238095238095 0.22331460674157302 0.5154761904761904 0.21629213483146068 0.5178571428571429 0.19101123595505617
1 0.4595238095238095 0.23595505617977527 0.4607142857142857 0.2612359550561798 0.5202380952380953 0.25140449438202245 0.5202380952380953 0.22612359550561797
1 0.5083333333333333 0.2654494382022472 0.5202380952380953 0.2851123595505618 0.5654761904761905 0.25702247191011235 0.555952380952381 0.2345505617977528
1 0.46904761904761905 0.273876404494382 0.45476190476190476 0.29634831460674155 0.5035714285714286 0.32724719101123595 0.513095238095238 0.30337078651685395
1 0.5226190476190476 0.2991573033707865 0.5226190476190476 0.32303370786516855 0.5797619047619048 0.32162921348314605 0.580952380952381 0.29634831460674155
1 0.5238095238095238 0.35252808988764045 0.5238095238095238 0.3806179775280899 0.5845238095238096 0.37780898876404495 0.5833333333333334 0.351123595505618
1 0.4630952380952381 0.37359550561797755 0.45595238095238094 0.40308988764044945 0.5142857142857142 0.41713483146067415 0.5190476190476191 0.3890449438202247
1 0.5095238095238095 0.43820224719101125 0.5142857142857142 0.4705056179775281 0.5857142857142857 0.4550561797752809 0.5845238095238096 0.4297752808988764
1 0.8 0.5870786516853933 0.8023809523809524 0.6221910112359551 0.8785714285714286 0.6179775280898876 0.8761904761904762 0.5800561797752809
1 0.7261904761904762 0.5856741573033708 0.7297619047619047 0.6207865168539326 0.7904761904761904 0.6137640449438202 0.7869047619047619 0.5786516853932584
1 0.680952380952381 0.7331460674157303 0.6833333333333333 0.8103932584269663 0.7119047619047619 0.8103932584269663 0.7083333333333334 0.7317415730337079