1 0.669047619047619 0.13764044943820225 0.6261904761904762 0.1699438202247191 0.6452380952380953 0.19382022471910113 0.6892857142857143 0.15730337078651685
1 0.6226190476190476 0.16573033707865167 0.5773809523809523 0.20926966292134833 0.5952380952380952 0.2303370786516854 0.6428571428571429 0.19241573033707865
1 0.6273809523809524 0.5660112359550562 0.575 0.6053370786516854 0.5928571428571429 0.6292134831460674 0.6452380952380953 0.5898876404494382
1 0.569047619047619 0.6151685393258427 0.5178571428571429 0.6558988764044944 0.5345238095238095 0.6825842696629213 0.5833333333333334 0.6418539325842697
1 0.5047619047619047 0.6699438202247191 0.4511904761904762 0.7092696629213483 0.4714285714285714 0.7373595505617978 0.5202380952380953 0.6966292134831461
1 0.4369047619047619 0.7219101123595506 0.38095238095238093 0.7668539325842697 0.4011904761904762 0.7907303370786517 0.4583333333333333 0.7485955056179775
0 0.3630952380952381 0.7640449438202247 0.26071428571428573 0.8525280898876404 0.2857142857142857 0.8904494382022472 0.3904761904761905 0.800561797752809
0 0.8666666666666667 0.3651685393258427 0.7892857142857143 0.41853932584269665 0.8130952380952381 0.4508426966292135 0.8916666666666667 0.39185393258426965
0 0.775 0.4241573033707865 0.6595238095238095 0.5140449438202247 0.6857142857142857 0.5533707865168539 0.8071428571428572 0.46348314606741575
0 0.5357142857142857 0.21348314606741572 0.39404761904761904 0.31320224719101125 0.4238095238095238 0.3539325842696629 0.569047619047619 0.2598314606741573
2 0.37857142857142856 0.32865168539325845 0.3047619047619048 0.38202247191011235 0.32857142857142857 0.42275280898876405 0.40714285714285714 0.375