1 0.8178571428571428 0.17837078651685392 0.7916666666666666 0.20786516853932585 0.8702380952380953 0.26685393258426965 0.8892857142857142 0.23174157303370788
1 0.8119047619047619 0.16713483146067415 0.7892857142857143 0.20084269662921347 0.7178571428571429 0.1502808988764045 0.7428571428571429 0.11657303370786516
1 0.4392857142857143 0.1699438202247191 0.46785714285714286 0.19803370786516855 0.5273809523809524 0.125 0.49523809523809526 0.09831460674157304
1 0.4785714285714286 0.20646067415730338 0.5083333333333333 0.2345505617977528 0.5702380952380952 0.1446629213483146 0.5392857142857143 0.12219101123595505
1 0.575 0.16151685393258428 0.5119047619047619 0.24578651685393257 0.5404761904761904 0.2710674157303371 0.6035714285714285 0.1896067415730337
1 0.6166666666666667 0.1896067415730337 0.5511904761904762 0.273876404494382 0.580952380952381 0.3047752808988764 0.6440476190476191 0.21348314606741572
1 0.6535714285714286 0.2247191011235955 0.5916666666666667 0.30337078651685395 0.6178571428571429 0.33146067415730335 0.6785714285714286 0.25140449438202245
1 0.7226190476190476 0.29634831460674155 0.6595238095238095 0.3862359550561798 0.6904761904761905 0.41151685393258425 0.7511904761904762 0.32303370786516855
1 0.7690476190476191 0.3258426966292135 0.7 0.41713483146067415 0.7297619047619047 0.4438202247191011 0.7952380952380952 0.35252808988764045
1 0.8 0.37219101123595505 0.736904761904762 0.4592696629213483 0.7642857142857142 0.48735955056179775 0.830952380952381 0.39747191011235955
1 0.8845238095238095 0.4311797752808989 0.8214285714285714 0.5196629213483146 0.8547619047619047 0.547752808988764 0.9107142857142857 0.4592696629213483
1 0.15476190476190477 0.1896067415730337 0.18571428571428572 0.2205056179775281 0.24642857142857144 0.1502808988764045 0.21785714285714286 0.12219101123595505
1 0.24642857142857144 0.16151685393258428 0.18928571428571428 0.23174157303370788 0.21666666666666667 0.2556179775280899 0.2773809523809524 0.1853932584269663
1 0.28809523809523807 0.1896067415730337 0.2261904761904762 0.2654494382022472 0.25357142857142856 0.29213483146067415 0.31547619047619047 0.22191011235955055
1 0.31785714285714284 0.22893258426966293 0.25595238095238093 0.30196629213483145 0.2833333333333333 0.32865168539325845 0.34523809523809523 0.2556179775280899
1 0.3547619047619048 0.26264044943820225 0.2916666666666667 0.33286516853932585 0.31785714285714284 0.3595505617977528 0.37976190476190474 0.2893258426966292
1 0.3904761904761905 0.29634831460674155 0.3357142857142857 0.36657303370786515 0.3595238095238095 0.3960674157303371 0.41785714285714287 0.32162921348314605
1 0.42738095238095236 0.3300561797752809 0.36547619047619045 0.4002808988764045 0.3904761904761905 0.4311797752808989 0.4523809523809524 0.35814606741573035
1 0.45714285714285713 0.3693820224719101 0.4023809523809524 0.4396067415730337 0.4297619047619048 0.4705056179775281 0.4857142857142857 0.39185393258426965
1 0.569047619047619 0.46769662921348315 0.5107142857142857 0.5491573033707865 0.5404761904761904 0.577247191011236 0.5988095238095238 0.4943820224719101
1 0.6059523809523809 0.5056179775280899 0.5464285714285714 0.5870786516853933 0.575 0.6123595505617978 0.6321428571428571 0.5323033707865169
1 0.6416666666666667 0.5449438202247191 0.5857142857142857 0.625 0.6142857142857143 0.648876404494382 0.6714285714285714 0.5702247191011236
1 0.6821428571428572 0.5786516853932584 0.6214285714285714 0.6643258426966292 0.65 0.6896067415730337 0.7107142857142857 0.6053370786516854
1 0.7297619047619047 0.6095505617977528 0.6630952380952381 0.6924157303370787 0.6892857142857143 0.7275280898876404 0.7559523809523809 0.6362359550561798
1 0.7654761904761904 0.648876404494382 0.7011904761904761 0.7345505617977528 0.7321428571428571 0.7612359550561798 0.7952380952380952 0.6741573033707865
1 0.8464285714285714 0.7289325842696629 0.7833333333333333 0.8160112359550562 0.8119047619047619 0.8469101123595506 0.875 0.7556179775280899
1 0.15119047619047618 0.199438202247191 0.1761904761904762 0.22752808988764045 0.11547619047619048 0.30196629213483145 0.08928571428571429 0.273876404494382
1 0.18452380952380953 0.24157303370786518 0.12380952380952381 0.30758426966292135 0.14523809523809525 0.33848314606741575 0.2119047619047619 0.26685393258426965
1 0.21904761904761905 0.273876404494382 0.15833333333333333 0.34129213483146065 0.18333333333333332 0.37780898876404495 0.24642857142857144 0.3061797752808989
1 0.25595238095238093 0.31320224719101125 0.19642857142857142 0.37640449438202245 0.22142857142857142 0.40730337078651685 0.27976190476190477 0.3398876404494382
1 0.2892857142857143 0.34269662921348315 0.23214285714285715 0.41151685393258425 0.25476190476190474 0.4452247191011236 0.3142857142857143 0.3707865168539326
1 0.325 0.3792134831460674 0.26785714285714285 0.4452247191011236 0.2916666666666667 0.476123595505618 0.35119047619047616 0.4058988764044944
1 0.3619047619047619 0.41151685393258425 0.3 0.48174157303370785 0.32261904761904764 0.5112359550561798 0.38571428571428573 0.4410112359550562
1 0.39404761904761904 0.449438202247191 0.3392857142857143 0.5224719101123596 0.36547619047619045 0.5491573033707865 0.42142857142857143 0.476123595505618
1 0.5035714285714286 0.5561797752808989 0.44761904761904764 0.6334269662921348 0.475 0.6587078651685393 0.5333333333333333 0.5856741573033708
1 0.5404761904761904 0.5955056179775281 0.4869047619047619 0.672752808988764 0.5119047619047619 0.6966292134831461 0.5702380952380952 0.6193820224719101
1 0.5797619047619048 0.6320224719101124 0.5226190476190476 0.7120786516853933 0.55 0.7345505617977528 0.6083333333333333 0.6615168539325843
1 0.6202380952380953 0.672752808988764 0.5607142857142857 0.7528089887640449 0.5892857142857143 0.7794943820224719 0.6464285714285715 0.7008426966292135
1 0.6607142857142857 0.7092696629213483 0.5988095238095238 0.7935393258426966 0.6273809523809524 0.8216292134831461 0.6857142857142857 0.7373595505617978
1 0.705952380952381 0.7401685393258427 0.6404761904761904 0.8300561797752809 0.6702380952380952 0.8567415730337079 0.7309523809523809 0.7696629213483146
1 0.7452380952380953 0.7808988764044944 0.6869047619047619 0.8581460674157303 0.725 0.8876404494382022 0.7726190476190476 0.8132022471910112
1 0.13214285714285715 0.40730337078651685 0.1130952380952381 0.4339887640449438 0.175 0.4901685393258427 0.19285714285714287 0.46348314606741575
1 0.27380952380952384 0.5449438202247191 0.3345238095238095 0.6053370786516854 0.31785714285714284 0.6292134831460674 0.25833333333333336 0.5674157303370787
1 0.34404761904761905 0.6165730337078652 0.40595238095238095 0.6713483146067416 0.3892857142857143 0.6966292134831461 0.3273809523809524 0.6446629213483146
1 0.4857142857142857 0.7584269662921348 0.5488095238095239 0.8202247191011236 0.5285714285714286 0.8497191011235955 0.4666666666666667 0.7865168539325843
1 0.16071428571428573 0.5758426966292135 0.21666666666666667 0.6334269662921348 0.19404761904761905 0.6601123595505618 0.14166666666666666 0.598314606741573
1 0.22380952380952382 0.6446629213483146 0.20238095238095238 0.672752808988764 0.25595238095238093 0.7317415730337079 0.2761904761904762 0.7064606741573034
1 0.2892857142857143 0.7176966292134831 0.2702380952380952 0.7443820224719101 0.3273809523809524 0.8019662921348315 0.34523809523809523 0.7780898876404494
1 0.3547619047619048 0.7851123595505618 0.33690476190476193 0.8117977528089888 0.39880952380952384 0.8764044943820225 0.4166666666666667 0.8497191011235955