4 0.5738095238095238 0.7556179775280899 0.5785714285714286 0.8469101123595506 0.6035714285714285 0.8469101123595506 0.5988095238095238 0.7514044943820225
1 0.49642857142857144 0.6109550561797753 0.48928571428571427 0.6432584269662921 0.5416666666666666 0.6671348314606742 0.5547619047619048 0.6404494382022472
1 0.49404761904761907 0.5337078651685393 0.5404761904761904 0.5646067415730337 0.5511904761904762 0.5435393258426966 0.5 0.5098314606741573
1 0.4869047619047619 0.48735955056179775 0.5416666666666666 0.5154494382022472 0.5511904761904762 0.49297752808988765 0.4976190476190476 0.4606741573033708
1 0.48928571428571427 0.43820224719101125 0.544047619047619 0.46769662921348315 0.5547619047619048 0.4452247191011236 0.5023809523809524 0.41713483146067415
1 0.48214285714285715 0.3904494382022472 0.5404761904761904 0.4199438202247191 0.5488095238095239 0.40308988764044945 0.49047619047619045 0.3693820224719101
1 0.4785714285714286 0.3455056179775281 0.5357142857142857 0.375 0.5464285714285714 0.3553370786516854 0.4928571428571429 0.324438202247191
1 0.4857142857142857 0.28792134831460675 0.5345238095238095 0.3300561797752809 0.5488095238095239 0.31320224719101125 0.5035714285714286 0.2710674157303371
1 0.5428571428571428 0.21629213483146068 0.55 0.2808988764044944 0.5726190476190476 0.2808988764044944 0.5678571428571428 0.21067415730337077
1 0.575 0.22331460674157302 0.5821428571428572 0.2907303370786517 0.6023809523809524 0.2851123595505618 0.5976190476190476 0.21910112359550563
1 0.6011904761904762 0.3188202247191011 0.5928571428571429 0.3806179775280899 0.6130952380952381 0.3848314606741573 0.6202380952380953 0.3202247191011236