2 0.32142857142857145 0.6362359550561798 0.319047619047619 0.6952247191011236 0.513095238095238 0.6896067415730337 0.5178571428571429 0.6404494382022472
2 0.09523809523809523 0.7219101123595506 0.08333333333333333 0.7752808988764045 0.28095238095238095 0.800561797752809 0.2892857142857143 0.7387640449438202
4 0.6392857142857142 0.25842696629213485 0.6416666666666667 0.300561797752809 0.6595238095238095 0.29775280898876405 0.6571428571428571 0.2542134831460674
4 0.8178571428571428 0.5730337078651685 0.8214285714285714 0.5955056179775281 0.8642857142857143 0.5884831460674157 0.8595238095238096 0.5660112359550562
3 0.21785714285714286 0.3848314606741573 0.21904761904761905 0.41713483146067415 0.09523809523809523 0.42696629213483145 0.09523809523809523 0.3960674157303371
3 0.21904761904761905 0.4199438202247191 0.21904761904761905 0.4508426966292135 0.09523809523809523 0.46207865168539325 0.09523809523809523 0.43258426966292135
3 0.4083333333333333 0.40168539325842695 0.4095238095238095 0.42275280898876405 0.2488095238095238 0.4339887640449438 0.2523809523809524 0.41151685393258425
3 0.4226190476190476 0.42275280898876405 0.42857142857142855 0.45224719101123595 0.25357142857142856 0.46207865168539325 0.25357142857142856 0.4339887640449438
3 0.6523809523809524 0.4199438202247191 0.6523809523809524 0.44803370786516855 0.4785714285714286 0.4508426966292135 0.47619047619047616 0.4241573033707865
3 0.6273809523809524 0.3890449438202247 0.6309523809523809 0.41292134831460675 0.45 0.41713483146067415 0.45476190476190476 0.39185393258426965
3 0.6154761904761905 0.3637640449438202 0.6142857142857143 0.39185393258426965 0.4714285714285714 0.3904494382022472 0.4726190476190476 0.3707865168539326
3 0.5452380952380952 0.5323033707865169 0.5452380952380952 0.5603932584269663 0.7309523809523809 0.5617977528089888 0.7333333333333333 0.526685393258427
3 0.4785714285714286 0.49297752808988765 0.48333333333333334 0.5323033707865169 0.6571428571428571 0.5351123595505618 0.6571428571428571 0.5042134831460674
3 0.5523809523809524 0.6460674157303371 0.5488095238095239 0.6811797752808989 0.7380952380952381 0.675561797752809 0.7404761904761905 0.6362359550561798
1 0.7821428571428571 0.3188202247191011 0.7845238095238095 0.33707865168539325 0.8238095238095238 0.3356741573033708 0.8214285714285714 0.31741573033707865
1 0.7583333333333333 0.28651685393258425 0.7583333333333333 0.3047752808988764 0.7988095238095239 0.3061797752808989 0.8011904761904762 0.28651685393258425
1 0.7428571428571429 0.19382022471910113 0.7511904761904762 0.23314606741573032 0.7690476190476191 0.22612359550561797 0.7583333333333333 0.19101123595505617
1 0.7535714285714286 0.15168539325842698 0.763095238095238 0.17275280898876405 0.7964285714285714 0.16292134831460675 0.7892857142857143 0.1446629213483146
1 0.6428571428571429 0.20365168539325842 0.6452380952380953 0.22331460674157302 0.6928571428571428 0.21629213483146068 0.6857142857142857 0.199438202247191
1 0.6488095238095238 0.21910112359550563 0.6523809523809524 0.24297752808988765 0.7 0.2345505617977528 0.694047619047619 0.21348314606741572
1 0.6428571428571429 0.18820224719101122 0.6476190476190476 0.2050561797752809 0.6892857142857143 0.19803370786516855 0.6857142857142857 0.1797752808988764
1 0.6428571428571429 0.16573033707865167 0.6464285714285715 0.1853932584269663 0.6833333333333333 0.175561797752809 0.6797619047619048 0.16151685393258428
1 0.6440476190476191 0.13764044943820225 0.6440476190476191 0.16292134831460675 0.6797619047619048 0.1699438202247191 0.680952380952381 0.14325842696629212
1 0.5404761904761904 0.18679775280898878 0.5369047619047619 0.20365168539325842 0.5833333333333334 0.20646067415730338 0.5821428571428572 0.18398876404494383
1 0.6142857142857143 0.26264044943820225 0.6142857142857143 0.30337078651685395 0.6345238095238095 0.30337078651685395 0.6309523809523809 0.26264044943820225
1 0.5392857142857143 0.23735955056179775 0.5392857142857143 0.25702247191011235 0.5833333333333334 0.25702247191011235 0.580952380952381 0.23595505617977527
1 0.4738095238095238 0.20224719101123595 0.4714285714285714 0.23174157303370788 0.4880952380952381 0.2303370786516854 0.48928571428571427 0.20084269662921347
1 0.26071428571428573 0.28651685393258425 0.26071428571428573 0.3061797752808989 0.30238095238095236 0.3061797752808989 0.30357142857142855 0.2893258426966292
1 0.2523809523809524 0.26825842696629215 0.25 0.2907303370786517 0.29285714285714287 0.2851123595505618 0.29285714285714287 0.2640449438202247
1 0.14166666666666666 0.25 0.1488095238095238 0.2696629213483146 0.1869047619047619 0.2542134831460674 0.17976190476190476 0.23876404494382023
1 0.15714285714285714 0.18398876404494383 0.15357142857142858 0.2050561797752809 0.19404761904761905 0.2050561797752809 0.1988095238095238 0.18398876404494383
1 0.14047619047619048 0.15730337078651685 0.1392857142857143 0.17696629213483145 0.18214285714285713 0.18117977528089887 0.1869047619047619 0.16151685393258428
1 0.14404761904761904 0.1348314606741573 0.14166666666666666 0.15730337078651685 0.1869047619047619 0.1601123595505618 0.19166666666666668 0.1404494382022472
4 0.24047619047619048 0.20224719101123595 0.23452380952380952 0.22191011235955055 0.2773809523809524 0.23735955056179775 0.28214285714285714 0.21910112359550563
4 0.25595238095238093 0.18258426966292135 0.24761904761904763 0.1952247191011236 0.2785714285714286 0.21348314606741572 0.2869047619047619 0.199438202247191