4 0.13095238095238096 0.2752808988764045 0.13095238095238096 0.3609550561797753 0.16547619047619047 0.3595505617977528 0.16071428571428573 0.273876404494382
4 0.17261904761904762 0.28792134831460675 0.1773809523809524 0.3651685393258427 0.20476190476190476 0.3637640449438202 0.20357142857142857 0.2851123595505618
1 0.26071428571428573 0.25702247191011235 0.22142857142857142 0.34691011235955055 0.25595238095238093 0.36797752808988765 0.29285714285714287 0.27668539325842695
1 0.16785714285714284 0.43679775280898875 0.0880952380952381 0.4353932584269663 0.0880952380952381 0.4789325842696629 0.17142857142857143 0.4747191011235955
1 0.4607142857142857 0.1544943820224719 0.5071428571428571 0.22893258426966293 0.5285714285714286 0.20365168539325842 0.4857142857142857 0.13904494382022473
1 0.425 0.14747191011235955 0.4238095238095238 0.2345505617977528 0.46190476190476193 0.2345505617977528 0.4583333333333333 0.14606741573033707
1 0.3952380952380952 0.1446629213483146 0.38333333333333336 0.22893258426966293 0.41309523809523807 0.23314606741573032 0.42142857142857143 0.14887640449438203
1 0.8047619047619048 0.1853932584269663 0.8202380952380952 0.273876404494382 0.8547619047619047 0.26264044943820225 0.8404761904761905 0.175561797752809
1 0.6535714285714286 0.2401685393258427 0.6642857142857143 0.32865168539325845 0.7035714285714286 0.32303370786516855 0.6833333333333333 0.22752808988764045
1 0.6083333333333333 0.2443820224719101 0.6166666666666667 0.3258426966292135 0.6488095238095238 0.32303370786516855 0.6357142857142857 0.23735955056179775
1 0.5797619047619048 0.2542134831460674 0.580952380952381 0.3342696629213483 0.6154761904761905 0.3342696629213483 0.6107142857142858 0.24859550561797752
1 0.5297619047619048 0.25 0.5416666666666666 0.32303370786516855 0.5726190476190476 0.3146067415730337 0.5642857142857143 0.24297752808988765
1 0.49642857142857144 0.2542134831460674 0.5023809523809524 0.33286516853932585 0.5333333333333333 0.33146067415730335 0.5238095238095238 0.24859550561797752
1 0.4297619047619048 0.25140449438202245 0.42857142857142855 0.3441011235955056 0.4630952380952381 0.34269662921348315 0.46190476190476193 0.24859550561797752
1 0.38452380952380955 0.2556179775280899 0.36666666666666664 0.34129213483146065 0.4011904761904762 0.3455056179775281 0.41309523809523807 0.25842696629213485
1 0.8214285714285714 0.3806179775280899 0.8392857142857143 0.4592696629213483 0.8738095238095238 0.4508426966292135 0.8535714285714285 0.37219101123595505
1 0.7583333333333333 0.3960674157303371 0.7738095238095238 0.476123595505618 0.8023809523809524 0.46769662921348315 0.7845238095238095 0.39185393258426965
1 0.719047619047619 0.40308988764044945 0.7333333333333333 0.4859550561797753 0.7619047619047619 0.4803370786516854 0.7464285714285714 0.39747191011235955
1 0.6833333333333333 0.4101123595505618 0.6976190476190476 0.4887640449438202 0.7273809523809524 0.48174157303370785 0.7130952380952381 0.4002808988764045
1 0.6464285714285715 0.4143258426966292 0.655952380952381 0.5 0.6880952380952381 0.4943820224719101 0.6738095238095239 0.41151685393258425
1 0.6047619047619047 0.41713483146067415 0.6190476190476191 0.5042134831460674 0.6523809523809524 0.5 0.638095238095238 0.41292134831460675
1 0.5642857142857143 0.42696629213483145 0.575 0.5098314606741573 0.6047619047619047 0.5042134831460674 0.5928571428571429 0.4199438202247191
1 0.525 0.4353932584269663 0.5369047619047619 0.5154494382022472 0.569047619047619 0.5084269662921348 0.5535714285714286 0.4311797752808989
1 0.4845238095238095 0.43679775280898875 0.4928571428571429 0.5210674157303371 0.5261904761904762 0.5196629213483146 0.5142857142857142 0.4353932584269663