1 0.7202380952380952 0.5308988764044944 0.7880952380952381 0.5730337078651685 0.8011904761904762 0.5533707865168539 0.736904761904762 0.5126404494382022
1 0.7642857142857142 0.4943820224719101 0.7535714285714286 0.5196629213483146 0.819047619047619 0.5519662921348315 0.830952380952381 0.5252808988764045
1 0.794047619047619 0.46207865168539325 0.7880952380952381 0.48735955056179775 0.8547619047619047 0.523876404494382 0.8654761904761905 0.4957865168539326
1 0.8452380952380952 0.5379213483146067 0.8404761904761905 0.5660112359550562 0.9071428571428571 0.5997191011235955 0.9154761904761904 0.5674157303370787
1 0.8202380952380952 0.4311797752808989 0.8119047619047619 0.45786516853932585 0.8785714285714286 0.48735955056179775 0.888095238095238 0.45786516853932585
0 0.6488095238095238 0.550561797752809 0.6178571428571429 0.6221910112359551 0.8333333333333334 0.723314606741573 0.8595238095238096 0.6558988764044944
0 0.6821428571428572 0.5014044943820225 0.6488095238095238 0.5660112359550562 0.85 0.6853932584269663 0.8809523809523809 0.6137640449438202
0 0.3107142857142857 0.33707865168539325 0.2714285714285714 0.3960674157303371 0.44047619047619047 0.4845505617977528 0.48333333333333334 0.42275280898876405
0 0.25357142857142856 0.2612359550561798 0.22380952380952382 0.31320224719101125 0.36428571428571427 0.3848314606741573 0.4023809523809524 0.33146067415730335
0 0.40714285714285714 0.324438202247191 0.3630952380952381 0.3806179775280899 0.5380952380952381 0.4747191011235955 0.5714285714285714 0.4199438202247191
0 0.44642857142857145 0.28370786516853935 0.4 0.3398876404494382 0.5595238095238095 0.4353932584269663 0.5976190476190476 0.375
0 0.48214285714285715 0.2542134831460674 0.430952380952381 0.3146067415730337 0.6011904761904762 0.39747191011235955 0.6369047619047619 0.33848314606741575
0 0.5119047619047619 0.2205056179775281 0.4785714285714286 0.2808988764044944 0.6416666666666667 0.3609550561797753 0.6642857142857143 0.30196629213483145
0 0.5404761904761904 0.19101123595505617 0.5083333333333333 0.25 0.6654761904761904 0.3258426966292135 0.6952380952380952 0.25280898876404495
0 0.2869047619047619 0.22191011235955055 0.24523809523809523 0.27247191011235955 0.38452380952380955 0.35252808988764045 0.430952380952381 0.29353932584269665
0 0.31785714285714284 0.18679775280898878 0.2761904761904762 0.2303370786516854 0.42023809523809524 0.3146067415730337 0.4607142857142857 0.26825842696629215
0 0.36428571428571427 0.15730337078651685 0.3238095238095238 0.20084269662921347 0.45714285714285713 0.28370786516853935 0.5011904761904762 0.2303370786516854
0 0.39285714285714285 0.12921348314606743 0.3535714285714286 0.17696629213483145 0.4928571428571429 0.24859550561797752 0.5321428571428571 0.20084269662921347