1 0.3 0.18117977528089887 0.3047619047619048 0.20224719101123595 0.3404761904761905 0.1896067415730337 0.33690476190476193 0.17134831460674158
1 0.3964285714285714 0.1601123595505618 0.4011904761904762 0.17837078651685392 0.44166666666666665 0.16573033707865167 0.4369047619047619 0.14606741573033707
1 0.4083333333333333 0.17837078651685392 0.4107142857142857 0.19803370786516855 0.45357142857142857 0.1853932584269663 0.45 0.16713483146067415
1 0.4107142857142857 0.20084269662921347 0.4166666666666667 0.2205056179775281 0.45595238095238094 0.20646067415730338 0.45 0.1853932584269663
1 0.30238095238095236 0.23174157303370788 0.30238095238095236 0.25 0.34523809523809523 0.24578651685393257 0.34523809523809523 0.2247191011235955
1 0.305952380952381 0.25140449438202245 0.30952380952380953 0.27247191011235955 0.3488095238095238 0.26264044943820225 0.34523809523809523 0.24157303370786518
1 0.3130952380952381 0.2696629213483146 0.31547619047619047 0.2907303370786517 0.35714285714285715 0.2851123595505618 0.35714285714285715 0.2654494382022472
1 0.42023809523809524 0.24578651685393257 0.4226190476190476 0.2696629213483146 0.4654761904761905 0.2640449438202247 0.4642857142857143 0.24297752808988765
2 0.32142857142857145 0.31741573033707865 0.32142857142857145 0.34691011235955055 0.36666666666666664 0.3441011235955056 0.36666666666666664 0.3146067415730337
3 0.42142857142857143 0.2205056179775281 0.41904761904761906 0.24578651685393257 0.4630952380952381 0.2443820224719101 0.4642857142857143 0.2205056179775281
4 0.42738095238095236 0.2949438202247191 0.42857142857142855 0.3202247191011236 0.4630952380952381 0.3160112359550562 0.4630952380952381 0.2907303370786517
1 0.444047619047619 0.3637640449438202 0.45 0.3848314606741573 0.49047619047619045 0.37359550561797755 0.4845238095238095 0.3497191011235955
1 0.4523809523809524 0.39747191011235955 0.45357142857142857 0.41853932584269665 0.4976190476190476 0.41292134831460675 0.49523809523809526 0.39185393258426965
1 0.3273809523809524 0.42837078651685395 0.32976190476190476 0.4508426966292135 0.37857142857142856 0.44241573033707865 0.3773809523809524 0.42134831460674155
1 0.3333333333333333 0.44662921348314605 0.33690476190476193 0.4747191011235955 0.38095238095238093 0.46207865168539325 0.3773809523809524 0.4353932584269663
1 0.7261904761904762 0.16432584269662923 0.7309523809523809 0.1853932584269663 0.7785714285714286 0.17134831460674158 0.7738095238095238 0.15308988764044945
1 0.7357142857142858 0.18117977528089887 0.7416666666666667 0.199438202247191 0.7857142857142857 0.18679775280898878 0.780952380952381 0.16853932584269662
1 0.7511904761904762 0.21769662921348315 0.7595238095238095 0.2345505617977528 0.7952380952380952 0.2247191011235955 0.7892857142857143 0.20786516853932585
1 0.6797619047619048 0.31320224719101125 0.6833333333333333 0.32865168539325845 0.7142857142857143 0.32162921348314605 0.7119047619047619 0.3047752808988764
2 0.7785714285714286 0.29353932584269665 0.7857142857142857 0.3188202247191011 0.8345238095238096 0.30196629213483145 0.8297619047619048 0.2808988764044944
1 0.6797619047619048 0.375 0.6833333333333333 0.3946629213483146 0.7380952380952381 0.38202247191011235 0.7321428571428571 0.36235955056179775
1 0.7916666666666666 0.3300561797752809 0.7988095238095239 0.3497191011235955 0.8464285714285714 0.3356741573033708 0.8392857142857143 0.31741573033707865
1 0.805952380952381 0.3455056179775281 0.8107142857142857 0.3637640449438202 0.8488095238095238 0.3539325842696629 0.8428571428571429 0.3342696629213483
1 0.8095238095238095 0.3693820224719101 0.8154761904761905 0.38764044943820225 0.8607142857142858 0.3707865168539326 0.8547619047619047 0.351123595505618
1 0.4511904761904762 0.4241573033707865 0.45595238095238094 0.44662921348314605 0.5023809523809524 0.4311797752808989 0.49642857142857144 0.4101123595505618
1 0.35595238095238096 0.6418539325842697 0.3607142857142857 0.6713483146067416 0.4142857142857143 0.6573033707865169 0.4107142857142857 0.6278089887640449
4 0.35595238095238096 0.6109550561797753 0.3607142857142857 0.6404494382022472 0.4 0.6306179775280899 0.3964285714285714 0.5997191011235955
1 0.36666666666666664 0.726123595505618 0.37023809523809526 0.7556179775280899 0.425 0.7457865168539326 0.42023809523809524 0.7205056179775281
1 0.3738095238095238 0.7921348314606742 0.38095238095238093 0.8230337078651685 0.43214285714285716 0.8103932584269663 0.425 0.7823033707865169