4 0.3821428571428571 0.17275280898876405 0.35595238095238096 0.20646067415730338 0.42142857142857143 0.2640449438202247 0.45357142857142857 0.22191011235955055
4 0.3880952380952381 0.10814606741573034 0.3619047619047619 0.13764044943820225 0.4238095238095238 0.199438202247191 0.4523809523809524 0.1699438202247191
1 0.8178571428571428 0.7219101123595506 0.8154761904761905 0.7654494382022472 0.8916666666666667 0.773876404494382 0.8940476190476191 0.7345505617977528
1 0.22976190476190475 0.351123595505618 0.225 0.38342696629213485 0.29642857142857143 0.3946629213483146 0.3 0.36235955056179775
1 0.28809523809523807 0.29213483146067415 0.2845238095238095 0.32865168539325845 0.36904761904761907 0.3398876404494382 0.36904761904761907 0.29634831460674155
0 0.35 0.38764044943820225 0.3964285714285714 0.3890449438202247 0.3904761904761905 0.6137640449438202 0.3357142857142857 0.6095505617977528
0 0.33690476190476193 0.6390449438202247 0.38571428571428573 0.6418539325842697 0.36666666666666664 0.8721910112359551 0.31785714285714284 0.8665730337078652
0 0.5107142857142857 0.25140449438202245 0.5523809523809524 0.2542134831460674 0.5380952380952381 0.45365168539325845 0.49642857142857144 0.449438202247191
0 0.49047619047619045 0.45786516853932585 0.5357142857142857 0.4592696629213483 0.5285714285714286 0.6882022471910112 0.47619047619047616 0.6853932584269663
0 0.5476190476190477 0.4396067415730337 0.5880952380952381 0.4452247191011236 0.5857142857142857 0.672752808988764 0.5369047619047619 0.672752808988764
0 0.5726190476190476 0.2345505617977528 0.6130952380952381 0.24157303370786518 0.5964285714285714 0.4410112359550562 0.5523809523809524 0.4311797752808989
2 0.7321428571428571 0.5758426966292135 0.7869047619047619 0.6053370786516854 0.6369047619047619 0.9157303370786517 0.5869047619047619 0.8637640449438202