1 0.25476190476190474 0.15730337078651685 0.2011904761904762 0.20786516853932585 0.21904761904761905 0.2303370786516854 0.2714285714285714 0.1797752808988764
0 0.30833333333333335 0.48174157303370785 0.1869047619047619 0.625 0.22142857142857142 0.6657303370786517 0.34285714285714286 0.523876404494382
1 0.18214285714285713 0.22893258426966293 0.13333333333333333 0.2794943820224719 0.1488095238095238 0.300561797752809 0.2 0.25140449438202245
1 0.2 0.3862359550561798 0.15595238095238095 0.43820224719101125 0.175 0.46207865168539325 0.22142857142857142 0.4101123595505618
1 0.14285714285714285 0.45786516853932585 0.09285714285714286 0.5140449438202247 0.11071428571428571 0.5379213483146067 0.16071428571428573 0.48174157303370785
1 0.2833333333333333 0.29775280898876405 0.23214285714285715 0.35814606741573035 0.25357142857142856 0.38342696629213485 0.305952380952381 0.324438202247191
1 0.4011904761904762 0.16292134831460675 0.35595238095238096 0.21910112359550563 0.3773809523809524 0.24157303370786518 0.4226190476190476 0.18679775280898878
1 0.4928571428571429 0.29775280898876405 0.44166666666666665 0.3539325842696629 0.46190476190476193 0.375 0.5107142857142857 0.3202247191011236
4 0.5904761904761905 0.17837078651685392 0.5357142857142857 0.24578651685393257 0.5595238095238095 0.2710674157303371 0.6154761904761905 0.20365168539325842
3 0.3464285714285714 0.21910112359550563 0.2976190476190476 0.27247191011235955 0.31785714285714284 0.2991573033707865 0.36666666666666664 0.2443820224719101
1 0.16666666666666666 0.17134831460674158 0.14523809523809525 0.19241573033707865 0.10476190476190476 0.13764044943820225 0.125 0.11797752808988764