1 0.29642857142857143 0.14185393258426968 0.2857142857142857 0.16432584269662923 0.32857142857142857 0.18258426966292135 0.3357142857142857 0.1601123595505618
1 0.2845238095238095 0.16573033707865167 0.275 0.1896067415730337 0.3142857142857143 0.2050561797752809 0.3261904761904762 0.18258426966292135
1 0.275 0.20786516853932585 0.26666666666666666 0.2303370786516854 0.30952380952380953 0.23876404494382023 0.3130952380952381 0.21348314606741572
1 0.26071428571428573 0.2345505617977528 0.25476190476190474 0.25842696629213485 0.3 0.2640449438202247 0.305952380952381 0.2401685393258427
1 0.25 0.3188202247191011 0.24523809523809523 0.34691011235955055 0.2988095238095238 0.35814606741573035 0.30357142857142855 0.33146067415730335
1 0.22857142857142856 0.35674157303370785 0.23095238095238096 0.3792134831460674 0.2869047619047619 0.38202247191011235 0.2845238095238095 0.35814606741573035
1 0.23095238095238096 0.38202247191011235 0.22976190476190475 0.41151685393258425 0.2845238095238095 0.41853932584269665 0.2916666666666667 0.3862359550561798
1 0.20238095238095238 0.42134831460674155 0.20595238095238094 0.4508426966292135 0.25952380952380955 0.45646067415730335 0.26071428571428573 0.4297752808988764
1 0.2226190476190476 0.45646067415730335 0.22023809523809523 0.48174157303370785 0.2702380952380952 0.4845505617977528 0.2726190476190476 0.46629213483146065
1 0.2511904761904762 0.5786516853932584 0.25 0.6067415730337079 0.3142857142857143 0.6081460674157303 0.3142857142857143 0.5870786516853933
1 0.23809523809523808 0.6165730337078652 0.23214285714285715 0.6558988764044944 0.2892857142857143 0.6643258426966292 0.29523809523809524 0.625
1 0.16785714285714284 0.5898876404494382 0.16428571428571428 0.6165730337078652 0.225 0.6235955056179775 0.225 0.5969101123595506
1 0.1630952380952381 0.6123595505617978 0.15833333333333333 0.6530898876404494 0.2226190476190476 0.6615168539325843 0.22857142857142856 0.6165730337078652
1 0.15714285714285714 0.6952247191011236 0.15 0.7345505617977528 0.2154761904761905 0.75 0.21666666666666667 0.7050561797752809
1 0.22142857142857142 0.7036516853932584 0.2154761904761905 0.7514044943820225 0.2714285714285714 0.7542134831460674 0.275 0.7205056179775281
1 0.18095238095238095 0.7640449438202247 0.15357142857142858 0.8595505617977528 0.19404761904761905 0.8665730337078652 0.2130952380952381 0.7724719101123596
1 0.30238095238095236 0.7219101123595506 0.2976190476190476 0.7542134831460674 0.3619047619047619 0.7612359550561798 0.3630952380952381 0.726123595505618
1 0.3821428571428571 0.7570224719101124 0.3619047619047619 0.7752808988764045 0.4023809523809524 0.8328651685393258 0.42142857142857143 0.8075842696629213
1 0.3595238095238095 0.8258426966292135 0.35 0.8497191011235955 0.3904761904761905 0.8707865168539326 0.4 0.8455056179775281
1 0.4666666666666667 0.6095505617977528 0.4654761904761905 0.6334269662921348 0.525 0.6404494382022472 0.5202380952380953 0.6095505617977528
1 0.40476190476190477 0.5969101123595506 0.4011904761904762 0.6207865168539326 0.44642857142857145 0.6306179775280899 0.45 0.6067415730337079
1 0.4607142857142857 0.5252808988764045 0.42142857142857143 0.5463483146067416 0.43214285714285716 0.5730337078651685 0.47619047619047616 0.5435393258426966
1 0.47619047619047616 0.5379213483146067 0.47619047619047616 0.5716292134831461 0.5345238095238095 0.5646067415730337 0.5345238095238095 0.5393258426966292
1 0.7333333333333333 0.25842696629213485 0.7333333333333333 0.28370786516853935 0.780952380952381 0.2893258426966292 0.7833333333333333 0.2612359550561798
1 0.7285714285714285 0.34831460674157305 0.7273809523809524 0.37640449438202245 0.7726190476190476 0.375 0.7738095238095238 0.3497191011235955
1 0.8773809523809524 0.2654494382022472 0.8333333333333334 0.2893258426966292 0.8452380952380952 0.31741573033707865 0.8916666666666667 0.29213483146067415
1 0.7952380952380952 0.5716292134831461 0.7797619047619048 0.5898876404494382 0.8166666666666667 0.6235955056179775 0.8285714285714286 0.6053370786516854
1 0.819047619047619 0.6601123595505618 0.819047619047619 0.6910112359550562 0.8797619047619047 0.6952247191011236 0.8797619047619047 0.6671348314606742
1 0.8535714285714285 0.574438202247191 0.8345238095238096 0.5997191011235955 0.875 0.6376404494382022 0.8869047619047619 0.6123595505617978
1 0.8845238095238095 0.19382022471910113 0.8369047619047619 0.21629213483146068 0.8523809523809524 0.24297752808988765 0.8964285714285715 0.21910112359550563
1 0.8809523809523809 0.2303370786516854 0.8476190476190476 0.24859550561797752 0.8583333333333333 0.2752808988764045 0.8928571428571429 0.2556179775280899
1 0.8452380952380952 0.14325842696629212 0.8464285714285714 0.17275280898876405 0.8916666666666667 0.17696629213483145 0.8928571428571429 0.1502808988764045