1 0.12976190476190477 0.8342696629213483 0.12976190476190477 0.8033707865168539 0.1976190476190476 0.8019662921348315 0.1976190476190476 0.8314606741573034
1 0.13452380952380952 0.797752808988764 0.13690476190476192 0.7724719101123596 0.19166666666666668 0.7682584269662921 0.19166666666666668 0.7949438202247191
1 0.14166666666666666 0.7640449438202247 0.14166666666666666 0.7359550561797753 0.19285714285714287 0.7359550561797753 0.19285714285714287 0.7584269662921348
1 0.15595238095238095 0.6278089887640449 0.15833333333333333 0.601123595505618 0.21071428571428572 0.601123595505618 0.20952380952380953 0.6278089887640449
1 0.175 0.5435393258426966 0.1773809523809524 0.5140449438202247 0.22976190476190475 0.5126404494382022 0.22857142857142856 0.5435393258426966
1 0.17261904761904762 0.5140449438202247 0.1738095238095238 0.49157303370786515 0.22738095238095238 0.49157303370786515 0.22738095238095238 0.5112359550561798
1 0.17142857142857143 0.4901685393258427 0.17261904761904762 0.46629213483146065 0.22857142857142856 0.46348314606741575 0.22976190476190475 0.4859550561797753
1 0.18571428571428572 0.4199438202247191 0.1869047619047619 0.3946629213483146 0.2369047619047619 0.3960674157303371 0.2369047619047619 0.4157303370786517
1 0.305952380952381 0.7191011235955056 0.30833333333333335 0.6924157303370787 0.3535714285714286 0.6938202247191011 0.3535714285714286 0.7162921348314607
1 0.30357142857142855 0.5870786516853933 0.30357142857142855 0.5632022471910112 0.3488095238095238 0.5617977528089888 0.35119047619047616 0.5800561797752809
1 0.3047619047619048 0.547752808988764 0.30714285714285716 0.526685393258427 0.35833333333333334 0.5294943820224719 0.35833333333333334 0.5449438202247191
1 0.3047619047619048 0.449438202247191 0.305952380952381 0.425561797752809 0.3547619047619048 0.42696629213483145 0.3535714285714286 0.4438202247191011
1 0.6547619047619048 0.8553370786516854 0.655952380952381 0.8314606741573034 0.7130952380952381 0.8286516853932584 0.7119047619047619 0.8525280898876404
1 0.6547619047619048 0.8230337078651685 0.6535714285714286 0.7907303370786517 0.7107142857142857 0.7879213483146067 0.7107142857142857 0.8146067415730337
1 0.6511904761904762 0.7851123595505618 0.6511904761904762 0.7598314606741573 0.705952380952381 0.7598314606741573 0.7071428571428572 0.7808988764044944
1 0.6464285714285715 0.7584269662921348 0.6488095238095238 0.7247191011235955 0.7047619047619048 0.7275280898876404 0.705952380952381 0.7542134831460674
1 0.638095238095238 0.7120786516853933 0.6369047619047619 0.6825842696629213 0.6988095238095238 0.6797752808988764 0.7011904761904761 0.7078651685393258
1 0.6333333333333333 0.6558988764044944 0.6321428571428571 0.6264044943820225 0.6845238095238095 0.625 0.6845238095238095 0.6460674157303371
1 0.6333333333333333 0.598314606741573 0.6369047619047619 0.5730337078651685 0.6892857142857143 0.5758426966292135 0.6869047619047619 0.5955056179775281
1 0.6214285714285714 0.5351123595505618 0.6202380952380953 0.5098314606741573 0.6702380952380952 0.5084269662921348 0.6702380952380952 0.5294943820224719
1 0.6154761904761905 0.5070224719101124 0.6178571428571429 0.48314606741573035 0.6726190476190477 0.4859550561797753 0.6702380952380952 0.5056179775280899
1 0.6130952380952381 0.48314606741573035 0.6142857142857143 0.46207865168539325 0.675 0.4606741573033708 0.675 0.48174157303370785
1 0.6107142857142858 0.4396067415730337 0.611904761904762 0.4157303370786517 0.6678571428571428 0.41292134831460675 0.6642857142857143 0.43820224719101125
1 0.6071428571428571 0.37219101123595505 0.6071428571428571 0.34831460674157305 0.6464285714285715 0.34691011235955055 0.65 0.36797752808988765
1 0.7464285714285714 0.449438202247191 0.7142857142857143 0.42134831460674155 0.7273809523809524 0.4058988764044944 0.7595238095238095 0.4297752808988764
1 0.7095238095238096 0.3089887640449438 0.7011904761904761 0.29213483146067415 0.7476190476190476 0.27808988764044945 0.7535714285714286 0.2949438202247191