1 0.6327380952380952 0.20646067415730338 0.015476190476190477 0.033707865168539325
1 0.6285714285714286 0.27808988764044945 0.6452380952380953 0.27668539325842695 0.6392857142857142 0.23735955056179775 0.6226190476190476 0.2401685393258427
1 0.5785714285714286 0.2928370786516854 0.016666666666666666 0.0351123595505618
1 0.5220238095238096 0.26615168539325845 0.017857142857142856 0.037921348314606744
1 0.4714285714285714 0.2696629213483146 0.4642857142857143 0.2893258426966292 0.5047619047619047 0.300561797752809 0.5107142857142857 0.2808988764044944
1 0.16666666666666666 0.20646067415730338 0.014285714285714285 0.03089887640449438
1 0.16904761904761906 0.25 0.16071428571428573 0.26264044943820225 0.13333333333333333 0.24719101123595505 0.14166666666666666 0.23314606741573032
1 0.6476190476190476 0.44241573033707865 0.6297619047619047 0.43679775280898875 0.6392857142857142 0.398876404494382 0.6571428571428571 0.4044943820224719
1 0.6494047619047619 0.476123595505618 0.015476190476190477 0.03651685393258427
1 0.5583333333333333 0.3707865168539326 0.016666666666666666 0.03651685393258427
1 0.7321428571428571 0.4438202247191011 0.725 0.4592696629213483 0.6857142857142857 0.43820224719101125 0.694047619047619 0.42275280898876405
1 0.7571428571428571 0.40730337078651685 0.7428571428571429 0.4101123595505618 0.7345238095238096 0.37640449438202245 0.7511904761904762 0.37359550561797755
1 0.5702380952380952 0.5449438202247191 0.5511904761904762 0.5463483146067416 0.55 0.4957865168539326 0.5678571428571428 0.4943820224719101
1 0.5154761904761904 0.5948033707865169 0.01904761904761905 0.04073033707865169
1 0.4857142857142857 0.6025280898876404 0.46785714285714286 0.6095505617977528 0.45595238095238094 0.5716292134831461 0.4738095238095238 0.5660112359550562
1 0.5214285714285715 0.5175561797752809 0.02142857142857143 0.054775280898876406
1 0.7017857142857142 0.5793539325842697 0.02023809523809524 0.04073033707865169
1 0.7273809523809524 0.5737359550561798 0.01904761904761905 0.04353932584269663
1 0.7702380952380953 0.598314606741573 0.7547619047619047 0.6025280898876404 0.7452380952380953 0.5519662921348315 0.7619047619047619 0.5491573033707865
1 0.7595238095238095 0.5252808988764045 0.7547619047619047 0.5449438202247191 0.705952380952381 0.5280898876404494 0.7119047619047619 0.5070224719101124
1 0.8238095238095238 0.6502808988764045 0.8035714285714286 0.6530898876404494 0.8130952380952381 0.7064606741573034 0.8345238095238096 0.702247191011236
1 0.7297619047619047 0.6544943820224719 0.7345238095238096 0.672752808988764 0.6976190476190476 0.6783707865168539 0.694047619047619 0.6601123595505618
1 0.5196428571428572 0.7015449438202247 0.02023809523809524 0.04073033707865169
1 0.48095238095238096 0.7064606741573034 0.01904761904761905 0.0449438202247191
1 0.5244047619047619 0.7556179775280899 0.02023809523809524 0.047752808988764044
1 0.5738095238095238 0.7752808988764045 0.02142857142857143 0.056179775280898875
1 0.5732142857142857 0.7071629213483146 0.02023809523809524 0.046348314606741575
1 0.6833333333333333 0.7036516853932584 0.6666666666666666 0.7050561797752809 0.6619047619047619 0.6643258426966292 0.6785714285714286 0.6629213483146067
1 0.7523809523809524 0.6839887640449438 0.7571428571428571 0.7050561797752809 0.705952380952381 0.7106741573033708 0.7011904761904761 0.6896067415730337
1 0.7416666666666667 0.7205056179775281 0.7488095238095238 0.7387640449438202 0.7083333333333334 0.7556179775280899 0.7023809523809523 0.7359550561797753
1 0.6892857142857143 0.773876404494382 0.669047619047619 0.7752808988764045 0.6642857142857143 0.723314606741573 0.6857142857142857 0.7205056179775281
1 0.5 0.800561797752809 0.48928571428571427 0.8216292134831461 0.44761904761904764 0.800561797752809 0.45714285714285713 0.7808988764044944
1 0.45476190476190476 0.8300561797752809 0.44285714285714284 0.848314606741573 0.4880952380952381 0.875 0.4976190476190476 0.8567415730337079
1 0.7583333333333333 0.7514044943820225 0.7107142857142857 0.7654494382022472 0.7154761904761905 0.7837078651685393 0.763095238095238 0.7696629213483146
1 0.7559523809523809 0.7752808988764045 0.7702380952380953 0.7921348314606742 0.7357142857142858 0.8174157303370787 0.7238095238095238 0.7991573033707865
1 0.7511904761904762 0.8258426966292135 0.7559523809523809 0.8441011235955056 0.7214285714285714 0.8525280898876404 0.7178571428571429 0.8356741573033708
1 0.8333333333333334 0.8314606741573034 0.8511904761904762 0.8258426966292135 0.8630952380952381 0.8707865168539326 0.8452380952380952 0.875