1 0.11190476190476191 0.8146067415730337 0.14285714285714285 0.797752808988764 0.17857142857142858 0.8876404494382022 0.13452380952380952 0.9030898876404494
1 0.32142857142857145 0.7780898876404494 0.2904761904761905 0.8047752808988764 0.36547619047619045 0.8848314606741573 0.3952380952380952 0.8441011235955056
1 0.4166666666666667 0.7696629213483146 0.40476190476190477 0.8216292134831461 0.49642857142857144 0.8497191011235955 0.5035714285714286 0.8075842696629213
1 0.5083333333333333 0.7556179775280899 0.49642857142857144 0.8019662921348315 0.5869047619047619 0.8356741573033708 0.6011904761904762 0.7963483146067416
1 0.6095238095238096 0.7176966292134831 0.5785714285714286 0.7457865168539326 0.6440476190476191 0.8356741573033708 0.675 0.8075842696629213
1 0.6797619047619048 0.702247191011236 0.6428571428571429 0.7317415730337079 0.7130952380952381 0.8314606741573034 0.75 0.800561797752809
1 0.7488095238095238 0.6910112359550562 0.7238095238095238 0.7205056179775281 0.7916666666666666 0.8146067415730337 0.8214285714285714 0.7865168539325843
1 0.6130952380952381 0.6558988764044944 0.6297619047619047 0.699438202247191 0.7261904761904762 0.675561797752809 0.7130952380952381 0.6264044943820225
1 0.42738095238095236 0.5407303370786517 0.4226190476190476 0.6460674157303371 0.45714285714285713 0.6502808988764045 0.45714285714285713 0.5407303370786517
1 0.4369047619047619 0.4157303370786517 0.430952380952381 0.5337078651685393 0.4630952380952381 0.5351123595505618 0.46904761904761905 0.41853932584269665
1 0.44047619047619047 0.26685393258426965 0.4392857142857143 0.36657303370786515 0.4726190476190476 0.36657303370786515 0.4726190476190476 0.26825842696629215
1 0.44642857142857145 0.13764044943820225 0.444047619047619 0.24157303370786518 0.47619047619047616 0.2401685393258427 0.4797619047619048 0.1404494382022472
1 0.5392857142857143 0.12640449438202248 0.5392857142857143 0.2205056179775281 0.5654761904761905 0.2205056179775281 0.569047619047619 0.12359550561797752
1 0.5357142857142857 0.25280898876404495 0.5321428571428571 0.351123595505618 0.5654761904761905 0.35252808988764045 0.5642857142857143 0.24859550561797752
1 0.5273809523809524 0.36657303370786515 0.5285714285714286 0.46629213483146065 0.5583333333333333 0.47191011235955055 0.5619047619047619 0.3693820224719101
1 0.575 0.4803370786516854 0.5761904761904761 0.5800561797752809 0.611904761904762 0.5786516853932584 0.6059523809523809 0.47331460674157305
1 0.6309523809523809 0.49157303370786515 0.625 0.5969101123595506 0.669047619047619 0.5969101123595506 0.6642857142857143 0.4859550561797753
4 0.5345238095238095 0.49297752808988765 0.5273809523809524 0.5941011235955056 0.5630952380952381 0.598314606741573 0.5642857142857143 0.49297752808988765
4 0.25476190476190474 0.6558988764044944 0.25357142857142856 0.6980337078651685 0.3595238095238095 0.702247191011236 0.3607142857142857 0.6629213483146067