1 0.1380952380952381 0.2598314606741573 0.1380952380952381 0.29213483146067415 0.20595238095238094 0.29213483146067415 0.20357142857142857 0.2612359550561798
1 0.11666666666666667 0.31320224719101125 0.12023809523809524 0.3441011235955056 0.19523809523809524 0.3356741573033708 0.19047619047619047 0.3061797752808989
1 0.2 0.4648876404494382 0.12738095238095237 0.46348314606741575 0.12738095238095237 0.49297752808988765 0.19642857142857142 0.4901685393258427
1 0.17261904761904762 0.42134831460674155 0.11071428571428571 0.41853932584269665 0.11071428571428571 0.449438202247191 0.1738095238095238 0.44803370786516855
1 0.19404761904761905 0.6404494382022472 0.19404761904761905 0.6783707865168539 0.275 0.6783707865168539 0.27380952380952384 0.6404494382022472
1 0.18333333333333332 0.7036516853932584 0.18214285714285713 0.7485955056179775 0.25357142857142856 0.7443820224719101 0.25357142857142856 0.7078651685393258
1 0.16428571428571428 0.7078651685393258 0.1619047619047619 0.75 0.10476190476190476 0.7556179775280899 0.10357142857142858 0.7162921348314607
1 0.15595238095238095 0.6657303370786517 0.15476190476190477 0.7050561797752809 0.09761904761904762 0.7064606741573034 0.09761904761904762 0.6657303370786517
1 0.4785714285714286 0.3651685393258427 0.4773809523809524 0.39747191011235955 0.5392857142857143 0.40168539325842695 0.5392857142857143 0.3693820224719101
1 0.6452380952380953 0.3651685393258427 0.6464285714285715 0.4002808988764045 0.7202380952380952 0.40308988764044945 0.7178571428571429 0.3651685393258427
1 0.41309523809523807 0.5660112359550562 0.42857142857142855 0.5941011235955056 0.48333333333333334 0.550561797752809 0.4642857142857143 0.523876404494382
1 0.4880952380952381 0.550561797752809 0.49166666666666664 0.5814606741573034 0.5583333333333333 0.5617977528089888 0.5523809523809524 0.5323033707865169
1 0.4797619047619048 0.6460674157303371 0.4797619047619048 0.6783707865168539 0.555952380952381 0.6741573033707865 0.5535714285714286 0.6460674157303371
1 0.6440476190476191 0.5351123595505618 0.7 0.5912921348314607 0.7238095238095238 0.5660112359550562 0.6619047619047619 0.5126404494382022
1 0.7178571428571429 0.5449438202247191 0.7797619047619048 0.5898876404494382 0.7976190476190477 0.5617977528089888 0.7404761904761905 0.5196629213483146
1 0.7880952380952381 0.5435393258426966 0.8630952380952381 0.5941011235955056 0.8761904761904762 0.5603932584269663 0.8047619047619048 0.5154494382022472
1 0.39880952380952384 0.6432584269662921 0.3976190476190476 0.6741573033707865 0.46190476190476193 0.6783707865168539 0.46190476190476193 0.6502808988764045
1 0.2833333333333333 0.8370786516853933 0.2833333333333333 0.8735955056179775 0.3630952380952381 0.8707865168539326 0.3630952380952381 0.8384831460674157
4 0.12857142857142856 0.38202247191011235 0.20833333333333334 0.3946629213483146 0.2154761904761905 0.34831460674157305 0.12738095238095237 0.34269662921348315