4 0.6023809523809524 0.672752808988764 0.6035714285714285 0.7205056179775281 0.7071428571428572 0.7176966292134831 0.7035714285714286 0.6671348314606742
4 0.6023809523809524 0.2949438202247191 0.6023809523809524 0.33848314606741575 0.6928571428571428 0.34129213483146065 0.6880952380952381 0.29353932584269665
1 0.6190476190476191 0.7373595505617978 0.6190476190476191 0.7823033707865169 0.7214285714285714 0.7851123595505618 0.7202380952380952 0.7345505617977528
1 0.6107142857142858 0.6109550561797753 0.6095238095238096 0.6601123595505618 0.7166666666666667 0.6573033707865169 0.7130952380952381 0.6067415730337079
1 0.6023809523809524 0.5632022471910112 0.6047619047619047 0.6067415730337079 0.6988095238095238 0.5955056179775281 0.6904761904761905 0.5519662921348315
1 0.5892857142857143 0.46348314606741575 0.5928571428571429 0.5070224719101124 0.6857142857142857 0.5042134831460674 0.6833333333333333 0.45786516853932585
1 0.5976190476190476 0.41292134831460675 0.5988095238095238 0.4508426966292135 0.6857142857142857 0.4452247191011236 0.6833333333333333 0.4044943820224719
1 0.6202380952380953 0.35814606741573035 0.6238095238095238 0.39185393258426965 0.6976190476190476 0.3890449438202247 0.6928571428571428 0.351123595505618
1 0.6023809523809524 0.2443820224719101 0.6011904761904762 0.2893258426966292 0.680952380952381 0.28651685393258425 0.6785714285714286 0.24157303370786518
1 0.36547619047619045 0.2598314606741573 0.36666666666666664 0.29353932584269665 0.44761904761904764 0.29353932584269665 0.44642857142857145 0.25702247191011235
1 0.3523809523809524 0.4438202247191011 0.3523809523809524 0.48174157303370785 0.44047619047619047 0.48174157303370785 0.44047619047619047 0.4396067415730337
1 0.34285714285714286 0.5154494382022472 0.3404761904761905 0.5575842696629213 0.43452380952380953 0.5575842696629213 0.4369047619047619 0.5154494382022472
1 0.35833333333333334 0.5786516853932584 0.35833333333333334 0.6193820224719101 0.4392857142857143 0.6193820224719101 0.4369047619047619 0.5758426966292135
1 0.3345238095238095 0.6587078651685393 0.33214285714285713 0.6938202247191011 0.3869047619047619 0.6938202247191011 0.3869047619047619 0.6544943820224719