1 0.12142857142857143 0.7415730337078652 0.11071428571428571 0.7823033707865169 0.19642857142857142 0.8061797752808989 0.21071428571428572 0.7710674157303371
1 0.1869047619047619 0.6966292134831461 0.17261904761904762 0.7415730337078652 0.2726190476190476 0.7710674157303371 0.2726190476190476 0.726123595505618
1 0.29404761904761906 0.5926966292134831 0.27976190476190477 0.6376404494382022 0.38333333333333336 0.6615168539325843 0.3892857142857143 0.6207865168539326
1 0.3392857142857143 0.5491573033707865 0.3273809523809524 0.5870786516853933 0.4166666666666667 0.6137640449438202 0.4261904761904762 0.574438202247191
1 0.37857142857142856 0.5070224719101124 0.3726190476190476 0.5491573033707865 0.4738095238095238 0.5730337078651685 0.4845238095238095 0.5308988764044944
1 0.4392857142857143 0.4438202247191011 0.42023809523809524 0.4803370786516854 0.5119047619047619 0.5294943820224719 0.5238095238095238 0.4887640449438202
1 0.5285714285714286 0.3637640449438202 0.5178571428571429 0.40168539325842695 0.6011904761904762 0.43679775280898875 0.6154761904761905 0.39747191011235955
1 0.5821428571428572 0.3258426966292135 0.5678571428571428 0.3637640449438202 0.6583333333333333 0.3946629213483146 0.6666666666666666 0.3595505617977528
1 0.625 0.2794943820224719 0.6166666666666667 0.3188202247191011 0.7011904761904761 0.3553370786516854 0.7130952380952381 0.3146067415730337
1 0.6726190476190477 0.23314606741573032 0.6630952380952381 0.2752808988764045 0.75 0.3061797752808989 0.7595238095238095 0.26825842696629215
1 0.7559523809523809 0.15589887640449437 0.7476190476190476 0.20224719101123595 0.8428571428571429 0.22191011235955055 0.85 0.17415730337078653
1 0.6035714285714285 0.15730337078651685 0.6285714285714286 0.19382022471910113 0.6964285714285714 0.125 0.6726190476190477 0.10674157303370786
1 0.49166666666666664 0.26264044943820225 0.5178571428571429 0.28651685393258425 0.5857142857142857 0.2303370786516854 0.5654761904761905 0.19382022471910113
1 0.36547619047619045 0.38202247191011235 0.38571428571428573 0.41151685393258425 0.4523809523809524 0.34831460674157305 0.43214285714285716 0.3202247191011236
1 0.3488095238095238 0.3904494382022472 0.2785714285714286 0.45224719101123595 0.30357142857142855 0.4803370786516854 0.3738095238095238 0.4199438202247191
4 0.25833333333333336 0.46629213483146065 0.18928571428571428 0.5323033707865169 0.22023809523809523 0.5575842696629213 0.2785714285714286 0.4957865168539326
1 0.7845238095238095 0.47191011235955055 0.7178571428571429 0.5393258426966292 0.7440476190476191 0.5716292134831461 0.8071428571428572 0.4957865168539326
1 0.5464285714285714 0.6839887640449438 0.4738095238095238 0.7556179775280899 0.4976190476190476 0.7907303370786517 0.575 0.7148876404494382
1 0.6392857142857142 0.7050561797752809 0.5583333333333333 0.7949438202247191 0.5833333333333334 0.827247191011236 0.6666666666666666 0.7401685393258427
1 0.6583333333333333 0.7823033707865169 0.580952380952381 0.8679775280898876 0.6035714285714285 0.8932584269662921 0.6892857142857143 0.8103932584269663
4 0.42142857142857143 0.7823033707865169 0.4035714285714286 0.8160112359550562 0.4857142857142857 0.8623595505617978 0.5 0.8314606741573034