1 0.29642857142857143 0.16713483146067415 0.3547619047619048 0.16713483146067415 0.3547619047619048 0.1404494382022472 0.2988095238095238 0.1404494382022472
1 0.41904761904761906 0.1502808988764045 0.45714285714285713 0.17696629213483145 0.47023809523809523 0.15870786516853932 0.43452380952380953 0.125
1 0.3476190476190476 0.18679775280898878 0.35119047619047616 0.20926966292134833 0.2892857142857143 0.21769662921348315 0.2845238095238095 0.1896067415730337
1 0.30357142857142855 0.2654494382022472 0.3535714285714286 0.24859550561797752 0.3488095238095238 0.22331460674157302 0.29523809523809524 0.23735955056179775
1 0.4166666666666667 0.22612359550561797 0.4654761904761905 0.25702247191011235 0.47619047619047616 0.2345505617977528 0.4226190476190476 0.20224719101123595
1 0.41785714285714287 0.273876404494382 0.4630952380952381 0.30337078651685395 0.475 0.28370786516853935 0.42738095238095236 0.2542134831460674
1 0.41785714285714287 0.3398876404494382 0.4607142857142857 0.375 0.475 0.35674157303370785 0.4297619047619048 0.3188202247191011
1 0.14047619047619048 0.40730337078651685 0.1988095238095238 0.4101123595505618 0.2011904761904762 0.3890449438202247 0.14047619047619048 0.38764044943820225
1 0.2976190476190476 0.3146067415730337 0.35 0.2907303370786517 0.3380952380952381 0.26264044943820225 0.2845238095238095 0.2907303370786517
3 0.2976190476190476 0.3637640449438202 0.3595238095238095 0.32724719101123595 0.3464285714285714 0.300561797752809 0.27976190476190477 0.3398876404494382
1 0.47023809523809523 0.425561797752809 0.5297619047619048 0.42696629213483145 0.5297619047619048 0.3946629213483146 0.47023809523809523 0.39185393258426965
1 0.5011904761904762 0.27668539325842695 0.5190476190476191 0.273876404494382 0.5190476190476191 0.31320224719101125 0.5023809523809524 0.31179775280898875
1 0.6916666666666667 0.4143258426966292 0.7488095238095238 0.40730337078651685 0.7452380952380953 0.37780898876404495 0.6892857142857143 0.3848314606741573
1 0.7011904761904761 0.3651685393258427 0.7559523809523809 0.3637640449438202 0.7583333333333333 0.3398876404494382 0.7011904761904761 0.3356741573033708
1 0.7119047619047619 0.32303370786516855 0.7511904761904762 0.2808988764044944 0.736904761904762 0.26685393258426965 0.7011904761904761 0.30196629213483145
1 0.8321428571428572 0.4648876404494382 0.8785714285714286 0.4648876404494382 0.8785714285714286 0.4396067415730337 0.830952380952381 0.44241573033707865
1 0.7071428571428572 0.27808988764044945 0.7452380952380953 0.2401685393258427 0.7333333333333333 0.22331460674157302 0.6952380952380952 0.25140449438202245
1 0.8357142857142857 0.3890449438202247 0.8797619047619047 0.3848314606741573 0.8785714285714286 0.35814606741573035 0.8333333333333334 0.3609550561797753
1 0.825 0.425561797752809 0.8773809523809524 0.42696629213483145 0.8785714285714286 0.40168539325842695 0.825 0.4002808988764045
1 0.8321428571428572 0.5112359550561798 0.8797619047619047 0.5084269662921348 0.8797619047619047 0.48314606741573035 0.8285714285714286 0.48314606741573035
1 0.7178571428571429 0.8258426966292135 0.7178571428571429 0.8834269662921348 0.7416666666666667 0.8848314606741573 0.7428571428571429 0.8258426966292135
1 0.580952380952381 0.8300561797752809 0.6369047619047619 0.827247191011236 0.6369047619047619 0.7991573033707865 0.5773809523809523 0.7991573033707865
1 0.5595238095238095 0.8033707865168539 0.5630952380952381 0.8609550561797753 0.5392857142857143 0.8637640449438202 0.5369047619047619 0.8047752808988764
1 0.5238095238095238 0.7963483146067416 0.5226190476190476 0.8665730337078652 0.49642857142857144 0.8679775280898876 0.4976190476190476 0.7963483146067416
1 0.48333333333333334 0.7893258426966292 0.4869047619047619 0.8623595505617978 0.4607142857142857 0.8651685393258427 0.4583333333333333 0.7963483146067416
1 0.32142857142857145 0.8047752808988764 0.36547619047619045 0.8595505617977528 0.3488095238095238 0.8792134831460674 0.3 0.824438202247191
1 0.2226190476190476 0.7949438202247191 0.2392857142857143 0.8581460674157303 0.21071428571428572 0.8679775280898876 0.19404761904761905 0.8019662921348315
1 0.1595238095238095 0.7219101123595506 0.15833333333333333 0.7528089887640449 0.11071428571428571 0.7556179775280899 0.10952380952380952 0.723314606741573