2 0.4630952380952381 0.6053370786516854 0.37857142857142856 0.6685393258426966 0.39285714285714285 0.699438202247191 0.4785714285714286 0.6446629213483146
1 0.3619047619047619 0.3061797752808989 0.3821428571428571 0.3806179775280899 0.4095238095238095 0.3707865168539326 0.39166666666666666 0.29634831460674155
1 0.32142857142857145 0.324438202247191 0.33690476190476193 0.40730337078651685 0.36666666666666664 0.398876404494382 0.35119047619047616 0.3188202247191011
1 0.27976190476190477 0.3342696629213483 0.2892857142857143 0.4143258426966292 0.31785714285714284 0.40730337078651685 0.30952380952380953 0.32865168539325845
1 0.20357142857142857 0.34691011235955055 0.2154761904761905 0.41853932584269665 0.24642857142857144 0.4101123595505618 0.23214285714285715 0.3398876404494382
1 0.16547619047619047 0.35814606741573035 0.17142857142857143 0.4311797752808989 0.2011904761904762 0.425561797752809 0.19047619047619047 0.35252808988764045
1 0.12023809523809524 0.37359550561797755 0.13690476190476192 0.44662921348314605 0.1619047619047619 0.43679775280898875 0.14642857142857144 0.3637640449438202
1 0.12738095238095237 0.5828651685393258 0.1357142857142857 0.6587078651685393 0.16904761904761906 0.6460674157303371 0.15595238095238095 0.5758426966292135
1 0.1773809523809524 0.5674157303370787 0.1880952380952381 0.6558988764044944 0.22380952380952382 0.6474719101123596 0.20952380952380953 0.5617977528089888
1 0.2226190476190476 0.5547752808988764 0.2392857142857143 0.6404494382022472 0.2714285714285714 0.6278089887640449 0.2511904761904762 0.5463483146067416
1 0.2785714285714286 0.5365168539325843 0.2857142857142857 0.6179775280898876 0.319047619047619 0.6151685393258427 0.30833333333333335 0.5308988764044944
1 0.3333333333333333 0.5351123595505618 0.3464285714285714 0.6137640449438202 0.3761904761904762 0.601123595505618 0.3607142857142857 0.5252808988764045
1 0.43214285714285716 0.5168539325842697 0.44642857142857145 0.577247191011236 0.4738095238095238 0.5674157303370787 0.4583333333333333 0.5042134831460674