2 0.4166666666666667 0.21910112359550563 0.4928571428571429 0.21348314606741572 0.4976190476190476 0.2542134831460674 0.4226190476190476 0.2612359550561798
1 0.3392857142857143 0.30196629213483145 0.31666666666666665 0.3398876404494382 0.3333333333333333 0.3539325842696629 0.3595238095238095 0.31320224719101125
1 0.319047619047619 0.375 0.3416666666666667 0.42275280898876405 0.36666666666666664 0.41292134831460675 0.34523809523809523 0.3595505617977528
1 0.4297619047619048 0.7794943820224719 0.47619047619047616 0.8160112359550562 0.4607142857142857 0.8384831460674157 0.4142857142857143 0.8075842696629213
1 0.42023809523809524 0.7331460674157303 0.4738095238095238 0.7205056179775281 0.4785714285714286 0.75 0.42142857142857143 0.7640449438202247
1 0.40714285714285714 0.6404494382022472 0.4630952380952381 0.6334269662921348 0.4666666666666667 0.6629213483146067 0.4119047619047619 0.6699438202247191
1 0.4119047619047619 0.6839887640449438 0.46785714285714286 0.6769662921348315 0.4714285714285714 0.7064606741573034 0.4166666666666667 0.7134831460674157
1 0.48214285714285715 0.8075842696629213 0.544047619047619 0.8019662921348315 0.5452380952380952 0.827247191011236 0.48214285714285715 0.8356741573033708
1 0.4642857142857143 0.7640449438202247 0.513095238095238 0.7275280898876404 0.5285714285714286 0.7514044943820225 0.47619047619047616 0.7865168539325843
1 0.4654761904761905 0.5912921348314607 0.5202380952380953 0.6151685393258427 0.5142857142857142 0.6460674157303371 0.4583333333333333 0.6207865168539326
1 0.4642857142857143 0.5463483146067416 0.5226190476190476 0.5407303370786517 0.525 0.5702247191011236 0.4630952380952381 0.574438202247191
1 0.4785714285714286 0.4957865168539326 0.5369047619047619 0.4901685393258427 0.5392857142857143 0.5196629213483146 0.4773809523809524 0.523876404494382
1 0.4166666666666667 0.5126404494382022 0.475 0.5070224719101124 0.4773809523809524 0.5365168539325843 0.4154761904761905 0.5407303370786517
1 0.4166666666666667 0.44803370786516855 0.46785714285714286 0.4508426966292135 0.46785714285714286 0.4747191011235955 0.4142857142857143 0.4691011235955056
1 0.46190476190476193 0.4143258426966292 0.5119047619047619 0.4058988764044944 0.5154761904761904 0.43679775280898875 0.4607142857142857 0.44241573033707865
1 0.40476190476190477 0.40168539325842695 0.4607142857142857 0.4044943820224719 0.45476190476190476 0.43258426966292135 0.40476190476190477 0.4311797752808989
1 0.40714285714285714 0.27668539325842695 0.4607142857142857 0.273876404494382 0.46190476190476193 0.300561797752809 0.40595238095238095 0.300561797752809
1 0.4023809523809524 0.3693820224719101 0.45595238095238094 0.36657303370786515 0.45714285714285713 0.39325842696629215 0.4011904761904762 0.39325842696629215
1 0.4011904761904762 0.33707865168539325 0.45476190476190476 0.3342696629213483 0.45595238095238094 0.3609550561797753 0.4 0.3609550561797753
1 0.45595238095238094 0.2949438202247191 0.5095238095238095 0.29213483146067415 0.5107142857142857 0.3188202247191011 0.45476190476190476 0.3188202247191011