1 0.2261904761904762 0.726123595505618 0.24523809523809523 0.7724719101123596 0.2654761904761905 0.7640449438202247 0.24642857142857144 0.7134831460674157
1 0.28809523809523807 0.7219101123595506 0.2857142857142857 0.7485955056179775 0.3464285714285714 0.7471910112359551 0.3464285714285714 0.7205056179775281
1 0.2916666666666667 0.6882022471910112 0.29285714285714287 0.7148876404494382 0.35119047619047616 0.7120786516853933 0.35119047619047616 0.6825842696629213
1 0.29642857142857143 0.6179775280898876 0.29523809523809524 0.6460674157303371 0.35 0.651685393258427 0.35119047619047616 0.6151685393258427
1 0.30357142857142855 0.5519662921348315 0.30238095238095236 0.5800561797752809 0.35119047619047616 0.5814606741573034 0.3547619047619048 0.5491573033707865
1 0.45 0.5589887640449438 0.4511904761904762 0.6151685393258427 0.4773809523809524 0.6137640449438202 0.4714285714285714 0.5575842696629213
1 0.35833333333333334 0.4803370786516854 0.3047619047619048 0.4845505617977528 0.30357142857142855 0.5070224719101124 0.3607142857142857 0.5098314606741573
1 0.3607142857142857 0.4550561797752809 0.3107142857142857 0.4550561797752809 0.30833333333333335 0.47752808988764045 0.35833333333333334 0.47752808988764045
1 0.35833333333333334 0.42696629213483145 0.3130952380952381 0.42837078651685395 0.305952380952381 0.45224719101123595 0.3523809523809524 0.45224719101123595
1 0.3630952380952381 0.40730337078651685 0.30952380952380953 0.4058988764044944 0.30714285714285716 0.42837078651685395 0.3619047619047619 0.42696629213483145
1 0.3535714285714286 0.38202247191011235 0.3107142857142857 0.38202247191011235 0.30238095238095236 0.4044943820224719 0.35119047619047616 0.40730337078651685
2 0.44761904761904764 0.43679775280898875 0.4511904761904762 0.5308988764044944 0.4785714285714286 0.5308988764044944 0.4726190476190476 0.43679775280898875
1 0.4488095238095238 0.36657303370786515 0.44761904761904764 0.40870786516853935 0.4666666666666667 0.4058988764044944 0.46785714285714286 0.3651685393258427
1 0.4452380952380952 0.3146067415730337 0.44642857142857145 0.35252808988764045 0.4630952380952381 0.35252808988764045 0.4642857142857143 0.31320224719101125
1 0.444047619047619 0.26264044943820225 0.44285714285714284 0.30758426966292135 0.4642857142857143 0.3061797752808989 0.46785714285714286 0.25842696629213485
1 0.44047619047619047 0.17837078651685392 0.44047619047619047 0.21348314606741572 0.4583333333333333 0.21348314606741572 0.4583333333333333 0.1797752808988764
1 0.35714285714285715 0.25140449438202245 0.3142857142857143 0.25 0.3130952380952381 0.2752808988764045 0.35714285714285715 0.27808988764044945
1 0.3619047619047619 0.20926966292134833 0.319047619047619 0.20926966292134833 0.31547619047619047 0.23595505617977527 0.3595238095238095 0.23595505617977527
1 0.35833333333333334 0.17696629213483145 0.3107142857142857 0.17696629213483145 0.30714285714285716 0.20365168539325842 0.35595238095238096 0.20084269662921347
1 0.49523809523809526 0.7668539325842697 0.5404761904761904 0.7963483146067416 0.5285714285714286 0.8216292134831461 0.48333333333333334 0.7865168539325843
1 0.7535714285714286 0.5126404494382022 0.7 0.5168539325842697 0.7095238095238096 0.5449438202247191 0.7619047619047619 0.5365168539325843
1 0.7559523809523809 0.4901685393258427 0.7023809523809523 0.4887640449438202 0.7083333333333334 0.5112359550561798 0.7607142857142857 0.5098314606741573
1 0.7523809523809524 0.46207865168539325 0.7130952380952381 0.4606741573033708 0.7119047619047619 0.4859550561797753 0.7535714285714286 0.48735955056179775
1 0.8904761904761904 0.5182584269662921 0.8452380952380952 0.5182584269662921 0.8535714285714285 0.5463483146067416 0.9011904761904762 0.5449438202247191
1 0.8857142857142857 0.476123595505618 0.830952380952381 0.4845505617977528 0.8357142857142857 0.5042134831460674 0.8904761904761904 0.49859550561797755
1 0.8845238095238095 0.4508426966292135 0.8321428571428572 0.4606741573033708 0.8369047619047619 0.4803370786516854 0.8952380952380953 0.47191011235955055
1 0.8845238095238095 0.425561797752809 0.8261904761904761 0.4353932584269663 0.8333333333333334 0.45646067415730335 0.8904761904761904 0.44662921348314605
1 0.8726190476190476 0.40730337078651685 0.8178571428571428 0.40730337078651685 0.8226190476190476 0.42837078651685395 0.875 0.4241573033707865
1 0.7785714285714286 0.35674157303370785 0.7869047619047619 0.4002808988764045 0.8071428571428572 0.3946629213483146 0.7976190476190477 0.35252808988764045
1 0.8428571428571429 0.28230337078651685 0.7976190476190477 0.2893258426966292 0.8023809523809524 0.31741573033707865 0.8511904761904762 0.30758426966292135
1 0.8321428571428572 0.22893258426966293 0.7738095238095238 0.23735955056179775 0.7785714285714286 0.2640449438202247 0.8380952380952381 0.2556179775280899