1 0.17142857142857143 0.6460674157303371 0.14642857142857144 0.7556179775280899 0.18571428571428572 0.7640449438202247 0.20952380952380953 0.6502808988764045
1 0.37142857142857144 0.1544943820224719 0.3726190476190476 0.2050561797752809 0.525 0.19662921348314608 0.5214285714285715 0.15168539325842698
1 0.6666666666666666 0.15168539325842698 0.6630952380952381 0.19662921348314608 0.7416666666666667 0.20365168539325842 0.7416666666666667 0.15589887640449437
1 0.4142857142857143 0.37219101123595505 0.42142857142857143 0.4143258426966292 0.5035714285714286 0.4002808988764045 0.4976190476190476 0.36235955056179775
1 0.4238095238095238 0.4143258426966292 0.42023809523809524 0.45646067415730335 0.513095238095238 0.45646067415730335 0.513095238095238 0.40730337078651685
1 0.4297619047619048 0.45646067415730335 0.425 0.5056179775280899 0.5071428571428571 0.5168539325842697 0.5142857142857142 0.46629213483146065
3 0.4083333333333333 0.6292134831460674 0.4011904761904762 0.6825842696629213 0.49166666666666664 0.702247191011236 0.5035714285714286 0.6474719101123596
1 0.11071428571428571 0.30758426966292135 0.10714285714285714 0.351123595505618 0.19404761904761905 0.3539325842696629 0.19642857142857142 0.3160112359550562
1 0.07142857142857142 0.3539325842696629 0.06904761904761905 0.4002808988764045 0.15 0.40308988764044945 0.15595238095238095 0.35674157303370785
1 0.0869047619047619 0.41151685393258425 0.07738095238095238 0.449438202247191 0.15476190476190477 0.4648876404494382 0.1619047619047619 0.42275280898876405
1 0.07261904761904762 0.6221910112359551 0.07857142857142857 0.6657303370786517 0.16071428571428573 0.6460674157303371 0.1523809523809524 0.5941011235955056
1 0.21071428571428572 0.6867977528089888 0.2011904761904762 0.7865168539325843 0.24047619047619048 0.7879213483146067 0.24523809523809523 0.6938202247191011
1 0.26904761904761904 0.6952247191011236 0.25833333333333336 0.7879213483146067 0.2904761904761905 0.7893258426966292 0.2976190476190476 0.7008426966292135