1 0.5630952380952381 0.18679775280898878 0.6083333333333333 0.11938202247191011 0.5797619047619048 0.09831460674157304 0.5369047619047619 0.15870786516853932
1 0.6130952380952381 0.2050561797752809 0.6583333333333333 0.13202247191011235 0.6285714285714286 0.10533707865168539 0.580952380952381 0.18258426966292135
1 0.5738095238095238 0.2949438202247191 0.6095238095238096 0.21348314606741572 0.5726190476190476 0.1952247191011236 0.5369047619047619 0.2752808988764045
1 0.5190476190476191 0.2794943820224719 0.5642857142857143 0.19803370786516855 0.5333333333333333 0.175561797752809 0.4869047619047619 0.2542134831460674
1 0.4452380952380952 0.2851123595505618 0.513095238095238 0.34129213483146065 0.5369047619047619 0.3061797752808989 0.46904761904761905 0.24578651685393257
1 0.4095238095238095 0.3342696629213483 0.4773809523809524 0.3904494382022472 0.5 0.351123595505618 0.43214285714285716 0.29634831460674155
1 0.38095238095238093 0.3806179775280899 0.4583333333333333 0.43679775280898875 0.4785714285714286 0.3960674157303371 0.4035714285714286 0.33707865168539325
1 0.4738095238095238 0.43679775280898875 0.5428571428571428 0.4845505617977528 0.5607142857142857 0.43820224719101125 0.49166666666666664 0.398876404494382
1 0.7273809523809524 0.19662921348314608 0.7714285714285715 0.12640449438202248 0.7404761904761905 0.0997191011235955 0.6964285714285714 0.17134831460674158
1 0.6785714285714286 0.2808988764044944 0.7273809523809524 0.19803370786516855 0.6916666666666667 0.1699438202247191 0.6476190476190476 0.25280898876404495
1 0.7714285714285715 0.22752808988764045 0.8202380952380952 0.13764044943820225 0.7880952380952381 0.11235955056179775 0.7357142857142858 0.199438202247191
1 0.7119047619047619 0.3202247191011236 0.7654761904761904 0.23735955056179775 0.7321428571428571 0.21067415730337077 0.6833333333333333 0.2893258426966292
1 0.6607142857142857 0.4044943820224719 0.7130952380952381 0.324438202247191 0.675 0.29634831460674155 0.6285714285714286 0.3806179775280899
1 0.8821428571428571 0.3160112359550562 0.925 0.24578651685393257 0.8988095238095238 0.21769662921348315 0.8535714285714285 0.28651685393258425
1 0.830952380952381 0.40308988764044945 0.8773809523809524 0.32303370786516855 0.8452380952380952 0.29775280898876405 0.8011904761904762 0.38202247191011235
1 0.8642857142857143 0.44241573033707865 0.9095238095238095 0.3595505617977528 0.8773809523809524 0.3356741573033708 0.8321428571428572 0.42134831460674155
1 0.8238095238095238 0.41292134831460675 0.7738095238095238 0.49297752808988765 0.7452380952380953 0.4691011235955056 0.7916666666666666 0.3848314606741573
1 0.8107142857142857 0.5379213483146067 0.8630952380952381 0.4508426966292135 0.8285714285714286 0.4199438202247191 0.775 0.5084269662921348
1 0.844047619047619 0.5955056179775281 0.8904761904761904 0.5070224719101124 0.8571428571428571 0.4789325842696629 0.8083333333333333 0.5632022471910112
1 0.37857142857142856 0.3848314606741573 0.3261904761904762 0.46207865168539325 0.35833333333333334 0.49157303370786515 0.4095238095238095 0.4143258426966292
1 0.35119047619047616 0.4957865168539326 0.29404761904761906 0.5828651685393258 0.2654761904761905 0.5491573033707865 0.32142857142857145 0.46629213483146065
1 0.23095238095238096 0.672752808988764 0.2976190476190476 0.5842696629213483 0.2642857142857143 0.5491573033707865 0.20357142857142857 0.6432584269662921
1 0.17142857142857143 0.7626404494382022 0.23095238095238096 0.675561797752809 0.20238095238095238 0.6474719101123596 0.14523809523809525 0.7345505617977528
1 0.1773809523809524 0.7696629213483146 0.10357142857142858 0.8651685393258427 0.075 0.8356741573033708 0.14285714285714285 0.7331460674157303
1 0.3869047619047619 0.5224719101123596 0.4392857142857143 0.44803370786516855 0.4119047619047619 0.41713483146067415 0.35833333333333334 0.49859550561797755
1 0.37976190476190474 0.5323033707865169 0.3261904761904762 0.6137640449438202 0.2988095238095238 0.5842696629213483 0.35119047619047616 0.5070224719101124
1 0.2726190476190476 0.6966292134831461 0.3261904761904762 0.6151685393258427 0.2976190476190476 0.5870786516853933 0.2392857142857143 0.6713483146067416
1 0.20714285714285716 0.7837078651685393 0.26904761904761904 0.699438202247191 0.2392857142857143 0.6713483146067416 0.17976190476190476 0.7570224719101124
1 0.14166666666666666 0.8848314606741573 0.20714285714285716 0.7935393258426966 0.1761904761904762 0.7696629213483146 0.11071428571428571 0.8651685393258427
1 0.2630952380952381 0.7963483146067416 0.2119047619047619 0.8792134831460674 0.18095238095238095 0.8595505617977528 0.22738095238095238 0.773876404494382
1 0.319047619047619 0.7106741573033708 0.26785714285714285 0.7963483146067416 0.23452380952380952 0.7682584269662921 0.2857142857142857 0.6896067415730337
1 0.37023809523809526 0.625 0.319047619047619 0.7106741573033708 0.2869047619047619 0.6825842696629213 0.3380952380952381 0.601123595505618
1 0.4238095238095238 0.5547752808988764 0.3738095238095238 0.625 0.34285714285714286 0.5997191011235955 0.3952380952380952 0.5280898876404494
1 0.475 0.46769662921348315 0.4261904761904762 0.5491573033707865 0.3976190476190476 0.5252808988764045 0.44285714285714284 0.4438202247191011
1 0.5190476190476191 0.49297752808988765 0.4654761904761905 0.5716292134831461 0.43452380952380953 0.547752808988764 0.4880952380952381 0.4648876404494382
1 0.4595238095238095 0.5758426966292135 0.41309523809523807 0.6544943820224719 0.37857142857142856 0.6320224719101124 0.430952380952381 0.5491573033707865
1 0.4023809523809524 0.6643258426966292 0.3535714285714286 0.7514044943820225 0.32142857142857145 0.7247191011235955 0.3738095238095238 0.6362359550561798
1 0.34404761904761905 0.7612359550561798 0.2904761904761905 0.8567415730337079 0.25595238095238093 0.8328651685393258 0.3107142857142857 0.7387640449438202
1 0.35119047619047616 0.7612359550561798 0.3 0.8539325842696629 0.3380952380952381 0.8721910112359551 0.38571428571428573 0.7879213483146067
1 0.444047619047619 0.6896067415730337 0.3869047619047619 0.7808988764044944 0.35595238095238096 0.7528089887640449 0.41309523809523807 0.6615168539325843
1 0.4976190476190476 0.601123595505618 0.4488095238095238 0.6896067415730337 0.42023809523809524 0.6629213483146067 0.46904761904761905 0.5800561797752809
1 0.5583333333333333 0.5126404494382022 0.5071428571428571 0.601123595505618 0.4738095238095238 0.5730337078651685 0.5285714285714286 0.48735955056179775
1 0.580952380952381 0.5603932584269663 0.5345238095238095 0.6404494382022472 0.5071428571428571 0.6179775280898876 0.5523809523809524 0.5407303370786517
1 0.475 0.7317415730337079 0.5297619047619048 0.6474719101123596 0.5011904761904762 0.6193820224719101 0.44642857142857145 0.7078651685393258
1 0.4238095238095238 0.8202247191011236 0.47619047619047616 0.7317415730337079 0.4452380952380952 0.7078651685393258 0.39404761904761904 0.7935393258426966
1 0.41785714285714287 0.8230337078651685 0.3761904761904762 0.9044943820224719 0.34285714285714286 0.8778089887640449 0.3904761904761905 0.7949438202247191
1 0.5107142857142857 0.7696629213483146 0.46190476190476193 0.8581460674157303 0.42738095238095236 0.8342696629213483 0.4797619047619048 0.7429775280898876
1 0.5654761904761905 0.675561797752809 0.5154761904761904 0.7626404494382022 0.48214285714285715 0.7373595505617978 0.5345238095238095 0.6474719101123596
1 0.6226190476190476 0.5870786516853933 0.569047619047619 0.6699438202247191 0.5404761904761904 0.6446629213483146 0.594047619047619 0.5632022471910112
1 0.6654761904761904 0.6179775280898876 0.6154761904761905 0.699438202247191 0.5845238095238096 0.675561797752809 0.6321428571428571 0.5941011235955056
1 0.6047619047619047 0.7120786516853933 0.555952380952381 0.797752808988764 0.5226190476190476 0.7682584269662921 0.5738095238095238 0.6853932584269663
1 0.5511904761904762 0.8061797752808989 0.5095238095238095 0.8862359550561798 0.475 0.8595505617977528 0.5178571428571429 0.7794943820224719
1 0.7047619047619048 0.6573033707865169 0.6523809523809524 0.7401685393258427 0.6166666666666667 0.7106741573033708 0.6678571428571428 0.6292134831460674
1 0.6523809523809524 0.7485955056179775 0.5976190476190476 0.8384831460674157 0.5607142857142857 0.8117977528089888 0.6154761904761905 0.7176966292134831
1 0.5904761904761905 0.8426966292134831 0.5369047619047619 0.922752808988764 0.5059523809523809 0.9002808988764045 0.5571428571428572 0.8160112359550562
1 0.6416666666666667 0.7668539325842697 0.5928571428571429 0.8581460674157303 0.6273809523809524 0.8820224719101124 0.6773809523809524 0.7963483146067416
1 0.7333333333333333 0.6966292134831461 0.6845238095238095 0.7808988764044944 0.6523809523809524 0.7556179775280899 0.7011904761904761 0.6699438202247191
1 0.7642857142857142 0.672752808988764 0.7238095238095238 0.75 0.7547619047619047 0.7696629213483146 0.7964285714285714 0.699438202247191
1 0.719047619047619 0.7373595505617978 0.6714285714285714 0.8258426966292135 0.7071428571428572 0.851123595505618 0.7583333333333333 0.7654494382022472
1 0.8345238095238096 0.7345505617977528 0.7845238095238095 0.8188202247191011 0.7511904761904762 0.7921348314606742 0.8023809523809524 0.7036516853932584
1 0.7797619047619048 0.8258426966292135 0.7357142857142858 0.8960674157303371 0.7011904761904761 0.8764044943820225 0.7428571428571429 0.797752808988764
1 0.8666666666666667 0.7668539325842697 0.8261904761904761 0.8497191011235955 0.7904761904761904 0.8258426966292135 0.8333333333333334 0.7401685393258427
1 0.8690476190476191 0.7808988764044944 0.830952380952381 0.8735955056179775 0.8702380952380953 0.8946629213483146 0.9083333333333333 0.8047752808988764