1 0.3047619047619048 0.8117977528089888 0.36428571428571427 0.8441011235955056 0.37857142857142856 0.8160112359550562 0.3202380952380952 0.7752808988764045
1 0.2988095238095238 0.7598314606741573 0.35833333333333334 0.7907303370786517 0.37142857142857144 0.7640449438202247 0.31666666666666665 0.7345505617977528
1 0.31547619047619047 0.7162921348314607 0.36428571428571427 0.7443820224719101 0.38095238095238093 0.723314606741573 0.33095238095238094 0.6924157303370787
1 0.1261904761904762 0.23314606741573032 0.15119047619047618 0.24297752808988765 0.17261904761904762 0.2148876404494382 0.15 0.20084269662921347
1 0.15119047619047618 0.20084269662921347 0.17261904761904762 0.2148876404494382 0.1976190476190476 0.18679775280898878 0.1761904761904762 0.17134831460674158
2 0.3142857142857143 0.6165730337078652 0.2857142857142857 0.6783707865168539 0.4857142857142857 0.7668539325842697 0.5119047619047619 0.7064606741573034
2 0.555952380952381 0.33286516853932585 0.5392857142857143 0.37780898876404495 0.7047619047619048 0.43679775280898875 0.7226190476190476 0.38342696629213485
3 0.6821428571428572 0.2710674157303371 0.675 0.3103932584269663 0.775 0.33707865168539325 0.7857142857142857 0.2991573033707865
2 0.611904761904762 0.2991573033707865 0.6 0.34691011235955055 0.6928571428571428 0.37359550561797755 0.7071428571428572 0.33146067415730335
3 0.5285714285714286 0.3539325842696629 0.513095238095238 0.4058988764044944 0.6964285714285714 0.4691011235955056 0.7119047619047619 0.4143258426966292
3 0.525 0.4143258426966292 0.5059523809523809 0.45224719101123595 0.6178571428571429 0.5042134831460674 0.6369047619047619 0.4592696629213483
3 0.48928571428571427 0.4311797752808989 0.4642857142857143 0.476123595505618 0.638095238095238 0.5632022471910112 0.6595238095238095 0.5154494382022472
3 0.4452380952380952 0.4887640449438202 0.430952380952381 0.5112359550561798 0.5988095238095238 0.5969101123595506 0.611904761904762 0.5674157303370787
3 0.43452380952380953 0.5098314606741573 0.41785714285714287 0.547752808988764 0.5857142857142857 0.625 0.5976190476190476 0.5969101123595506
3 0.4142857142857143 0.5407303370786517 0.39285714285714285 0.5814606741573034 0.5726190476190476 0.6587078651685393 0.5892857142857143 0.6221910112359551
3 0.3821428571428571 0.5674157303370787 0.3619047619047619 0.6067415730337079 0.5476190476190477 0.6839887640449438 0.5619047619047619 0.6446629213483146
3 0.35714285714285715 0.6053370786516854 0.34285714285714286 0.6390449438202247 0.530952380952381 0.723314606741573 0.5416666666666666 0.6867977528089888
4 0.6476190476190476 0.24578651685393257 0.6404761904761904 0.273876404494382 0.6785714285714286 0.28792134831460675 0.6845238095238095 0.26264044943820225
4 0.7 0.24859550561797752 0.6892857142857143 0.2808988764044944 0.7380952380952381 0.3047752808988764 0.7476190476190476 0.26685393258426965
2 0.6607142857142857 0.1896067415730337 0.6511904761904762 0.2345505617977528 0.8083333333333333 0.2893258426966292 0.8154761904761905 0.23876404494382023
4 0.7 0.18117977528089887 0.6916666666666667 0.20646067415730338 0.7309523809523809 0.22331460674157302 0.736904761904762 0.1952247191011236
1 0.28095238095238095 0.42134831460674155 0.30833333333333335 0.4410112359550562 0.3333333333333333 0.3960674157303371 0.3119047619047619 0.3806179775280899
1 0.5976190476190476 0.24578651685393257 0.611904761904762 0.26825842696629215 0.6511904761904762 0.25140449438202245 0.6404761904761904 0.22752808988764045