1 0.5892857142857143 0.8314606741573034 0.5904761904761905 0.8609550561797753 0.6535714285714286 0.8567415730337079 0.65 0.8202247191011236
1 0.5916666666666667 0.8047752808988764 0.6523809523809524 0.8103932584269663 0.6571428571428571 0.7780898876404494 0.594047619047619 0.7710674157303371
1 0.5726190476190476 0.7752808988764045 0.6392857142857142 0.7682584269662921 0.6333333333333333 0.7331460674157303 0.5714285714285714 0.7401685393258427
1 0.5738095238095238 0.726123595505618 0.6297619047619047 0.7064606741573034 0.6154761904761905 0.6783707865168539 0.5642857142857143 0.6980337078651685
1 0.5916666666666667 0.6418539325842697 0.5964285714285714 0.6699438202247191 0.6571428571428571 0.6741573033707865 0.655952380952381 0.6348314606741573
1 0.5976190476190476 0.5969101123595506 0.5976190476190476 0.6292134831460674 0.6595238095238095 0.6334269662921348 0.6619047619047619 0.5997191011235955
1 0.6059523809523809 0.5646067415730337 0.6083333333333333 0.5884831460674157 0.6571428571428571 0.5884831460674157 0.6571428571428571 0.5603932584269663
1 0.5773809523809523 0.5688202247191011 0.6333333333333333 0.5646067415730337 0.6333333333333333 0.5351123595505618 0.5785714285714286 0.5407303370786517
1 0.6142857142857143 0.5491573033707865 0.6154761904761905 0.547752808988764 0.6678571428571428 0.5435393258426966 0.6642857142857143 0.5154494382022472 0.6095238095238096 0.5182584269662921
1 0.5773809523809523 0.5224719101123596 0.6357142857142857 0.5294943820224719 0.6392857142857142 0.49719101123595505 0.5785714285714286 0.4887640449438202
1 0.6142857142857143 0.4747191011235955 0.6166666666666667 0.5028089887640449 0.6654761904761904 0.5028089887640449 0.6666666666666666 0.46769662921348315
1 0.6214285714285714 0.4648876404494382 0.6773809523809524 0.46629213483146065 0.6761904761904762 0.4353932584269663 0.625 0.4339887640449438
1 0.6166666666666667 0.4101123595505618 0.6202380952380953 0.43820224719101125 0.6678571428571428 0.43679775280898875 0.6630952380952381 0.40730337078651685
1 0.5904761904761905 0.41151685393258425 0.6488095238095238 0.41151685393258425 0.6452380952380953 0.38202247191011235 0.5904761904761905 0.3792134831460674
1 0.6214285714285714 0.3651685393258427 0.6202380952380953 0.39325842696629215 0.6738095238095239 0.39185393258426965 0.669047619047619 0.3637640449438202
1 0.6083333333333333 0.34269662921348315 0.6059523809523809 0.375 0.6630952380952381 0.375 0.6630952380952381 0.3455056179775281
4 0.625 0.32162921348314605 0.6226190476190476 0.3455056179775281 0.669047619047619 0.3455056179775281 0.6678571428571428 0.32162921348314605
1 0.611904761904762 0.3188202247191011 0.6595238095238095 0.32162921348314605 0.6630952380952381 0.29634831460674155 0.6154761904761905 0.2949438202247191
1 0.5976190476190476 0.30758426966292135 0.655952380952381 0.2991573033707865 0.6440476190476191 0.2710674157303371 0.594047619047619 0.2851123595505618
1 0.6166666666666667 0.24719101123595505 0.6142857142857143 0.27247191011235955 0.655952380952381 0.273876404494382 0.6535714285714286 0.24719101123595505
1 0.6202380952380953 0.22612359550561797 0.6214285714285714 0.2542134831460674 0.675 0.25140449438202245 0.6702380952380952 0.22612359550561797
1 0.669047619047619 0.21207865168539325 0.6678571428571428 0.23876404494382023 0.7202380952380952 0.23595505617977527 0.7178571428571429 0.21067415730337077
1 0.736904761904762 0.2303370786516854 0.7880952380952381 0.23314606741573032 0.7845238095238095 0.20786516853932585 0.7392857142857143 0.20786516853932585
1 0.8023809523809524 0.2345505617977528 0.85 0.2303370786516854 0.8428571428571429 0.20224719101123595 0.8 0.20926966292134833
1 0.8726190476190476 0.18398876404494383 0.8976190476190476 0.1446629213483146 0.875 0.13202247191011235 0.8535714285714285 0.16713483146067415
1 0.8214285714285714 0.1853932584269663 0.8583333333333333 0.15589887640449437 0.8416666666666667 0.13904494382022473 0.8107142857142857 0.16432584269662923
1 0.7976190476190477 0.18398876404494383 0.8261904761904761 0.1544943820224719 0.805952380952381 0.13904494382022473 0.7785714285714286 0.16432584269662923
1 0.6952380952380952 0.17275280898876405 0.7309523809523809 0.1544943820224719 0.719047619047619 0.12921348314606743 0.6845238095238095 0.1502808988764045
1 0.6952380952380952 0.19803370786516855 0.7416666666666667 0.199438202247191 0.7404761904761905 0.17134831460674158 0.6928571428571428 0.16853932584269662
1 0.6464285714285715 0.19803370786516855 0.6916666666666667 0.19662921348314608 0.6928571428571428 0.16713483146067415 0.6476190476190476 0.1699438202247191
1 0.5916666666666667 0.20224719101123595 0.6392857142857142 0.20224719101123595 0.6392857142857142 0.175561797752809 0.5916666666666667 0.175561797752809
1 0.6083333333333333 0.23314606741573032 0.6595238095238095 0.23174157303370788 0.6571428571428571 0.20646067415730338 0.6059523809523809 0.20786516853932585
1 0.6023809523809524 0.12780898876404495 0.5964285714285714 0.16853932584269662 0.6166666666666667 0.1699438202247191 0.6226190476190476 0.13342696629213482
1 0.5166666666666667 0.5365168539325843 0.5488095238095239 0.5393258426966292 0.5511904761904762 0.48174157303370785 0.5202380952380953 0.4803370786516854
1 0.21666666666666667 0.8061797752808989 0.27380952380952384 0.8047752808988764 0.27380952380952384 0.7654494382022472 0.21785714285714286 0.7654494382022472
1 0.23452380952380952 0.726123595505618 0.2226190476190476 0.7640449438202247 0.2845238095238095 0.7780898876404494 0.29404761904761906 0.7485955056179775
1 0.319047619047619 0.6769662921348315 0.305952380952381 0.7443820224719101 0.33690476190476193 0.7485955056179775 0.3488095238095238 0.6811797752808989
1 0.2488095238095238 0.6966292134831461 0.24404761904761904 0.7401685393258427 0.3047619047619048 0.7443820224719101 0.305952380952381 0.7050561797752809
1 0.2571428571428571 0.6825842696629213 0.3130952380952381 0.6825842696629213 0.31785714285714284 0.6446629213483146 0.25833333333333336 0.648876404494382
1 0.26904761904761904 0.6123595505617978 0.2642857142857143 0.6418539325842697 0.319047619047619 0.648876404494382 0.32261904761904764 0.6193820224719101
1 0.2714285714285714 0.5926966292134831 0.26785714285714285 0.6193820224719101 0.3261904761904762 0.6207865168539326 0.32976190476190476 0.5884831460674157
1 0.30952380952380953 0.598314606741573 0.30952380952380953 0.5997191011235955 0.3630952380952381 0.5730337078651685 0.3535714285714286 0.550561797752809 0.2976190476190476 0.5758426966292135
1 0.2845238095238095 0.5519662921348315 0.29404761904761906 0.577247191011236 0.3357142857142857 0.5603932584269663 0.3238095238095238 0.5323033707865169
1 0.29523809523809524 0.5379213483146067 0.34285714285714286 0.5182584269662921 0.3333333333333333 0.4943820224719101 0.28809523809523807 0.5140449438202247
1 0.34404761904761905 0.49719101123595505 0.38095238095238093 0.4901685393258427 0.37857142857142856 0.46769662921348315 0.3404761904761905 0.476123595505618
1 0.29642857142857143 0.4747191011235955 0.3392857142857143 0.48174157303370785 0.34523809523809523 0.4550561797752809 0.3011904761904762 0.44803370786516855
1 0.3333333333333333 0.45224719101123595 0.3678571428571429 0.42696629213483145 0.35119047619047616 0.4044943820224719 0.31666666666666665 0.4311797752808989
1 0.3607142857142857 0.4058988764044944 0.3964285714285714 0.3848314606741573 0.3904761904761905 0.3651685393258427 0.3488095238095238 0.38342696629213485
1 0.37976190476190474 0.33286516853932585 0.4142857142857143 0.33286516853932585 0.41785714285714287 0.3089887640449438 0.37976190476190474 0.3089887640449438
1 0.319047619047619 0.35814606741573035 0.36904761904761907 0.3637640449438202 0.37142857142857144 0.3356741573033708 0.32142857142857145 0.33146067415730335
1 0.32976190476190476 0.3188202247191011 0.3773809523809524 0.31741573033707865 0.3773809523809524 0.2893258426966292 0.3261904761904762 0.2907303370786517
1 0.33095238095238094 0.2654494382022472 0.32857142857142857 0.2907303370786517 0.38333333333333336 0.29775280898876405 0.3869047619047619 0.27247191011235955
1 0.3535714285714286 0.24157303370786518 0.3416666666666667 0.2654494382022472 0.38571428571428573 0.28230337078651685 0.39880952380952384 0.2556179775280899
1 0.3869047619047619 0.2205056179775281 0.3761904761904762 0.24578651685393257 0.4107142857142857 0.25702247191011235 0.41904761904761906 0.2303370786516854
1 0.3464285714285714 0.23314606741573032 0.3964285714285714 0.2303370786516854 0.39285714285714285 0.20365168539325842 0.34523809523809523 0.20926966292134833
1 0.35 0.18820224719101122 0.3535714285714286 0.21348314606741572 0.3976190476190476 0.20926966292134833 0.39166666666666666 0.18117977528089887
1 0.4011904761904762 0.199438202247191 0.4380952380952381 0.17837078651685392 0.425 0.15730337078651685 0.3869047619047619 0.18117977528089887
1 0.375 0.15870786516853932 0.38452380952380955 0.1797752808988764 0.42023809523809524 0.16573033707865167 0.4107142857142857 0.1404494382022472