1 0.2130952380952381 0.8553370786516854 0.30238095238095236 0.7865168539325843 0.33095238095238094 0.8286516853932584 0.24047619047619048 0.9002808988764045
3 0.21785714285714286 0.8061797752808989 0.33095238095238094 0.7415730337078652 0.30238095238095236 0.6839887640449438 0.1976190476190476 0.7570224719101124
1 0.27380952380952384 0.6699438202247191 0.3142857142857143 0.6657303370786517 0.31666666666666665 0.5575842696629213 0.2702380952380952 0.5589887640449438
1 0.27976190476190477 0.5393258426966292 0.3202380952380952 0.5365168539325843 0.31785714285714284 0.41713483146067415 0.2773809523809524 0.41713483146067415
1 0.275 0.4058988764044944 0.3119047619047619 0.4002808988764045 0.3130952380952381 0.2907303370786517 0.27380952380952384 0.2893258426966292
1 0.27380952380952384 0.27668539325842695 0.3142857142857143 0.27247191011235955 0.31547619047619047 0.16151685393258428 0.275 0.15870786516853932
1 0.7428571428571429 0.20084269662921347 0.8202380952380952 0.125 0.8488095238095238 0.16573033707865167 0.7714285714285715 0.2401685393258427
1 0.7595238095238095 0.2752808988764045 0.8166666666666667 0.2050561797752809 0.8476190476190476 0.24157303370786518 0.7904761904761904 0.3089887640449438
1 0.7535714285714286 0.3693820224719101 0.8226190476190476 0.2893258426966292 0.8535714285714285 0.31320224719101125 0.7845238095238095 0.4002808988764045
1 0.7452380952380953 0.45365168539325845 0.8261904761904761 0.3890449438202247 0.8547619047619047 0.4339887640449438 0.7654761904761904 0.49297752808988765
1 0.7654761904761904 0.5294943820224719 0.8392857142857143 0.4452247191011236 0.8642857142857143 0.47191011235955055 0.7976190476190477 0.5632022471910112
1 0.7785714285714286 0.6067415730337079 0.8416666666666667 0.5196629213483146 0.875 0.5519662921348315 0.8107142857142857 0.6432584269662921
4 0.8035714285714286 0.6924157303370787 0.85 0.6123595505617978 0.8821428571428571 0.6446629213483146 0.8380952380952381 0.7176966292134831
1 0.7928571428571428 0.8384831460674157 0.8583333333333333 0.7471910112359551 0.8916666666666667 0.7851123595505618 0.8285714285714286 0.8735955056179775