1 0.12261904761904761 0.14747191011235955 0.20714285714285716 0.1544943820224719 0.20476190476190476 0.19382022471910113 0.11904761904761904 0.18258426966292135
1 0.225 0.12780898876404495 0.29404761904761906 0.1502808988764045 0.28214285714285714 0.18679775280898878 0.2119047619047619 0.1502808988764045
1 0.2154761904761905 0.22612359550561797 0.2976190476190476 0.2345505617977528 0.2976190476190476 0.273876404494382 0.21666666666666667 0.26685393258426965
1 0.12023809523809524 0.273876404494382 0.19404761904761905 0.27668539325842695 0.18928571428571428 0.32162921348314605 0.12023809523809524 0.3202247191011236
1 0.42142857142857143 0.13623595505617977 0.4297619047619048 0.21910112359550563 0.4642857142857143 0.21207865168539325 0.45476190476190476 0.13202247191011235
1 0.35595238095238096 0.3089887640449438 0.4083333333333333 0.36657303370786515 0.38452380952380955 0.3890449438202247 0.3380952380952381 0.32865168539325845
1 0.2392857142857143 0.30196629213483145 0.305952380952381 0.34129213483146065 0.28809523809523807 0.36797752808988765 0.22023809523809523 0.33146067415730335
1 0.12976190476190477 0.3806179775280899 0.19523809523809524 0.324438202247191 0.20952380952380953 0.34691011235955055 0.1523809523809524 0.4044943820224719
1 0.17142857142857143 0.43679775280898875 0.20833333333333334 0.36235955056179775 0.23333333333333334 0.37359550561797755 0.1988095238095238 0.4550561797752809
1 0.2761904761904762 0.375 0.305952380952381 0.375 0.30714285714285716 0.46348314606741575 0.2761904761904762 0.4606741573033708
1 0.31547619047619047 0.37780898876404495 0.35 0.37640449438202245 0.35119047619047616 0.46629213483146065 0.31666666666666665 0.4648876404494382
1 0.2226190476190476 0.5210674157303371 0.29285714285714287 0.4691011235955056 0.31666666666666665 0.5056179775280899 0.24166666666666667 0.5533707865168539
1 0.25 0.5758426966292135 0.32261904761904764 0.5210674157303371 0.33690476190476193 0.5519662921348315 0.2654761904761905 0.6025280898876404
1 0.2011904761904762 0.6853932584269663 0.19642857142857142 0.7949438202247191 0.24285714285714285 0.7949438202247191 0.23809523809523808 0.6839887640449438
1 0.26904761904761904 0.6264044943820225 0.2642857142857143 0.7387640449438202 0.3011904761904762 0.7359550561797753 0.2988095238095238 0.6278089887640449
1 0.319047619047619 0.5758426966292135 0.3202380952380952 0.6685393258426966 0.3523809523809524 0.6685393258426966 0.35 0.5758426966292135
1 0.375 0.5969101123595506 0.375 0.702247191011236 0.4119047619047619 0.7064606741573034 0.4142857142857143 0.5941011235955056
1 0.4869047619047619 0.7598314606741573 0.5619047619047619 0.800561797752809 0.5428571428571428 0.8398876404494382 0.47023809523809523 0.797752808988764
1 0.48214285714285715 0.5056179775280899 0.4928571428571429 0.6025280898876404 0.525 0.598314606741573 0.5178571428571429 0.5056179775280899
1 0.5154761904761904 0.6558988764044944 0.5178571428571429 0.7668539325842697 0.555952380952381 0.7682584269662921 0.5523809523809524 0.6573033707865169
1 0.6785714285714286 0.18820224719101122 0.7214285714285714 0.125 0.7452380952380953 0.15168539325842698 0.705952380952381 0.21067415730337077
1 0.5059523809523809 0.17134831460674158 0.5047619047619047 0.11657303370786516 0.5345238095238095 0.11376404494382023 0.5369047619047619 0.16853932584269662
1 0.5892857142857143 0.18679775280898878 0.6738095238095239 0.199438202247191 0.669047619047619 0.2401685393258427 0.5845238095238096 0.22752808988764045
1 0.7440476190476191 0.16432584269662923 0.8178571428571428 0.16573033707865167 0.8154761904761905 0.199438202247191 0.7452380952380953 0.20224719101123595
1 0.6607142857142857 0.2851123595505618 0.7416666666666667 0.2851123595505618 0.7428571428571429 0.3188202247191011 0.6607142857142857 0.3202247191011236
1 0.7714285714285715 0.28651685393258425 0.8535714285714285 0.2808988764044944 0.8547619047619047 0.3160112359550562 0.7702380952380953 0.3188202247191011
1 0.5630952380952381 0.28230337078651685 0.6511904761904762 0.28792134831460675 0.6464285714285715 0.32724719101123595 0.5583333333333333 0.32303370786516855
1 0.5202380952380953 0.3553370786516854 0.5523809523809524 0.35814606741573035 0.5511904761904762 0.43679775280898875 0.5238095238095238 0.43258426966292135
1 0.5678571428571428 0.3342696629213483 0.5654761904761905 0.40870786516853935 0.5952380952380952 0.40870786516853935 0.6011904761904762 0.33707865168539325
1 0.6226190476190476 0.4157303370786517 0.6738095238095239 0.35674157303370785 0.6964285714285714 0.3792134831460674 0.6428571428571429 0.4396067415730337
1 0.6571428571428571 0.4311797752808989 0.7142857142857143 0.3862359550561798 0.7345238095238096 0.4101123595505618 0.6773809523809524 0.4550561797752809
1 0.5190476190476191 0.45786516853932585 0.5880952380952381 0.41292134831460675 0.6059523809523809 0.44241573033707865 0.5333333333333333 0.48314606741573035
1 0.5452380952380952 0.4901685393258427 0.6190476190476191 0.44803370786516855 0.6345238095238095 0.4747191011235955 0.5642857142857143 0.5168539325842697
1 0.5416666666666666 0.5589887640449438 0.5678571428571428 0.5491573033707865 0.6 0.6334269662921348 0.575 0.6474719101123596
1 0.5738095238095238 0.6558988764044944 0.6095238095238096 0.6573033707865169 0.6059523809523809 0.7570224719101124 0.5726190476190476 0.7542134831460674
1 0.6488095238095238 0.6924157303370787 0.6261904761904762 0.7963483146067416 0.6642857142857143 0.8033707865168539 0.680952380952381 0.7036516853932584
1 0.7559523809523809 0.7710674157303371 0.8607142857142858 0.7654494382022472 0.8607142857142858 0.8033707865168539 0.7559523809523809 0.8061797752808989
1 0.8178571428571428 0.6853932584269663 0.8952380952380953 0.7317415730337079 0.8785714285714286 0.7682584269662921 0.7988095238095239 0.7162921348314607
1 0.8630952380952381 0.6544943820224719 0.9142857142857143 0.6882022471910112 0.8892857142857142 0.7162921348314607 0.8464285714285714 0.6741573033707865
1 0.8416666666666667 0.15308988764044945 0.9011904761904762 0.15308988764044945 0.9 0.20224719101123595 0.8404761904761905 0.199438202247191