1 0.5738095238095238 0.5800561797752809 0.5178571428571429 0.6629213483146067 0.5476190476190477 0.6952247191011236 0.6011904761904762 0.6095505617977528
1 0.6166666666666667 0.6193820224719101 0.5630952380952381 0.7036516853932584 0.5892857142857143 0.7275280898876404 0.6416666666666667 0.6432584269662921
1 0.6607142857142857 0.651685393258427 0.6011904761904762 0.7401685393258427 0.6309523809523809 0.7696629213483146 0.6869047619047619 0.6811797752808989
1 0.7011904761904761 0.6867977528089888 0.6488095238095238 0.7794943820224719 0.6785714285714286 0.8103932584269663 0.7380952380952381 0.7162921348314607
1 0.7464285714285714 0.7289325842696629 0.6857142857142857 0.8146067415730337 0.7166666666666667 0.8455056179775281 0.7773809523809524 0.7584269662921348
1 0.7869047619047619 0.7654494382022472 0.7345238095238096 0.851123595505618 0.7666666666666667 0.8820224719101124 0.8178571428571428 0.7907303370786517
1 0.8869047619047619 0.5856741573033708 0.8345238095238096 0.675561797752809 0.8738095238095238 0.7036516853932584 0.9202380952380952 0.6109550561797753
1 0.85 0.5252808988764045 0.794047619047619 0.6109550561797753 0.8273809523809523 0.6390449438202247 0.8809523809523809 0.5533707865168539
1 0.8107142857142857 0.5028089887640449 0.7452380952380953 0.5856741573033708 0.7773809523809524 0.6179775280898876 0.8404761904761905 0.5323033707865169
1 0.7738095238095238 0.45224719101123595 0.7214285714285714 0.5337078651685393 0.7511904761904762 0.5603932584269663 0.8011904761904762 0.4789325842696629
1 0.7273809523809524 0.41853932584269665 0.675 0.5014044943820225 0.7011904761904761 0.5294943820224719 0.7583333333333333 0.44662921348314605
1 0.6726190476190477 0.3539325842696629 0.5988095238095238 0.4297752808988764 0.6226190476190476 0.4648876404494382 0.6952380952380952 0.38764044943820225
1 0.6178571428571429 0.3047752808988764 0.55 0.37359550561797755 0.5726190476190476 0.40730337078651685 0.6488095238095238 0.33707865168539325
1 0.7773809523809524 0.28370786516853935 0.7595238095238095 0.3960674157303371 0.7988095238095239 0.4044943820224719 0.8071428571428572 0.29353932584269665
1 0.5071428571428571 0.1952247191011236 0.4142857142857143 0.23735955056179775 0.430952380952381 0.28370786516853935 0.5238095238095238 0.23735955056179775
1 0.7535714285714286 0.25280898876404495 0.6821428571428572 0.33146067415730335 0.7107142857142857 0.36235955056179775 0.7773809523809524 0.28370786516853935
1 0.719047619047619 0.22331460674157302 0.6488095238095238 0.2851123595505618 0.675 0.3160112359550562 0.7404761904761905 0.2542134831460674
4 0.41309523809523807 0.14185393258426968 0.3595238095238095 0.20926966292134833 0.38452380952380955 0.2303370786516854 0.43333333333333335 0.16713483146067415
1 0.37142857142857144 0.10112359550561797 0.3238095238095238 0.16853932584269662 0.35119047619047616 0.1952247191011236 0.4035714285714286 0.125
1 0.20595238095238094 0.22612359550561797 0.2726190476190476 0.2991573033707865 0.2988095238095238 0.26825842696629215 0.2357142857142857 0.19382022471910113
1 0.125 0.13623595505617977 0.19047619047619047 0.20224719101123595 0.2130952380952381 0.17415730337078653 0.1523809523809524 0.11095505617977527
1 0.844047619047619 0.23876404494382023 0.8666666666666667 0.32724719101123595 0.905952380952381 0.31741573033707865 0.8845238095238095 0.22331460674157302