1 0.680952380952381 0.6081460674157303 0.6416666666666667 0.6292134831460674 0.6904761904761905 0.7401685393258427 0.7357142857142858 0.7191011235955056
1 0.6261904761904762 0.49719101123595505 0.5833333333333334 0.5210674157303371 0.6321428571428571 0.625 0.675 0.6039325842696629
1 0.5797619047619048 0.39747191011235955 0.5369047619047619 0.42134831460674155 0.5833333333333334 0.5140449438202247 0.6238095238095238 0.49297752808988765
1 0.5357142857142857 0.300561797752809 0.4928571428571429 0.324438202247191 0.5333333333333333 0.41292134831460675 0.5797619047619048 0.39185393258426965
1 0.5845238095238096 0.27808988764044945 0.5416666666666666 0.30196629213483145 0.5821428571428572 0.3904494382022472 0.6285714285714286 0.3693820224719101
1 0.6357142857142857 0.2640449438202247 0.5928571428571429 0.28792134831460675 0.6333333333333333 0.37640449438202245 0.6797619047619048 0.3553370786516854
1 0.6845238095238095 0.2345505617977528 0.6416666666666667 0.25842696629213485 0.6821428571428572 0.34691011235955055 0.7285714285714285 0.3258426966292135
1 0.6214285714285714 0.37780898876404495 0.5845238095238096 0.39747191011235955 0.6297619047619047 0.4901685393258427 0.669047619047619 0.4705056179775281
1 0.680952380952381 0.3651685393258427 0.6440476190476191 0.3848314606741573 0.6952380952380952 0.48735955056179775 0.7333333333333333 0.46629213483146065
1 0.7297619047619047 0.33146067415730335 0.6928571428571428 0.351123595505618 0.7452380952380953 0.4508426966292135 0.7821428571428571 0.4311797752808989
1 0.7880952380952381 0.43258426966292135 0.7428571428571429 0.4550561797752809 0.794047619047619 0.5533707865168539 0.8369047619047619 0.5294943820224719
1 0.7380952380952381 0.4691011235955056 0.6928571428571428 0.49157303370786515 0.7488095238095238 0.5955056179775281 0.7904761904761904 0.5674157303370787
1 0.6738095238095239 0.4747191011235955 0.6285714285714286 0.49719101123595505 0.6833333333333333 0.598314606741573 0.7261904761904762 0.5730337078651685
1 0.5773809523809523 0.5308988764044944 0.5321428571428571 0.5533707865168539 0.5869047619047619 0.6587078651685393 0.6273809523809524 0.6348314606741573
1 0.5226190476190476 0.42837078651685395 0.4845238095238095 0.449438202247191 0.5345238095238095 0.5491573033707865 0.5738095238095238 0.5252808988764045
1 0.4785714285714286 0.32724719101123595 0.44047619047619047 0.34831460674157305 0.48333333333333334 0.4396067415730337 0.5238095238095238 0.42275280898876405
1 0.625 0.6404494382022472 0.5869047619047619 0.6615168539325843 0.6357142857142857 0.7794943820224719 0.680952380952381 0.7598314606741573
1 0.794047619047619 0.5828651685393258 0.75 0.601123595505618 0.8071428571428572 0.7134831460674157 0.85 0.6910112359550562
1 0.8428571428571429 0.5365168539325843 0.7988095238095239 0.5547752808988764 0.8559523809523809 0.6671348314606742 0.8988095238095238 0.6446629213483146
1 0.8559523809523809 0.6980337078651685 0.8119047619047619 0.7148876404494382 0.8535714285714285 0.8384831460674157 0.9035714285714286 0.8230337078651685
1 0.7345238095238096 0.7359550561797753 0.6904761904761905 0.7542134831460674 0.7345238095238096 0.8693820224719101 0.7845238095238095 0.8539325842696629
1 0.6821428571428572 0.7696629213483146 0.638095238095238 0.7879213483146067 0.6821428571428572 0.9030898876404494 0.7321428571428571 0.8876404494382022
1 0.5166666666666667 0.6825842696629213 0.4726190476190476 0.7008426966292135 0.5166666666666667 0.8089887640449438 0.555952380952381 0.7907303370786517
1 0.46904761904761905 0.5702247191011236 0.425 0.5884831460674157 0.46904761904761905 0.6966292134831461 0.5083333333333333 0.6783707865168539
1 0.4226190476190476 0.4648876404494382 0.37857142857142856 0.48314606741573035 0.4238095238095238 0.5842696629213483 0.4607142857142857 0.5646067415730337
1 0.42738095238095236 0.34269662921348315 0.39166666666666666 0.35814606741573035 0.430952380952381 0.4606741573033708 0.4666666666666667 0.4410112359550562
1 0.37857142857142856 0.36797752808988765 0.34285714285714286 0.38342696629213485 0.38333333333333336 0.4803370786516854 0.41785714285714287 0.46348314606741575
1 0.3273809523809524 0.3960674157303371 0.2916666666666667 0.41151685393258425 0.33095238095238094 0.5084269662921348 0.36666666666666664 0.49157303370786515
1 0.3738095238095238 0.4957865168539326 0.33095238095238094 0.5098314606741573 0.36904761904761907 0.6151685393258427 0.41309523809523807 0.5997191011235955
1 0.4107142857142857 0.5955056179775281 0.3678571428571429 0.6179775280898876 0.4166666666666667 0.7331460674157303 0.45357142857142857 0.7092696629213483
1 0.4595238095238095 0.7134831460674157 0.4166666666666667 0.7359550561797753 0.4642857142857143 0.848314606741573 0.5023809523809524 0.827247191011236
1 0.3952380952380952 0.7331460674157303 0.3523809523809524 0.7556179775280899 0.4 0.8679775280898876 0.44642857142857145 0.8497191011235955
1 0.3547619047619048 0.6179775280898876 0.3119047619047619 0.6404494382022472 0.35714285714285715 0.7556179775280899 0.4 0.7331460674157303
1 0.3107142857142857 0.5140449438202247 0.26785714285714285 0.5365168539325843 0.3130952380952381 0.6390449438202247 0.3535714285714286 0.6193820224719101
1 0.2785714285714286 0.4143258426966292 0.23809523809523808 0.43258426966292135 0.2773809523809524 0.5337078651685393 0.31785714285714284 0.5182584269662921
1 0.225 0.4508426966292135 0.19166666666666668 0.46207865168539325 0.21785714285714286 0.5379213483146067 0.25357142857142856 0.5196629213483146
1 0.25476190476190474 0.5379213483146067 0.225 0.5575842696629213 0.2488095238095238 0.6306179775280899 0.2845238095238095 0.6109550561797753
1 0.2833333333333333 0.6165730337078652 0.25357142857142856 0.6362359550561798 0.28095238095238095 0.7134831460674157 0.3142857142857143 0.6938202247191011
1 0.31785714285714284 0.6952247191011236 0.27976190476190477 0.7205056179775281 0.3238095238095238 0.8328651685393258 0.3607142857142857 0.8103932584269663
1 0.24404761904761904 0.6615168539325843 0.2011904761904762 0.6825842696629213 0.24166666666666667 0.7991573033707865 0.2845238095238095 0.7808988764044944
1 0.20595238095238094 0.5547752808988764 0.1630952380952381 0.5758426966292135 0.20595238095238094 0.6783707865168539 0.24166666666666667 0.6587078651685393
1 0.17142857142857143 0.4550561797752809 0.13452380952380952 0.4705056179775281 0.16547619047619047 0.574438202247191 0.20595238095238094 0.5547752808988764
1 0.16547619047619047 0.5926966292134831 0.12261904761904761 0.6095505617977528 0.15595238095238095 0.7247191011235955 0.20238095238095238 0.7050561797752809
1 0.20714285714285716 0.7120786516853933 0.16428571428571428 0.7289325842696629 0.1988095238095238 0.851123595505618 0.24761904761904763 0.827247191011236
1 0.28809523809523807 0.7794943820224719 0.24523809523809523 0.800561797752809 0.2857142857142857 0.9171348314606742 0.32857142857142857 0.898876404494382
1 0.7857142857142857 0.19662921348314608 0.6988095238095238 0.24297752808988765 0.7178571428571429 0.27668539325842695 0.8071428571428572 0.22752808988764045
1 0.8095238095238095 0.23314606741573032 0.7154761904761905 0.2851123595505618 0.7345238095238096 0.3188202247191011 0.8273809523809523 0.26825842696629215
1 0.8392857142857143 0.27668539325842695 0.7440476190476191 0.33146067415730335 0.763095238095238 0.3651685393258427 0.8583333333333333 0.31179775280898875
1 0.8630952380952381 0.3188202247191011 0.7642857142857142 0.3806179775280899 0.7833333333333333 0.4143258426966292 0.8845238095238095 0.35814606741573035
1 0.8952380952380953 0.3637640449438202 0.7964285714285714 0.4199438202247191 0.8154761904761905 0.4592696629213483 0.9166666666666666 0.40308988764044945