4 0.7285714285714285 0.5126404494382022 0.763095238095238 0.5463483146067416 0.780952380952381 0.5224719101123596 0.7428571428571429 0.4859550561797753
1 0.3619047619047619 0.776685393258427 0.35833333333333334 0.8412921348314607 0.3821428571428571 0.8412921348314607 0.3821428571428571 0.776685393258427
1 0.4154761904761905 0.7303370786516854 0.4095238095238095 0.7879213483146067 0.43452380952380953 0.7879213483146067 0.44047619047619047 0.7317415730337079
1 0.35833333333333334 0.7036516853932584 0.3547619047619048 0.7612359550561798 0.38095238095238093 0.7598314606741573 0.38452380952380955 0.7064606741573034
1 0.4714285714285714 0.7078651685393258 0.4714285714285714 0.7570224719101124 0.49523809523809526 0.7570224719101124 0.49523809523809526 0.7064606741573034
1 0.47619047619047616 0.7640449438202247 0.4726190476190476 0.8202247191011236 0.4928571428571429 0.8174157303370787 0.49523809523809526 0.7612359550561798
1 0.36666666666666664 0.648876404494382 0.3619047619047619 0.6952247191011236 0.38571428571428573 0.6952247191011236 0.3869047619047619 0.6530898876404494
1 0.47619047619047616 0.6432584269662921 0.47619047619047616 0.6938202247191011 0.5 0.6924157303370787 0.5 0.6404494382022472
1 0.4738095238095238 0.5856741573033708 0.4738095238095238 0.6362359550561798 0.49642857142857144 0.6362359550561798 0.4976190476190476 0.5828651685393258
1 0.36904761904761907 0.5786516853932584 0.3678571428571429 0.6292134831460674 0.3904761904761905 0.6334269662921348 0.39404761904761904 0.5800561797752809
1 0.375 0.5224719101123596 0.3726190476190476 0.5660112359550562 0.39285714285714285 0.5702247191011236 0.3976190476190476 0.5280898876404494
1 0.475 0.5379213483146067 0.47619047619047616 0.5786516853932584 0.49642857142857144 0.5814606741573034 0.49404761904761907 0.5365168539325843
1 0.7988095238095239 0.6671348314606742 0.7678571428571429 0.7134831460674157 0.7892857142857143 0.7247191011235955 0.8178571428571428 0.6797752808988764
1 0.8083333333333333 0.7289325842696629 0.7702380952380953 0.7724719101123596 0.7928571428571428 0.7921348314606742 0.825 0.7514044943820225
1 0.7023809523809523 0.7134831460674157 0.705952380952381 0.7668539325842697 0.7261904761904762 0.7682584269662921 0.7238095238095238 0.7106741573033708
1 0.4785714285714286 0.46769662921348315 0.4785714285714286 0.5112359550561798 0.5011904761904762 0.5098314606741573 0.4988095238095238 0.4648876404494382
1 0.4773809523809524 0.40730337078651685 0.4785714285714286 0.4592696629213483 0.49523809523809526 0.4550561797752809 0.49523809523809526 0.40308988764044945
1 0.38571428571428573 0.4058988764044944 0.37976190476190474 0.45646067415730335 0.40595238095238095 0.45786516853932585 0.4095238095238095 0.40730337078651685
1 0.3738095238095238 0.45786516853932585 0.3726190476190476 0.5056179775280899 0.39404761904761904 0.5098314606741573 0.3976190476190476 0.46207865168539325
1 0.3880952380952381 0.3398876404494382 0.38095238095238093 0.38764044943820225 0.4023809523809524 0.38764044943820225 0.4083333333333333 0.34129213483146065
1 0.6904761904761905 0.6544943820224719 0.7011904761904761 0.6797752808988764 0.7440476190476191 0.6629213483146067 0.7333333333333333 0.6376404494382022
1 0.6845238095238095 0.6235955056179775 0.6857142857142857 0.6460674157303371 0.7404761904761905 0.6446629213483146 0.7404761904761905 0.6179775280898876
1 0.6821428571428572 0.5955056179775281 0.6857142857142857 0.6207865168539326 0.7404761904761905 0.6137640449438202 0.7380952380952381 0.5870786516853933
1 0.6880952380952381 0.5603932584269663 0.6869047619047619 0.5856741573033708 0.7392857142857143 0.5912921348314607 0.7440476190476191 0.5674157303370787
1 0.4797619047619048 0.351123595505618 0.4773809523809524 0.3946629213483146 0.4976190476190476 0.3946629213483146 0.5 0.3539325842696629
1 0.7273809523809524 0.4452247191011236 0.75 0.4789325842696629 0.7654761904761904 0.46207865168539325 0.7440476190476191 0.43258426966292135
1 0.7261904761904762 0.42275280898876405 0.7607142857142857 0.4550561797752809 0.7761904761904762 0.43820224719101125 0.7440476190476191 0.4058988764044944
1 0.725 0.39185393258426965 0.7571428571428571 0.40870786516853935 0.7642857142857142 0.3904494382022472 0.7380952380952381 0.37359550561797755
1 0.7273809523809524 0.35814606741573035 0.7535714285714286 0.37640449438202245 0.7654761904761904 0.3637640449438202 0.736904761904762 0.34269662921348315
1 0.7178571428571429 0.31320224719101125 0.7404761904761905 0.3441011235955056 0.7571428571428571 0.3356741573033708 0.7357142857142858 0.29775280898876405
1 0.7023809523809523 0.21067415730337077 0.7226190476190476 0.23314606741573032 0.7392857142857143 0.21910112359550563 0.7130952380952381 0.19382022471910113
1 0.7035714285714286 0.1853932584269663 0.7285714285714285 0.20786516853932585 0.7404761904761905 0.19382022471910113 0.7142857142857143 0.17275280898876405
1 0.7964285714285714 0.2752808988764045 0.8083333333333333 0.28792134831460675 0.8428571428571429 0.26825842696629215 0.8297619047619048 0.2542134831460674
1 0.48095238095238096 0.12640449438202248 0.48333333333333334 0.16292134831460675 0.5023809523809524 0.16292134831460675 0.5 0.125
1 0.4845238095238095 0.16292134831460675 0.4857142857142857 0.20224719101123595 0.5035714285714286 0.20224719101123595 0.5023809523809524 0.16713483146067415
1 0.48333333333333334 0.2050561797752809 0.48333333333333334 0.2401685393258427 0.5011904761904762 0.2401685393258427 0.5011904761904762 0.20224719101123595
1 0.48333333333333334 0.2443820224719101 0.48214285714285715 0.273876404494382 0.4988095238095238 0.2752808988764045 0.5011904761904762 0.24157303370786518
1 0.4845238095238095 0.2808988764044944 0.48214285714285715 0.3202247191011236 0.5035714285714286 0.3202247191011236 0.4988095238095238 0.2794943820224719
1 0.39166666666666666 0.25280898876404495 0.3904761904761905 0.29213483146067415 0.40714285714285714 0.28792134831460675 0.4095238095238095 0.2542134831460674
1 0.39285714285714285 0.2050561797752809 0.3892857142857143 0.24719101123595505 0.41309523809523807 0.24859550561797752 0.4119047619047619 0.2050561797752809