1 0.14761904761904762 0.14887640449438203 0.15119047619047618 0.18117977528089887 0.16785714285714284 0.1797752808988764 0.1630952380952381 0.14887640449438203
1 0.1761904761904762 0.1544943820224719 0.17023809523809524 0.18820224719101122 0.1880952380952381 0.18679775280898878 0.19166666666666668 0.1544943820224719
1 0.2119047619047619 0.22331460674157302 0.21428571428571427 0.2443820224719101 0.2571428571428571 0.23876404494382023 0.25357142857142856 0.21769662921348315
1 0.20952380952380953 0.24578651685393257 0.20833333333333334 0.26825842696629215 0.2523809523809524 0.2654494382022472 0.2511904761904762 0.24297752808988765
1 0.24404761904761904 0.2612359550561798 0.24523809523809523 0.28230337078651685 0.21071428571428572 0.28792134831460675 0.20833333333333334 0.26685393258426965
1 0.20833333333333334 0.28370786516853935 0.20595238095238094 0.3061797752808989 0.2488095238095238 0.30337078651685395 0.2511904761904762 0.2851123595505618
1 0.20952380952380953 0.3061797752808989 0.20952380952380953 0.3258426966292135 0.2511904761904762 0.3202247191011236 0.2511904761904762 0.30337078651685395
1 0.20952380952380953 0.3202247191011236 0.20714285714285716 0.3455056179775281 0.25357142857142856 0.34129213483146065 0.25357142857142856 0.3188202247191011
1 0.2 0.35252808988764045 0.19642857142857142 0.37219101123595505 0.24404761904761904 0.3707865168539326 0.24404761904761904 0.3497191011235955
1 0.1976190476190476 0.37219101123595505 0.19404761904761905 0.39325842696629215 0.24166666666666667 0.3890449438202247 0.24166666666666667 0.3693820224719101
1 0.1880952380952381 0.3904494382022472 0.1880952380952381 0.41292134831460675 0.2369047619047619 0.40730337078651685 0.2357142857142857 0.3862359550561798
1 0.18571428571428572 0.40870786516853935 0.18333333333333332 0.4353932584269663 0.22738095238095238 0.4297752808988764 0.22738095238095238 0.4044943820224719
1 0.19642857142857142 0.43258426966292135 0.19166666666666668 0.45365168539325845 0.23809523809523808 0.45224719101123595 0.24047619047619048 0.43258426966292135
1 0.19047619047619047 0.45646067415730335 0.1869047619047619 0.47752808988764045 0.23452380952380952 0.47752808988764045 0.2369047619047619 0.45646067415730335
1 0.22857142857142856 0.47752808988764045 0.22857142857142856 0.5028089887640449 0.17857142857142858 0.5056179775280899 0.18095238095238095 0.4789325842696629
1 0.22976190476190475 0.5042134831460674 0.22738095238095238 0.5294943820224719 0.1773809523809524 0.5294943820224719 0.18095238095238095 0.5042134831460674
1 0.2226190476190476 0.5294943820224719 0.2226190476190476 0.5519662921348315 0.17142857142857143 0.5547752808988764 0.1738095238095238 0.5308988764044944
1 0.225 0.5491573033707865 0.22023809523809523 0.5800561797752809 0.16666666666666666 0.5800561797752809 0.17023809523809524 0.5519662921348315
1 0.225 0.5786516853932584 0.22380952380952382 0.6025280898876404 0.17261904761904762 0.6025280898876404 0.175 0.577247191011236
1 0.16428571428571428 0.6320224719101124 0.17857142857142858 0.6811797752808989 0.15714285714285714 0.6896067415730337 0.14404761904761904 0.6390449438202247
1 0.2 0.6601123595505618 0.2 0.6867977528089888 0.24761904761904763 0.6853932584269663 0.24523809523809523 0.6615168539325843
1 0.44642857142857145 0.13342696629213482 0.44642857142857145 0.16151685393258428 0.4630952380952381 0.16292134831460675 0.46190476190476193 0.13342696629213482
1 0.4714285714285714 0.1306179775280899 0.4714285714285714 0.16573033707865167 0.4880952380952381 0.16292134831460675 0.4857142857142857 0.1306179775280899
1 0.430952380952381 0.21067415730337077 0.43333333333333335 0.2443820224719101 0.45 0.2443820224719101 0.44642857142857145 0.21067415730337077
1 0.48333333333333334 0.22752808988764045 0.4857142857142857 0.2640449438202247 0.5059523809523809 0.26264044943820225 0.5011904761904762 0.22752808988764045
1 0.5345238095238095 0.22893258426966293 0.5428571428571428 0.2640449438202247 0.5583333333333333 0.26264044943820225 0.5488095238095239 0.22612359550561797
1 0.6107142857142858 0.27808988764044945 0.6166666666666667 0.31320224719101125 0.6345238095238095 0.31320224719101125 0.6285714285714286 0.2794943820224719
1 0.49047619047619045 0.2949438202247191 0.49166666666666664 0.32724719101123595 0.5095238095238095 0.32724719101123595 0.5095238095238095 0.29634831460674155
1 0.43452380952380953 0.3146067415730337 0.4369047619047619 0.3539325842696629 0.45595238095238094 0.3539325842696629 0.4523809523809524 0.3146067415730337
1 0.49166666666666664 0.3455056179775281 0.49166666666666664 0.37780898876404495 0.5107142857142857 0.37780898876404495 0.5095238095238095 0.3455056179775281
1 0.6226190476190476 0.35814606741573035 0.6273809523809524 0.3946629213483146 0.6464285714285715 0.39325842696629215 0.6416666666666667 0.35674157303370785
0 0.6190476190476191 0.3890449438202247 0.6285714285714286 0.4859550561797753 0.6571428571428571 0.4859550561797753 0.6476190476190476 0.3904494382022472
1 0.49404761904761907 0.41292134831460675 0.49523809523809526 0.45646067415730335 0.5154761904761904 0.45786516853932585 0.5142857142857142 0.41292134831460675
1 0.4369047619047619 0.4648876404494382 0.44047619047619047 0.5084269662921348 0.4607142857142857 0.5084269662921348 0.45595238095238094 0.46348314606741575
1 0.4928571428571429 0.4747191011235955 0.4928571428571429 0.5210674157303371 0.513095238095238 0.5196629213483146 0.5119047619047619 0.476123595505618
1 0.5464285714285714 0.5224719101123596 0.5511904761904762 0.5702247191011236 0.5714285714285714 0.5702247191011236 0.5654761904761905 0.5224719101123596
1 0.5523809523809524 0.5814606741573034 0.5547619047619048 0.6292134831460674 0.5797619047619048 0.6278089887640449 0.575 0.5814606741573034
1 0.6333333333333333 0.4901685393258427 0.6369047619047619 0.5407303370786517 0.6595238095238095 0.5407303370786517 0.6547619047619048 0.4901685393258427
1 0.6440476190476191 0.5463483146067416 0.6511904761904762 0.5955056179775281 0.6726190476190477 0.5884831460674157 0.6654761904761904 0.5435393258426966
1 0.6511904761904762 0.6530898876404494 0.6535714285714286 0.7036516853932584 0.6773809523809524 0.7036516853932584 0.6726190476190477 0.651685393258427
1 0.6642857142857143 0.7134831460674157 0.6702380952380952 0.7696629213483146 0.6952380952380952 0.7682584269662921 0.6880952380952381 0.7120786516853933
1 0.5071428571428571 0.7949438202247191 0.5083333333333333 0.8553370786516854 0.5321428571428571 0.8553370786516854 0.530952380952381 0.7949438202247191
1 0.4583333333333333 0.7626404494382022 0.4654761904761905 0.8258426966292135 0.44047619047619047 0.8258426966292135 0.4357142857142857 0.7640449438202247
1 0.5214285714285715 0.6797752808988764 0.5178571428571429 0.7106741573033708 0.580952380952381 0.7134831460674157 0.5821428571428572 0.6825842696629213