2 0.4119047619047619 0.29634831460674155 0.319047619047619 0.29775280898876405 0.31666666666666665 0.3455056179775281 0.41309523809523807 0.351123595505618
2 0.3 0.30196629213483145 0.20714285714285716 0.30337078651685395 0.20476190476190476 0.351123595505618 0.3011904761904762 0.351123595505618
1 0.1976190476190476 0.32303370786516855 0.12857142857142856 0.32303370786516855 0.1261904761904762 0.35814606741573035 0.1988095238095238 0.35674157303370785
1 0.5 0.31179775280898875 0.42023809523809524 0.3146067415730337 0.4226190476190476 0.3497191011235955 0.5 0.34831460674157305
1 0.6059523809523809 0.24859550561797752 0.5738095238095238 0.25140449438202245 0.5761904761904761 0.3356741573033708 0.611904761904762 0.3342696629213483
1 0.5892857142857143 0.3651685393258427 0.5166666666666667 0.38764044943820225 0.5226190476190476 0.42696629213483145 0.6023809523809524 0.4002808988764045
1 0.49642857142857144 0.3637640449438202 0.42738095238095236 0.3651685393258427 0.4238095238095238 0.4044943820224719 0.5023809523809524 0.40308988764044945
1 0.4023809523809524 0.3539325842696629 0.3261904761904762 0.3553370786516854 0.325 0.3890449438202247 0.40476190476190477 0.3890449438202247
1 0.4595238095238095 0.2050561797752809 0.4023809523809524 0.25280898876404495 0.4226190476190476 0.27808988764044945 0.475 0.23174157303370788
1 0.430952380952381 0.7191011235955056 0.4023809523809524 0.726123595505618 0.42023809523809524 0.8117977528089888 0.45595238095238094 0.800561797752809
1 0.5988095238095238 0.6924157303370787 0.5178571428571429 0.6938202247191011 0.5166666666666667 0.7317415730337079 0.6023809523809524 0.726123595505618
1 0.7738095238095238 0.6896067415730337 0.6904761904761905 0.6910112359550562 0.6928571428571428 0.7289325842696629 0.7785714285714286 0.7275280898876404
1 0.8761904761904762 0.6783707865168539 0.794047619047619 0.6839887640449438 0.794047619047619 0.7205056179775281 0.8797619047619047 0.7134831460674157
1 0.3607142857142857 0.7036516853932584 0.2785714285714286 0.7078651685393258 0.2785714285714286 0.7401685393258427 0.3619047619047619 0.7387640449438202
1 0.2571428571428571 0.7134831460674157 0.18333333333333332 0.7162921348314607 0.18214285714285713 0.7485955056179775 0.2619047619047619 0.7443820224719101
1 0.3547619047619048 0.17837078651685392 0.30833333333333335 0.2443820224719101 0.3333333333333333 0.2696629213483146 0.38095238095238093 0.20084269662921347
1 0.30357142857142855 0.17134831460674158 0.25476190476190474 0.24157303370786518 0.2785714285714286 0.2654494382022472 0.3261904761904762 0.19382022471910113
1 0.24166666666666667 0.17837078651685392 0.2011904761904762 0.25140449438202245 0.23095238095238096 0.2654494382022472 0.26785714285714285 0.19662921348314608
1 0.1880952380952381 0.175561797752809 0.15595238095238095 0.24297752808988765 0.18214285714285713 0.2612359550561798 0.2154761904761905 0.19241573033707865
1 0.1357142857142857 0.18679775280898878 0.1 0.25280898876404495 0.1261904761904762 0.273876404494382 0.1595238095238095 0.20084269662921347
1 0.7714285714285715 0.33707865168539325 0.6976190476190476 0.3398876404494382 0.6976190476190476 0.38202247191011235 0.7797619047619048 0.37640449438202245
1 0.7738095238095238 0.28370786516853935 0.7 0.28651685393258425 0.7 0.32865168539325845 0.7821428571428571 0.32303370786516855
1 0.8630952380952381 0.2907303370786517 0.7845238095238095 0.28792134831460675 0.7845238095238095 0.3300561797752809 0.8630952380952381 0.3342696629213483
1 0.7690476190476191 0.2443820224719101 0.6988095238095238 0.24859550561797752 0.6964285714285714 0.28370786516853935 0.7714285714285715 0.2794943820224719
1 0.7726190476190476 0.18258426966292135 0.7023809523809523 0.18679775280898878 0.7011904761904761 0.2303370786516854 0.7761904761904762 0.22331460674157302
1 0.8511904761904762 0.18258426966292135 0.780952380952381 0.18679775280898878 0.7797619047619048 0.2303370786516854 0.8547619047619047 0.22331460674157302
1 0.8571428571428571 0.22893258426966293 0.780952380952381 0.22893258426966293 0.7797619047619048 0.27247191011235955 0.8607142857142858 0.27808988764044945