1 0.2119047619047619 0.18398876404494383 0.2785714285714286 0.17696629213483145 0.275 0.14887640449438203 0.2119047619047619 0.1544943820224719
1 0.22738095238095238 0.2907303370786517 0.29404761904761906 0.27668539325842695 0.2904761904761905 0.2443820224719101 0.2226190476190476 0.2598314606741573
1 0.2523809523809524 0.3946629213483146 0.31785714285714284 0.38342696629213485 0.3130952380952381 0.3539325842696629 0.25 0.3637640449438202
1 0.2654761904761905 0.4396067415730337 0.32976190476190476 0.4199438202247191 0.325 0.3904494382022472 0.2619047619047619 0.40870786516853935
1 0.27380952380952384 0.47331460674157305 0.33690476190476193 0.45646067415730335 0.33214285714285713 0.42696629213483145 0.26785714285714285 0.4452247191011236
1 0.28095238095238095 0.5112359550561798 0.3464285714285714 0.4901685393258427 0.3416666666666667 0.46348314606741575 0.2761904761904762 0.48174157303370785
1 0.2892857142857143 0.5519662921348315 0.35595238095238096 0.5323033707865169 0.35 0.5028089887640449 0.2845238095238095 0.5196629213483146
1 0.27976190476190477 0.598314606741573 0.3476190476190476 0.5856741573033708 0.34404761904761905 0.5519662921348315 0.275 0.5674157303370787
1 0.2904761904761905 0.6418539325842697 0.35595238095238096 0.625 0.3523809523809524 0.5926966292134831 0.2845238095238095 0.6095505617977528
1 0.44047619047619047 0.1797752808988764 0.4976190476190476 0.1601123595505618 0.49166666666666664 0.13202247191011235 0.43214285714285716 0.15168539325842698
1 0.37976190476190474 0.23314606741573032 0.44166666666666665 0.21207865168539325 0.43333333333333335 0.1797752808988764 0.3738095238095238 0.20084269662921347
1 0.3880952380952381 0.2752808988764045 0.4452380952380952 0.25842696629213485 0.4392857142857143 0.23174157303370788 0.3821428571428571 0.2443820224719101
1 0.4726190476190476 0.20365168539325842 0.5238095238095238 0.19101123595505617 0.5214285714285715 0.16432584269662923 0.47023809523809523 0.17415730337078653
1 0.5226190476190476 0.1853932584269663 0.5726190476190476 0.175561797752809 0.5702380952380952 0.14747191011235955 0.5178571428571429 0.15589887640449437
1 0.5357142857142857 0.22612359550561797 0.5892857142857143 0.20926966292134833 0.580952380952381 0.17837078651685392 0.5297619047619048 0.199438202247191
1 0.4773809523809524 0.24578651685393257 0.5214285714285715 0.2303370786516854 0.5142857142857142 0.20646067415730338 0.4726190476190476 0.22331460674157302
1 0.46785714285714286 0.28230337078651685 0.5214285714285715 0.2640449438202247 0.513095238095238 0.24157303370786518 0.4607142857142857 0.25842696629213485
1 0.46904761904761905 0.31741573033707865 0.5238095238095238 0.30337078651685395 0.5166666666666667 0.27668539325842695 0.4595238095238095 0.2907303370786517
1 0.5202380952380953 0.30196629213483145 0.5702380952380952 0.28792134831460675 0.5642857142857143 0.2612359550561798 0.5166666666666667 0.2752808988764045
1 0.5273809523809524 0.24157303370786518 0.5369047619047619 0.2654494382022472 0.5928571428571429 0.24578651685393257 0.5845238095238096 0.2205056179775281
1 0.5297619047619048 0.33848314606741575 0.594047619047619 0.32724719101123595 0.5892857142857143 0.2949438202247191 0.5297619047619048 0.3047752808988764
1 0.4238095238095238 0.3890449438202247 0.475 0.38342696629213485 0.475 0.3553370786516854 0.4226190476190476 0.3609550561797753
1 0.4392857142857143 0.4311797752808989 0.5047619047619047 0.42275280898876405 0.5011904761904762 0.3904494382022472 0.4380952380952381 0.3960674157303371
1 0.44166666666666665 0.4691011235955056 0.4988095238095238 0.4592696629213483 0.49642857142857144 0.43258426966292135 0.4380952380952381 0.43820224719101125
1 0.4928571428571429 0.37780898876404495 0.5488095238095239 0.36797752808988765 0.5464285714285714 0.34269662921348315 0.49047619047619045 0.351123595505618
1 0.555952380952381 0.37359550561797755 0.6130952380952381 0.35814606741573035 0.6083333333333333 0.33146067415730335 0.55 0.34831460674157305
1 0.5630952380952381 0.40730337078651685 0.6226190476190476 0.38342696629213485 0.6142857142857143 0.3497191011235955 0.5547619047619048 0.38202247191011235
1 0.530952380952381 0.45786516853932585 0.5857142857142857 0.4438202247191011 0.580952380952381 0.41713483146067415 0.5285714285714286 0.43258426966292135
1 0.5845238095238096 0.425561797752809 0.6285714285714286 0.42275280898876405 0.6285714285714286 0.398876404494382 0.5880952380952381 0.4044943820224719
1 0.5857142857142857 0.45786516853932585 0.6416666666666667 0.45786516853932585 0.6416666666666667 0.4339887640449438 0.5845238095238096 0.43258426966292135
1 0.5785714285714286 0.449438202247191 0.525 0.46769662921348315 0.530952380952381 0.49297752808988765 0.5845238095238096 0.47752808988764045
4 0.5583333333333333 0.5224719101123596 0.6392857142857142 0.4957865168539326 0.6333333333333333 0.46348314606741575 0.5511904761904762 0.49157303370786515
1 0.4523809523809524 0.5870786516853933 0.5047619047619047 0.5632022471910112 0.5 0.5365168539325843 0.44761904761904764 0.5575842696629213
1 0.47023809523809523 0.6193820224719101 0.5369047619047619 0.6053370786516854 0.5333333333333333 0.574438202247191 0.4666666666666667 0.5870786516853933
1 0.5607142857142857 0.5519662921348315 0.6047619047619047 0.5351123595505618 0.6 0.5126404494382022 0.5547619047619048 0.5294943820224719
1 0.6083333333333333 0.5351123595505618 0.6607142857142857 0.5196629213483146 0.6547619047619048 0.49719101123595505 0.6035714285714285 0.5112359550561798
1 0.55 0.5898876404494382 0.6035714285714285 0.5758426966292135 0.5964285714285714 0.5463483146067416 0.5428571428571428 0.5632022471910112
1 0.6071428571428571 0.5716292134831461 0.6619047619047619 0.547752808988764 0.6535714285714286 0.5210674157303371 0.5988095238095238 0.5435393258426966
1 0.5702380952380952 0.625 0.6130952380952381 0.6095505617977528 0.6107142857142858 0.5856741573033708 0.5642857142857143 0.6025280898876404
1 0.6190476190476191 0.6109550561797753 0.6714285714285714 0.5955056179775281 0.6666666666666666 0.5674157303370787 0.6178571428571429 0.5856741573033708
1 0.5511904761904762 0.6713483146067416 0.6083333333333333 0.6558988764044944 0.6059523809523809 0.625 0.5476190476190477 0.6418539325842697
1 0.6404761904761904 0.6629213483146067 0.6892857142857143 0.6278089887640449 0.675 0.601123595505618 0.6297619047619047 0.6390449438202247
1 0.580952380952381 0.6980337078651685 0.638095238095238 0.6797752808988764 0.6333333333333333 0.651685393258427 0.5785714285714286 0.6699438202247191
1 0.5238095238095238 0.6867977528089888 0.5095238095238095 0.7036516853932584 0.5511904761904762 0.7485955056179775 0.5666666666666667 0.7317415730337079
1 0.45 0.7205056179775281 0.4369047619047619 0.7387640449438202 0.4773809523809524 0.7921348314606742 0.49404761904761907 0.7682584269662921