1 0.7119047619047619 0.6418539325842697 0.6738095238095239 0.6657303370786517 0.6857142857142857 0.6839887640449438 0.7273809523809524 0.6629213483146067
1 0.7404761904761905 0.6629213483146067 0.6976190476190476 0.6938202247191011 0.7095238095238096 0.7120786516853933 0.7547619047619047 0.6839887640449438
1 0.780952380952381 0.7064606741573034 0.736904761904762 0.7359550561797753 0.7488095238095238 0.7570224719101124 0.7964285714285714 0.7275280898876404
1 0.8178571428571428 0.7598314606741573 0.7738095238095238 0.7893258426966292 0.7857142857142857 0.8103932584269663 0.8333333333333334 0.7808988764044944
1 0.8607142857142858 0.8188202247191011 0.8166666666666667 0.848314606741573 0.8285714285714286 0.8693820224719101 0.8761904761904762 0.8398876404494382
1 0.3821428571428571 0.5308988764044944 0.3357142857142857 0.5547752808988764 0.3464285714285714 0.5814606741573034 0.39404761904761904 0.5519662921348315
1 0.19404761904761905 0.6334269662921348 0.14761904761904762 0.6573033707865169 0.15833333333333333 0.6839887640449438 0.20595238095238094 0.6544943820224719
1 0.4357142857142857 0.5112359550561798 0.3892857142857143 0.5351123595505618 0.4 0.5617977528089888 0.44761904761904764 0.5323033707865169
1 0.49404761904761907 0.48174157303370785 0.44761904761904764 0.5056179775280899 0.4583333333333333 0.5323033707865169 0.5059523809523809 0.5028089887640449
1 0.5785714285714286 0.4410112359550562 0.5321428571428571 0.4648876404494382 0.5428571428571428 0.49157303370786515 0.5904761904761905 0.46207865168539325
1 0.6333333333333333 0.4143258426966292 0.5869047619047619 0.43820224719101125 0.5976190476190476 0.4648876404494382 0.6452380952380953 0.4353932584269663
1 0.6797619047619048 0.3904494382022472 0.6333333333333333 0.4143258426966292 0.6440476190476191 0.4410112359550562 0.6916666666666667 0.41151685393258425
1 0.7273809523809524 0.36235955056179775 0.680952380952381 0.3862359550561798 0.6916666666666667 0.41292134831460675 0.7392857142857143 0.38342696629213485
1 0.780952380952381 0.34129213483146065 0.7345238095238096 0.3651685393258427 0.7452380952380953 0.39185393258426965 0.7928571428571428 0.36235955056179775
1 0.6666666666666666 0.300561797752809 0.6202380952380953 0.324438202247191 0.6309523809523809 0.351123595505618 0.6785714285714286 0.32162921348314605
1 0.7119047619047619 0.2851123595505618 0.6654761904761904 0.3089887640449438 0.6761904761904762 0.3356741573033708 0.7238095238095238 0.3061797752808989
1 0.18095238095238095 0.45365168539325845 0.13452380952380952 0.47752808988764045 0.14523809523809525 0.5042134831460674 0.19285714285714287 0.4747191011235955
1 0.17261904761904762 0.39185393258426965 0.1261904761904762 0.4157303370786517 0.13690476190476192 0.44241573033707865 0.18452380952380953 0.41292134831460675
1 0.16071428571428573 0.3651685393258427 0.11428571428571428 0.3890449438202247 0.125 0.4157303370786517 0.17261904761904762 0.3862359550561798
1 0.15119047619047618 0.28651685393258425 0.10476190476190476 0.3103932584269663 0.11547619047619048 0.33707865168539325 0.1630952380952381 0.30758426966292135
1 0.22380952380952382 0.14747191011235955 0.1773809523809524 0.17134831460674158 0.1880952380952381 0.19803370786516855 0.22976190476190475 0.1699438202247191
1 0.2488095238095238 0.18258426966292135 0.20238095238095238 0.20646067415730338 0.2130952380952381 0.23314606741573032 0.25476190476190474 0.2050561797752809
1 0.2654761904761905 0.21629213483146068 0.22142857142857142 0.23876404494382023 0.22738095238095238 0.2556179775280899 0.2702380952380952 0.23595505617977527
1 0.2761904761904762 0.2345505617977528 0.23214285714285715 0.25702247191011235 0.23809523809523808 0.273876404494382 0.28095238095238095 0.2542134831460674
1 0.28095238095238095 0.25842696629213485 0.2369047619047619 0.2808988764044944 0.24285714285714285 0.29775280898876405 0.2857142857142857 0.27808988764044945
1 0.32142857142857145 0.3862359550561798 0.2773809523809524 0.40870786516853935 0.2833333333333333 0.425561797752809 0.3261904761904762 0.4058988764044944
1 0.2904761904761905 0.3441011235955056 0.24642857142857144 0.36657303370786515 0.2523809523809524 0.38342696629213485 0.29523809523809524 0.3637640449438202
1 0.7690476190476191 0.25842696629213485 0.7226190476190476 0.28230337078651685 0.7333333333333333 0.3089887640449438 0.780952380952381 0.2794943820224719
1 0.4928571428571429 0.21207865168539325 0.4785714285714286 0.23876404494382023 0.49047619047619045 0.2443820224719101 0.5047619047619047 0.21769662921348315
1 0.47619047619047616 0.20084269662921347 0.4630952380952381 0.22893258426966293 0.475 0.2345505617977528 0.48928571428571427 0.20786516853932585
1 0.4630952380952381 0.18258426966292135 0.45 0.21067415730337077 0.46190476190476193 0.21629213483146068 0.47619047619047616 0.1896067415730337
1 0.4523809523809524 0.16151685393258428 0.4392857142857143 0.1896067415730337 0.4523809523809524 0.19803370786516855 0.4654761904761905 0.16853932584269662
1 0.775 0.1404494382022472 0.7345238095238096 0.15730337078651685 0.7428571428571429 0.17415730337078653 0.780952380952381 0.1601123595505618
1 0.7773809523809524 0.16573033707865167 0.7440476190476191 0.17837078651685392 0.7523809523809524 0.1952247191011236 0.7821428571428571 0.18117977528089887
1 0.8023809523809524 0.18679775280898878 0.7619047619047619 0.199438202247191 0.7690476190476191 0.21769662921348315 0.8095238095238095 0.20224719101123595
1 0.8095238095238095 0.21067415730337077 0.780952380952381 0.2205056179775281 0.7880952380952381 0.23876404494382023 0.8178571428571428 0.22752808988764045