1 0.6261904761904762 0.27808988764044945 0.6261904761904762 0.3089887640449438 0.675 0.31179775280898875 0.6761904761904762 0.2752808988764045
1 0.7571428571428571 0.31179775280898875 0.7583333333333333 0.3342696629213483 0.8047619047619048 0.33286516853932585 0.805952380952381 0.31179775280898875
1 0.18452380952380953 0.8412921348314607 0.18095238095238095 0.8693820224719101 0.24404761904761904 0.8721910112359551 0.24523809523809523 0.8441011235955056
1 0.1880952380952381 0.7963483146067416 0.1880952380952381 0.8286516853932584 0.25595238095238093 0.827247191011236 0.2571428571428571 0.7935393258426966
1 0.19523809523809524 0.7598314606741573 0.19523809523809524 0.7837078651685393 0.25595238095238093 0.7837078651685393 0.2571428571428571 0.7612359550561798
1 0.19404761904761905 0.7317415730337079 0.19285714285714287 0.7528089887640449 0.2523809523809524 0.7570224719101124 0.2523809523809524 0.7317415730337079
1 0.3880952380952381 0.7837078651685393 0.3904761904761905 0.726123595505618 0.36428571428571427 0.723314606741573 0.36428571428571427 0.7823033707865169
1 0.2619047619047619 0.699438202247191 0.20357142857142857 0.6980337078651685 0.20238095238095238 0.726123595505618 0.2571428571428571 0.7289325842696629
1 0.2654761904761905 0.6615168539325843 0.21071428571428572 0.6657303370786517 0.2119047619047619 0.6896067415730337 0.2654761904761905 0.6910112359550562
1 0.2714285714285714 0.6306179775280899 0.20595238095238094 0.6320224719101124 0.20595238095238094 0.6587078651685393 0.2702380952380952 0.6629213483146067
1 0.3738095238095238 0.6390449438202247 0.37023809523809526 0.6797752808988764 0.39285714285714285 0.6867977528089888 0.39880952380952384 0.6390449438202247
1 0.37142857142857144 0.5632022471910112 0.37142857142857144 0.6095505617977528 0.39404761904761904 0.6081460674157303 0.3952380952380952 0.5617977528089888
1 0.275 0.574438202247191 0.21428571428571427 0.5758426966292135 0.21428571428571427 0.6025280898876404 0.2773809523809524 0.6025280898876404
1 0.275 0.5449438202247191 0.21666666666666667 0.5491573033707865 0.21904761904761905 0.5716292134831461 0.2761904761904762 0.5730337078651685
1 0.16785714285714284 0.5224719101123596 0.1630952380952381 0.5688202247191011 0.18333333333333332 0.5688202247191011 0.19047619047619047 0.5224719101123596
1 0.2119047619047619 0.3862359550561798 0.1619047619047619 0.3848314606741573 0.1595238095238095 0.4143258426966292 0.21071428571428572 0.4157303370786517
1 0.7107142857142857 0.7373595505617978 0.6476190476190476 0.7401685393258427 0.6488095238095238 0.7640449438202247 0.7119047619047619 0.7640449438202247
1 0.7023809523809523 0.702247191011236 0.6440476190476191 0.702247191011236 0.6452380952380953 0.7317415730337079 0.705952380952381 0.7317415730337079
1 0.805952380952381 0.7893258426966292 0.8130952380952381 0.8216292134831461 0.8678571428571429 0.8146067415730337 0.861904761904762 0.7823033707865169
1 0.8142857142857143 0.7570224719101124 0.8214285714285714 0.7893258426966292 0.8761904761904762 0.7851123595505618 0.8702380952380953 0.7556179775280899
1 0.6880952380952381 0.6123595505617978 0.638095238095238 0.6109550561797753 0.6392857142857142 0.6432584269662921 0.6892857142857143 0.6418539325842697
1 0.8392857142857143 0.6306179775280899 0.7833333333333333 0.6362359550561798 0.7892857142857143 0.6685393258426966 0.8464285714285714 0.6643258426966292
1 0.8369047619047619 0.6053370786516854 0.7869047619047619 0.6067415730337079 0.7869047619047619 0.6278089887640449 0.844047619047619 0.6306179775280899
1 0.8357142857142857 0.5786516853932584 0.7678571428571429 0.5800561797752809 0.7690476190476191 0.6095505617977528 0.8380952380952381 0.6067415730337079
1 0.8154761904761905 0.5379213483146067 0.7607142857142857 0.5449438202247191 0.7666666666666667 0.5688202247191011 0.8226190476190476 0.5660112359550562
1 0.8226190476190476 0.5098314606741573 0.7654761904761904 0.5154494382022472 0.7690476190476191 0.5435393258426966 0.8273809523809523 0.5365168539325843
1 0.8178571428571428 0.49157303370786515 0.7619047619047619 0.4901685393258427 0.7619047619047619 0.5196629213483146 0.8178571428571428 0.5168539325842697
1 0.8130952380952381 0.4550561797752809 0.7547619047619047 0.4592696629213483 0.7607142857142857 0.4859550561797753 0.819047619047619 0.4803370786516854
1 0.6916666666666667 0.5842696629213483 0.6357142857142857 0.5856741573033708 0.6404761904761904 0.6081460674157303 0.6976190476190476 0.6081460674157303
1 0.6857142857142857 0.5547752808988764 0.6285714285714286 0.5589887640449438 0.6321428571428571 0.5800561797752809 0.6892857142857143 0.5786516853932584
1 0.6857142857142857 0.47331460674157305 0.6333333333333333 0.47331460674157305 0.6333333333333333 0.5 0.6869047619047619 0.5
1 0.2392857142857143 0.4101123595505618 0.2869047619047619 0.41292134831460675 0.2892857142857143 0.43820224719101125 0.2369047619047619 0.43258426966292135
1 0.2261904761904762 0.48735955056179775 0.27976190476190477 0.48174157303370785 0.2833333333333333 0.5098314606741573 0.22738095238095238 0.5154494382022472