0 0.49047619047619045 0.29213483146067415 0.34523809523809523 0.2949438202247191 0.34404761904761905 0.35674157303370785 0.49642857142857144 0.3539325842696629
0 0.5107142857142857 0.11657303370786516 0.4738095238095238 0.1151685393258427 0.46785714285714286 0.30196629213483145 0.5095238095238095 0.300561797752809
0 0.5119047619047619 0.5 0.3535714285714286 0.4943820224719101 0.3535714285714286 0.5632022471910112 0.5119047619047619 0.5603932584269663
0 0.48095238095238096 0.5646067415730337 0.3523809523809524 0.5589887640449438 0.3535714285714286 0.6207865168539326 0.48095238095238096 0.6193820224719101
0 0.4869047619047619 0.6193820224719101 0.325 0.6264044943820225 0.319047619047619 0.6853932584269663 0.48928571428571427 0.6811797752808989
0 0.48928571428571427 0.702247191011236 0.319047619047619 0.6853932584269663 0.3142857142857143 0.7485955056179775 0.48214285714285715 0.7640449438202247
0 0.4726190476190476 0.8117977528089888 0.2988095238095238 0.8286516853932584 0.30238095238095236 0.8834269662921348 0.4738095238095238 0.8651685393258427
3 0.3630952380952381 0.7556179775280899 0.26785714285714285 0.7485955056179775 0.2630952380952381 0.7991573033707865 0.3607142857142857 0.8061797752808989
1 0.7285714285714285 0.5491573033707865 0.6619047619047619 0.547752808988764 0.6619047619047619 0.5856741573033708 0.7321428571428571 0.5856741573033708
1 0.8178571428571428 0.5533707865168539 0.7511904761904762 0.5519662921348315 0.7511904761904762 0.5898876404494382 0.8214285714285714 0.5898876404494382
1 0.8297619047619048 0.6109550561797753 0.7571428571428571 0.6081460674157303 0.7571428571428571 0.6460674157303371 0.8345238095238096 0.6432584269662921
1 0.8345238095238096 0.7654494382022472 0.7619047619047619 0.7626404494382022 0.7619047619047619 0.800561797752809 0.8392857142857143 0.797752808988764
1 0.7321428571428571 0.40870786516853935 0.6595238095238095 0.4058988764044944 0.6595238095238095 0.4438202247191011 0.7309523809523809 0.4452247191011236
1 0.7238095238095238 0.36235955056179775 0.6571428571428571 0.35814606741573035 0.6571428571428571 0.3960674157303371 0.725 0.39325842696629215
1 0.44166666666666665 0.41853932584269665 0.375 0.4143258426966292 0.375 0.45224719101123595 0.44285714285714284 0.449438202247191
1 0.43452380952380953 0.4592696629213483 0.375 0.45786516853932585 0.375 0.4957865168539326 0.4369047619047619 0.49157303370786515