1 0.6083333333333333 0.19662921348314608 0.5428571428571428 0.2612359550561798 0.5654761904761905 0.2893258426966292 0.6321428571428571 0.22331460674157302
1 0.7833333333333333 0.12780898876404495 0.7571428571428571 0.16713483146067415 0.8261904761904761 0.22191011235955055 0.8511904761904762 0.18258426966292135
0 0.6714285714285714 0.27247191011235955 0.6428571428571429 0.31320224719101125 0.7488095238095238 0.4002808988764045 0.7773809523809524 0.3553370786516854
1 0.6130952380952381 0.36235955056179775 0.5928571428571429 0.3890449438202247 0.6595238095238095 0.44662921348314605 0.680952380952381 0.4199438202247191
1 0.580952380952381 0.3862359550561798 0.5607142857142857 0.4101123595505618 0.6226190476190476 0.4705056179775281 0.6440476190476191 0.4438202247191011
1 0.55 0.42134831460674155 0.5261904761904762 0.44662921348314605 0.5952380952380952 0.5084269662921348 0.6190476190476191 0.4789325842696629
1 0.4857142857142857 0.49859550561797755 0.4654761904761905 0.5224719101123596 0.525 0.5730337078651685 0.544047619047619 0.5449438202247191
1 0.44047619047619047 0.5224719101123596 0.4107142857142857 0.5575842696629213 0.49166666666666664 0.6306179775280899 0.5202380952380953 0.5941011235955056
1 0.4119047619047619 0.5814606741573034 0.38333333333333336 0.6193820224719101 0.45 0.6867977528089888 0.4797619047619048 0.6474719101123596
1 0.3773809523809524 0.6165730337078652 0.3488095238095238 0.6530898876404494 0.4226190476190476 0.7289325842696629 0.4511904761904762 0.6938202247191011
1 0.3380952380952381 0.6573033707865169 0.305952380952381 0.6938202247191011 0.3738095238095238 0.7724719101123596 0.40595238095238095 0.7359550561797753
1 0.3047619047619048 0.7092696629213483 0.2761904761904762 0.7415730337078652 0.34523809523809523 0.8202247191011236 0.3738095238095238 0.7879213483146067
2 0.2642857142857143 0.7443820224719101 0.23214285714285715 0.7794943820224719 0.30238095238095236 0.8595505617977528 0.3357142857142857 0.824438202247191
1 0.2226190476190476 0.797752808988764 0.19285714285714287 0.8286516853932584 0.2488095238095238 0.8960674157303371 0.2785714285714286 0.8637640449438202