1 0.3547619047619048 0.4957865168539326 0.3047619047619048 0.49297752808988765 0.305952380952381 0.5210674157303371 0.3523809523809524 0.5252808988764045
1 0.3595238095238095 0.5351123595505618 0.29404761904761906 0.5337078651685393 0.29285714285714287 0.5589887640449438 0.35714285714285715 0.5646067415730337
1 0.3535714285714286 0.574438202247191 0.29642857142857143 0.5688202247191011 0.29523809523809524 0.598314606741573 0.35119047619047616 0.5997191011235955
1 0.35119047619047616 0.625 0.2833333333333333 0.6165730337078652 0.2785714285714286 0.651685393258427 0.34523809523809523 0.6601123595505618
1 0.34285714285714286 0.6685393258426966 0.275 0.6615168539325843 0.2702380952380952 0.699438202247191 0.3404761904761905 0.699438202247191
1 0.33214285714285713 0.7612359550561798 0.2630952380952381 0.7584269662921348 0.2619047619047619 0.7949438202247191 0.3333333333333333 0.800561797752809
1 0.3130952380952381 0.8117977528089888 0.25476190476190474 0.8103932584269663 0.2523809523809524 0.8384831460674157 0.3130952380952381 0.8426966292134831
1 0.525 0.47752808988764045 0.45476190476190476 0.46769662921348315 0.4523809523809524 0.49859550561797755 0.525 0.5056179775280899
1 0.5178571428571429 0.5632022471910112 0.4523809523809524 0.5589887640449438 0.44761904761904764 0.5898876404494382 0.5190476190476191 0.5912921348314607
1 0.5166666666666667 0.6067415730337079 0.4511904761904762 0.6039325842696629 0.4488095238095238 0.6348314606741573 0.5178571428571429 0.6362359550561798
1 0.5702380952380952 0.6699438202247191 0.5047619047619047 0.6601123595505618 0.5 0.6882022471910112 0.5654761904761905 0.699438202247191
4 0.8023809523809524 0.36235955056179775 0.794047619047619 0.4241573033707865 0.8166666666666667 0.42696629213483145 0.825 0.3693820224719101
4 0.5916666666666667 0.6657303370786517 0.5833333333333334 0.7443820224719101 0.6142857142857143 0.7542134831460674 0.6261904761904762 0.6685393258426966
4 0.5773809523809523 0.7584269662921348 0.5738095238095238 0.8370786516853933 0.6 0.8370786516853933 0.6 0.7612359550561798
1 0.555952380952381 0.7106741573033708 0.5035714285714286 0.7036516853932584 0.4988095238095238 0.7359550561797753 0.5547619047619048 0.7415730337078652
1 0.5714285714285714 0.7542134831460674 0.5023809523809524 0.7471910112359551 0.4988095238095238 0.7808988764044944 0.5702380952380952 0.7851123595505618
1 0.5666666666666667 0.7963483146067416 0.49166666666666664 0.7879213483146067 0.4869047619047619 0.8216292134831461 0.5630952380952381 0.8314606741573034
1 0.6309523809523809 0.6783707865168539 0.6273809523809524 0.7485955056179775 0.6547619047619048 0.75 0.6595238095238095 0.6769662921348315
1 0.6261904761904762 0.7570224719101124 0.6059523809523809 0.8441011235955056 0.6333333333333333 0.8581460674157303 0.6547619047619048 0.7668539325842697
1 0.7773809523809524 0.5575842696629213 0.7785714285714286 0.6278089887640449 0.8035714285714286 0.6278089887640449 0.8023809523809524 0.5561797752808989
2 0.7738095238095238 0.43820224719101125 0.775 0.5351123595505618 0.8071428571428572 0.5323033707865169 0.8083333333333333 0.4353932584269663
1 0.5595238095238095 0.12921348314606743 0.5523809523809524 0.1896067415730337 0.5797619047619048 0.19382022471910113 0.5833333333333334 0.12921348314606743
1 0.625 0.1306179775280899 0.625 0.19382022471910113 0.6535714285714286 0.19382022471910113 0.6571428571428571 0.12921348314606743
1 0.6678571428571428 0.13202247191011235 0.6619047619047619 0.19662921348314608 0.6869047619047619 0.19662921348314608 0.6916666666666667 0.13623595505617977
1 0.7047619047619048 0.12780898876404495 0.7 0.1952247191011236 0.7261904761904762 0.1952247191011236 0.7321428571428571 0.12921348314606743
1 0.8547619047619047 0.13202247191011235 0.8511904761904762 0.20786516853932585 0.8857142857142857 0.21067415730337077 0.8869047619047619 0.12921348314606743
1 0.819047619047619 0.1306179775280899 0.8166666666666667 0.20786516853932585 0.8452380952380952 0.2050561797752809 0.8464285714285714 0.1306179775280899
1 0.775 0.1306179775280899 0.7738095238095238 0.20224719101123595 0.8035714285714286 0.20365168539325842 0.8023809523809524 0.1306179775280899