1 0.36488095238095236 0.18820224719101122 0.05357142857142857 0.03089887640449438
1 0.3732142857142857 0.2816011235955056 0.05357142857142857 0.02949438202247191
1 0.46904761904761905 0.21629213483146068 0.4488095238095238 0.2205056179775281 0.444047619047619 0.16573033707865167 0.4630952380952381 0.16292134831460675
1 0.4785714285714286 0.27808988764044945 0.45357142857142857 0.2808988764044944 0.45 0.23314606741573032 0.4738095238095238 0.2303370786516854
1 0.4625 0.324438202247191 0.02261904761904762 0.056179775280898875
1 0.4666666666666667 0.39185393258426965 0.02142857142857143 0.05898876404494382
1 0.46785714285714286 0.46558988764044945 0.02142857142857143 0.060393258426966294
1 0.46785714285714286 0.5407303370786517 0.023809523809523808 0.06179775280898876
1 0.4636904761904762 0.613061797752809 0.02261904761904762 0.06320224719101124
1 0.4642857142857143 0.6959269662921348 0.02142857142857143 0.06601123595505617
1 0.4636904761904762 0.776685393258427 0.025 0.0702247191011236
1 0.36904761904761907 0.6523876404494382 0.05714285714285714 0.02949438202247191
1 0.35773809523809524 0.8433988764044944 0.06547619047619048 0.02949438202247191
1 0.4577380952380952 0.8588483146067416 0.025 0.054775280898876406