1 0.2892857142857143 0.13904494382022473 0.28809523809523807 0.16151685393258428 0.34523809523809523 0.16573033707865167 0.3464285714285714 0.13904494382022473
1 0.28809523809523807 0.16151685393258428 0.2845238095238095 0.18820224719101122 0.34285714285714286 0.1896067415730337 0.34285714285714286 0.16573033707865167
1 0.2892857142857143 0.18398876404494383 0.2869047619047619 0.20646067415730338 0.34404761904761905 0.21207865168539325 0.34523809523809523 0.19101123595505617
1 0.2833333333333333 0.21067415730337077 0.28095238095238095 0.23876404494382023 0.3404761904761905 0.2443820224719101 0.34523809523809523 0.21629213483146068
1 0.28809523809523807 0.2556179775280899 0.2869047619047619 0.2808988764044944 0.3464285714285714 0.2893258426966292 0.3476190476190476 0.25842696629213485
1 0.2702380952380952 0.3497191011235955 0.2761904761904762 0.38202247191011235 0.3345238095238095 0.375 0.3333333333333333 0.3441011235955056
1 0.27976190476190477 0.375 0.2702380952380952 0.4044943820224719 0.33214285714285713 0.4058988764044944 0.3416666666666667 0.38202247191011235
1 0.2702380952380952 0.4058988764044944 0.2714285714285714 0.4353932584269663 0.3357142857142857 0.4353932584269663 0.3392857142857143 0.40308988764044945
1 0.2630952380952381 0.6151685393258427 0.26071428571428573 0.6502808988764045 0.32857142857142857 0.6474719101123596 0.32857142857142857 0.6151685393258427
1 0.25833333333333336 0.651685393258427 0.25595238095238093 0.6853932584269663 0.3261904761904762 0.6867977528089888 0.3273809523809524 0.651685393258427
1 0.2654761904761905 0.6882022471910112 0.2619047619047619 0.723314606741573 0.33214285714285713 0.7219101123595506 0.33214285714285713 0.6867977528089888
1 0.24761904761904763 0.7865168539325843 0.24523809523809523 0.8314606741573034 0.3202380952380952 0.827247191011236 0.32142857142857145 0.7837078651685393
1 0.24523809523809523 0.8314606741573034 0.24523809523809523 0.8637640449438202 0.32261904761904764 0.8637640449438202 0.325 0.824438202247191
1 0.45357142857142857 0.7808988764044944 0.45357142857142857 0.8117977528089888 0.5261904761904762 0.8174157303370787 0.525 0.7837078651685393
1 0.4583333333333333 0.7331460674157303 0.4595238095238095 0.7710674157303371 0.5238095238095238 0.7710674157303371 0.525 0.7373595505617978
1 0.4583333333333333 0.7008426966292135 0.4595238095238095 0.7331460674157303 0.5154761904761904 0.7331460674157303 0.513095238095238 0.702247191011236
1 0.44166666666666665 0.5955056179775281 0.4392857142857143 0.6334269662921348 0.5107142857142857 0.6306179775280899 0.5154761904761904 0.5926966292134831
1 0.44047619047619047 0.398876404494382 0.4392857142857143 0.42837078651685395 0.4976190476190476 0.43258426966292135 0.5 0.398876404494382
1 0.43452380952380953 0.29775280898876405 0.430952380952381 0.32865168539325845 0.49523809523809526 0.33286516853932585 0.4976190476190476 0.3089887640449438
1 0.4369047619047619 0.27247191011235955 0.4357142857142857 0.2991573033707865 0.49404761904761907 0.3103932584269663 0.49404761904761907 0.2794943820224719
1 0.43452380952380953 0.23876404494382023 0.43333333333333335 0.2710674157303371 0.4880952380952381 0.2710674157303371 0.48928571428571427 0.2443820224719101
1 0.7452380952380953 0.1544943820224719 0.7476190476190476 0.18679775280898878 0.8047619047619048 0.18117977528089887 0.8047619047619048 0.15730337078651685
1 0.7595238095238095 0.20926966292134833 0.7642857142857142 0.2303370786516854 0.8202380952380952 0.2303370786516854 0.8166666666666667 0.20786516853932585
1 0.763095238095238 0.23595505617977527 0.7690476190476191 0.2612359550561798 0.825 0.2556179775280899 0.8226190476190476 0.23174157303370788
1 0.7714285714285715 0.2598314606741573 0.7690476190476191 0.28651685393258425 0.8357142857142857 0.2808988764044944 0.8345238095238096 0.25702247191011235
1 0.7690476190476191 0.28370786516853935 0.7726190476190476 0.31741573033707865 0.8428571428571429 0.3061797752808989 0.8428571428571429 0.2808988764044944
1 0.7821428571428571 0.31320224719101125 0.7821428571428571 0.3356741573033708 0.85 0.3300561797752809 0.85 0.30758426966292135
1 0.7857142857142857 0.3356741573033708 0.7904761904761904 0.3651685393258427 0.8488095238095238 0.3595505617977528 0.8476190476190476 0.3300561797752809
1 0.7857142857142857 0.37640449438202245 0.7928571428571428 0.4058988764044944 0.8642857142857143 0.39747191011235955 0.8571428571428571 0.3651685393258427
1 0.8011904761904762 0.5098314606741573 0.805952380952381 0.5351123595505618 0.8607142857142858 0.5379213483146067 0.861904761904762 0.5084269662921348
1 0.8345238095238096 0.5688202247191011 0.8404761904761905 0.598314606741573 0.9047619047619048 0.5884831460674157 0.8976190476190476 0.5589887640449438
1 0.8416666666666667 0.6109550561797753 0.8488095238095238 0.6404494382022472 0.9107142857142857 0.6278089887640449 0.9071428571428571 0.5969101123595506
1 0.85 0.6432584269662921 0.85 0.6741573033707865 0.9083333333333333 0.6629213483146067 0.9047619047619048 0.6390449438202247