2 0.14761904761904762 0.19803370786516855 0.14761904761904762 0.22752808988764045 0.19523809523809524 0.22893258426966293 0.19642857142857142 0.20224719101123595
3 0.6369047619047619 0.16573033707865167 0.6369047619047619 0.2148876404494382 0.6583333333333333 0.2148876404494382 0.6571428571428571 0.16573033707865167
4 0.85 0.33848314606741575 0.8416666666666667 0.36797752808988765 0.8583333333333333 0.3693820224719101 0.8666666666666667 0.34129213483146065
1 0.7857142857142857 0.33848314606741575 0.7928571428571428 0.38342696629213485 0.8166666666666667 0.38342696629213485 0.8095238095238095 0.33707865168539325
1 0.7952380952380952 0.39325842696629215 0.7988095238095239 0.425561797752809 0.8214285714285714 0.4241573033707865 0.819047619047619 0.3946629213483146
1 0.7678571428571429 0.13764044943820225 0.775 0.175561797752809 0.7952380952380952 0.17134831460674158 0.7869047619047619 0.1348314606741573
1 0.775 0.19241573033707865 0.7797619047619048 0.22331460674157302 0.7976190476190477 0.2205056179775281 0.7916666666666666 0.18820224719101122
1 0.7761904761904762 0.2345505617977528 0.7797619047619048 0.26685393258426965 0.7976190476190477 0.26685393258426965 0.7916666666666666 0.23174157303370788
1 0.6404761904761904 0.2345505617977528 0.6476190476190476 0.273876404494382 0.6642857142857143 0.27247191011235955 0.655952380952381 0.23174157303370788
1 0.6428571428571429 0.26825842696629215 0.6452380952380953 0.3103932584269663 0.6666666666666666 0.3103932584269663 0.6630952380952381 0.2640449438202247
1 0.27380952380952384 0.1404494382022472 0.26904761904761904 0.17837078651685392 0.28095238095238095 0.17696629213483145 0.2857142857142857 0.14325842696629212
1 0.1738095238095238 0.13623595505617977 0.17142857142857143 0.15870786516853932 0.20952380952380953 0.15589887640449437 0.2119047619047619 0.13623595505617977
1 0.17142857142857143 0.1544943820224719 0.16547619047619047 0.17275280898876405 0.20714285714285716 0.175561797752809 0.21071428571428572 0.16151685393258428
1 0.16071428571428573 0.17837078651685392 0.1619047619047619 0.19803370786516855 0.20476190476190476 0.19101123595505617 0.2011904761904762 0.1699438202247191
1 0.3333333333333333 0.16713483146067415 0.33095238095238094 0.20365168539325842 0.35 0.20365168539325842 0.3523809523809524 0.16713483146067415
1 0.25595238095238093 0.20365168539325842 0.2511904761904762 0.24719101123595505 0.2714285714285714 0.24859550561797752 0.2761904761904762 0.2050561797752809
1 0.1523809523809524 0.23314606741573032 0.1488095238095238 0.25140449438202245 0.19047619047619047 0.25 0.1976190476190476 0.2345505617977528
1 0.33095238095238094 0.21769662921348315 0.3261904761904762 0.2542134831460674 0.34285714285714286 0.2542134831460674 0.3476190476190476 0.21769662921348315
1 0.325 0.25702247191011235 0.3202380952380952 0.2949438202247191 0.3404761904761905 0.2949438202247191 0.34404761904761905 0.25702247191011235
1 0.38095238095238093 0.2640449438202247 0.37857142857142856 0.30337078651685395 0.3952380952380952 0.30337078651685395 0.4 0.26685393258426965
1 0.1523809523809524 0.25140449438202245 0.1488095238095238 0.26825842696629215 0.18571428571428572 0.2696629213483146 0.18928571428571428 0.2542134831460674
1 0.14523809523809525 0.26685393258426965 0.1392857142857143 0.2851123595505618 0.18095238095238095 0.2907303370786517 0.1869047619047619 0.27247191011235955
1 0.1392857142857143 0.2907303370786517 0.1357142857142857 0.30758426966292135 0.1761904761904762 0.31179775280898875 0.17857142857142858 0.29634831460674155
1 0.13095238095238096 0.3146067415730337 0.13095238095238096 0.33286516853932585 0.1761904761904762 0.33286516853932585 0.1761904761904762 0.3160112359550562
1 0.12857142857142856 0.33707865168539325 0.12380952380952381 0.3553370786516854 0.16666666666666666 0.35674157303370785 0.1738095238095238 0.3398876404494382
1 0.12142857142857143 0.35814606741573035 0.11785714285714285 0.375 0.16666666666666666 0.3862359550561798 0.1738095238095238 0.36657303370786515
1 0.11666666666666667 0.3806179775280899 0.1130952380952381 0.39747191011235955 0.1595238095238095 0.4058988764044944 0.16666666666666666 0.3890449438202247
1 0.24523809523809523 0.3047752808988764 0.24166666666666667 0.351123595505618 0.25952380952380955 0.3497191011235955 0.2619047619047619 0.30758426966292135
1 0.31547619047619047 0.3342696629213483 0.3119047619047619 0.3806179775280899 0.33214285714285713 0.3806179775280899 0.33214285714285713 0.3342696629213483
1 0.2642857142857143 0.42696629213483145 0.25833333333333336 0.45365168539325845 0.30833333333333335 0.45365168539325845 0.3142857142857143 0.4311797752808989
1 0.26071428571428573 0.4803370786516854 0.2619047619047619 0.5070224719101124 0.3142857142857143 0.5070224719101124 0.31666666666666665 0.4803370786516854
1 0.27380952380952384 0.5126404494382022 0.2726190476190476 0.5351123595505618 0.32142857142857145 0.5393258426966292 0.325 0.5126404494382022
1 0.36904761904761907 0.6362359550561798 0.35833333333333334 0.6587078651685393 0.39880952380952384 0.6769662921348315 0.4095238095238095 0.6502808988764045
1 0.3416666666666667 0.6643258426966292 0.3357142857142857 0.7275280898876404 0.35595238095238096 0.7289325842696629 0.3619047619047619 0.6657303370786517
1 0.3333333333333333 0.7710674157303371 0.33690476190476193 0.8342696629213483 0.3595238095238095 0.8328651685393258 0.3547619047619048 0.7682584269662921
1 0.1976190476190476 0.8314606741573034 0.1976190476190476 0.8581460674157303 0.2523809523809524 0.8553370786516854 0.25476190476190474 0.827247191011236
1 0.6476190476190476 0.3103932584269663 0.6476190476190476 0.3595505617977528 0.6702380952380952 0.3595505617977528 0.6678571428571428 0.3089887640449438
1 0.6892857142857143 0.3089887640449438 0.6904761904761905 0.3539325842696629 0.7130952380952381 0.35674157303370785 0.7119047619047619 0.3089887640449438
1 0.736904761904762 0.2907303370786517 0.7380952380952381 0.3356741573033708 0.7559523809523809 0.3342696629213483 0.7523809523809524 0.2907303370786517
1 0.7428571428571429 0.34831460674157305 0.7464285714285714 0.39325842696629215 0.7642857142857142 0.39185393258426965 0.7607142857142857 0.3441011235955056
1 0.7428571428571429 0.40308988764044945 0.75 0.44803370786516855 0.7690476190476191 0.44662921348314605 0.7619047619047619 0.4002808988764045
1 0.65 0.40308988764044945 0.6511904761904762 0.45646067415730335 0.6761904761904762 0.45646067415730335 0.6738095238095239 0.4002808988764045
1 0.8023809523809524 0.4452247191011236 0.805952380952381 0.4901685393258427 0.8261904761904761 0.4901685393258427 0.8214285714285714 0.44803370786516855
1 0.6571428571428571 0.5126404494382022 0.655952380952381 0.5660112359550562 0.6761904761904762 0.5660112359550562 0.675 0.5126404494382022
1 0.6642857142857143 0.5758426966292135 0.6654761904761904 0.6264044943820225 0.6892857142857143 0.625 0.6845238095238095 0.5730337078651685
1 0.6595238095238095 0.6348314606741573 0.675 0.6867977528089888 0.6964285714285714 0.6769662921348315 0.6833333333333333 0.6264044943820225
1 0.6678571428571428 0.6811797752808989 0.6714285714285714 0.7570224719101124 0.694047619047619 0.7570224719101124 0.6880952380952381 0.6783707865168539
1 0.6761904761904762 0.7556179775280899 0.6797619047619048 0.8188202247191011 0.7035714285714286 0.8160112359550562 0.6988095238095238 0.7542134831460674
1 0.7702380952380953 0.6587078651685393 0.7738095238095238 0.7134831460674157 0.7976190476190477 0.7134831460674157 0.7952380952380952 0.6544943820224719
1 0.7761904761904762 0.7205056179775281 0.780952380952381 0.7823033707865169 0.8071428571428572 0.7794943820224719 0.8011904761904762 0.7176966292134831
1 0.7285714285714285 0.8258426966292135 0.7297619047619047 0.8806179775280899 0.7559523809523809 0.8806179775280899 0.7547619047619047 0.8202247191011236
1 0.7845238095238095 0.8188202247191011 0.7904761904761904 0.8792134831460674 0.8154761904761905 0.8778089887640449 0.8095238095238095 0.8188202247191011
1 0.844047619047619 0.7837078651685393 0.8452380952380952 0.8497191011235955 0.8714285714285714 0.8469101123595506 0.8678571428571429 0.7823033707865169