4 0.4845238095238095 0.5323033707865169 0.5261904761904762 0.5323033707865169 0.5273809523809524 0.41292134831460675 0.48214285714285715 0.41292134831460675
4 0.18571428571428572 0.21067415730337077 0.2785714285714286 0.2205056179775281 0.2773809523809524 0.16151685393258428 0.18571428571428572 0.15730337078651685
4 0.15833333333333333 0.6811797752808989 0.25952380952380955 0.6769662921348315 0.2630952380952381 0.6278089887640449 0.15833333333333333 0.6264044943820225
1 0.7642857142857142 0.7542134831460674 0.7678571428571429 0.8707865168539326 0.8178571428571428 0.875 0.8142857142857143 0.7528089887640449
1 0.7595238095238095 0.7345505617977528 0.8071428571428572 0.7401685393258427 0.8047619047619048 0.6039325842696629 0.7583333333333333 0.6025280898876404
1 0.763095238095238 0.5702247191011236 0.8095238095238095 0.5716292134831461 0.8095238095238095 0.44662921348314605 0.7595238095238095 0.44803370786516855
1 0.7595238095238095 0.40870786516853935 0.8047619047619048 0.4101123595505618 0.805952380952381 0.2949438202247191 0.763095238095238 0.29213483146067415
1 0.7547619047619047 0.25140449438202245 0.7976190476190477 0.25842696629213485 0.805952380952381 0.16432584269662923 0.7595238095238095 0.16151685393258428
1 0.580952380952381 0.5926966292134831 0.625 0.5969101123595506 0.6297619047619047 0.4705056179775281 0.5904761904761905 0.46629213483146065
1 0.46190476190476193 0.6376404494382022 0.5059523809523809 0.6502808988764045 0.5273809523809524 0.5491573033707865 0.48333333333333334 0.5379213483146067
1 0.4595238095238095 0.7429775280898876 0.5059523809523809 0.7443820224719101 0.5107142857142857 0.6502808988764045 0.4642857142857143 0.6502808988764045
1 0.4630952380952381 0.8047752808988764 0.4642857142857143 0.8974719101123596 0.5071428571428571 0.8974719101123596 0.5083333333333333 0.8089887640449438
1 0.15476190476190477 0.8300561797752809 0.26071428571428573 0.8146067415730337 0.26071428571428573 0.7626404494382022 0.1488095238095238 0.7780898876404494
1 0.15 0.7626404494382022 0.2619047619047619 0.7514044943820225 0.25952380952380955 0.6980337078651685 0.15119047619047618 0.702247191011236
1 0.17142857142857143 0.6137640449438202 0.2642857142857143 0.6123595505617978 0.2619047619047619 0.5617977528089888 0.1738095238095238 0.5702247191011236
1 0.15 0.5997191011235955 0.10595238095238095 0.5997191011235955 0.10833333333333334 0.476123595505618 0.1488095238095238 0.47752808988764045
1 0.16904761904761906 0.26825842696629215 0.27380952380952384 0.28230337078651685 0.2761904761904762 0.23174157303370788 0.1738095238095238 0.22752808988764045