3 0.25833333333333336 0.6769662921348315 0.26785714285714285 0.5491573033707865 0.3 0.550561797752809 0.29285714285714287 0.6797752808988764
3 0.7523809523809524 0.5070224719101124 0.7595238095238095 0.6587078651685393 0.7988095238095239 0.6587078651685393 0.7904761904761904 0.5070224719101124
3 0.7345238095238096 0.31179775280898875 0.7440476190476191 0.46207865168539325 0.7833333333333333 0.46207865168539325 0.7702380952380953 0.3089887640449438
3 0.2904761904761905 0.32162921348314605 0.29285714285714287 0.2205056179775281 0.3238095238095238 0.2205056179775281 0.3238095238095238 0.32162921348314605
3 0.29642857142857143 0.20786516853932585 0.305952380952381 0.08426966292134831 0.33690476190476193 0.08567415730337079 0.32857142857142857 0.20926966292134833
1 0.1488095238095238 0.19241573033707865 0.14047619047619048 0.24859550561797752 0.16428571428571428 0.25280898876404495 0.16904761904761906 0.19662921348314608
1 0.21785714285714286 0.14887640449438203 0.23214285714285715 0.12640449438202248 0.27380952380952384 0.15168539325842698 0.2619047619047619 0.17696629213483145
1 0.2226190476190476 0.20926966292134833 0.25595238095238093 0.2443820224719101 0.2726190476190476 0.2303370786516854 0.24166666666666667 0.19241573033707865
1 0.21785714285714286 0.2205056179775281 0.20357142857142857 0.2443820224719101 0.25357142857142856 0.27668539325842695 0.26785714285714285 0.25280898876404495
1 0.20357142857142857 0.2808988764044944 0.25952380952380955 0.2794943820224719 0.25952380952380955 0.3047752808988764 0.20238095238095238 0.3047752808988764
1 0.1880952380952381 0.3356741573033708 0.2369047619047619 0.3089887640449438 0.24642857142857144 0.33146067415730335 0.19642857142857142 0.3595505617977528
1 0.1869047619047619 0.4297752808988764 0.2488095238095238 0.4410112359550562 0.24404761904761904 0.4691011235955056 0.17976190476190476 0.45786516853932585
1 0.1869047619047619 0.4648876404494382 0.2369047619047619 0.49719101123595505 0.2226190476190476 0.5252808988764045 0.17023809523809524 0.49157303370786515
1 0.1630952380952381 0.6235955056179775 0.2226190476190476 0.5941011235955056 0.2357142857142857 0.6235955056179775 0.17261904761904762 0.6502808988764045
1 0.15714285714285714 0.6797752808988764 0.21785714285714286 0.6474719101123596 0.22857142857142856 0.672752808988764 0.16428571428571428 0.7078651685393258
1 0.15476190476190477 0.7359550561797753 0.225 0.7359550561797753 0.22380952380952382 0.7696629213483146 0.1523809523809524 0.7668539325842697
1 0.39880952380952384 0.324438202247191 0.3964285714285714 0.3848314606741573 0.41904761904761906 0.3862359550561798 0.41904761904761906 0.324438202247191
1 0.3261904761904762 0.3202247191011236 0.2845238095238095 0.35814606741573035 0.2976190476190476 0.3806179775280899 0.34285714285714286 0.3398876404494382
1 0.5833333333333334 0.5561797752808989 0.5845238095238096 0.6278089887640449 0.6107142857142858 0.6278089887640449 0.6095238095238096 0.5533707865168539
1 0.7226190476190476 0.21207865168539325 0.7261904761904762 0.26825842696629215 0.7511904761904762 0.2654494382022472 0.7464285714285714 0.21067415730337077
4 0.1988095238095238 0.39325842696629215 0.2488095238095238 0.39185393258426965 0.2488095238095238 0.4157303370786517 0.1988095238095238 0.41713483146067415
4 0.15476190476190477 0.8230337078651685 0.2130952380952381 0.8609550561797753 0.2 0.8862359550561798 0.1392857142857143 0.851123595505618
0 0.2845238095238095 0.36797752808988765 0.26904761904761904 0.5379213483146067 0.3119047619047619 0.5393258426966292 0.3238095238095238 0.3707865168539326
2 0.24642857142857144 0.7598314606741573 0.24285714285714285 0.8623595505617978 0.275 0.8637640449438202 0.27976190476190477 0.7626404494382022
4 0.28809523809523807 0.7682584269662921 0.2833333333333333 0.8581460674157303 0.31547619047619047 0.8595505617977528 0.31785714285714284 0.7696629213483146
2 0.7702380952380953 0.7275280898876404 0.7738095238095238 0.8300561797752809 0.8119047619047619 0.8300561797752809 0.805952380952381 0.726123595505618
4 0.1738095238095238 0.5575842696629213 0.225 0.550561797752809 0.22857142857142856 0.5786516853932584 0.1773809523809524 0.5870786516853933