1 0.35119047619047616 0.5294943820224719 0.32976190476190476 0.5547752808988764 0.3892857142857143 0.6039325842696629 0.40476190476190477 0.574438202247191
1 0.3904761904761905 0.5126404494382022 0.3738095238095238 0.5379213483146067 0.42738095238095236 0.5884831460674157 0.444047619047619 0.5617977528089888
1 0.4523809523809524 0.5140449438202247 0.4392857142857143 0.547752808988764 0.4928571428571429 0.5800561797752809 0.5059523809523809 0.5491573033707865
1 0.55 0.49297752808988765 0.525 0.5140449438202247 0.580952380952381 0.5688202247191011 0.5988095238095238 0.5421348314606742
1 0.5916666666666667 0.48314606741573035 0.5761904761904761 0.5140449438202247 0.6369047619047619 0.550561797752809 0.6476190476190476 0.5182584269662921
1 0.65 0.47331460674157305 0.6297619047619047 0.49297752808988765 0.6738095238095239 0.5393258426966292 0.6904761904761905 0.5098314606741573
1 0.7154761904761905 0.5997191011235955 0.6619047619047619 0.6587078651685393 0.6785714285714286 0.6811797752808989 0.7333333333333333 0.6221910112359551
1 0.8654761904761905 0.45224719101123595 0.8011904761904762 0.4606741573033708 0.805952380952381 0.4943820224719101 0.8738095238095238 0.49297752808988765
1 0.6392857142857142 0.6151685393258427 0.611904761904762 0.6235955056179775 0.6261904761904762 0.6910112359550562 0.6547619047619048 0.6882022471910112
1 0.6071428571428571 0.625 0.5797619047619048 0.6334269662921348 0.5928571428571429 0.6896067415730337 0.6178571428571429 0.6882022471910112
1 0.5738095238095238 0.6334269662921348 0.5464285714285714 0.6418539325842697 0.5595238095238095 0.6980337078651685 0.5845238095238096 0.6966292134831461
1 0.3380952380952381 0.6123595505617978 0.2845238095238095 0.6278089887640449 0.2857142857142857 0.6587078651685393 0.3476190476190476 0.648876404494382
1 0.638095238095238 0.18258426966292135 0.5857142857142857 0.15589887640449437 0.5726190476190476 0.18679775280898878 0.6333333333333333 0.21207865168539325
1 0.6904761904761905 0.17134831460674158 0.6452380952380953 0.13764044943820225 0.6285714285714286 0.16292134831460675 0.6821428571428572 0.20084269662921347