1 0.5119047619047619 0.17134831460674158 0.5226190476190476 0.14606741573033707 0.4654761904761905 0.11376404494382023 0.45357142857142857 0.14325842696629212
1 0.4988095238095238 0.21207865168539325 0.5095238095238095 0.18258426966292135 0.44642857142857145 0.1502808988764045 0.43214285714285716 0.17837078651685392
1 0.4857142857142857 0.25140449438202245 0.49404761904761907 0.2205056179775281 0.42857142857142855 0.18820224719101122 0.42023809523809524 0.21629213483146068
1 0.65 0.18258426966292135 0.6607142857142857 0.1544943820224719 0.6047619047619047 0.12780898876404495 0.5952380952380952 0.15168539325842698
1 0.6369047619047619 0.2205056179775281 0.6464285714285715 0.19241573033707865 0.5892857142857143 0.16151685393258428 0.5773809523809523 0.1896067415730337
1 0.6285714285714286 0.2598314606741573 0.638095238095238 0.23314606741573032 0.5773809523809523 0.20365168539325842 0.5654761904761905 0.2303370786516854
1 0.6095238095238096 0.2949438202247191 0.6214285714285714 0.26685393258426965 0.5630952380952381 0.23876404494382023 0.55 0.26685393258426965
1 0.6 0.33707865168539325 0.6107142857142858 0.3103932584269663 0.5476190476190477 0.27668539325842695 0.5333333333333333 0.30758426966292135
1 0.46785714285714286 0.28651685393258425 0.4773809523809524 0.26264044943820225 0.4107142857142857 0.22893258426966293 0.40476190476190477 0.25280898876404495
1 0.5833333333333334 0.37219101123595505 0.5928571428571429 0.3441011235955056 0.5297619047619048 0.31179775280898875 0.5190476190476191 0.33707865168539325
1 0.5654761904761905 0.40730337078651685 0.5797619047619048 0.38342696629213485 0.5154761904761904 0.351123595505618 0.5059523809523809 0.37359550561797755
1 0.4523809523809524 0.324438202247191 0.4642857142857143 0.29634831460674155 0.39880952380952384 0.2640449438202247 0.38571428571428573 0.28792134831460675
1 0.4357142857142857 0.3637640449438202 0.44642857142857145 0.3398876404494382 0.38452380952380955 0.3047752808988764 0.36904761904761907 0.3258426966292135
1 0.42023809523809524 0.4002808988764045 0.43452380952380953 0.37640449438202245 0.36666666666666664 0.3398876404494382 0.3547619047619048 0.36797752808988765
1 0.5511904761904762 0.4452247191011236 0.5595238095238095 0.41713483146067415 0.5011904761904762 0.3890449438202247 0.4857142857142857 0.4143258426966292
1 0.5369047619047619 0.48314606741573035 0.5476190476190477 0.45365168539325845 0.4857142857142857 0.4241573033707865 0.4714285714285714 0.449438202247191
1 0.5214285714285715 0.5224719101123596 0.5369047619047619 0.49297752808988765 0.46785714285714286 0.46207865168539325 0.45595238095238094 0.4901685393258427
1 0.5011904761904762 0.5589887640449438 0.5107142857142857 0.5323033707865169 0.45476190476190476 0.5056179775280899 0.44166666666666665 0.5252808988764045
1 0.4 0.44241573033707865 0.4142857142857143 0.4143258426966292 0.35 0.3792134831460674 0.3392857142857143 0.40308988764044945
1 0.38333333333333336 0.48314606741573035 0.39880952380952384 0.45365168539325845 0.3333333333333333 0.42134831460674155 0.32142857142857145 0.4508426966292135
1 0.36666666666666664 0.5210674157303371 0.37976190476190474 0.49719101123595505 0.319047619047619 0.45786516853932585 0.3011904761904762 0.4845505617977528
1 0.3488095238095238 0.5688202247191011 0.3607142857142857 0.5407303370786517 0.2976190476190476 0.5056179775280899 0.2833333333333333 0.5337078651685393
1 0.47619047619047616 0.6390449438202247 0.4869047619047619 0.6137640449438202 0.4238095238095238 0.5814606741573034 0.40595238095238095 0.6081460674157303
1 0.44285714285714284 0.6741573033707865 0.4511904761904762 0.6460674157303371 0.4011904761904762 0.6207865168539326 0.3892857142857143 0.6460674157303371
1 0.3333333333333333 0.6137640449438202 0.3476190476190476 0.5898876404494382 0.2785714285714286 0.5449438202247191 0.2630952380952381 0.5688202247191011
1 0.3142857142857143 0.6587078651685393 0.3273809523809524 0.6278089887640449 0.25833333333333336 0.5926966292134831 0.24404761904761904 0.6179775280898876
1 0.2916666666666667 0.6980337078651685 0.305952380952381 0.6699438202247191 0.25 0.6390449438202247 0.2369047619047619 0.6643258426966292
1 0.444047619047619 0.726123595505618 0.45595238095238094 0.6966292134831461 0.3869047619047619 0.6615168539325843 0.3726190476190476 0.6910112359550562
1 0.41904761904761906 0.7696629213483146 0.430952380952381 0.7415730337078652 0.375 0.7092696629213483 0.3630952380952381 0.7415730337078652
1 0.4035714285714286 0.8132022471910112 0.4166666666666667 0.7865168539325843 0.3547619047619048 0.7542134831460674 0.34285714285714286 0.7823033707865169
1 0.3821428571428571 0.8609550561797753 0.39880952380952384 0.8342696629213483 0.325 0.7935393258426966 0.30952380952380953 0.8258426966292135
1 0.2726190476190476 0.8553370786516854 0.31547619047619047 0.7640449438202247 0.2892857142857143 0.75 0.24404761904761904 0.8455056179775281
1 0.23214285714285715 0.8455056179775281 0.2714285714285714 0.7598314606741573 0.24404761904761904 0.7457865168539326 0.20595238095238094 0.8342696629213483
1 0.19642857142857142 0.827247191011236 0.2392857142857143 0.7331460674157303 0.2130952380952381 0.7176966292134831 0.16904761904761906 0.8146067415730337
1 0.1392857142857143 0.7935393258426966 0.17261904761904762 0.7176966292134831 0.1523809523809524 0.7050561797752809 0.1130952380952381 0.7794943820224719
1 0.13452380952380952 0.824438202247191 0.15476190476190477 0.8384831460674157 0.12023809523809524 0.8904494382022472 0.0988095238095238 0.8735955056179775
1 0.33214285714285713 0.7429775280898876 0.3630952380952381 0.6657303370786517 0.3380952380952381 0.6502808988764045 0.3047619047619048 0.7289325842696629
1 0.15119047619047618 0.6123595505617978 0.16428571428571428 0.5856741573033708 0.11785714285714285 0.5491573033707865 0.10119047619047619 0.5758426966292135
1 0.1880952380952381 0.5730337078651685 0.2 0.5435393258426966 0.14642857142857144 0.5098314606741573 0.13095238095238096 0.5365168539325843
1 0.18333333333333332 0.5126404494382022 0.1988095238095238 0.4859550561797753 0.1357142857142857 0.4452247191011236 0.12142857142857143 0.4691011235955056
3 0.38333333333333336 0.625 0.42023809523809524 0.526685393258427 0.39166666666666666 0.5196629213483146 0.3547619047619048 0.6137640449438202
3 0.2714285714285714 0.29213483146067415 0.2857142857142857 0.26685393258426965 0.23095238095238096 0.22893258426966293 0.21785714285714286 0.25140449438202245
3 0.28214285714285714 0.3441011235955056 0.2892857142857143 0.31741573033707865 0.24047619047619048 0.3103932584269663 0.23214285714285715 0.33707865168539325
4 0.22738095238095238 0.2148876404494382 0.24047619047619048 0.18258426966292135 0.16785714285714284 0.1446629213483146 0.1523809523809524 0.1797752808988764
3 0.3464285714285714 0.27247191011235955 0.35833333333333334 0.23595505617977527 0.2714285714285714 0.19662921348314608 0.2571428571428571 0.22752808988764045
1 0.35714285714285715 0.21207865168539325 0.3630952380952381 0.18820224719101122 0.29404761904761906 0.16292134831460675 0.2845238095238095 0.19382022471910113
1 0.2571428571428571 0.17696629213483145 0.2630952380952381 0.15168539325842698 0.21428571428571427 0.13904494382022473 0.20833333333333334 0.16151685393258428