1 0.43214285714285716 0.22331460674157302 0.4666666666666667 0.22331460674157302 0.4654761904761905 0.13764044943820225 0.4297619047619048 0.13623595505617977
1 0.38333333333333336 0.35674157303370785 0.4142857142857143 0.35252808988764045 0.4107142857142857 0.2598314606741573 0.37976190476190474 0.25842696629213485
1 0.38333333333333336 0.4691011235955056 0.4142857142857143 0.46769662921348315 0.41309523809523807 0.37219101123595505 0.3821428571428571 0.375
1 0.38333333333333336 0.6165730337078652 0.41904761904761906 0.6207865168539326 0.42142857142857143 0.523876404494382 0.3869047619047619 0.5252808988764045
3 0.3761904761904762 0.7570224719101124 0.40714285714285714 0.7626404494382022 0.41904761904761906 0.6643258426966292 0.38333333333333336 0.6615168539325843
1 0.5178571428571429 0.7640449438202247 0.5202380952380953 0.8595505617977528 0.5535714285714286 0.8553370786516854 0.5547619047619048 0.7626404494382022
1 0.10833333333333334 0.8581460674157303 0.15119047619047618 0.824438202247191 0.16785714285714284 0.8539325842696629 0.12261904761904761 0.8848314606741573
1 0.0880952380952381 0.8117977528089888 0.14761904761904762 0.7556179775280899 0.17261904761904762 0.7907303370786517 0.10357142857142858 0.8525280898876404
1 0.08452380952380953 0.7528089887640449 0.1523809523809524 0.6839887640449438 0.1761904761904762 0.7191011235955056 0.10357142857142858 0.7823033707865169
4 0.10119047619047619 0.6615168539325843 0.1761904761904762 0.6615168539325843 0.17857142857142858 0.6207865168539326 0.10357142857142858 0.6207865168539326
1 0.09047619047619047 0.5702247191011236 0.16904761904761906 0.5702247191011236 0.17142857142857143 0.6137640449438202 0.08928571428571429 0.6151685393258427
1 0.09285714285714286 0.5561797752808989 0.17142857142857143 0.5547752808988764 0.175 0.5168539325842697 0.09285714285714286 0.5168539325842697
1 0.09285714285714286 0.5028089887640449 0.17261904761904762 0.49859550561797755 0.17142857142857143 0.45224719101123595 0.09047619047619047 0.45786516853932585
1 0.10119047619047619 0.41713483146067415 0.1761904761904762 0.4157303370786517 0.17857142857142858 0.45646067415730335 0.10238095238095238 0.45646067415730335
1 0.10714285714285714 0.36235955056179775 0.17023809523809524 0.37359550561797755 0.16071428571428573 0.41151685393258425 0.0988095238095238 0.40168539325842695
1 0.1130952380952381 0.18398876404494383 0.17976190476190476 0.18398876404494383 0.17976190476190476 0.1502808988764045 0.1130952380952381 0.15168539325842698