1 0.18571428571428572 0.1797752808988764 0.20238095238095238 0.21629213483146068 0.21904761904761905 0.20224719101123595 0.20357142857142857 0.17134831460674158
1 0.25833333333333336 0.14606741573033707 0.2761904761904762 0.16853932584269662 0.2916666666666667 0.15589887640449437 0.275 0.1348314606741573
1 0.2785714285714286 0.17134831460674158 0.2976190476190476 0.19662921348314608 0.31785714285714284 0.18820224719101122 0.2988095238095238 0.1601123595505618
1 0.2761904761904762 0.20224719101123595 0.29404761904761906 0.23735955056179775 0.3142857142857143 0.22752808988764045 0.29404761904761906 0.19662921348314608
1 0.3047619047619048 0.20084269662921347 0.32261904761904764 0.23174157303370788 0.3392857142857143 0.21910112359550563 0.32142857142857145 0.19101123595505617
1 0.3464285714285714 0.2612359550561798 0.3238095238095238 0.2303370786516854 0.34404761904761905 0.2205056179775281 0.36428571428571427 0.24719101123595505
1 0.34523809523809523 0.2654494382022472 0.36666666666666664 0.29353932584269665 0.3821428571428571 0.28230337078651685 0.3607142857142857 0.24859550561797752
1 0.37142857142857144 0.30196629213483145 0.39166666666666666 0.3342696629213483 0.4107142857142857 0.32162921348314605 0.39166666666666666 0.2949438202247191
1 0.3976190476190476 0.3356741573033708 0.4261904761904762 0.3707865168539326 0.444047619047619 0.35674157303370785 0.4166666666666667 0.3202247191011236
1 0.430952380952381 0.37780898876404495 0.45357142857142857 0.41151685393258425 0.4714285714285714 0.40168539325842695 0.4488095238095238 0.36657303370786515
4 0.4797619047619048 0.4508426966292135 0.5035714285714286 0.4410112359550562 0.48095238095238096 0.3960674157303371 0.46190476190476193 0.4058988764044944
1 0.37142857142857144 0.4592696629213483 0.39404761904761904 0.5084269662921348 0.4154761904761905 0.4957865168539326 0.39404761904761904 0.44803370786516855
3 0.4928571428571429 0.4592696629213483 0.5190476190476191 0.5070224719101124 0.5392857142857143 0.4957865168539326 0.5119047619047619 0.4452247191011236
1 0.6321428571428571 0.5589887640449438 0.6738095238095239 0.5323033707865169 0.6619047619047619 0.5056179775280899 0.6178571428571429 0.5351123595505618
1 0.5214285714285715 0.6910112359550562 0.5547619047619048 0.7373595505617978 0.5785714285714286 0.7191011235955056 0.5452380952380952 0.6699438202247191
4 0.6392857142857142 0.6713483146067416 0.6654761904761904 0.7191011235955056 0.6869047619047619 0.7078651685393258 0.6630952380952381 0.6573033707865169
1 0.7178571428571429 0.7851123595505618 0.7511904761904762 0.8300561797752809 0.7702380952380953 0.8146067415730337 0.7392857142857143 0.7668539325842697