2 0.7297619047619047 0.5547752808988764 0.7690476190476191 0.5646067415730337 0.7297619047619047 0.7780898876404494 0.6845238095238095 0.7626404494382022
2 0.775 0.5814606741573034 0.8178571428571428 0.5912921348314607 0.7869047619047619 0.7780898876404494 0.7464285714285714 0.7640449438202247
2 0.8285714285714286 0.5828651685393258 0.875 0.5955056179775281 0.8321428571428572 0.848314606741573 0.7904761904761904 0.8370786516853933
2 0.5654761904761905 0.21769662921348315 0.5535714285714286 0.2949438202247191 0.7523809523809524 0.32865168539325845 0.763095238095238 0.25702247191011235
2 0.794047619047619 0.35674157303370785 0.7785714285714286 0.42837078651685395 0.9476190476190476 0.46769662921348315 0.9595238095238096 0.39325842696629215
2 0.7833333333333333 0.324438202247191 0.7726190476190476 0.3946629213483146 0.9369047619047619 0.42275280898876405 0.9464285714285714 0.3539325842696629
2 0.7880952380952381 0.22331460674157302 0.7726190476190476 0.28792134831460675 0.9571428571428572 0.32162921348314605 0.9654761904761905 0.25140449438202245
2 0.7797619047619048 0.28651685393258425 0.7726190476190476 0.32865168539325845 0.9321428571428572 0.36235955056179775 0.9369047619047619 0.3103932584269663
1 0.6238095238095238 0.14606741573033707 0.6154761904761905 0.17415730337078653 0.6797619047619048 0.19382022471910113 0.6880952380952381 0.15870786516853932
1 0.2011904761904762 0.19382022471910113 0.16785714285714284 0.23876404494382023 0.19523809523809524 0.2542134831460674 0.22380952380952382 0.20646067415730338
0 0.305952380952381 0.1348314606741573 0.3392857142857143 0.15168539325842698 0.2714285714285714 0.26264044943820225 0.23214285714285715 0.2401685393258427
0 0.3523809523809524 0.14887640449438203 0.38571428571428573 0.16432584269662923 0.3119047619047619 0.2808988764044944 0.2761904761904762 0.25702247191011235
0 0.1630952380952381 0.3862359550561798 0.20952380952380953 0.40730337078651685 0.11904761904761904 0.547752808988764 0.0761904761904762 0.5126404494382022
0 0.23095238095238096 0.41292134831460675 0.26904761904761904 0.4241573033707865 0.1988095238095238 0.5688202247191011 0.15714285714285714 0.5519662921348315
0 0.2654761904761905 0.4410112359550562 0.30238095238095236 0.45365168539325845 0.2369047619047619 0.6039325842696629 0.19523809523809524 0.5870786516853933
0 0.30357142857142855 0.4592696629213483 0.34523809523809523 0.4705056179775281 0.2761904761904762 0.6221910112359551 0.23333333333333334 0.6025280898876404
0 0.3488095238095238 0.4648876404494382 0.38452380952380955 0.48314606741573035 0.319047619047619 0.6278089887640449 0.2761904761904762 0.6109550561797753
0 0.38095238095238093 0.48314606741573035 0.42023809523809524 0.49297752808988765 0.36428571428571427 0.651685393258427 0.3202380952380952 0.6348314606741573
0 0.4238095238095238 0.4943820224719101 0.4630952380952381 0.5112359550561798 0.4107142857142857 0.6657303370786517 0.36428571428571427 0.648876404494382
0 0.4880952380952381 0.5252808988764045 0.5238095238095238 0.5379213483146067 0.48333333333333334 0.6924157303370787 0.44166666666666665 0.6783707865168539
0 0.5369047619047619 0.5407303370786517 0.5714285714285714 0.550561797752809 0.5333333333333333 0.7050561797752809 0.4880952380952381 0.6980337078651685
0 0.580952380952381 0.5561797752808989 0.6166666666666667 0.5674157303370787 0.575 0.7205056179775281 0.5345238095238095 0.7036516853932584
0 0.625 0.5688202247191011 0.6619047619047619 0.5800561797752809 0.6261904761904762 0.7457865168539326 0.5845238095238096 0.7303370786516854
0 0.6702380952380952 0.5856741573033708 0.7071428571428572 0.5955056179775281 0.675 0.7626404494382022 0.6345238095238095 0.7485955056179775