4 0.7583333333333333 0.15168539325842698 0.7511904761904762 0.27668539325842695 0.7988095238095239 0.2851123595505618 0.8047619047619048 0.15308988764044945
1 0.6357142857142857 0.16713483146067415 0.6321428571428571 0.2696629213483146 0.6714285714285714 0.2710674157303371 0.6738095238095239 0.17134831460674158
1 0.6928571428571428 0.19241573033707865 0.7011904761904761 0.29353932584269665 0.7416666666666667 0.28792134831460675 0.7321428571428571 0.18258426966292135
1 0.7452380952380953 0.30337078651685395 0.8464285714285714 0.33848314606741575 0.8404761904761905 0.38342696629213485 0.7345238095238096 0.3497191011235955
1 0.3535714285714286 0.12359550561797752 0.3523809523809524 0.19241573033707865 0.3869047619047619 0.19382022471910113 0.3892857142857143 0.12219101123595505
1 0.3488095238095238 0.21067415730337077 0.34404761904761905 0.3202247191011236 0.37976190476190474 0.3188202247191011 0.38571428571428573 0.21207865168539325
1 0.3392857142857143 0.34831460674157305 0.3380952380952381 0.46769662921348315 0.38095238095238093 0.46629213483146065 0.38095238095238093 0.351123595505618
1 0.3416666666666667 0.48735955056179775 0.3333333333333333 0.6039325842696629 0.375 0.6053370786516854 0.37976190476190474 0.49157303370786515
1 0.3345238095238095 0.6320224719101124 0.3273809523809524 0.7570224719101124 0.36547619047619045 0.7570224719101124 0.375 0.6334269662921348
1 0.319047619047619 0.7907303370786517 0.30833333333333335 0.8764044943820225 0.34523809523809523 0.8792134831460674 0.3547619047619048 0.7949438202247191
1 0.6416666666666667 0.5519662921348315 0.6321428571428571 0.6671348314606742 0.6702380952380952 0.6699438202247191 0.6773809523809524 0.5561797752808989
1 0.5964285714285714 0.7092696629213483 0.5869047619047619 0.8258426966292135 0.6273809523809524 0.8300561797752809 0.6369047619047619 0.7092696629213483
1 0.655952380952381 0.7303370786516854 0.6619047619047619 0.8525280898876404 0.7083333333333334 0.851123595505618 0.6964285714285714 0.7289325842696629
1 0.7011904761904761 0.6966292134831461 0.7357142857142858 0.8174157303370787 0.7773809523809524 0.800561797752809 0.736904761904762 0.6853932584269663
1 0.7321428571428571 0.5941011235955056 0.7321428571428571 0.6502808988764045 0.8321428571428572 0.6446629213483146 0.8297619047619048 0.5926966292134831
1 0.7488095238095238 0.672752808988764 0.7857142857142857 0.7794943820224719 0.8226190476190476 0.7612359550561798 0.7785714285714286 0.651685393258427
1 0.8035714285714286 0.6783707865168539 0.8380952380952381 0.7682584269662921 0.8714285714285714 0.75 0.8321428571428572 0.6615168539325843