2 0.5476190476190477 0.4353932584269663 0.5488095238095239 0.523876404494382 0.5821428571428572 0.5224719101123596 0.5797619047619048 0.4339887640449438
2 0.5535714285714286 0.27668539325842695 0.5523809523809524 0.34831460674157305 0.5761904761904761 0.351123595505618 0.575 0.273876404494382
2 0.7488095238095238 0.3103932584269663 0.7523809523809524 0.33848314606741575 0.7964285714285714 0.33848314606741575 0.794047619047619 0.3089887640449438
3 0.6190476190476191 0.20224719101123595 0.6178571428571429 0.2303370786516854 0.6666666666666666 0.22752808988764045 0.669047619047619 0.20365168539325842
4 0.7523809523809524 0.3398876404494382 0.7535714285714286 0.36657303370786515 0.8 0.36657303370786515 0.7988095238095239 0.3356741573033708
4 0.20833333333333334 0.16151685393258428 0.20833333333333334 0.18117977528089887 0.24642857142857144 0.18258426966292135 0.24523809523809523 0.1601123595505618
1 0.3107142857142857 0.16292134831460675 0.33095238095238094 0.16151685393258428 0.3333333333333333 0.12359550561797752 0.3119047619047619 0.12219101123595505
4 0.780952380952381 0.6264044943820225 0.7833333333333333 0.6966292134831461 0.8095238095238095 0.699438202247191 0.8035714285714286 0.6278089887640449
1 0.2011904761904762 0.1853932584269663 0.2 0.21067415730337077 0.24285714285714285 0.21067415730337077 0.24523809523809523 0.1853932584269663
1 0.1976190476190476 0.20926966292134833 0.1988095238095238 0.22612359550561797 0.23095238095238096 0.22612359550561797 0.23095238095238096 0.20786516853932585
1 0.2 0.23174157303370788 0.2011904761904762 0.25 0.24047619047619048 0.25 0.24285714285714285 0.22612359550561797
1 0.18928571428571428 0.24719101123595505 0.18928571428571428 0.2696629213483146 0.2357142857142857 0.2696629213483146 0.23333333333333334 0.2443820224719101
1 0.8321428571428572 0.16853932584269662 0.8511904761904762 0.16573033707865167 0.8464285714285714 0.12640449438202248 0.8285714285714286 0.12780898876404495
1 0.8476190476190476 0.18820224719101122 0.8595238095238096 0.22331460674157302 0.8809523809523809 0.21629213483146068 0.8678571428571429 0.17837078651685392
4 0.18928571428571428 0.3300561797752809 0.18928571428571428 0.35252808988764045 0.2261904761904762 0.3553370786516854 0.2261904761904762 0.32724719101123595
1 0.17976190476190476 0.38202247191011235 0.17857142857142858 0.40308988764044945 0.2261904761904762 0.4058988764044944 0.22738095238095238 0.3792134831460674
1 0.31547619047619047 0.18258426966292135 0.30357142857142855 0.199438202247191 0.3357142857142857 0.2247191011235955 0.3464285714285714 0.20786516853932585
1 0.16428571428571428 0.40870786516853935 0.1619047619047619 0.43258426966292135 0.21666666666666667 0.4297752808988764 0.21904761904761905 0.4058988764044944
1 0.15 0.4550561797752809 0.1523809523809524 0.48174157303370785 0.20476190476190476 0.48174157303370785 0.20238095238095238 0.45365168539325845
1 0.1523809523809524 0.4845505617977528 0.15 0.5126404494382022 0.2 0.5126404494382022 0.20238095238095238 0.4859550561797753
1 0.1488095238095238 0.5154494382022472 0.14642857142857144 0.5449438202247191 0.1976190476190476 0.5421348314606742 0.2 0.5154494382022472
1 0.2773809523809524 0.46207865168539325 0.2642857142857143 0.48735955056179775 0.3142857142857143 0.5098314606741573 0.3261904761904762 0.48174157303370785
4 0.27976190476190477 0.5168539325842697 0.26666666666666666 0.5421348314606742 0.3119047619047619 0.5660112359550562 0.3238095238095238 0.5421348314606742
1 0.1392857142857143 0.6278089887640449 0.14523809523809525 0.6474719101123596 0.19047619047619047 0.6278089887640449 0.18333333333333332 0.6081460674157303
1 0.2619047619047619 0.5519662921348315 0.25357142857142856 0.574438202247191 0.30714285714285716 0.5926966292134831 0.3142857142857143 0.5730337078651685
1 0.27380952380952384 0.648876404494382 0.27380952380952384 0.6783707865168539 0.32976190476190476 0.6783707865168539 0.33095238095238094 0.648876404494382
1 0.28809523809523807 0.6783707865168539 0.28809523809523807 0.7120786516853933 0.34523809523809523 0.7120786516853933 0.34404761904761905 0.6811797752808989
1 0.7464285714285714 0.6418539325842697 0.7511904761904762 0.7008426966292135 0.780952380952381 0.699438202247191 0.775 0.6390449438202247
1 0.7404761904761905 0.22752808988764045 0.7464285714285714 0.25140449438202245 0.7880952380952381 0.24719101123595505 0.7857142857142857 0.2205056179775281
2 0.7559523809523809 0.2443820224719101 0.7547619047619047 0.2654494382022472 0.8023809523809524 0.26685393258426965 0.8023809523809524 0.24578651685393257
2 0.7559523809523809 0.26825842696629215 0.7523809523809524 0.2907303370786517 0.8011904761904762 0.2949438202247191 0.8 0.2710674157303371
1 0.625 0.24578651685393257 0.6273809523809524 0.26825842696629215 0.6797619047619048 0.26264044943820225 0.6761904761904762 0.23876404494382023
1 0.6321428571428571 0.2654494382022472 0.6285714285714286 0.29353932584269665 0.6761904761904762 0.2907303370786517 0.6773809523809524 0.2640449438202247
1 0.6357142857142857 0.29353932584269665 0.6333333333333333 0.31320224719101125 0.680952380952381 0.3160112359550562 0.6857142857142857 0.29353932584269665
1 0.6321428571428571 0.31320224719101125 0.6321428571428571 0.3455056179775281 0.6857142857142857 0.34129213483146065 0.6833333333333333 0.31320224719101125
1 0.8047619047619048 0.324438202247191 0.8095238095238095 0.3693820224719101 0.8345238095238096 0.3693820224719101 0.8285714285714286 0.3202247191011236
1 0.638095238095238 0.3651685393258427 0.6357142857142857 0.3946629213483146 0.6892857142857143 0.4002808988764045 0.6916666666666667 0.3707865168539326
3 0.6369047619047619 0.43258426966292135 0.6369047619047619 0.45646067415730335 0.6857142857142857 0.45646067415730335 0.6845238095238095 0.42837078651685395
1 0.6440476190476191 0.5126404494382022 0.6440476190476191 0.5435393258426966 0.7 0.5463483146067416 0.7023809523809523 0.5154494382022472
1 0.5595238095238095 0.5365168539325843 0.5607142857142857 0.5941011235955056 0.5833333333333334 0.5941011235955056 0.5833333333333334 0.5365168539325843
1 0.6476190476190476 0.5997191011235955 0.6476190476190476 0.6264044943820225 0.7023809523809523 0.6292134831460674 0.7011904761904761 0.6025280898876404
1 0.7726190476190476 0.45646067415730335 0.7761904761904762 0.4789325842696629 0.8273809523809523 0.4789325842696629 0.8226190476190476 0.4550561797752809
1 0.7714285714285715 0.48174157303370785 0.7714285714285715 0.5112359550561798 0.8321428571428572 0.5070224719101124 0.8321428571428572 0.48174157303370785
1 0.7714285714285715 0.5182584269662921 0.7761904761904762 0.547752808988764 0.8392857142857143 0.5379213483146067 0.8333333333333334 0.5042134831460674
1 0.7821428571428571 0.5435393258426966 0.7785714285714286 0.5702247191011236 0.8392857142857143 0.5702247191011236 0.8452380952380952 0.5435393258426966
1 0.7904761904761904 0.574438202247191 0.7952380952380952 0.601123595505618 0.8511904761904762 0.5969101123595506 0.8476190476190476 0.5660112359550562