1 0.14166666666666666 0.12780898876404495 0.17023809523809524 0.1797752808988764 0.1988095238095238 0.16292134831460675 0.16785714285714284 0.10674157303370786
1 0.11785714285714285 0.23876404494382023 0.15357142857142858 0.3160112359550562 0.12261904761904761 0.3342696629213483 0.0869047619047619 0.2598314606741573
1 0.12738095238095237 0.33848314606741575 0.16071428571428573 0.40730337078651685 0.18928571428571428 0.3960674157303371 0.1523809523809524 0.3202247191011236
1 0.16547619047619047 0.42134831460674155 0.20238095238095238 0.4943820224719101 0.23214285714285715 0.4789325842696629 0.18928571428571428 0.40308988764044945
1 0.20476190476190476 0.5014044943820225 0.24166666666666667 0.5730337078651685 0.2761904761904762 0.5561797752808989 0.23095238095238096 0.4803370786516854
1 0.2523809523809524 0.5912921348314607 0.2845238095238095 0.6643258426966292 0.31547619047619047 0.6530898876404494 0.2773809523809524 0.5688202247191011
1 0.1130952380952381 0.851123595505618 0.18571428571428572 0.8033707865168539 0.16785714285714284 0.7654494382022472 0.09404761904761905 0.8146067415730337
1 0.36547619047619045 0.776685393258427 0.4119047619047619 0.8637640449438202 0.44285714285714284 0.8441011235955056 0.39880952380952384 0.7584269662921348
1 0.5892857142857143 0.6334269662921348 0.6357142857142857 0.7106741573033708 0.6654761904761904 0.6839887640449438 0.6214285714285714 0.6095505617977528
1 0.6273809523809524 0.6081460674157303 0.6726190476190477 0.6853932584269663 0.7035714285714286 0.6643258426966292 0.6571428571428571 0.5870786516853933
1 0.669047619047619 0.5898876404494382 0.7083333333333334 0.6601123595505618 0.7416666666666667 0.6432584269662921 0.694047619047619 0.5660112359550562
1 0.7333333333333333 0.5421348314606742 0.775 0.6109550561797753 0.8095238095238095 0.5955056179775281 0.7654761904761904 0.5210674157303371
1 0.7488095238095238 0.6446629213483146 0.7988095238095239 0.7317415730337079 0.8321428571428572 0.7064606741573034 0.7797619047619048 0.6221910112359551
1 0.7857142857142857 0.6193820224719101 0.8357142857142857 0.7064606741573034 0.8678571428571429 0.6825842696629213 0.8178571428571428 0.5997191011235955
1 0.8273809523809523 0.6039325842696629 0.8785714285714286 0.6910112359550562 0.9095238095238095 0.6643258426966292 0.8488095238095238 0.577247191011236
1 0.8083333333333333 0.5028089887640449 0.8547619047619047 0.5730337078651685 0.888095238095238 0.5561797752808989 0.8380952380952381 0.47752808988764045
1 0.5357142857142857 0.33848314606741575 0.5821428571428572 0.4058988764044944 0.6095238095238096 0.3890449438202247 0.5642857142857143 0.3160112359550562
1 0.6452380952380953 0.36797752808988765 0.6904761904761905 0.4438202247191011 0.7214285714285714 0.425561797752809 0.6702380952380952 0.3441011235955056
1 0.7107142857142857 0.32865168539325845 0.7607142857142857 0.40730337078651685 0.7916666666666666 0.3848314606741573 0.736904761904762 0.3089887640449438
1 0.7464285714285714 0.3047752808988764 0.794047619047619 0.38764044943820225 0.8226190476190476 0.36657303370786515 0.7726190476190476 0.28792134831460675
1 0.7761904761904762 0.28792134831460675 0.8226190476190476 0.36657303370786515 0.8535714285714285 0.34691011235955055 0.8047619047619048 0.2696629213483146
1 0.8464285714285714 0.2542134831460674 0.8857142857142857 0.32162921348314605 0.9178571428571428 0.2991573033707865 0.8702380952380953 0.23314606741573032
1 0.7202380952380952 0.22612359550561797 0.7654761904761904 0.2907303370786517 0.7976190476190477 0.2696629213483146 0.7488095238095238 0.2050561797752809
1 0.7523809523809524 0.20646067415730338 0.8035714285714286 0.26825842696629215 0.8321428571428572 0.25 0.7785714285714286 0.18398876404494383
1 0.7857142857142857 0.18258426966292135 0.8369047619047619 0.25140449438202245 0.8666666666666667 0.22612359550561797 0.8130952380952381 0.16432584269662923
1 0.3142857142857143 0.2654494382022472 0.35 0.3342696629213483 0.37976190476190474 0.3160112359550562 0.3416666666666667 0.24859550561797752
1 0.35 0.24859550561797752 0.38571428571428573 0.3103932584269663 0.41309523809523807 0.29353932584269665 0.3761904761904762 0.22612359550561797
1 0.38571428571428573 0.22612359550561797 0.41785714285714287 0.2949438202247191 0.45 0.27668539325842695 0.4142857142857143 0.21067415730337077
1 0.45595238095238094 0.19241573033707865 0.48928571428571427 0.2542134831460674 0.5178571428571429 0.23314606741573032 0.4785714285714286 0.17275280898876405
1 0.48333333333333334 0.17134831460674158 0.5226190476190476 0.23876404494382023 0.55 0.21629213483146068 0.5107142857142857 0.15308988764044945
1 0.42023809523809524 0.13202247191011235 0.45 0.18398876404494383 0.4797619047619048 0.17134831460674158 0.4511904761904762 0.11797752808988764
1 0.3880952380952381 0.1502808988764045 0.42023809523809524 0.20646067415730338 0.4488095238095238 0.19241573033707865 0.41309523809523807 0.1306179775280899
1 0.35119047619047616 0.16432584269662923 0.38452380952380955 0.2247191011235955 0.41309523809523807 0.20646067415730338 0.37976190476190474 0.1446629213483146
1 0.31785714285714284 0.18117977528089887 0.35 0.2401685393258427 0.375 0.22612359550561797 0.34404761904761905 0.16292134831460675
1 0.2845238095238095 0.199438202247191 0.31666666666666665 0.25842696629213485 0.3464285714285714 0.24297752808988765 0.3107142857142857 0.18258426966292135
1 0.24642857142857144 0.21910112359550563 0.28095238095238095 0.2794943820224719 0.305952380952381 0.2640449438202247 0.27380952380952384 0.20084269662921347