0 0.7869047619047619 0.48314606741573035 0.7083333333333334 0.6404494382022472 0.7476190476190476 0.6671348314606742 0.8238095238095238 0.5028089887640449
0 0.8214285714285714 0.5533707865168539 0.7309523809523809 0.7219101123595506 0.7773809523809524 0.7457865168539326 0.8571428571428571 0.574438202247191
0 0.8476190476190476 0.6558988764044944 0.7571428571428571 0.824438202247191 0.8035714285714286 0.848314606741573 0.8833333333333333 0.6769662921348315
1 0.6904761904761905 0.44662921348314605 0.6607142857142857 0.5112359550561798 0.6845238095238095 0.5252808988764045 0.7119047619047619 0.4592696629213483
1 0.7345238095238096 0.3792134831460674 0.7 0.4339887640449438 0.7261904761904762 0.4508426966292135 0.7559523809523809 0.39325842696629215
1 0.8761904761904762 0.34269662921348315 0.825 0.3188202247191011 0.8142857142857143 0.3455056179775281 0.8642857142857143 0.37359550561797755
1 0.6678571428571428 0.398876404494382 0.6452380952380953 0.4606741573033708 0.6714285714285714 0.47331460674157305 0.6952380952380952 0.4143258426966292
1 0.6392857142857142 0.35674157303370785 0.6023809523809524 0.425561797752809 0.6261904761904762 0.4396067415730337 0.6583333333333333 0.37640449438202245
1 0.6226190476190476 0.4438202247191011 0.5916666666666667 0.49157303370786515 0.6154761904761905 0.5070224719101124 0.6440476190476191 0.45224719101123595
1 0.7345238095238096 0.16573033707865167 0.7035714285714286 0.2303370786516854 0.7309523809523809 0.24297752808988765 0.7607142857142857 0.17696629213483145
1 0.7785714285714286 0.14747191011235955 0.7607142857142857 0.19803370786516855 0.7904761904761904 0.20926966292134833 0.8023809523809524 0.1544943820224719
1 0.7047619047619048 0.13904494382022473 0.6785714285714286 0.1853932584269663 0.7047619047619048 0.1952247191011236 0.7273809523809524 0.1502808988764045
1 0.6714285714285714 0.125 0.6416666666666667 0.18117977528089887 0.6678571428571428 0.19101123595505617 0.6928571428571428 0.1348314606741573
1 0.6190476190476191 0.14325842696629212 0.5892857142857143 0.199438202247191 0.6154761904761905 0.20926966292134833 0.6404761904761904 0.15308988764044945
1 0.5214285714285715 0.16713483146067415 0.49166666666666664 0.22331460674157302 0.5178571428571429 0.23314606741573032 0.5428571428571428 0.17696629213483145
1 0.49166666666666664 0.14185393258426968 0.46190476190476193 0.19803370786516855 0.4880952380952381 0.20786516853932585 0.513095238095238 0.15168539325842698
1 0.3761904761904762 0.30196629213483145 0.34523809523809523 0.35814606741573035 0.36904761904761907 0.36657303370786515 0.3976190476190476 0.31741573033707865
1 0.17976190476190476 0.17415730337078653 0.1380952380952381 0.22752808988764045 0.16071428571428573 0.24297752808988765 0.1988095238095238 0.1896067415730337
3 0.2761904761904762 0.23314606741573032 0.23214285714285715 0.2991573033707865 0.2619047619047619 0.3188202247191011 0.3011904761904762 0.24859550561797752
3 0.5892857142857143 0.34691011235955055 0.5523809523809524 0.43820224719101125 0.5880952380952381 0.45224719101123595 0.6166666666666667 0.3651685393258427
0 0.513095238095238 0.32162921348314605 0.43333333333333335 0.47191011235955055 0.475 0.49859550561797755 0.55 0.34691011235955055
0 0.444047619047619 0.27668539325842695 0.35833333333333334 0.42134831460674155 0.4023809523809524 0.4438202247191011 0.48095238095238096 0.30196629213483145
0 0.3952380952380952 0.6629213483146067 0.29404761904761906 0.8384831460674157 0.3333333333333333 0.8609550561797753 0.4392857142857143 0.6938202247191011
0 0.3404761904761905 0.625 0.24047619047619048 0.7907303370786517 0.27976190476190477 0.8258426966292135 0.38333333333333336 0.6530898876404494
0 0.2869047619047619 0.6025280898876404 0.18333333333333332 0.7598314606741573 0.22738095238095238 0.7949438202247191 0.3261904761904762 0.6320224719101124
0 0.23333333333333334 0.5449438202247191 0.14404761904761904 0.7162921348314607 0.18928571428571428 0.7429775280898876 0.275 0.5674157303370787
0 0.1773809523809524 0.5154494382022472 0.0880952380952381 0.6867977528089888 0.13333333333333333 0.7134831460674157 0.21904761904761905 0.5379213483146067