1 0.7476190476190476 0.6924157303370787 0.7142857142857143 0.7289325842696629 0.7333333333333333 0.7471910112359551 0.763095238095238 0.7092696629213483
1 0.7916666666666666 0.7120786516853933 0.7583333333333333 0.7485955056179775 0.7773809523809524 0.7668539325842697 0.8071428571428572 0.7289325842696629
1 0.85 0.5084269662921348 0.8166666666666667 0.5449438202247191 0.8357142857142857 0.5632022471910112 0.8654761904761905 0.5252808988764045
1 0.6571428571428571 0.5308988764044944 0.6238095238095238 0.5674157303370787 0.6428571428571429 0.5856741573033708 0.6726190476190477 0.547752808988764
1 0.6309523809523809 0.5126404494382022 0.5976190476190476 0.5491573033707865 0.6166666666666667 0.5674157303370787 0.6464285714285715 0.5294943820224719
1 0.5976190476190476 0.48314606741573035 0.5702380952380952 0.5323033707865169 0.5892857142857143 0.550561797752809 0.6190476190476191 0.5126404494382022
1 0.21428571428571427 0.5617977528089888 0.18095238095238095 0.598314606741573 0.2 0.6165730337078652 0.22976190476190475 0.5786516853932584
1 0.23452380952380952 0.5926966292134831 0.2011904761904762 0.6292134831460674 0.22023809523809523 0.6474719101123596 0.25 0.6095505617977528
1 0.29642857142857143 0.6348314606741573 0.2630952380952381 0.6713483146067416 0.28214285714285714 0.6896067415730337 0.3119047619047619 0.651685393258427
1 0.3202380952380952 0.6615168539325843 0.2869047619047619 0.6980337078651685 0.305952380952381 0.7162921348314607 0.3357142857142857 0.6783707865168539
1 0.35 0.6910112359550562 0.31666666666666665 0.7275280898876404 0.3357142857142857 0.7457865168539326 0.36547619047619045 0.7078651685393258
1 0.38452380952380955 0.7485955056179775 0.35119047619047616 0.7851123595505618 0.37023809523809526 0.8033707865168539 0.4 0.7654494382022472
1 0.41309523809523807 0.776685393258427 0.37976190476190474 0.8132022471910112 0.39880952380952384 0.8314606741573034 0.42857142857142855 0.7935393258426966
1 0.29285714285714287 0.827247191011236 0.27976190476190477 0.8441011235955056 0.30833333333333335 0.875 0.3238095238095238 0.8609550561797753
1 0.4226190476190476 0.6713483146067416 0.4095238095238095 0.6797752808988764 0.4297619047619048 0.7191011235955056 0.45 0.7078651685393258
1 0.6404761904761904 0.4705056179775281 0.6 0.46207865168539325 0.5976190476190476 0.4845505617977528 0.6416666666666667 0.4901685393258427
1 0.5821428571428572 0.42837078651685395 0.5416666666666666 0.43820224719101125 0.544047619047619 0.4606741573033708 0.5845238095238096 0.449438202247191
1 0.8607142857142858 0.3356741573033708 0.8845238095238095 0.3061797752808989 0.8964285714285715 0.3103932584269663 0.8726190476190476 0.34831460674157305