1 0.8416666666666667 0.6853932584269663 0.8476190476190476 0.7626404494382022 0.8690476190476191 0.7626404494382022 0.8666666666666667 0.6853932584269663
1 0.8071428571428572 0.6839887640449438 0.8130952380952381 0.7612359550561798 0.8345238095238096 0.7612359550561798 0.8321428571428572 0.6839887640449438
1 0.7678571428571429 0.6882022471910112 0.7738095238095238 0.7654494382022472 0.7952380952380952 0.7654494382022472 0.7928571428571428 0.6882022471910112
1 0.6083333333333333 0.6980337078651685 0.6142857142857143 0.7752808988764045 0.6357142857142857 0.7752808988764045 0.6333333333333333 0.6980337078651685
1 0.725 0.6825842696629213 0.7309523809523809 0.7598314606741573 0.7523809523809524 0.7598314606741573 0.75 0.6825842696629213
1 0.6880952380952381 0.6910112359550562 0.694047619047619 0.7682584269662921 0.7154761904761905 0.7682584269662921 0.7130952380952381 0.6910112359550562
4 0.5773809523809523 0.6966292134831461 0.5785714285714286 0.7780898876404494 0.5988095238095238 0.7780898876404494 0.5976190476190476 0.6966292134831461
4 0.5369047619047619 0.699438202247191 0.5416666666666666 0.7696629213483146 0.5654761904761905 0.7710674157303371 0.5607142857142857 0.7008426966292135
1 0.4488095238095238 0.699438202247191 0.4488095238095238 0.7668539325842697 0.4714285714285714 0.7654494382022472 0.4714285714285714 0.6952247191011236
1 0.4119047619047619 0.6980337078651685 0.4107142857142857 0.7654494382022472 0.43452380952380953 0.7640449438202247 0.43452380952380953 0.6938202247191011
1 0.38095238095238093 0.702247191011236 0.3761904761904762 0.7710674157303371 0.4023809523809524 0.773876404494382 0.40714285714285714 0.7106741573033708
1 0.3392857142857143 0.6853932584269663 0.3357142857142857 0.7584269662921348 0.3630952380952381 0.7584269662921348 0.36666666666666664 0.6867977528089888
1 0.4630952380952381 0.5856741573033708 0.5095238095238095 0.625 0.5238095238095238 0.5912921348314607 0.4797619047619048 0.5561797752808989
1 0.6452380952380953 0.5941011235955056 0.694047619047619 0.6165730337078652 0.7035714285714286 0.5912921348314607 0.6547619047619048 0.5674157303370787
1 0.2523809523809524 0.7345505617977528 0.24761904761904763 0.8160112359550562 0.27380952380952384 0.8132022471910112 0.28095238095238095 0.7359550561797753
1 0.1738095238095238 0.648876404494382 0.16547619047619047 0.7303370786516854 0.19166666666666668 0.7317415730337079 0.1976190476190476 0.6474719101123596
1 0.16904761904761906 0.5224719101123596 0.16785714285714284 0.5870786516853933 0.19285714285714287 0.5870786516853933 0.1976190476190476 0.5224719101123596
1 0.18333333333333332 0.4297752808988764 0.1761904761904762 0.5028089887640449 0.2011904761904762 0.5056179775280899 0.20714285714285716 0.4311797752808989
1 0.24523809523809523 0.48735955056179775 0.29523809523809524 0.5210674157303371 0.3119047619047619 0.49157303370786515 0.2619047619047619 0.45786516853932585
1 0.25357142857142856 0.4508426966292135 0.30357142857142855 0.4845505617977528 0.3202380952380952 0.4550561797752809 0.2702380952380952 0.42134831460674155
1 0.24285714285714285 0.37640449438202245 0.29523809523809524 0.4199438202247191 0.3119047619047619 0.3946629213483146 0.2630952380952381 0.35674157303370785
1 0.25476190476190474 0.3356741573033708 0.2988095238095238 0.3637640449438202 0.3119047619047619 0.33848314606741575 0.26666666666666666 0.3160112359550562
1 0.1880952380952381 0.2598314606741573 0.19047619047619047 0.31320224719101125 0.2130952380952381 0.31320224719101125 0.20952380952380953 0.25842696629213485
1 0.1976190476190476 0.16853932584269662 0.19523809523809524 0.2247191011235955 0.21666666666666667 0.22612359550561797 0.22142857142857142 0.16713483146067415
1 0.2702380952380952 0.2710674157303371 0.31547619047619047 0.29634831460674155 0.3261904761904762 0.27668539325842695 0.27976190476190477 0.24578651685393257
1 0.2726190476190476 0.23314606741573032 0.31785714285714284 0.25842696629213485 0.32857142857142857 0.23876404494382023 0.28214285714285714 0.20786516853932585
1 0.33095238095238094 0.2050561797752809 0.3333333333333333 0.26685393258426965 0.35714285714285715 0.2640449438202247 0.3523809523809524 0.20646067415730338
1 0.375 0.20786516853932585 0.3761904761904762 0.2598314606741573 0.39404761904761904 0.25702247191011235 0.39166666666666666 0.2050561797752809
1 0.4011904761904762 0.20365168539325842 0.4023809523809524 0.2696629213483146 0.4261904761904762 0.26685393258426965 0.425 0.20646067415730338
1 0.4369047619047619 0.20084269662921347 0.4380952380952381 0.26685393258426965 0.46190476190476193 0.2640449438202247 0.4607142857142857 0.20365168539325842
1 0.46785714285714286 0.20224719101123595 0.46904761904761905 0.26825842696629215 0.4928571428571429 0.2654494382022472 0.49166666666666664 0.2050561797752809
1 0.5535714285714286 0.19662921348314608 0.5535714285714286 0.2612359550561798 0.5773809523809523 0.2612359550561798 0.575 0.199438202247191
1 0.6023809523809524 0.2050561797752809 0.6023809523809524 0.2612359550561798 0.6261904761904762 0.2598314606741573 0.6226190476190476 0.20365168539325842
1 0.6309523809523809 0.2050561797752809 0.6309523809523809 0.2612359550561798 0.6547619047619048 0.2598314606741573 0.6511904761904762 0.20365168539325842
1 0.6654761904761904 0.20365168539325842 0.6654761904761904 0.2598314606741573 0.6892857142857143 0.25842696629213485 0.6857142857142857 0.20224719101123595
1 0.6988095238095238 0.199438202247191 0.6988095238095238 0.2556179775280899 0.7226190476190476 0.2542134831460674 0.719047619047619 0.19803370786516855
1 0.7380952380952381 0.19803370786516855 0.7380952380952381 0.2542134831460674 0.7619047619047619 0.25280898876404495 0.7583333333333333 0.19662921348314608
1 0.775 0.20084269662921347 0.775 0.25702247191011235 0.7988095238095239 0.2556179775280899 0.7952380952380952 0.199438202247191
1 0.8178571428571428 0.19382022471910113 0.8178571428571428 0.25 0.8416666666666667 0.24859550561797752 0.8380952380952381 0.19241573033707865
1 0.8511904761904762 0.19803370786516855 0.8511904761904762 0.2542134831460674 0.875 0.25280898876404495 0.8714285714285714 0.19662921348314608