1 0.12023809523809524 0.1502808988764045 0.11071428571428571 0.2303370786516854 0.14404761904761904 0.2345505617977528 0.1523809523809524 0.1544943820224719
1 0.17142857142857143 0.14325842696629212 0.15714285714285714 0.2247191011235955 0.18928571428571428 0.23314606741573032 0.20238095238095238 0.1502808988764045
1 0.22380952380952382 0.15168539325842698 0.20714285714285716 0.2303370786516854 0.2369047619047619 0.23876404494382023 0.2523809523809524 0.15589887640449437
1 0.2869047619047619 0.15870786516853932 0.2571428571428571 0.23735955056179775 0.2845238095238095 0.25 0.3142857142857143 0.1699438202247191
1 0.3476190476190476 0.17696629213483145 0.29523809523809524 0.25 0.3202380952380952 0.273876404494382 0.3726190476190476 0.19803370786516855
1 0.4023809523809524 0.20926966292134833 0.3333333333333333 0.2808988764044944 0.35714285714285715 0.31179775280898875 0.42738095238095236 0.2401685393258427
1 0.425 0.2640449438202247 0.36666666666666664 0.31179775280898875 0.3821428571428571 0.3356741573033708 0.44166666666666665 0.2893258426966292
1 0.4654761904761905 0.2851123595505618 0.39880952380952384 0.3342696629213483 0.4166666666666667 0.36797752808988765 0.4880952380952381 0.32162921348314605
1 0.18928571428571428 0.32162921348314605 0.2130952380952381 0.300561797752809 0.2619047619047619 0.3651685393258427 0.2392857142857143 0.3862359550561798
1 0.28809523809523807 0.4002808988764045 0.32142857142857145 0.4901685393258427 0.35595238095238096 0.47752808988764045 0.319047619047619 0.3862359550561798
1 0.42023809523809524 0.375 0.43333333333333335 0.40870786516853935 0.5119047619047619 0.36797752808988765 0.4976190476190476 0.33286516853932585
4 0.43452380952380953 0.41713483146067415 0.4511904761904762 0.45646067415730335 0.5464285714285714 0.40730337078651685 0.530952380952381 0.3651685393258427
4 0.45 0.4606741573033708 0.46190476190476193 0.49859550561797755 0.530952380952381 0.4691011235955056 0.5190476190476191 0.43258426966292135
1 0.4595238095238095 0.5154494382022472 0.46785714285714286 0.5547752808988764 0.5595238095238095 0.5308988764044944 0.5511904761904762 0.49157303370786515
1 0.4630952380952381 0.6095505617977528 0.5595238095238095 0.6039325842696629 0.555952380952381 0.5533707865168539 0.4630952380952381 0.5632022471910112
1 0.30357142857142855 0.6081460674157303 0.29285714285714287 0.648876404494382 0.3821428571428571 0.6685393258426966 0.3904761904761905 0.625
1 0.475 0.6839887640449438 0.47619047619047616 0.7191011235955056 0.5642857142857143 0.7191011235955056 0.5630952380952381 0.6825842696629213