1 0.21785714285714286 0.8370786516853933 0.2261904761904762 0.8721910112359551 0.28095238095238095 0.8497191011235955 0.2726190476190476 0.8174157303370787
1 0.22857142857142856 0.7949438202247191 0.24285714285714285 0.8132022471910112 0.2869047619047619 0.7752808988764045 0.26904761904761904 0.7556179775280899
1 0.23333333333333334 0.75 0.24285714285714285 0.7752808988764045 0.29523809523809524 0.7401685393258427 0.2833333333333333 0.7162921348314607
1 0.22738095238095238 0.7050561797752809 0.2392857142857143 0.7387640449438202 0.2845238095238095 0.7106741573033708 0.2726190476190476 0.6867977528089888
1 0.2392857142857143 0.672752808988764 0.24761904761904763 0.7036516853932584 0.2988095238095238 0.6839887640449438 0.2904761904761905 0.6544943820224719
1 0.2357142857142857 0.6432584269662921 0.24523809523809523 0.6741573033707865 0.3 0.6558988764044944 0.28809523809523807 0.6264044943820225
1 0.3392857142857143 0.8047752808988764 0.3357142857142857 0.8665730337078652 0.3619047619047619 0.8693820224719101 0.36547619047619045 0.8089887640449438
1 0.3416666666666667 0.7275280898876404 0.34523809523809523 0.7935393258426966 0.37023809523809526 0.7949438202247191 0.3738095238095238 0.7275280898876404
1 0.35 0.6615168539325843 0.3476190476190476 0.723314606741573 0.37142857142857144 0.723314606741573 0.3738095238095238 0.6615168539325843
1 0.3476190476190476 0.6039325842696629 0.3464285714285714 0.6558988764044944 0.36666666666666664 0.6544943820224719 0.36904761904761907 0.6025280898876404
1 0.35 0.5365168539325843 0.3523809523809524 0.5926966292134831 0.37023809523809526 0.5926966292134831 0.375 0.5365168539325843
1 0.3547619047619048 0.47191011235955055 0.35595238095238096 0.523876404494382 0.37976190476190474 0.5280898876404494 0.3821428571428571 0.47191011235955055
1 0.35595238095238096 0.41713483146067415 0.35833333333333334 0.46769662921348315 0.38095238095238093 0.46769662921348315 0.3773809523809524 0.41853932584269665
1 0.3619047619047619 0.37219101123595505 0.3523809523809524 0.4199438202247191 0.3761904761904762 0.4199438202247191 0.3821428571428571 0.375
1 0.3 0.43258426966292135 0.27976190476190477 0.47331460674157305 0.3 0.4859550561797753 0.32261904761904764 0.44803370786516855
1 0.37142857142857144 0.18117977528089887 0.37023809523809526 0.22331460674157302 0.39166666666666666 0.22331460674157302 0.39285714285714285 0.18117977528089887
1 0.3738095238095238 0.13623595505617977 0.3738095238095238 0.17837078651685392 0.39404761904761904 0.17696629213483145 0.3880952380952381 0.1348314606741573
1 0.6047619047619047 0.1699438202247191 0.6047619047619047 0.2050561797752809 0.6273809523809524 0.2050561797752809 0.6273809523809524 0.16713483146067415
1 0.6071428571428571 0.21207865168539325 0.611904761904762 0.25140449438202245 0.6333333333333333 0.24859550561797752 0.6273809523809524 0.21207865168539325
1 0.611904761904762 0.24859550561797752 0.6154761904761905 0.2893258426966292 0.6333333333333333 0.28651685393258425 0.6309523809523809 0.2443820224719101
1 0.6142857142857143 0.2991573033707865 0.6202380952380953 0.34129213483146065 0.6416666666666667 0.34129213483146065 0.638095238095238 0.29634831460674155
1 0.5869047619047619 0.34831460674157305 0.5738095238095238 0.398876404494382 0.5928571428571429 0.40168539325842695 0.611904761904762 0.3539325842696629
1 0.6226190476190476 0.3539325842696629 0.6297619047619047 0.40168539325842695 0.65 0.40168539325842695 0.6452380952380953 0.3497191011235955
1 0.6273809523809524 0.40168539325842695 0.6333333333333333 0.45224719101123595 0.6571428571428571 0.4508426966292135 0.65 0.39747191011235955
1 0.6333333333333333 0.4508426966292135 0.638095238095238 0.49719101123595505 0.6607142857142857 0.49719101123595505 0.6571428571428571 0.4452247191011236
1 0.6369047619047619 0.5070224719101124 0.6452380952380953 0.5561797752808989 0.6630952380952381 0.5547752808988764 0.6571428571428571 0.5028089887640449
1 0.6488095238095238 0.5702247191011236 0.6488095238095238 0.6151685393258427 0.6678571428571428 0.6165730337078652 0.6678571428571428 0.5702247191011236
1 0.6452380952380953 0.6193820224719101 0.6488095238095238 0.6797752808988764 0.6738095238095239 0.6783707865168539 0.675 0.6165730337078652
1 0.6535714285714286 0.6910112359550562 0.6595238095238095 0.7528089887640449 0.6857142857142857 0.7542134831460674 0.6797619047619048 0.6910112359550562
1 0.6511904761904762 0.7808988764044944 0.6642857142857143 0.8356741573033708 0.694047619047619 0.8286516853932584 0.6797619047619048 0.7752808988764045
4 0.29642857142857143 0.5547752808988764 0.29523809523809524 0.6081460674157303 0.31547619047619047 0.6067415730337079 0.31547619047619047 0.5561797752808989
1 0.30238095238095236 0.5014044943820225 0.2892857142857143 0.547752808988764 0.30833333333333335 0.550561797752809 0.3202380952380952 0.5070224719101124
3 0.39166666666666666 0.6165730337078652 0.3821428571428571 0.8370786516853933 0.41904761904761906 0.8328651685393258 0.4238095238095238 0.6165730337078652
3 0.594047619047619 0.4845505617977528 0.5964285714285714 0.6797752808988764 0.6297619047619047 0.6811797752808989 0.6238095238095238 0.4859550561797753
3 0.19285714285714287 0.2598314606741573 0.19047619047619047 0.28792134831460675 0.24761904761904763 0.2893258426966292 0.2511904761904762 0.25842696629213485
3 0.3761904761904762 0.23595505617977527 0.3892857142857143 0.24719101123595505 0.41904761904761906 0.20926966292134833 0.4 0.19662921348314608
4 0.305952380952381 0.2303370786516854 0.3107142857142857 0.2556179775280899 0.34523809523809523 0.2556179775280899 0.34404761904761905 0.22893258426966293