1 0.6273809523809524 0.7457865168539326 0.7047619047619048 0.8286516853932584 0.6630952380952381 0.8665730337078652 0.5916666666666667 0.7794943820224719
1 0.5369047619047619 0.6390449438202247 0.611904761904762 0.7148876404494382 0.5845238095238096 0.7556179775280899 0.5059523809523809 0.6797752808988764
1 0.4488095238095238 0.5407303370786517 0.5202380952380953 0.6123595505617978 0.48333333333333334 0.6460674157303371 0.4238095238095238 0.5702247191011236
1 0.36428571428571427 0.43258426966292135 0.43333333333333335 0.5070224719101124 0.4 0.5449438202247191 0.3333333333333333 0.45365168539325845
1 0.33690476190476193 0.16713483146067415 0.4 0.22612359550561797 0.36428571428571427 0.2654494382022472 0.3047619047619048 0.19101123595505617
1 0.40476190476190477 0.23876404494382023 0.4654761904761905 0.3202247191011236 0.44047619047619047 0.3497191011235955 0.3761904761904762 0.2612359550561798
1 0.49047619047619045 0.3258426966292135 0.5619047619047619 0.3904494382022472 0.5333333333333333 0.43258426966292135 0.45714285714285713 0.3595505617977528
1 0.5666666666666667 0.4157303370786517 0.5726190476190476 0.5252808988764045 0.6178571428571429 0.5210674157303371 0.6059523809523809 0.41292134831460675
1 0.6738095238095239 0.5224719101123596 0.6833333333333333 0.6460674157303371 0.7261904761904762 0.6362359550561798 0.7166666666666667 0.5182584269662921
1 0.7869047619047619 0.6657303370786517 0.8095238095238095 0.7851123595505618 0.8488095238095238 0.7752808988764045 0.8238095238095238 0.6558988764044944
1 0.35 0.7752808988764045 0.41904761904761906 0.8623595505617978 0.3880952380952381 0.8918539325842697 0.3202380952380952 0.797752808988764
4 0.2488095238095238 0.6615168539325843 0.3238095238095238 0.7429775280898876 0.2976190476190476 0.7724719101123596 0.225 0.6882022471910112
4 0.16785714285714284 0.5365168539325843 0.24047619047619048 0.6376404494382022 0.20714285714285716 0.6671348314606742 0.1357142857142857 0.5617977528089888