1 0.6964285714285714 0.5856741573033708 0.6785714285714286 0.6629213483146067 0.705952380952381 0.6713483146067416 0.7226190476190476 0.5955056179775281
1 0.669047619047619 0.4859550561797753 0.6642857142857143 0.5154494382022472 0.7297619047619047 0.5280898876404494 0.7321428571428571 0.49719101123595505
1 0.6702380952380952 0.44241573033707865 0.6666666666666666 0.47191011235955055 0.7380952380952381 0.48174157303370785 0.7392857142857143 0.4508426966292135
1 0.7523809523809524 0.40870786516853935 0.7571428571428571 0.4887640449438202 0.7821428571428571 0.4859550561797753 0.7785714285714286 0.40870786516853935
1 0.675 0.39185393258426965 0.675 0.42696629213483145 0.7428571428571429 0.42696629213483145 0.7428571428571429 0.39325842696629215
1 0.675 0.3539325842696629 0.675 0.3862359550561798 0.7392857142857143 0.3862359550561798 0.7404761904761905 0.35252808988764045
4 0.6821428571428572 0.30758426966292135 0.6821428571428572 0.34129213483146065 0.7440476190476191 0.34129213483146065 0.7440476190476191 0.30758426966292135
1 0.6821428571428572 0.26685393258426965 0.6821428571428572 0.2991573033707865 0.7511904761904762 0.30196629213483145 0.7523809523809524 0.26825842696629215
4 0.680952380952381 0.21629213483146068 0.680952380952381 0.25140449438202245 0.7511904761904762 0.25140449438202245 0.7511904761904762 0.21629213483146068
4 0.6821428571428572 0.1699438202247191 0.680952380952381 0.20224719101123595 0.7428571428571429 0.2050561797752809 0.7428571428571429 0.17134831460674158
1 0.47619047619047616 0.22612359550561797 0.4738095238095238 0.29634831460674155 0.49642857142857144 0.29634831460674155 0.4988095238095238 0.22612359550561797
1 0.4714285714285714 0.3258426966292135 0.46785714285714286 0.40730337078651685 0.49523809523809526 0.40870786516853935 0.4976190476190476 0.32724719101123595
4 0.30952380952380953 0.4452247191011236 0.32142857142857145 0.4691011235955056 0.37142857142857144 0.43679775280898875 0.3595238095238095 0.41292134831460675