1 0.14761904761904762 0.5561797752808989 0.15595238095238095 0.5070224719101124 0.13690476190476192 0.5084269662921348 0.12738095238095237 0.5519662921348315
1 0.1738095238095238 0.5561797752808989 0.18095238095238095 0.5014044943820225 0.1630952380952381 0.5028089887640449 0.15476190476190477 0.5533707865168539
1 0.20238095238095238 0.5519662921348315 0.20952380952380953 0.5028089887640449 0.1869047619047619 0.5042134831460674 0.1773809523809524 0.5491573033707865
1 0.2369047619047619 0.5519662921348315 0.24285714285714285 0.5056179775280899 0.21785714285714286 0.5028089887640449 0.2119047619047619 0.550561797752809
1 0.2785714285714286 0.5547752808988764 0.2845238095238095 0.5084269662921348 0.2642857142857143 0.5070224719101124 0.25357142857142856 0.5519662921348315
1 0.3130952380952381 0.5561797752808989 0.31547619047619047 0.5042134831460674 0.29285714285714287 0.5028089887640449 0.2869047619047619 0.5575842696629213
1 0.34285714285714286 0.547752808988764 0.34523809523809523 0.5014044943820225 0.32261904761904764 0.5014044943820225 0.31666666666666665 0.5491573033707865
1 0.37142857142857144 0.5519662921348315 0.3738095238095238 0.5056179775280899 0.35 0.5070224719101124 0.35 0.5547752808988764
1 0.4 0.5533707865168539 0.40476190476190477 0.5056179775280899 0.37857142857142856 0.5042134831460674 0.375 0.5519662921348315
1 0.42857142857142855 0.5646067415730337 0.430952380952381 0.5140449438202247 0.40714285714285714 0.5154494382022472 0.40595238095238095 0.5632022471910112
1 0.4595238095238095 0.5674157303370787 0.46190476190476193 0.5168539325842697 0.4369047619047619 0.5154494382022472 0.4357142857142857 0.5688202247191011
1 0.5095238095238095 0.5632022471910112 0.5107142857142857 0.5098314606741573 0.48333333333333334 0.5084269662921348 0.48333333333333334 0.5589887640449438
1 0.5404761904761904 0.5674157303370787 0.5380952380952381 0.5140449438202247 0.5119047619047619 0.5154494382022472 0.5154761904761904 0.5674157303370787
1 0.5714285714285714 0.5561797752808989 0.569047619047619 0.5014044943820225 0.5428571428571428 0.5028089887640449 0.55 0.5561797752808989
1 0.6023809523809524 0.5603932584269663 0.6023809523809524 0.5140449438202247 0.5773809523809523 0.5154494382022472 0.5785714285714286 0.5603932584269663
1 0.6321428571428571 0.5632022471910112 0.6321428571428571 0.5154494382022472 0.6071428571428571 0.5154494382022472 0.6071428571428571 0.5646067415730337
1 0.6630952380952381 0.5617977528089888 0.6607142857142857 0.5098314606741573 0.6357142857142857 0.5112359550561798 0.6404761904761904 0.5617977528089888
1 0.6976190476190476 0.5603932584269663 0.6928571428571428 0.5084269662921348 0.6666666666666666 0.5112359550561798 0.6726190476190477 0.5632022471910112
1 0.7452380952380953 0.5575842696629213 0.7392857142857143 0.5098314606741573 0.7154761904761905 0.5112359550561798 0.7214285714285714 0.5575842696629213
1 0.7690476190476191 0.5575842696629213 0.7678571428571429 0.5084269662921348 0.7416666666666667 0.5098314606741573 0.7464285714285714 0.5589887640449438
1 0.8023809523809524 0.5632022471910112 0.794047619047619 0.5084269662921348 0.7690476190476191 0.5126404494382022 0.7761904761904762 0.5646067415730337
1 0.830952380952381 0.5575842696629213 0.8273809523809523 0.5112359550561798 0.8035714285714286 0.5084269662921348 0.8095238095238095 0.5575842696629213
1 0.8642857142857143 0.5674157303370787 0.8559523809523809 0.5154494382022472 0.8321428571428572 0.5182584269662921 0.8404761904761905 0.5688202247191011
1 0.8690476190476191 0.5646067415730337 0.8904761904761904 0.5660112359550562 0.8833333333333333 0.5168539325842697 0.8654761904761905 0.5168539325842697
1 0.6261904761904762 0.6924157303370787 0.6880952380952381 0.6896067415730337 0.6869047619047619 0.6544943820224719 0.6273809523809524 0.651685393258427