1 0.5285714285714286 0.8033707865168539 0.5785714285714286 0.8019662921348315 0.580952380952381 0.8286516853932584 0.525 0.8286516853932584
1 0.5202380952380953 0.6460674157303371 0.5678571428571428 0.6446629213483146 0.5678571428571428 0.6643258426966292 0.5166666666666667 0.6657303370786517
1 0.5178571428571429 0.6741573033707865 0.5714285714285714 0.6713483146067416 0.569047619047619 0.6938202247191011 0.5178571428571429 0.6938202247191011
1 0.5142857142857142 0.5674157303370787 0.5678571428571428 0.5660112359550562 0.5666666666666667 0.5926966292134831 0.5095238095238095 0.5941011235955056
1 0.6607142857142857 0.6643258426966292 0.719047619047619 0.6601123595505618 0.7202380952380952 0.6839887640449438 0.6607142857142857 0.6882022471910112
1 0.6654761904761904 0.6938202247191011 0.7202380952380952 0.6896067415730337 0.7202380952380952 0.7092696629213483 0.6678571428571428 0.7148876404494382
1 0.669047619047619 0.7205056179775281 0.7178571428571429 0.7191011235955056 0.7178571428571429 0.7443820224719101 0.6678571428571428 0.7457865168539326
1 0.6738095238095239 0.7514044943820225 0.7261904761904762 0.7471910112359551 0.7261904761904762 0.7668539325842697 0.6726190476190477 0.773876404494382
1 0.6797619047619048 0.8286516853932584 0.7416666666666667 0.8230337078651685 0.7404761904761905 0.8455056179775281 0.6785714285714286 0.848314606741573
1 0.675 0.7794943820224719 0.7273809523809524 0.7752808988764045 0.7273809523809524 0.8019662921348315 0.675 0.8033707865168539
1 0.3333333333333333 0.8061797752808989 0.3547619047619048 0.8047752808988764 0.3547619047619048 0.8567415730337079 0.33214285714285713 0.8581460674157303
4 0.6464285714285715 0.574438202247191 0.6976190476190476 0.574438202247191 0.6964285714285714 0.5997191011235955 0.6452380952380953 0.5997191011235955
4 0.6238095238095238 0.45646067415730335 0.6833333333333333 0.4550561797752809 0.680952380952381 0.476123595505618 0.6226190476190476 0.4803370786516854
1 0.611904761904762 0.3441011235955056 0.6666666666666666 0.3356741573033708 0.6630952380952381 0.3595505617977528 0.6130952380952381 0.36235955056179775
1 0.6142857142857143 0.3693820224719101 0.6630952380952381 0.3651685393258427 0.6630952380952381 0.3848314606741573 0.6142857142857143 0.3862359550561798
1 0.6357142857142857 0.526685393258427 0.6857142857142857 0.5252808988764045 0.6857142857142857 0.5463483146067416 0.6345238095238095 0.5519662921348315
1 0.5071428571428571 0.5407303370786517 0.5619047619047619 0.5393258426966292 0.5607142857142857 0.5632022471910112 0.5035714285714286 0.5646067415730337
1 0.4928571428571429 0.425561797752809 0.5535714285714286 0.42696629213483145 0.5535714285714286 0.4508426966292135 0.49642857142857144 0.449438202247191
1 0.7571428571428571 0.22191011235955055 0.7714285714285715 0.2148876404494382 0.7892857142857143 0.25842696629213485 0.7738095238095238 0.26264044943820225
1 0.7857142857142857 0.33286516853932585 0.8035714285714286 0.32724719101123595 0.8142857142857143 0.37359550561797755 0.8 0.3806179775280899
1 0.8130952380952381 0.45786516853932585 0.8321428571428572 0.4508426966292135 0.8523809523809524 0.5084269662921348 0.8285714285714286 0.5140449438202247
4 0.2357142857142857 0.41292134831460675 0.30357142857142855 0.41151685393258425 0.30238095238095236 0.4410112359550562 0.23214285714285715 0.43679775280898875
4 0.24047619047619048 0.45224719101123595 0.3011904761904762 0.4550561797752809 0.29642857142857143 0.4747191011235955 0.23452380952380952 0.47191011235955055
4 0.23809523809523808 0.49297752808988765 0.2976190476190476 0.49297752808988765 0.29642857142857143 0.5140449438202247 0.2369047619047619 0.5154494382022472
1 0.2357142857142857 0.5674157303370787 0.23452380952380952 0.5870786516853933 0.2857142857142857 0.5884831460674157 0.2904761904761905 0.5674157303370787 0.2892857142857143 0.5660112359550562
1 0.22857142857142856 0.6095505617977528 0.28095238095238095 0.6081460674157303 0.27976190476190477 0.6278089887640449 0.2261904761904762 0.6278089887640449
1 0.2261904761904762 0.6348314606741573 0.28214285714285714 0.6348314606741573 0.28095238095238095 0.6530898876404494 0.22380952380952382 0.6544943820224719
1 0.22738095238095238 0.6615168539325843 0.28095238095238095 0.6587078651685393 0.2833333333333333 0.6713483146067416 0.22142857142857142 0.6783707865168539
1 0.25357142857142856 0.3497191011235955 0.25357142857142856 0.3651685393258427 0.29642857142857143 0.36657303370786515 0.29642857142857143 0.3497191011235955
1 0.25476190476190474 0.3904494382022472 0.25476190476190474 0.4101123595505618 0.2976190476190476 0.40870786516853935 0.2988095238095238 0.3904494382022472
1 0.25595238095238093 0.37359550561797755 0.2571428571428571 0.3862359550561798 0.2976190476190476 0.3862359550561798 0.29642857142857143 0.3693820224719101
1 0.6226190476190476 0.4339887640449438 0.6226190476190476 0.45224719101123595 0.6892857142857143 0.449438202247191 0.6892857142857143 0.42696629213483145
1 0.6214285714285714 0.4044943820224719 0.6214285714285714 0.4241573033707865 0.6880952380952381 0.42134831460674155 0.6845238095238095 0.40308988764044945
1 0.5011904761904762 0.3258426966292135 0.5011904761904762 0.3441011235955056 0.5369047619047619 0.3441011235955056 0.5369047619047619 0.32724719101123595
1 0.49404761904761907 0.4002808988764045 0.5476190476190477 0.40168539325842695 0.5488095238095239 0.42134831460674155 0.49642857142857144 0.4199438202247191
1 0.12857142857142856 0.3398876404494382 0.125 0.3609550561797753 0.1880952380952381 0.36797752808988765 0.1880952380952381 0.3441011235955056
1 0.12023809523809524 0.4438202247191011 0.1761904761904762 0.4438202247191011 0.17857142857142858 0.47191011235955055 0.12261904761904761 0.46769662921348315
1 0.12023809523809524 0.4747191011235955 0.18333333333333332 0.4747191011235955 0.18452380952380953 0.49719101123595505 0.12261904761904761 0.49719101123595505