0 0.5345238095238095 0.44803370786516855 0.6619047619047619 0.4592696629213483 0.6583333333333333 0.5098314606741573 0.5285714285714286 0.5
0 0.5428571428571428 0.36797752808988765 0.6642857142857143 0.37780898876404495 0.6607142857142857 0.4297752808988764 0.5369047619047619 0.41853932584269665
0 0.55 0.2893258426966292 0.669047619047619 0.3089887640449438 0.6642857142857143 0.35674157303370785 0.5392857142857143 0.33707865168539325
0 0.5547619047619048 0.23314606741573032 0.6738095238095239 0.25140449438202245 0.6678571428571428 0.2991573033707865 0.5476190476190477 0.2794943820224719
2 0.6071428571428571 0.19101123595505617 0.5392857142857143 0.1952247191011236 0.5416666666666666 0.23595505617977527 0.6107142857142858 0.2345505617977528
2 0.6083333333333333 0.1502808988764045 0.5404761904761904 0.1544943820224719 0.5428571428571428 0.19662921348314608 0.6154761904761905 0.18820224719101122
1 0.4023809523809524 0.46348314606741575 0.3904761904761905 0.48174157303370785 0.43452380952380953 0.5308988764044944 0.4511904761904762 0.5084269662921348
1 0.4083333333333333 0.4143258426966292 0.3964285714285714 0.43258426966292135 0.44047619047619047 0.48174157303370785 0.45714285714285713 0.4592696629213483
1 0.41309523809523807 0.37219101123595505 0.4011904761904762 0.3904494382022472 0.4452380952380952 0.4396067415730337 0.46190476190476193 0.41713483146067415
1 0.4119047619047619 0.32724719101123595 0.4607142857142857 0.36235955056179775 0.44761904761904764 0.3848314606741573 0.4011904761904762 0.34691011235955055
1 0.4154761904761905 0.2794943820224719 0.4666666666666667 0.32303370786516855 0.45357142857142857 0.3455056179775281 0.4 0.30196629213483145
1 0.4166666666666667 0.24859550561797752 0.46785714285714286 0.29213483146067415 0.45476190476190476 0.3146067415730337 0.4011904761904762 0.2710674157303371
1 0.4154761904761905 0.20646067415730338 0.4666666666666667 0.25 0.45357142857142857 0.27247191011235955 0.4 0.22893258426966293
2 0.4011904761904762 0.6418539325842697 0.4523809523809524 0.6797752808988764 0.43452380952380953 0.7191011235955056 0.3821428571428571 0.6769662921348315
2 0.39880952380952384 0.699438202247191 0.45 0.7373595505617978 0.43214285714285716 0.776685393258427 0.37976190476190474 0.7345505617977528
2 0.4011904761904762 0.7528089887640449 0.4523809523809524 0.7907303370786517 0.43452380952380953 0.8300561797752809 0.3821428571428571 0.7879213483146067
2 0.3952380952380952 0.8075842696629213 0.44642857142857145 0.8455056179775281 0.42857142857142855 0.8848314606741573 0.3761904761904762 0.8426966292134831