1 0.3392857142857143 0.21207865168539325 0.3523809523809524 0.24578651685393257 0.42142857142857143 0.21910112359550563 0.4083333333333333 0.18679775280898878
1 0.4523809523809524 0.3455056179775281 0.4666666666666667 0.3806179775280899 0.4880952380952381 0.37219101123595505 0.47619047619047616 0.33286516853932585
2 0.2904761904761905 0.27808988764044945 0.2988095238095238 0.3160112359550562 0.3821428571428571 0.2949438202247191 0.3738095238095238 0.26264044943820225
2 0.17976190476190476 0.44803370786516855 0.23214285714285715 0.7275280898876404 0.2761904761904762 0.7148876404494382 0.22142857142857142 0.43820224719101125
2 0.35714285714285715 0.550561797752809 0.3904761904761905 0.7289325842696629 0.4357142857142857 0.7162921348314607 0.4 0.5393258426966292
2 0.45357142857142857 0.49297752808988765 0.513095238095238 0.6811797752808989 0.5642857142857143 0.6657303370786517 0.5011904761904762 0.476123595505618
2 0.7392857142857143 0.6390449438202247 0.775 0.7120786516853933 0.9583333333333334 0.6376404494382022 0.925 0.5632022471910112
3 0.4654761904761905 0.7471910112359551 0.49404761904761907 0.824438202247191 0.75 0.7345505617977528 0.7333333333333333 0.651685393258427
3 0.5654761904761905 0.4705056179775281 0.6273809523809524 0.6573033707865169 0.6761904761904762 0.6404494382022472 0.6202380952380953 0.4550561797752809
3 0.40595238095238095 0.5112359550561798 0.4511904761904762 0.7078651685393258 0.49523809523809526 0.6924157303370787 0.45476190476190476 0.49719101123595505
3 0.40595238095238095 0.27247191011235955 0.37976190476190474 0.3497191011235955 0.4119047619047619 0.3609550561797753 0.4392857142857143 0.2808988764044944
3 0.5059523809523809 0.16713483146067415 0.530952380952381 0.24297752808988765 0.5595238095238095 0.2303370786516854 0.5416666666666666 0.1544943820224719
3 0.5404761904761904 0.2401685393258427 0.5607142857142857 0.3047752808988764 0.5904761904761905 0.2949438202247191 0.5678571428571428 0.23174157303370788
3 0.5416666666666666 0.1544943820224719 0.5702380952380952 0.22331460674157302 0.6023809523809524 0.21207865168539325 0.5785714285714286 0.14747191011235955
3 0.5738095238095238 0.2303370786516854 0.5952380952380952 0.29353932584269665 0.6261904761904762 0.28651685393258425 0.6011904761904762 0.22191011235955055
3 0.5797619047619048 0.14747191011235955 0.6095238095238096 0.2205056179775281 0.6392857142857142 0.20786516853932585 0.6142857142857143 0.13904494382022473
3 0.6154761904761905 0.22331460674157302 0.6369047619047619 0.28792134831460675 0.669047619047619 0.27808988764044945 0.6452380952380953 0.21067415730337077
3 0.638095238095238 0.13623595505617977 0.6630952380952381 0.20084269662921347 0.6916666666666667 0.19101123595505617 0.669047619047619 0.12921348314606743
3 0.6738095238095239 0.20646067415730338 0.7047619047619048 0.27247191011235955 0.7452380952380953 0.2598314606741573 0.705952380952381 0.19241573033707865
3 0.6761904761904762 0.12640449438202248 0.7011904761904761 0.19101123595505617 0.7345238095238096 0.18258426966292135 0.705952380952381 0.11797752808988764
3 0.7130952380952381 0.12359550561797752 0.7380952380952381 0.18117977528089887 0.7654761904761904 0.17134831460674158 0.7392857142857143 0.11235955056179775
3 0.8095238095238095 0.16713483146067415 0.8511904761904762 0.22612359550561797 0.8833333333333333 0.21067415730337077 0.8404761904761905 0.14325842696629212