1 0.27976190476190477 0.2851123595505618 0.2726190476190476 0.35252808988764045 0.3 0.3539325842696629 0.30833333333333335 0.28792134831460675
1 0.5726190476190476 0.1853932584269663 0.638095238095238 0.1853932584269663 0.6369047619047619 0.1544943820224719 0.5738095238095238 0.1544943820224719
1 0.39880952380952384 0.15168539325842698 0.3952380952380952 0.18117977528089887 0.46785714285714286 0.1853932584269663 0.47023809523809523 0.15308988764044945
1 0.3976190476190476 0.199438202247191 0.3964285714285714 0.23174157303370788 0.46785714285714286 0.23314606741573032 0.4666666666666667 0.20084269662921347
1 0.39285714285714285 0.24859550561797752 0.39166666666666666 0.2794943820224719 0.4607142857142857 0.27668539325842695 0.4607142857142857 0.24578651685393257
1 0.3892857142857143 0.29213483146067415 0.3869047619047619 0.3258426966292135 0.45476190476190476 0.32724719101123595 0.45595238095238094 0.29775280898876405
1 0.575 0.3342696629213483 0.575 0.37359550561797755 0.6416666666666667 0.3693820224719101 0.6428571428571429 0.3300561797752809
1 0.5761904761904761 0.3862359550561798 0.5773809523809523 0.4199438202247191 0.6416666666666667 0.41292134831460675 0.6404761904761904 0.38342696629213485
1 0.5773809523809523 0.4311797752808989 0.5773809523809523 0.4648876404494382 0.6452380952380953 0.46348314606741575 0.6428571428571429 0.43258426966292135
1 0.6023809523809524 0.6502808988764045 0.6023809523809524 0.7457865168539326 0.6357142857142857 0.7457865168539326 0.6369047619047619 0.6530898876404494
1 0.3630952380952381 0.6460674157303371 0.36428571428571427 0.6825842696629213 0.44761904761904764 0.6811797752808989 0.44642857142857145 0.6446629213483146
1 0.3547619047619048 0.7036516853932584 0.3547619047619048 0.7387640449438202 0.4297619047619048 0.7345505617977528 0.430952380952381 0.702247191011236
1 0.3464285714285714 0.7640449438202247 0.3416666666666667 0.800561797752809 0.42857142857142855 0.800561797752809 0.4297619047619048 0.7654494382022472