1 0.3523809523809524 0.27808988764044945 0.35119047619047616 0.375 0.39166666666666666 0.375 0.39166666666666666 0.27668539325842695
1 0.34285714285714286 0.4845505617977528 0.38452380952380955 0.48314606741573035 0.38571428571428573 0.3792134831460674 0.34523809523809523 0.3806179775280899
1 0.3392857142857143 0.5786516853932584 0.37976190476190474 0.5800561797752809 0.38333333333333336 0.4845505617977528 0.3416666666666667 0.4845505617977528
1 0.4880952380952381 0.4002808988764045 0.5857142857142857 0.39747191011235955 0.5833333333333334 0.3455056179775281 0.4857142857142857 0.351123595505618
1 0.49166666666666664 0.48735955056179775 0.580952380952381 0.49297752808988765 0.5845238095238096 0.4452247191011236 0.49642857142857144 0.43679775280898875
1 0.48928571428571427 0.550561797752809 0.5821428571428572 0.5393258426966292 0.5785714285714286 0.4943820224719101 0.4857142857142857 0.5014044943820225
1 0.49642857142857144 0.6123595505617978 0.5928571428571429 0.6067415730337079 0.5916666666666667 0.5603932584269663 0.49642857142857144 0.5632022471910112
1 0.49523809523809526 0.6713483146067416 0.5976190476190476 0.6671348314606742 0.5952380952380952 0.6165730337078652 0.49404761904761907 0.6165730337078652
1 0.4928571428571429 0.7373595505617978 0.5976190476190476 0.7359550561797753 0.5988095238095238 0.6811797752808989 0.49523809523809526 0.6825842696629213
1 0.49047619047619045 0.8033707865168539 0.6011904761904762 0.8047752808988764 0.6011904761904762 0.7457865168539326 0.49166666666666664 0.7485955056179775
1 0.49047619047619045 0.827247191011236 0.49047619047619045 0.8721910112359551 0.5928571428571429 0.8679775280898876 0.5904761904761905 0.8174157303370787
1 0.8 0.31741573033707865 0.8976190476190476 0.3061797752808989 0.8964285714285715 0.2542134831460674 0.7952380952380952 0.26264044943820225
1 0.8107142857142857 0.38342696629213485 0.9095238095238095 0.38202247191011235 0.9095238095238095 0.31741573033707865 0.805952380952381 0.324438202247191
1 0.8261904761904761 0.43679775280898875 0.9154761904761904 0.4297752808988764 0.9154761904761904 0.37640449438202245 0.8226190476190476 0.38342696629213485
1 0.8261904761904761 0.5028089887640449 0.9178571428571428 0.5 0.9178571428571428 0.4410112359550562 0.8261904761904761 0.4438202247191011
1 0.8261904761904761 0.5660112359550562 0.9297619047619048 0.5617977528089888 0.9297619047619048 0.5070224719101124 0.8261904761904761 0.5084269662921348