4 0.569047619047619 0.40870786516853935 0.6047619047619047 0.5337078651685393 0.6416666666666667 0.5140449438202247 0.6035714285714285 0.39747191011235955
4 0.8333333333333334 0.7092696629213483 0.8595238095238096 0.8174157303370787 0.9047619047619048 0.8033707865168539 0.8773809523809524 0.6938202247191011
2 0.48928571428571427 0.17275280898876405 0.5333333333333333 0.30196629213483145 0.5738095238095238 0.28651685393258425 0.5357142857142857 0.1601123595505618
2 0.44166666666666665 0.1896067415730337 0.4785714285714286 0.32724719101123595 0.5214285714285715 0.30758426966292135 0.4845238095238095 0.175561797752809
2 0.3904761904761905 0.21207865168539325 0.4261904761904762 0.34129213483146065 0.46785714285714286 0.32724719101123595 0.42857142857142855 0.19101123595505617
2 0.27976190476190477 0.25140449438202245 0.319047619047619 0.3890449438202247 0.3630952380952381 0.36797752808988765 0.319047619047619 0.2345505617977528
2 0.22142857142857142 0.273876404494382 0.25833333333333336 0.40168539325842695 0.30357142857142855 0.3904494382022472 0.26785714285714285 0.2556179775280899
2 0.1738095238095238 0.2907303370786517 0.20714285714285716 0.42134831460674155 0.25 0.41292134831460675 0.2130952380952381 0.2851123595505618
2 0.2261904761904762 0.4452247191011236 0.10119047619047619 0.4901685393258427 0.11190476190476191 0.5337078651685393 0.2369047619047619 0.48314606741573035
2 0.15 0.5617977528089888 0.19404761904761905 0.6952247191011236 0.2357142857142857 0.6769662921348315 0.19285714285714287 0.5421348314606742
2 0.4595238095238095 0.4353932584269663 0.49642857142857144 0.5660112359550562 0.530952380952381 0.5463483146067416 0.4976190476190476 0.4199438202247191
2 0.39880952380952384 0.45365168539325845 0.444047619047619 0.5870786516853933 0.48928571428571427 0.5674157303370787 0.44285714285714284 0.43258426966292135
2 0.3488095238095238 0.4705056179775281 0.4 0.6137640449438202 0.430952380952381 0.5926966292134831 0.39166666666666666 0.4550561797752809
2 0.2976190476190476 0.4887640449438202 0.34404761904761905 0.625 0.37857142857142856 0.6151685393258427 0.34285714285714286 0.476123595505618
2 0.2511904761904762 0.5112359550561798 0.29523809523809524 0.6502808988764045 0.33095238095238094 0.6306179775280899 0.29404761904761906 0.49719101123595505
2 0.2 0.5365168539325843 0.2511904761904762 0.6741573033707865 0.2904761904761905 0.6587078651685393 0.24285714285714285 0.5210674157303371
3 0.3726190476190476 0.21629213483146068 0.32857142857142857 0.2303370786516854 0.37857142857142856 0.36797752808988765 0.41785714285714287 0.35252808988764045
3 0.6 0.12640449438202248 0.6428571428571429 0.27247191011235955 0.6952380952380952 0.25 0.6440476190476191 0.11235955056179775
3 0.6607142857142857 0.1151685393258427 0.7035714285714286 0.2443820224719101 0.7404761904761905 0.22331460674157302 0.6988095238095238 0.0997191011235955
3 0.7702380952380953 0.34831460674157305 0.7928571428571428 0.4705056179775281 0.8380952380952381 0.4606741573033708 0.8142857142857143 0.33848314606741575
3 0.8214285714285714 0.3188202247191011 0.8452380952380952 0.4508426966292135 0.9 0.43679775280898875 0.8726190476190476 0.30196629213483145
3 0.6142857142857143 0.3707865168539326 0.6595238095238095 0.49859550561797755 0.7083333333333334 0.4747191011235955 0.6571428571428571 0.35252808988764045
3 0.7154761904761905 0.3707865168539326 0.7380952380952381 0.5 0.7797619047619048 0.4887640449438202 0.7607142857142857 0.35814606741573035
3 0.6988095238095238 0.726123595505618 0.7273809523809524 0.8651685393258427 0.7702380952380953 0.8497191011235955 0.7404761904761905 0.7106741573033708
2 0.7702380952380953 0.7162921348314607 0.8023809523809524 0.8581460674157303 0.8452380952380952 0.8469101123595506 0.8130952380952381 0.7162921348314607
2 0.6523809523809524 0.7373595505617978 0.680952380952381 0.875 0.7202380952380952 0.8609550561797753 0.6916666666666667 0.726123595505618
2 0.5928571428571429 0.7556179775280899 0.6178571428571429 0.8792134831460674 0.6619047619047619 0.8679775280898876 0.6345238095238095 0.7443820224719101
2 0.5404761904761904 0.7640449438202247 0.5642857142857143 0.8932584269662921 0.6035714285714285 0.8820224719101124 0.5773809523809523 0.75