1 0.18928571428571428 0.15730337078651685 0.22976190476190475 0.16713483146067415 0.22380952380952382 0.1853932584269663 0.18452380952380953 0.175561797752809
1 0.17023809523809524 0.2148876404494382 0.2011904761904762 0.22331460674157302 0.19523809523809524 0.24157303370786518 0.16428571428571428 0.2303370786516854
1 0.15119047619047618 0.22893258426966293 0.19523809523809524 0.2401685393258427 0.19047619047619047 0.2640449438202247 0.14523809523809525 0.25280898876404495
1 0.13095238095238096 0.30337078651685395 0.17261904761904762 0.31179775280898875 0.16904761904761906 0.3356741573033708 0.125 0.324438202247191
1 0.15476190476190477 0.32724719101123595 0.11547619047619048 0.3202247191011236 0.11071428571428571 0.34269662921348315 0.15357142857142858 0.3497191011235955
1 0.1488095238095238 0.3637640449438202 0.10833333333333334 0.3553370786516854 0.10357142857142858 0.37640449438202245 0.14285714285714285 0.3862359550561798
1 0.22142857142857142 0.39185393258426965 0.2642857142857143 0.4002808988764045 0.26071428571428573 0.42134831460674155 0.21666666666666667 0.41292134831460675
4 0.14285714285714285 0.38202247191011235 0.1 0.3792134831460674 0.0988095238095238 0.4058988764044944 0.14523809523809525 0.4058988764044944
1 0.24047619047619048 0.3258426966292135 0.27380952380952384 0.3300561797752809 0.2761904761904762 0.31179775280898875 0.24404761904761904 0.30758426966292135
3 0.5083333333333333 0.4297752808988764 0.44761904761904764 0.40308988764044945 0.43452380952380953 0.42696629213483145 0.4976190476190476 0.4592696629213483
1 0.5059523809523809 0.40308988764044945 0.4642857142857143 0.39747191011235955 0.4595238095238095 0.42134831460674155 0.5059523809523809 0.42837078651685395
1 0.5404761904761904 0.4199438202247191 0.5333333333333333 0.4648876404494382 0.5535714285714286 0.46769662921348315 0.5595238095238095 0.4241573033707865
1 0.4642857142857143 0.38342696629213485 0.5166666666666667 0.39325842696629215 0.5202380952380953 0.3707865168539326 0.46904761904761905 0.3595505617977528
1 0.4845238095238095 0.29353932584269665 0.5321428571428571 0.3061797752808989 0.5273809523809524 0.3300561797752809 0.4773809523809524 0.3160112359550562
1 0.49404761904761907 0.2598314606741573 0.5392857142857143 0.2654494382022472 0.5369047619047619 0.2893258426966292 0.49047619047619045 0.28230337078651685
1 0.6464285714285715 0.18820224719101122 0.6047619047619047 0.199438202247191 0.6142857142857143 0.2205056179775281 0.655952380952381 0.20646067415730338
1 0.5547619047619048 0.1502808988764045 0.5238095238095238 0.14606741573033707 0.5202380952380953 0.16713483146067415 0.5511904761904762 0.17134831460674158
4 0.39404761904761904 0.5561797752808989 0.3488095238095238 0.5463483146067416 0.34404761904761905 0.5730337078651685 0.3904761904761905 0.5814606741573034
1 0.5583333333333333 0.5814606741573034 0.6023809523809524 0.5856741573033708 0.6011904761904762 0.6123595505617978 0.555952380952381 0.6081460674157303
1 0.5821428571428572 0.6530898876404494 0.525 0.651685393258427 0.5238095238095238 0.6811797752808989 0.5845238095238096 0.6811797752808989
1 0.4357142857142857 0.6867977528089888 0.3892857142857143 0.675561797752809 0.38333333333333336 0.699438202247191 0.4297619047619048 0.7106741573033708
1 0.37857142857142856 0.6938202247191011 0.430952380952381 0.702247191011236 0.42738095238095236 0.7345505617977528 0.375 0.723314606741573
1 0.43333333333333335 0.7331460674157303 0.3726190476190476 0.7247191011235955 0.3678571428571429 0.7584269662921348 0.4297619047619048 0.7654494382022472
1 0.5107142857142857 0.7654494382022472 0.5607142857142857 0.7696629213483146 0.5619047619047619 0.800561797752809 0.5095238095238095 0.7963483146067416
1 0.8095238095238095 0.7612359550561798 0.8630952380952381 0.7724719101123596 0.8595238095238096 0.8019662921348315 0.8023809523809524 0.7879213483146067
1 0.8488095238095238 0.8258426966292135 0.8035714285714286 0.824438202247191 0.8023809523809524 0.8539325842696629 0.8488095238095238 0.8539325842696629
1 0.8095238095238095 0.7275280898876404 0.8654761904761905 0.7387640449438202 0.8630952380952381 0.7696629213483146 0.8047619047619048 0.7598314606741573
1 0.875 0.31179775280898875 0.8571428571428571 0.3089887640449438 0.8559523809523809 0.3539325842696629 0.875 0.35674157303370785
1 0.8571428571428571 0.25702247191011235 0.819047619047619 0.2556179775280899 0.8166666666666667 0.2794943820224719 0.8571428571428571 0.28230337078651685
1 0.8571428571428571 0.2443820224719101 0.819047619047619 0.24157303370786518 0.8178571428571428 0.25842696629213485 0.8583333333333333 0.2612359550561798
1 0.8238095238095238 0.21067415730337077 0.8642857142857143 0.21910112359550563 0.861904761904762 0.23735955056179775 0.8226190476190476 0.22752808988764045
1 0.8214285714285714 0.17837078651685392 0.8583333333333333 0.18258426966292135 0.8583333333333333 0.2050561797752809 0.8178571428571428 0.199438202247191
1 0.8285714285714286 0.16292134831460675 0.8666666666666667 0.17134831460674158 0.8642857142857143 0.1896067415730337 0.825 0.1797752808988764
1 0.8690476190476191 0.15870786516853932 0.8285714285714286 0.14887640449438203 0.825 0.16432584269662923 0.8654761904761905 0.17415730337078653
1 0.8369047619047619 0.125 0.8702380952380953 0.13202247191011235 0.8678571428571429 0.14887640449438203 0.8333333333333334 0.14325842696629212