1 0.125 0.15168539325842698 0.1392857142857143 0.18258426966292135 0.12738095238095237 0.19382022471910113 0.10833333333333334 0.15870786516853932
1 0.1392857142857143 0.12921348314606743 0.15595238095238095 0.1601123595505618 0.1357142857142857 0.1699438202247191 0.12380952380952381 0.13623595505617977
1 0.1738095238095238 0.12640449438202248 0.1869047619047619 0.16151685393258428 0.16904761904761906 0.16432584269662923 0.15357142857142858 0.1306179775280899
1 0.6738095238095239 0.41292134831460675 0.6952380952380952 0.44241573033707865 0.6785714285714286 0.4508426966292135 0.6583333333333333 0.42275280898876405
1 0.13690476190476192 0.6587078651685393 0.18452380952380953 0.6404494382022472 0.1738095238095238 0.6123595505617978 0.12738095238095237 0.6320224719101124
1 0.48928571428571427 0.6278089887640449 0.5166666666666667 0.6783707865168539 0.49523809523809526 0.6882022471910112 0.47023809523809523 0.6362359550561798
1 0.49404761904761907 0.7008426966292135 0.525 0.7457865168539326 0.5428571428571428 0.7317415730337079 0.513095238095238 0.6882022471910112
1 0.39166666666666666 0.7991573033707865 0.444047619047619 0.7752808988764045 0.4369047619047619 0.75 0.38571428571428573 0.7752808988764045
1 0.5845238095238096 0.8033707865168539 0.6130952380952381 0.848314606741573 0.5916666666666667 0.8609550561797753 0.5654761904761905 0.8132022471910112
1 0.7035714285714286 0.8033707865168539 0.736904761904762 0.8525280898876404 0.7142857142857143 0.8651685393258427 0.6833333333333333 0.8146067415730337
1 0.7380952380952381 0.7935393258426966 0.7666666666666667 0.851123595505618 0.7892857142857143 0.8370786516853933 0.7583333333333333 0.7808988764044944
1 0.794047619047619 0.75 0.8261904761904761 0.800561797752809 0.8476190476190476 0.7921348314606742 0.8202380952380952 0.7387640449438202
4 0.8345238095238096 0.7429775280898876 0.8607142857142858 0.7907303370786517 0.8785714285714286 0.773876404494382 0.8547619047619047 0.7317415730337079
1 0.8107142857142857 0.34831460674157305 0.8547619047619047 0.3258426966292135 0.8404761904761905 0.30337078651685395 0.794047619047619 0.32303370786516855