1 0.525 0.19803370786516855 0.4928571428571429 0.24297752808988765 0.5095238095238095 0.25702247191011235 0.5392857142857143 0.21207865168539325
1 0.6357142857142857 0.3061797752808989 0.6214285714285714 0.3188202247191011 0.6583333333333333 0.35814606741573035 0.6714285714285714 0.34269662921348315
1 0.6488095238095238 0.28230337078651685 0.6392857142857142 0.29634831460674155 0.6773809523809524 0.3356741573033708 0.6904761904761905 0.3188202247191011
1 0.5535714285714286 0.39185393258426965 0.5416666666666666 0.4157303370786517 0.5916666666666667 0.44241573033707865 0.5988095238095238 0.42275280898876405
1 0.5369047619047619 0.4143258426966292 0.525 0.43820224719101125 0.5726190476190476 0.46348314606741575 0.580952380952381 0.4396067415730337
1 0.5238095238095238 0.43820224719101125 0.5119047619047619 0.46207865168539325 0.5547619047619048 0.49157303370786515 0.5654761904761905 0.4691011235955056
1 0.5142857142857142 0.4592696629213483 0.5023809523809524 0.48314606741573035 0.5452380952380952 0.5126404494382022 0.555952380952381 0.4901685393258427
1 0.4988095238095238 0.4803370786516854 0.4869047619047619 0.5042134831460674 0.5178571428571429 0.526685393258427 0.5345238095238095 0.5056179775280899
1 0.4857142857142857 0.5 0.4738095238095238 0.523876404494382 0.5047619047619047 0.5463483146067416 0.5214285714285715 0.5252808988764045
1 0.46190476190476193 0.5154494382022472 0.45 0.5393258426966292 0.48928571428571427 0.5688202247191011 0.5023809523809524 0.5449438202247191
1 0.44761904761904764 0.5421348314606742 0.4357142857142857 0.5660112359550562 0.47619047619047616 0.6025280898876404 0.49166666666666664 0.5758426966292135
1 0.42857142857142855 0.5786516853932584 0.4166666666666667 0.6025280898876404 0.4607142857142857 0.6334269662921348 0.47619047619047616 0.6095505617977528
1 0.40476190476190477 0.6151685393258427 0.39285714285714285 0.6390449438202247 0.4357142857142857 0.675561797752809 0.45357142857142857 0.651685393258427
1 0.3273809523809524 0.7134831460674157 0.3119047619047619 0.7345505617977528 0.3630952380952381 0.7780898876404494 0.37857142857142856 0.7556179775280899
1 0.30833333333333335 0.7528089887640449 0.29285714285714287 0.773876404494382 0.3380952380952381 0.8132022471910112 0.35595238095238096 0.7879213483146067
1 0.3476190476190476 0.4241573033707865 0.30952380952380953 0.47191011235955055 0.3273809523809524 0.49157303370786515 0.36666666666666664 0.4396067415730337
1 0.3011904761904762 0.4803370786516854 0.2630952380952381 0.5280898876404494 0.28095238095238095 0.547752808988764 0.3202380952380952 0.4957865168539326
1 0.1880952380952381 0.6235955056179775 0.15357142857142858 0.6699438202247191 0.1738095238095238 0.6853932584269663 0.20714285714285716 0.6390449438202247
2 0.2369047619047619 0.5379213483146067 0.18452380952380953 0.6039325842696629 0.21904761904761905 0.6334269662921348 0.2654761904761905 0.5646067415730337
2 0.7297619047619047 0.1601123595505618 0.7023809523809523 0.17275280898876405 0.7261904761904762 0.24719101123595505 0.7511904761904762 0.23314606741573032
4 0.7511904761904762 0.17134831460674158 0.736904761904762 0.17696629213483145 0.7523809523809524 0.22191011235955055 0.7714285714285715 0.21207865168539325