1 0.31785714285714284 0.7949438202247191 0.3107142857142857 0.8904494382022472 0.3476190476190476 0.8918539325842697 0.3535714285714286 0.7949438202247191
1 0.33214285714285713 0.6460674157303371 0.3261904761904762 0.7584269662921348 0.36428571428571427 0.7612359550561798 0.3678571428571429 0.6474719101123596
4 0.32261904761904764 0.5126404494382022 0.32261904761904764 0.6376404494382022 0.36547619047619045 0.6362359550561798 0.3630952380952381 0.5154494382022472
1 0.3202380952380952 0.4002808988764045 0.3238095238095238 0.5014044943820225 0.35833333333333334 0.5014044943820225 0.3595238095238095 0.40168539325842695
1 0.33214285714285713 0.26264044943820225 0.3273809523809524 0.36657303370786515 0.36428571428571427 0.37359550561797755 0.3678571428571429 0.26685393258426965
1 0.3333333333333333 0.13623595505617977 0.3261904761904762 0.24297752808988765 0.3678571428571429 0.24578651685393257 0.3738095238095238 0.13764044943820225
1 0.4845238095238095 0.7443820224719101 0.4857142857142857 0.8792134831460674 0.5333333333333333 0.8778089887640449 0.5273809523809524 0.7443820224719101
1 0.5773809523809523 0.7921348314606742 0.569047619047619 0.901685393258427 0.6142857142857143 0.901685393258427 0.6214285714285714 0.7921348314606742
1 0.8333333333333334 0.723314606741573 0.7726190476190476 0.797752808988764 0.8047619047619048 0.8328651685393258 0.8642857142857143 0.7570224719101124
1 0.5678571428571428 0.6207865168539326 0.5678571428571428 0.7401685393258427 0.6107142857142858 0.7415730337078652 0.6083333333333333 0.6207865168539326
1 0.8369047619047619 0.5575842696629213 0.7666666666666667 0.6235955056179775 0.7988095238095239 0.6629213483146067 0.8654761904761905 0.5870786516853933
1 0.5654761904761905 0.4592696629213483 0.5666666666666667 0.5603932584269663 0.6035714285714285 0.5603932584269663 0.6023809523809524 0.4592696629213483
1 0.8214285714285714 0.4058988764044944 0.763095238095238 0.47331460674157305 0.7916666666666666 0.5028089887640449 0.8511904761904762 0.42837078651685395
1 0.830952380952381 0.31741573033707865 0.7690476190476191 0.3904494382022472 0.7976190476190477 0.41853932584269665 0.8547619047619047 0.33848314606741575
1 0.8214285714285714 0.25140449438202245 0.7583333333333333 0.3202247191011236 0.7845238095238095 0.34691011235955055 0.8464285714285714 0.273876404494382
1 0.8083333333333333 0.1853932584269663 0.7571428571428571 0.25280898876404495 0.7857142857142857 0.27808988764044945 0.8380952380952381 0.20786516853932585
1 0.7988095238095239 0.11797752808988764 0.7476190476190476 0.18679775280898878 0.7785714285714286 0.20926966292134833 0.830952380952381 0.13202247191011235
1 0.569047619047619 0.300561797752809 0.5726190476190476 0.40730337078651685 0.6107142857142858 0.40730337078651685 0.6071428571428571 0.2991573033707865
1 0.5642857142857143 0.16292134831460675 0.5702380952380952 0.2640449438202247 0.6154761904761905 0.2612359550561798 0.6059523809523809 0.15870786516853932