1 0.3416666666666667 0.10393258426966293 0.31785714285714284 0.14606741573033707 0.3880952380952381 0.18679775280898878 0.4107142857142857 0.14747191011235955
1 0.305952380952381 0.14747191011235955 0.28095238095238095 0.19101123595505617 0.3630952380952381 0.24297752808988765 0.3869047619047619 0.20646067415730338
1 0.2773809523809524 0.20646067415730338 0.2511904761904762 0.2443820224719101 0.33214285714285713 0.2991573033707865 0.35595238095238096 0.2612359550561798
1 0.24404761904761904 0.2598314606741573 0.225 0.2949438202247191 0.3047619047619048 0.34691011235955055 0.32261904761904764 0.3089887640449438
1 0.2119047619047619 0.3188202247191011 0.19404761904761905 0.351123595505618 0.2714285714285714 0.39747191011235955 0.2845238095238095 0.3651685393258427
1 0.18333333333333332 0.3595505617977528 0.15833333333333333 0.3946629213483146 0.23809523809523808 0.4550561797752809 0.25595238095238093 0.42134831460674155
1 0.15476190476190477 0.4241573033707865 0.12857142857142856 0.46769662921348315 0.20357142857142857 0.523876404494382 0.2261904761904762 0.48314606741573035
1 0.12261904761904761 0.4859550561797753 0.10357142857142858 0.523876404494382 0.17023809523809524 0.5674157303370787 0.18928571428571428 0.5308988764044944
1 0.0988095238095238 0.5491573033707865 0.08095238095238096 0.5842696629213483 0.14285714285714285 0.6320224719101124 0.16428571428571428 0.598314606741573
1 0.4607142857142857 0.6587078651685393 0.40476190476190477 0.7794943820224719 0.444047619047619 0.8033707865168539 0.49523809523809526 0.6811797752808989
1 0.5345238095238095 0.5084269662921348 0.4928571428571429 0.6039325842696629 0.5226190476190476 0.6278089887640449 0.5738095238095238 0.5280898876404494
1 0.594047619047619 0.3707865168539326 0.5452380952380952 0.4803370786516854 0.5869047619047619 0.5056179775280899 0.6321428571428571 0.40168539325842695
1 0.780952380952381 0.6952247191011236 0.736904761904762 0.7991573033707865 0.7761904761904762 0.8202247191011236 0.8154761904761905 0.7162921348314607
1 0.8369047619047619 0.5800561797752809 0.7964285714285714 0.6671348314606742 0.8321428571428572 0.6924157303370787 0.8666666666666667 0.6039325842696629
1 0.6666666666666666 0.2542134831460674 0.6166666666666667 0.34691011235955055 0.655952380952381 0.37640449438202245 0.7011904761904761 0.2808988764044944
1 0.7130952380952381 0.14887640449438203 0.6761904761904762 0.25280898876404495 0.7154761904761905 0.26264044943820225 0.7404761904761905 0.16432584269662923