4 0.20595238095238094 0.273876404494382 0.25476190476190474 0.26264044943820225 0.25833333333333336 0.2907303370786517 0.20714285714285716 0.29775280898876405
1 0.15714285714285714 0.7036516853932584 0.11190476190476191 0.7584269662921348 0.13095238095238096 0.7823033707865169 0.1773809523809524 0.7303370786516854
1 0.2 0.7879213483146067 0.1738095238095238 0.8721910112359551 0.20238095238095238 0.8806179775280899 0.22380952380952382 0.800561797752809
3 0.48928571428571427 0.25280898876404495 0.444047619047619 0.3188202247191011 0.4714285714285714 0.34831460674157305 0.5226190476190476 0.2710674157303371
3 0.4630952380952381 0.5028089887640449 0.4154761904761905 0.5800561797752809 0.44047619047619047 0.5997191011235955 0.49404761904761907 0.526685393258427
3 0.3476190476190476 0.6432584269662921 0.2630952380952381 0.7570224719101124 0.2904761904761905 0.7879213483146067 0.3773809523809524 0.675561797752809
2 0.425 0.5898876404494382 0.3726190476190476 0.8595505617977528 0.41904761904761906 0.8679775280898876 0.46904761904761905 0.6053370786516854
1 0.555952380952381 0.49859550561797755 0.5214285714285715 0.5519662921348315 0.5488095238095239 0.5702247191011236 0.5797619047619048 0.5126404494382022
4 0.49523809523809526 0.5646067415730337 0.46904761904761905 0.6306179775280899 0.5011904761904762 0.648876404494382 0.5285714285714286 0.5856741573033708
1 0.5011904761904762 0.6390449438202247 0.4666666666666667 0.7078651685393258 0.48928571428571427 0.7289325842696629 0.5285714285714286 0.6587078651685393
1 0.44761904761904764 0.7359550561797753 0.44047619047619047 0.8103932584269663 0.47023809523809523 0.8146067415730337 0.475 0.7345505617977528
3 0.7309523809523809 0.1952247191011236 0.6023809523809524 0.35674157303370785 0.625 0.3862359550561798 0.7607142857142857 0.22612359550561797
3 0.5773809523809523 0.3651685393258427 0.48333333333333334 0.4859550561797753 0.5119047619047619 0.5210674157303371 0.611904761904762 0.39747191011235955
2 0.7476190476190476 0.24859550561797752 0.6035714285714285 0.41853932584269665 0.638095238095238 0.45224719101123595 0.7761904761904762 0.2794943820224719
3 0.8666666666666667 0.10393258426966293 0.7619047619047619 0.24297752808988765 0.7916666666666666 0.26685393258426965 0.8940476190476191 0.12921348314606743
3 0.8178571428571428 0.2710674157303371 0.6678571428571428 0.45786516853932585 0.7130952380952381 0.49297752808988765 0.8511904761904762 0.3047752808988764
2 0.6107142857142858 0.449438202247191 0.5226190476190476 0.6446629213483146 0.5642857142857143 0.6643258426966292 0.65 0.47191011235955055
1 0.8357142857142857 0.6432584269662921 0.8071428571428572 0.7050561797752809 0.8333333333333334 0.7191011235955056 0.8583333333333333 0.6544943820224719
1 0.8178571428571428 0.7837078651685393 0.7928571428571428 0.8525280898876404 0.8154761904761905 0.8609550561797753 0.8416666666666667 0.7991573033707865