1 0.7535714285714286 0.3103932584269663 0.7964285714285714 0.32303370786516855 0.8011904761904762 0.30196629213483145 0.7595238095238095 0.2893258426966292
1 0.7619047619047619 0.2696629213483146 0.7964285714285714 0.28230337078651685 0.7928571428571428 0.29775280898876405 0.7559523809523809 0.28370786516853935
1 0.7666666666666667 0.2556179775280899 0.7952380952380952 0.28230337078651685 0.8071428571428572 0.27247191011235955 0.7797619047619048 0.24297752808988765
1 0.8511904761904762 0.2598314606741573 0.8380952380952381 0.29213483146067415 0.8547619047619047 0.300561797752809 0.8666666666666667 0.26825842696629215
1 0.8583333333333333 0.2303370786516854 0.8476190476190476 0.25702247191011235 0.8630952380952381 0.2640449438202247 0.8714285714285714 0.23595505617977527
1 0.8321428571428572 0.16573033707865167 0.8226190476190476 0.19662921348314608 0.8392857142857143 0.20224719101123595 0.8476190476190476 0.17134831460674158
1 0.8785714285714286 0.16151685393258428 0.8702380952380953 0.1952247191011236 0.8857142857142857 0.20084269662921347 0.8940476190476191 0.16713483146067415
1 0.7428571428571429 0.324438202247191 0.7845238095238095 0.3342696629213483 0.7880952380952381 0.31741573033707865 0.7488095238095238 0.3061797752808989
1 0.7404761904761905 0.3441011235955056 0.7797619047619048 0.3553370786516854 0.7845238095238095 0.33848314606741575 0.7428571428571429 0.324438202247191
1 0.7428571428571429 0.36235955056179775 0.7773809523809524 0.37219101123595505 0.7833333333333333 0.35814606741573035 0.7428571428571429 0.3455056179775281
1 0.7392857142857143 0.38342696629213485 0.7845238095238095 0.3890449438202247 0.7869047619047619 0.37219101123595505 0.7428571428571429 0.3651685393258427
1 0.8035714285714286 0.41151685393258425 0.7880952380952381 0.44803370786516855 0.8095238095238095 0.45786516853932585 0.8214285714285714 0.41713483146067415
1 0.7202380952380952 0.41853932584269665 0.7595238095238095 0.43679775280898875 0.7666666666666667 0.42134831460674155 0.7261904761904762 0.4002808988764045
1 0.705952380952381 0.4438202247191011 0.7535714285714286 0.46207865168539325 0.7595238095238095 0.4396067415730337 0.7130952380952381 0.42134831460674155
1 0.6976190476190476 0.49157303370786515 0.7357142857142858 0.5070224719101124 0.7428571428571429 0.4859550561797753 0.7035714285714286 0.4691011235955056
1 0.680952380952381 0.5140449438202247 0.7273809523809524 0.5337078651685393 0.736904761904762 0.5126404494382022 0.6904761904761905 0.4901685393258427
1 0.6773809523809524 0.5379213483146067 0.719047619047619 0.5575842696629213 0.7238095238095238 0.5449438202247191 0.6821428571428572 0.5210674157303371
1 0.6607142857142857 0.6095505617977528 0.7011904761904761 0.6221910112359551 0.705952380952381 0.6039325842696629 0.6678571428571428 0.5884831460674157
1 0.6309523809523809 0.5617977528089888 0.6142857142857143 0.6025280898876404 0.6345238095238095 0.6123595505617978 0.6488095238095238 0.5702247191011236
1 0.6392857142857142 0.6432584269662921 0.6880952380952381 0.6587078651685393 0.694047619047619 0.6334269662921348 0.6464285714285715 0.6179775280898876
1 0.611904761904762 0.7106741573033708 0.6666666666666666 0.7359550561797753 0.6761904761904762 0.7106741573033708 0.6202380952380953 0.6867977528089888
1 0.5321428571428571 0.6039325842696629 0.5523809523809524 0.6460674157303371 0.5702380952380952 0.6376404494382022 0.5523809523809524 0.5955056179775281
1 0.5059523809523809 0.6151685393258427 0.525 0.6502808988764045 0.5392857142857143 0.6432584269662921 0.5226190476190476 0.6053370786516854
1 0.4785714285714286 0.6207865168539326 0.4988095238095238 0.6671348314606742 0.5190476190476191 0.6573033707865169 0.49642857142857144 0.6095505617977528
1 0.46190476190476193 0.6320224719101124 0.48333333333333334 0.675561797752809 0.4642857142857143 0.6853932584269663 0.44642857142857145 0.6390449438202247
1 0.6130952380952381 0.7387640449438202 0.6630952380952381 0.7640449438202247 0.6702380952380952 0.7387640449438202 0.6190476190476191 0.7148876404494382
1 0.49047619047619045 0.7303370786516854 0.46904761904761905 0.7710674157303371 0.4845238095238095 0.7794943820224719 0.5047619047619047 0.7387640449438202
1 0.4642857142857143 0.723314606741573 0.44166666666666665 0.7668539325842697 0.45714285714285713 0.7780898876404494 0.4797619047619048 0.7331460674157303
1 0.43333333333333335 0.7134831460674157 0.4142857142857143 0.7542134831460674 0.430952380952381 0.7626404494382022 0.4488095238095238 0.7219101123595506
1 0.4023809523809524 0.7050561797752809 0.3821428571428571 0.7471910112359551 0.4011904761904762 0.7570224719101124 0.41904761904761906 0.7134831460674157
1 0.37023809523809526 0.6896067415730337 0.35 0.7289325842696629 0.3678571428571429 0.7373595505617978 0.3869047619047619 0.6966292134831461
1 0.3380952380952381 0.6783707865168539 0.319047619047619 0.7219101123595506 0.3357142857142857 0.7303370786516854 0.3547619047619048 0.6867977528089888
1 0.3345238095238095 0.6334269662921348 0.38333333333333336 0.648876404494382 0.3904761904761905 0.625 0.3416666666666667 0.6095505617977528
1 0.30952380952380953 0.6699438202247191 0.2904761904761905 0.7106741573033708 0.30714285714285716 0.7191011235955056 0.32857142857142857 0.675561797752809
1 0.2869047619047619 0.6587078651685393 0.2654761904761905 0.699438202247191 0.2845238095238095 0.7092696629213483 0.30357142857142855 0.6699438202247191
1 0.19642857142857142 0.7373595505617978 0.24047619047619048 0.7556179775280899 0.25357142857142856 0.7303370786516854 0.20357142857142857 0.7092696629213483
1 0.13333333333333333 0.7134831460674157 0.1738095238095238 0.7289325842696629 0.18214285714285713 0.7078651685393258 0.14166666666666666 0.6910112359550562
1 0.1976190476190476 0.6348314606741573 0.175 0.6741573033707865 0.18928571428571428 0.6825842696629213 0.21428571428571427 0.6432584269662921
1 0.2226190476190476 0.6320224719101124 0.20357142857142857 0.6769662921348315 0.22142857142857142 0.6853932584269663 0.2392857142857143 0.6390449438202247
1 0.25 0.651685393258427 0.2392857142857143 0.7008426966292135 0.26071428571428573 0.7036516853932584 0.26666666666666666 0.6544943820224719
1 0.23452380952380952 0.5912921348314607 0.27380952380952384 0.6053370786516854 0.27976190476190477 0.5898876404494382 0.24047619047619048 0.574438202247191
1 0.17857142857142858 0.5730337078651685 0.2154761904761905 0.5856741573033708 0.22142857142857142 0.5688202247191011 0.18214285714285713 0.5561797752808989
1 0.12023809523809524 0.5547752808988764 0.1619047619047619 0.5702247191011236 0.16785714285714284 0.5491573033707865 0.12738095238095237 0.5351123595505618
1 0.17023809523809524 0.6235955056179775 0.14523809523809525 0.6587078651685393 0.1619047619047619 0.6685393258426966 0.1869047619047619 0.6334269662921348
1 0.1392857142857143 0.6095505617977528 0.11428571428571428 0.6390449438202247 0.12976190476190477 0.6544943820224719 0.15476190476190477 0.6221910112359551
1 0.18452380952380953 0.8286516853932584 0.23333333333333334 0.8497191011235955 0.24285714285714285 0.8202247191011236 0.19523809523809524 0.8019662921348315
1 0.12857142857142856 0.7036516853932584 0.09761904761904762 0.6839887640449438 0.10833333333333334 0.6643258426966292 0.1392857142857143 0.6797752808988764