0 0.8119047619047619 0.7078651685393258 0.6952380952380952 0.8932584269662921 0.7392857142857143 0.9241573033707865 0.8595238095238096 0.75
0 0.7416666666666667 0.6573033707865169 0.5928571428571429 0.8876404494382022 0.6416666666666667 0.922752808988764 0.7892857142857143 0.6966292134831461
0 0.8940476190476191 0.43820224719101125 0.7642857142857142 0.6530898876404494 0.8071428571428572 0.6938202247191011 0.9428571428571428 0.4705056179775281
0 0.7726190476190476 0.3539325842696629 0.6333333333333333 0.5561797752808989 0.6797619047619048 0.5969101123595506 0.8202380952380952 0.3848314606741573
0 0.6964285714285714 0.3047752808988764 0.55 0.5126404494382022 0.5952380952380952 0.5463483146067416 0.7440476190476191 0.3398876404494382
0 0.6440476190476191 0.19382022471910113 0.49047619047619045 0.41713483146067415 0.5357142857142857 0.45224719101123595 0.6880952380952381 0.22612359550561797
0 0.6059523809523809 0.5884831460674157 0.4654761904761905 0.8202247191011236 0.513095238095238 0.8581460674157303 0.6523809523809524 0.6278089887640449
0 0.5476190476190477 0.523876404494382 0.4107142857142857 0.7429775280898876 0.4595238095238095 0.7808988764044944 0.5916666666666667 0.5589887640449438
0 0.5035714285714286 0.4438202247191011 0.3392857142857143 0.6825842696629213 0.38452380952380955 0.7205056179775281 0.5452380952380952 0.4859550561797753
0 0.42738095238095236 0.40730337078651685 0.2654761904761905 0.6432584269662921 0.31547619047619047 0.6825842696629213 0.4738095238095238 0.44241573033707865
0 0.544047619047619 0.12219101123595505 0.3964285714285714 0.35674157303370785 0.4488095238095238 0.4002808988764045 0.5988095238095238 0.15730337078651685
0 0.3392857142857143 0.28651685393258425 0.18452380952380953 0.526685393258427 0.24523809523809523 0.5632022471910112 0.3880952380952381 0.3258426966292135
0 0.22976190476190475 0.32303370786516855 0.12857142857142856 0.4691011235955056 0.17976190476190476 0.5112359550561798 0.2761904761904762 0.3637640449438202