1 0.3726190476190476 0.6797752808988764 0.36904761904761907 0.7303370786516854 0.39166666666666666 0.7331460674157303 0.39285714285714285 0.6811797752808989
1 0.305952380952381 0.6446629213483146 0.3119047619047619 0.7064606741573034 0.33690476190476193 0.6924157303370787 0.32976190476190476 0.6390449438202247
1 0.24047619047619048 0.8160112359550562 0.24166666666666667 0.8398876404494382 0.17976190476190476 0.8553370786516854 0.17142857142857143 0.824438202247191
1 0.25833333333333336 0.6123595505617978 0.25833333333333336 0.6657303370786517 0.27976190476190477 0.6671348314606742 0.27976190476190477 0.6095505617977528
1 0.1869047619047619 0.547752808988764 0.24047619047619048 0.547752808988764 0.24166666666666667 0.577247191011236 0.1880952380952381 0.577247191011236
1 0.1976190476190476 0.5112359550561798 0.2511904761904762 0.5112359550561798 0.2523809523809524 0.5407303370786517 0.1988095238095238 0.5407303370786517
1 0.25 0.25842696629213485 0.2511904761904762 0.273876404494382 0.28809523809523807 0.2696629213483146 0.2869047619047619 0.25280898876404495
1 0.2571428571428571 0.2345505617977528 0.25833333333333336 0.25 0.29523809523809524 0.24578651685393257 0.29404761904761906 0.22893258426966293
1 0.2619047619047619 0.21348314606741572 0.2630952380952381 0.22893258426966293 0.3 0.2247191011235955 0.2988095238095238 0.20786516853932585
1 0.25952380952380955 0.19382022471910113 0.26071428571428573 0.20926966292134833 0.2976190476190476 0.2050561797752809 0.29642857142857143 0.18820224719101122
1 0.25952380952380955 0.16432584269662923 0.26071428571428573 0.1797752808988764 0.2976190476190476 0.175561797752809 0.29642857142857143 0.15870786516853932
1 0.8297619047619048 0.4508426966292135 0.8035714285714286 0.47752808988764045 0.8071428571428572 0.5042134831460674 0.8392857142857143 0.46769662921348315
1 0.8428571428571429 0.4859550561797753 0.8071428571428572 0.5042134831460674 0.8178571428571428 0.523876404494382 0.85 0.5056179775280899
1 0.7464285714285714 0.7780898876404494 0.7404761904761905 0.7921348314606742 0.7904761904761904 0.824438202247191 0.794047619047619 0.8047752808988764
1 0.7440476190476191 0.7457865168539326 0.7380952380952381 0.7598314606741573 0.7880952380952381 0.7921348314606742 0.7916666666666666 0.7724719101123596
1 0.7464285714285714 0.7191011235955056 0.7404761904761905 0.7331460674157303 0.7904761904761904 0.7654494382022472 0.794047619047619 0.7457865168539326
1 0.7357142857142858 0.6783707865168539 0.7297619047619047 0.6924157303370787 0.7797619047619048 0.7247191011235955 0.7833333333333333 0.7050561797752809
1 0.7333333333333333 0.6474719101123596 0.7273809523809524 0.6615168539325843 0.7773809523809524 0.6938202247191011 0.780952380952381 0.6741573033707865
1 0.725 0.6137640449438202 0.719047619047619 0.6278089887640449 0.7690476190476191 0.6601123595505618 0.7726190476190476 0.6404494382022472
1 0.7285714285714285 0.5660112359550562 0.7130952380952381 0.5814606741573034 0.7488095238095238 0.6151685393258427 0.7595238095238095 0.6039325842696629
1 0.7166666666666667 0.5435393258426966 0.7107142857142857 0.5617977528089888 0.7571428571428571 0.5814606741573034 0.7666666666666667 0.5617977528089888
1 0.7202380952380952 0.5112359550561798 0.7095238095238096 0.5280898876404494 0.7523809523809524 0.5449438202247191 0.7595238095238095 0.526685393258427
1 0.7130952380952381 0.4789325842696629 0.7023809523809523 0.4943820224719101 0.7404761904761905 0.5154494382022472 0.75 0.49719101123595505
1 0.7035714285714286 0.44241573033707865 0.7047619047619048 0.46629213483146065 0.7416666666666667 0.4845505617977528 0.7511904761904762 0.46629213483146065
1 0.7119047619047619 0.42275280898876405 0.7035714285714286 0.4410112359550562 0.7380952380952381 0.45646067415730335 0.7452380952380953 0.43820224719101125
1 0.6952380952380952 0.38764044943820225 0.6976190476190476 0.41151685393258425 0.7309523809523809 0.42696629213483145 0.7416666666666667 0.4058988764044944
1 0.6988095238095238 0.3693820224719101 0.6952380952380952 0.38764044943820225 0.7297619047619047 0.398876404494382 0.7297619047619047 0.37359550561797755
1 0.6869047619047619 0.34269662921348315 0.6892857142857143 0.3637640449438202 0.7285714285714285 0.37359550561797755 0.736904761904762 0.3553370786516854
1 0.694047619047619 0.3258426966292135 0.6857142857142857 0.34269662921348315 0.7214285714285714 0.3539325842696629 0.719047619047619 0.3300561797752809
1 0.6845238095238095 0.30196629213483145 0.6869047619047619 0.31741573033707865 0.719047619047619 0.33146067415730335 0.7285714285714285 0.3160112359550562
1 0.680952380952381 0.27668539325842695 0.6833333333333333 0.30196629213483145 0.7214285714285714 0.3047752808988764 0.719047619047619 0.28230337078651685
1 0.680952380952381 0.2612359550561798 0.680952380952381 0.27668539325842695 0.719047619047619 0.28230337078651685 0.7214285714285714 0.2640449438202247
1 0.6797619047619048 0.23876404494382023 0.6773809523809524 0.25842696629213485 0.7154761904761905 0.2640449438202247 0.7178571428571429 0.24578651685393257
1 0.6761904761904762 0.22191011235955055 0.6738095238095239 0.24157303370786518 0.7119047619047619 0.24719101123595505 0.7142857142857143 0.22893258426966293
1 0.6761904761904762 0.19382022471910113 0.6738095238095239 0.21348314606741572 0.7119047619047619 0.21910112359550563 0.7107142857142857 0.199438202247191
1 0.6738095238095239 0.175561797752809 0.6714285714285714 0.1952247191011236 0.7095238095238096 0.20084269662921347 0.7083333333333334 0.18117977528089887
1 0.6726190476190477 0.1502808988764045 0.6702380952380952 0.1699438202247191 0.7083333333333334 0.175561797752809 0.7071428571428572 0.15589887640449437