1 0.49404761904761907 0.7794943820224719 0.5535714285714286 0.8216292134831461 0.5666666666666667 0.797752808988764 0.5083333333333333 0.7528089887640449
1 0.5285714285714286 0.7528089887640449 0.5964285714285714 0.800561797752809 0.6107142857142858 0.773876404494382 0.5464285714285714 0.723314606741573
1 0.5785714285714286 0.7415730337078652 0.6297619047619047 0.7823033707865169 0.6440476190476191 0.7598314606741573 0.5916666666666667 0.7176966292134831
1 0.6083333333333333 0.723314606741573 0.6773809523809524 0.7668539325842697 0.6916666666666667 0.7331460674157303 0.6285714285714286 0.6952247191011236
1 0.6416666666666667 0.699438202247191 0.7154761904761905 0.7471910112359551 0.7261904761904762 0.7120786516853933 0.6607142857142857 0.6685393258426966
1 0.6880952380952381 0.6713483146067416 0.75 0.7191011235955056 0.7619047619047619 0.6882022471910112 0.7071428571428572 0.6502808988764045
1 0.7297619047619047 0.6685393258426966 0.7880952380952381 0.7148876404494382 0.8095238095238095 0.6811797752808989 0.7452380952380953 0.6432584269662921
1 0.763095238095238 0.6530898876404494 0.8404761904761905 0.6896067415730337 0.844047619047619 0.648876404494382 0.7785714285714286 0.6179775280898876
1 0.8261904761904761 0.6348314606741573 0.9035714285714286 0.6699438202247191 0.9107142857142857 0.6320224719101124 0.830952380952381 0.601123595505618
1 0.4714285714285714 0.7907303370786517 0.4119047619047619 0.8398876404494382 0.4357142857142857 0.8721910112359551 0.4976190476190476 0.8174157303370787
1 0.3488095238095238 0.5308988764044944 0.37023809523809526 0.5955056179775281 0.3964285714285714 0.5870786516853933 0.3821428571428571 0.523876404494382
1 0.3202380952380952 0.45224719101123595 0.34523809523809523 0.5182584269662921 0.36904761904761907 0.5070224719101124 0.34523809523809523 0.4396067415730337
1 0.14761904761904762 0.3693820224719101 0.12380952380952381 0.3089887640449438 0.1488095238095238 0.2991573033707865 0.1738095238095238 0.3553370786516854
1 0.17857142857142858 0.44241573033707865 0.1523809523809524 0.38202247191011235 0.175 0.37780898876404495 0.1988095238095238 0.4311797752808989
1 0.2011904761904762 0.5280898876404494 0.17976190476190476 0.46629213483146065 0.2119047619047619 0.45365168539325845 0.22976190476190475 0.5140449438202247
1 0.23809523809523808 0.6418539325842697 0.2130952380952381 0.5730337078651685 0.24285714285714285 0.5603932584269663 0.26785714285714285 0.6348314606741573
1 0.26666666666666666 0.7317415730337079 0.24047619047619048 0.6573033707865169 0.2714285714285714 0.6502808988764045 0.3 0.7191011235955056
1 0.2714285714285714 0.7471910112359551 0.2892857142857143 0.8117977528089888 0.32142857142857145 0.7991573033707865 0.30238095238095236 0.7303370786516854
1 0.14404761904761904 0.726123595505618 0.17261904761904762 0.8019662921348315 0.14523809523809525 0.8146067415730337 0.11904761904761904 0.7415730337078652
2 0.32142857142857145 0.3202247191011236 0.29642857142857143 0.3890449438202247 0.3261904761904762 0.40168539325842695 0.3476190476190476 0.33146067415730335
2 0.3607142857142857 0.30196629213483145 0.3535714285714286 0.34691011235955055 0.37857142857142856 0.3539325842696629 0.38571428571428573 0.3061797752808989
2 0.3261904761904762 0.4101123595505618 0.35 0.34831460674157305 0.37023809523809526 0.3553370786516854 0.3476190476190476 0.41713483146067415