1 0.20357142857142857 0.20365168539325842 0.21428571428571427 0.23174157303370788 0.2892857142857143 0.19662921348314608 0.2773809523809524 0.16432584269662923
1 0.2154761904761905 0.25140449438202245 0.2261904761904762 0.28792134831460675 0.29404761904761906 0.25 0.2785714285714286 0.21629213483146068
1 0.23095238095238096 0.30337078651685395 0.24166666666666667 0.33707865168539325 0.31666666666666665 0.29775280898876405 0.3011904761904762 0.26825842696629215
1 0.275 0.40308988764044945 0.2869047619047619 0.43679775280898875 0.3464285714285714 0.40308988764044945 0.33214285714285713 0.37219101123595505
1 0.2916666666666667 0.45646067415730335 0.30357142857142855 0.4845505617977528 0.37023809523809526 0.449438202247191 0.3547619047619048 0.4199438202247191
1 0.3047619047619048 0.5042134831460674 0.31666666666666665 0.5365168539325843 0.38571428571428573 0.49719101123595505 0.3738095238095238 0.46769662921348315
1 0.3761904761904762 0.5912921348314607 0.3904761904761905 0.6207865168539326 0.4595238095238095 0.5758426966292135 0.444047619047619 0.5491573033707865
1 0.5869047619047619 0.5533707865168539 0.6238095238095238 0.6362359550561798 0.65 0.6207865168539326 0.6130952380952381 0.5379213483146067
1 0.6309523809523809 0.5449438202247191 0.6654761904761904 0.6165730337078652 0.694047619047619 0.6039325842696629 0.655952380952381 0.5252808988764045
1 0.6619047619047619 0.49297752808988765 0.694047619047619 0.5688202247191011 0.719047619047619 0.5533707865168539 0.6833333333333333 0.4803370786516854
1 0.49523809523809526 0.27668539325842695 0.530952380952381 0.3553370786516854 0.5583333333333333 0.3398876404494382 0.5214285714285715 0.26264044943820225
1 0.7035714285714286 0.32865168539325845 0.7178571428571429 0.3609550561797753 0.7892857142857143 0.32865168539325845 0.7714285714285715 0.29634831460674155
1 0.44166666666666665 0.8047752808988764 0.4261904761904762 0.8314606741573034 0.48333333333333334 0.8735955056179775 0.4976190476190476 0.8441011235955056
1 0.5297619047619048 0.7457865168539326 0.5214285714285715 0.7780898876404494 0.594047619047619 0.8103932584269663 0.6011904761904762 0.7752808988764045
1 0.6190476190476191 0.6910112359550562 0.6023809523809524 0.7176966292134831 0.6511904761904762 0.7654494382022472 0.6714285714285714 0.7373595505617978
1 0.6964285714285714 0.6376404494382022 0.6821428571428572 0.672752808988764 0.7440476190476191 0.7162921348314607 0.7595238095238095 0.6839887640449438
1 0.7416666666666667 0.6067415730337079 0.7202380952380952 0.6320224719101124 0.7845238095238095 0.6867977528089888 0.8071428571428572 0.6601123595505618
1 0.7857142857142857 0.7823033707865169 0.8226190476190476 0.8665730337078652 0.8595238095238096 0.8455056179775281 0.8142857142857143 0.7598314606741573
1 0.7416666666666667 0.8117977528089888 0.7738095238095238 0.8834269662921348 0.8095238095238095 0.8623595505617978 0.7690476190476191 0.7893258426966292
1 0.6976190476190476 0.8342696629213483 0.7297619047619047 0.901685393258427 0.7595238095238095 0.8834269662921348 0.7273809523809524 0.8174157303370787