1 0.6988095238095238 0.22893258426966293 0.7416666666666667 0.19101123595505617 0.7238095238095238 0.17134831460674158 0.6821428571428572 0.20786516853932585
1 0.8178571428571428 0.3342696629213483 0.8559523809523809 0.2949438202247191 0.8392857142857143 0.26685393258426965 0.7976190476190477 0.31179775280898875
1 0.7 0.827247191011236 0.7297619047619047 0.8834269662921348 0.7047619047619048 0.901685393258427 0.6726190476190477 0.848314606741573
0 0.5880952380952381 0.6671348314606742 0.6857142857142857 0.7935393258426966 0.6535714285714286 0.8286516853932584 0.5571428571428572 0.7008426966292135
0 0.5202380952380953 0.7317415730337079 0.6285714285714286 0.8497191011235955 0.6571428571428571 0.8216292134831461 0.5523809523809524 0.6952247191011236
0 0.5119047619047619 0.7331460674157303 0.6202380952380953 0.8623595505617978 0.5869047619047619 0.8904494382022472 0.4797619047619048 0.7654494382022472
0 0.44285714285714284 0.8033707865168539 0.530952380952381 0.9129213483146067 0.5619047619047619 0.8820224719101124 0.4773809523809524 0.7682584269662921
0 0.10238095238095238 0.6769662921348315 0.21904761904761905 0.5716292134831461 0.18928571428571428 0.5294943820224719 0.07976190476190476 0.625
0 0.1869047619047619 0.5224719101123596 0.09047619047619047 0.625 0.06190476190476191 0.5856741573033708 0.15119047619047618 0.48735955056179775
0 0.21666666666666667 0.40308988764044945 0.29642857142857143 0.5196629213483146 0.32976190476190476 0.49157303370786515 0.24642857142857144 0.375
0 0.2619047619047619 0.5463483146067416 0.35595238095238096 0.6699438202247191 0.3892857142857143 0.6376404494382022 0.29404761904761906 0.5154494382022472
0 0.33214285714285713 0.48735955056179775 0.4238095238095238 0.6109550561797753 0.3892857142857143 0.6390449438202247 0.29404761904761906 0.5154494382022472
0 0.3238095238095238 0.324438202247191 0.4119047619047619 0.4339887640449438 0.38571428571428573 0.4606741573033708 0.2916666666666667 0.35814606741573035
0 0.3404761904761905 0.47331460674157305 0.430952380952381 0.5898876404494382 0.4607142857142857 0.5603932584269663 0.37142857142857144 0.4410112359550562
0 0.41785714285714287 0.4311797752808989 0.5119047619047619 0.5449438202247191 0.4797619047619048 0.574438202247191 0.38571428571428573 0.4592696629213483
0 0.38333333333333336 0.33848314606741575 0.4797619047619048 0.44241573033707865 0.4488095238095238 0.47752808988764045 0.35833333333333334 0.37219101123595505
0 0.4119047619047619 0.31320224719101125 0.5071428571428571 0.4143258426966292 0.48214285714285715 0.449438202247191 0.38571428571428573 0.3441011235955056
0 0.5119047619047619 0.41292134831460675 0.6071428571428571 0.5182584269662921 0.575 0.5547752808988764 0.4785714285714286 0.44662921348314605
0 0.44761904761904764 0.4803370786516854 0.5523809523809524 0.5856741573033708 0.5785714285714286 0.547752808988764 0.47619047619047616 0.4410112359550562
0 0.4666666666666667 0.11797752808988764 0.4607142857142857 0.2696629213483146 0.49642857142857144 0.2696629213483146 0.5035714285714286 0.1151685393258427
0 0.5380952380952381 0.17134831460674158 0.55 0.31320224719101125 0.5142857142857142 0.31179775280898875 0.5059523809523809 0.17134831460674158
0 0.555952380952381 0.21910112359550563 0.555952380952381 0.36797752808988765 0.594047619047619 0.36797752808988765 0.5928571428571429 0.2205056179775281
0 0.6071428571428571 0.2696629213483146 0.6059523809523809 0.4199438202247191 0.6440476190476191 0.41853932584269665 0.6428571428571429 0.27247191011235955
0 0.675 0.31179775280898875 0.6845238095238095 0.4592696629213483 0.6464285714285715 0.4592696629213483 0.6392857142857142 0.31179775280898875
0 0.6869047619047619 0.3553370786516854 0.6928571428571428 0.5084269662921348 0.7333333333333333 0.5084269662921348 0.719047619047619 0.35252808988764045
0 0.7642857142857142 0.3960674157303371 0.7880952380952381 0.5547752808988764 0.7464285714285714 0.5547752808988764 0.7285714285714285 0.4044943820224719
0 0.10119047619047619 0.17837078651685392 0.18452380952380953 0.28792134831460675 0.15595238095238095 0.31179775280898875 0.07261904761904762 0.21067415730337077
0 0.125 0.1502808988764045 0.22023809523809523 0.2612359550561798 0.18928571428571428 0.29213483146067415 0.09761904761904762 0.17696629213483145
0 0.1595238095238095 0.12921348314606743 0.2488095238095238 0.23876404494382023 0.2226190476190476 0.26685393258426965 0.12976190476190477 0.15730337078651685
0 0.1880952380952381 0.10112359550561797 0.2773809523809524 0.2148876404494382 0.24761904761904763 0.2443820224719101 0.15833333333333333 0.12921348314606743
0 0.225 0.09129213483146068 0.30833333333333335 0.1896067415730337 0.28095238095238095 0.21629213483146068 0.19404761904761905 0.1151685393258427
0 0.28809523809523807 0.06320224719101124 0.3488095238095238 0.15308988764044945 0.31547619047619047 0.18398876404494383 0.25476190476190474 0.09129213483146068