1 0.2369047619047619 0.21629213483146068 0.2488095238095238 0.1896067415730337 0.20476190476190476 0.16853932584269662 0.19404761904761905 0.18398876404494383
1 0.875 0.5224719101123596 0.8857142857142857 0.4691011235955056 0.8678571428571429 0.46207865168539325 0.8464285714285714 0.5196629213483146
2 0.24404761904761904 0.5140449438202247 0.23333333333333334 0.47191011235955055 0.10714285714285714 0.5070224719101124 0.11071428571428571 0.5435393258426966
2 0.17857142857142858 0.45786516853932585 0.18571428571428572 0.4789325842696629 0.09642857142857143 0.5 0.08928571428571429 0.47191011235955055
2 0.30833333333333335 0.547752808988764 0.3 0.5182584269662921 0.11904761904761904 0.5463483146067416 0.12142857142857143 0.5955056179775281
2 0.1869047619047619 0.6137640449438202 0.37142857142857144 0.5674157303370787 0.36666666666666664 0.5421348314606742 0.18571428571428572 0.5632022471910112
2 0.22380952380952382 0.5898876404494382 0.23095238095238096 0.6404494382022472 0.4023809523809524 0.5912921348314607 0.4 0.5646067415730337
2 0.45 0.5842696629213483 0.45476190476190476 0.6095505617977528 0.27976190476190477 0.6629213483146067 0.2726190476190476 0.6109550561797753
2 0.5238095238095238 0.5997191011235955 0.5297619047619048 0.6334269662921348 0.3404761904761905 0.6867977528089888 0.3357142857142857 0.6418539325842697
2 0.5904761904761905 0.6741573033707865 0.5761904761904761 0.6264044943820225 0.3904761904761905 0.6629213483146067 0.3964285714285714 0.7191011235955056
2 0.6869047619047619 0.5828651685393258 0.7309523809523809 0.4789325842696629 0.7 0.4550561797752809 0.6476190476190476 0.5646067415730337
3 0.6535714285714286 0.5365168539325843 0.7309523809523809 0.40308988764044945 0.705952380952381 0.3904494382022472 0.6404761904761904 0.5224719101123596
3 0.6047619047619047 0.5070224719101124 0.680952380952381 0.3792134831460674 0.7023809523809523 0.38764044943820225 0.6285714285714286 0.523876404494382
2 0.594047619047619 0.5126404494382022 0.6440476190476191 0.42134831460674155 0.6202380952380953 0.40870786516853935 0.5702380952380952 0.49719101123595505
2 0.5583333333333333 0.5014044943820225 0.638095238095238 0.3637640449438202 0.6142857142857143 0.3497191011235955 0.5285714285714286 0.48174157303370785
2 0.5 0.46348314606741575 0.5845238095238096 0.3356741573033708 0.6035714285714285 0.35252808988764045 0.5273809523809524 0.4803370786516854
2 0.49523809523809526 0.476123595505618 0.5666666666666667 0.3441011235955056 0.5488095238095239 0.32724719101123595 0.4607142857142857 0.4606741573033708
2 0.4642857142857143 0.4592696629213483 0.544047619047619 0.30758426966292135 0.5178571428571429 0.2991573033707865 0.4369047619047619 0.4410112359550562
2 0.4095238095238095 0.4339887640449438 0.49047619047619045 0.28370786516853935 0.5107142857142857 0.2949438202247191 0.44047619047619047 0.4396067415730337
2 0.3821428571428571 0.425561797752809 0.4607142857142857 0.29353932584269665 0.475 0.30196629213483145 0.40595238095238095 0.4353932584269663
2 0.35595238095238096 0.40870786516853935 0.43214285714285716 0.2851123595505618 0.45 0.29353932584269665 0.3738095238095238 0.42837078651685395
2 0.3678571428571429 0.33146067415730335 0.39166666666666666 0.3455056179775281 0.3523809523809524 0.4157303370786517 0.3202380952380952 0.398876404494382
2 0.3238095238095238 0.40308988764044945 0.4035714285714286 0.25842696629213485 0.3773809523809524 0.24578651685393257 0.29523809523809524 0.3890449438202247
2 0.29404761904761906 0.3946629213483146 0.3380952380952381 0.3061797752808989 0.3202380952380952 0.29353932584269665 0.2630952380952381 0.37359550561797755
2 0.2642857142857143 0.38764044943820225 0.3380952380952381 0.2612359550561798 0.3202380952380952 0.25 0.22857142857142856 0.37359550561797755
2 0.22976190476190475 0.37780898876404495 0.32142857142857145 0.25 0.29404761904761906 0.2401685393258427 0.1976190476190476 0.35674157303370785
2 0.16428571428571428 0.34831460674157305 0.20238095238095238 0.36235955056179775 0.28809523809523807 0.24157303370786518 0.2642857142857143 0.22893258426966293
2 0.2369047619047619 0.21910112359550563 0.25833333333333336 0.23314606741573032 0.18333333333333332 0.32162921348314605 0.16428571428571428 0.29775280898876405
2 0.1392857142857143 0.29775280898876405 0.17023809523809524 0.31320224719101125 0.22738095238095238 0.2148876404494382 0.19642857142857142 0.199438202247191