1 0.1619047619047619 0.14887640449438203 0.1619047619047619 0.16853932584269662 0.2 0.16853932584269662 0.20238095238095238 0.1502808988764045
1 0.16071428571428573 0.1699438202247191 0.15833333333333333 0.19101123595505617 0.2011904761904762 0.19101123595505617 0.2011904761904762 0.16853932584269662
1 0.1523809523809524 0.19241573033707865 0.1523809523809524 0.21629213483146068 0.19523809523809524 0.21207865168539325 0.19523809523809524 0.18820224719101122
1 0.2226190476190476 0.2991573033707865 0.2154761904761905 0.3455056179775281 0.24285714285714285 0.34691011235955055 0.2488095238095238 0.300561797752809
1 0.19285714285714287 0.2991573033707865 0.18928571428571428 0.34129213483146065 0.20833333333333334 0.3441011235955056 0.21071428571428572 0.2991573033707865
1 0.30833333333333335 0.29634831460674155 0.30238095238095236 0.33848314606741575 0.319047619047619 0.33848314606741575 0.3238095238095238 0.29775280898876405
1 0.34404761904761905 0.13764044943820225 0.34404761904761905 0.15589887640449437 0.38333333333333336 0.15730337078651685 0.38452380952380955 0.1348314606741573
1 0.33690476190476193 0.15589887640449437 0.3357142857142857 0.17837078651685392 0.37976190476190474 0.17696629213483145 0.37976190476190474 0.15308988764044945
1 0.3345238095238095 0.17275280898876405 0.3345238095238095 0.19101123595505617 0.37857142857142856 0.1896067415730337 0.37857142857142856 0.17134831460674158
1 0.3333333333333333 0.1896067415730337 0.3333333333333333 0.20926966292134833 0.3726190476190476 0.20786516853932585 0.3761904761904762 0.18679775280898878
4 0.32976190476190476 0.20786516853932585 0.33214285714285713 0.2345505617977528 0.36547619047619045 0.23174157303370788 0.36428571428571427 0.20926966292134833
1 0.3261904761904762 0.24297752808988765 0.3238095238095238 0.26825842696629215 0.3726190476190476 0.26825842696629215 0.375 0.24578651685393257
1 0.32976190476190476 0.2640449438202247 0.32976190476190476 0.2907303370786517 0.36547619047619045 0.29213483146067415 0.3678571428571429 0.2654494382022472
4 0.43214285714285716 0.16713483146067415 0.4238095238095238 0.19382022471910113 0.4714285714285714 0.20786516853932585 0.4797619047619048 0.18398876404494383
1 0.45595238095238094 0.3061797752808989 0.45595238095238094 0.32865168539325845 0.5071428571428571 0.32724719101123595 0.5071428571428571 0.30337078651685395
4 0.47619047619047616 0.32303370786516855 0.47619047619047616 0.3539325842696629 0.513095238095238 0.35252808988764045 0.5107142857142857 0.32162921348314605
1 0.5821428571428572 0.3398876404494382 0.580952380952381 0.3693820224719101 0.6285714285714286 0.3693820224719101 0.6273809523809524 0.3398876404494382
1 0.6761904761904762 0.2710674157303371 0.6797619047619048 0.3160112359550562 0.7011904761904761 0.31741573033707865 0.6976190476190476 0.26825842696629215
1 0.6607142857142857 0.1446629213483146 0.6607142857142857 0.18679775280898878 0.6821428571428572 0.18679775280898878 0.680952380952381 0.14185393258426968
1 0.6702380952380952 0.21629213483146068 0.6702380952380952 0.2598314606741573 0.6964285714285714 0.2598314606741573 0.6916666666666667 0.21629213483146068
1 0.7321428571428571 0.18398876404494383 0.7321428571428571 0.20786516853932585 0.7785714285714286 0.20926966292134833 0.780952380952381 0.18679775280898878
1 0.7392857142857143 0.20926966292134833 0.736904761904762 0.23174157303370788 0.7738095238095238 0.23314606741573032 0.775 0.20926966292134833
1 0.7392857142857143 0.22612359550561797 0.7392857142857143 0.25280898876404495 0.7785714285714286 0.25140449438202245 0.7761904761904762 0.22752808988764045
1 0.7416666666666667 0.25140449438202245 0.7416666666666667 0.2752808988764045 0.7845238095238095 0.27668539325842695 0.7833333333333333 0.25280898876404495
1 0.8 0.29353932584269665 0.805952380952381 0.34129213483146065 0.8333333333333334 0.34129213483146065 0.825 0.29213483146067415
1 0.8321428571428572 0.29353932584269665 0.8392857142857143 0.3441011235955056 0.8630952380952381 0.3398876404494382 0.8559523809523809 0.2893258426966292
3 0.4797619047619048 0.41713483146067415 0.4738095238095238 0.4592696629213483 0.6464285714285715 0.4789325842696629 0.6511904761904762 0.44241573033707865
3 0.3678571428571429 0.5912921348314607 0.37023809523809526 0.6404494382022472 0.5702380952380952 0.6334269662921348 0.5678571428571428 0.5842696629213483
3 0.7083333333333334 0.4058988764044944 0.7083333333333334 0.46348314606741575 0.8833333333333333 0.4606741573033708 0.8761904761904762 0.4143258426966292
3 0.6833333333333333 0.3806179775280899 0.6821428571428572 0.41292134831460675 0.8642857142857143 0.41151685393258425 0.8583333333333333 0.37780898876404495