1 0.3 0.5379213483146067 0.23809523809523808 0.5196629213483146 0.2261904761904762 0.5575842696629213 0.29404761904761906 0.5716292134831461
1 0.3976190476190476 0.5941011235955056 0.32142857142857145 0.6025280898876404 0.3238095238095238 0.6376404494382022 0.4035714285714286 0.6306179775280899
1 0.2988095238095238 0.7247191011235955 0.2357142857142857 0.726123595505618 0.23214285714285715 0.7654494382022472 0.3 0.7640449438202247
1 0.2833333333333333 0.7724719101123596 0.2011904761904762 0.7710674157303371 0.1976190476190476 0.8103932584269663 0.2833333333333333 0.8103932584269663
1 0.5369047619047619 0.7247191011235955 0.5095238095238095 0.7359550561797753 0.5357142857142857 0.8132022471910112 0.5619047619047619 0.797752808988764
1 0.575 0.6558988764044944 0.5428571428571428 0.6615168539325843 0.5595238095238095 0.7612359550561798 0.5892857142857143 0.7528089887640449
1 0.6261904761904762 0.6741573033707865 0.6023809523809524 0.675561797752809 0.6071428571428571 0.7514044943820225 0.6357142857142857 0.7471910112359551
1 0.6357142857142857 0.7640449438202247 0.6047619047619047 0.7682584269662921 0.6166666666666667 0.8497191011235955 0.6523809523809524 0.8469101123595506
1 0.6845238095238095 0.7584269662921348 0.6535714285714286 0.7612359550561798 0.6666666666666666 0.8567415730337079 0.7 0.8525280898876404
1 0.7261904761904762 0.7696629213483146 0.6952380952380952 0.7724719101123596 0.7107142857142857 0.8651685393258427 0.7392857142857143 0.8581460674157303
1 0.6678571428571428 0.6587078651685393 0.6369047619047619 0.6615168539325843 0.6523809523809524 0.7542134831460674 0.680952380952381 0.7471910112359551
1 0.7035714285714286 0.6039325842696629 0.6726190476190477 0.6067415730337079 0.6880952380952381 0.6938202247191011 0.7178571428571429 0.6896067415730337
1 0.7214285714285714 0.6910112359550562 0.6904761904761905 0.6938202247191011 0.7035714285714286 0.7640449438202247 0.7333333333333333 0.7626404494382022
1 0.7547619047619047 0.6292134831460674 0.7238095238095238 0.6320224719101124 0.7345238095238096 0.6938202247191011 0.7619047619047619 0.6853932584269663
1 0.7714285714285715 0.6938202247191011 0.7404761904761905 0.6966292134831461 0.7511904761904762 0.7584269662921348 0.7785714285714286 0.75
1 0.8047619047619048 0.6685393258426966 0.7738095238095238 0.6713483146067416 0.7869047619047619 0.7485955056179775 0.8142857142857143 0.75
1 0.7821428571428571 0.601123595505618 0.7511904761904762 0.6039325842696629 0.7642857142857142 0.6811797752808989 0.7916666666666666 0.6825842696629213
1 0.775 0.5182584269662921 0.7440476190476191 0.5210674157303371 0.7571428571428571 0.598314606741573 0.7845238095238095 0.5997191011235955
1 0.8226190476190476 0.5196629213483146 0.7916666666666666 0.5224719101123596 0.8047619047619048 0.5997191011235955 0.8321428571428572 0.601123595505618
1 0.794047619047619 0.30196629213483145 0.763095238095238 0.3047752808988764 0.7761904761904762 0.37359550561797755 0.8035714285714286 0.37359550561797755
1 0.5119047619047619 0.33707865168539325 0.48095238095238096 0.3398876404494382 0.4869047619047619 0.40168539325842695 0.513095238095238 0.3946629213483146
1 0.5369047619047619 0.39747191011235955 0.5059523809523809 0.40168539325842695 0.5190476190476191 0.47752808988764045 0.5511904761904762 0.4747191011235955
1 0.4869047619047619 0.3848314606741573 0.45595238095238094 0.3890449438202247 0.4666666666666667 0.46348314606741575 0.4988095238095238 0.4550561797752809
1 0.45 0.36235955056179775 0.41904761904761906 0.36657303370786515 0.42738095238095236 0.43258426966292135 0.45595238095238094 0.42837078651685395
1 0.45476190476190476 0.43820224719101125 0.4238095238095238 0.44241573033707865 0.4238095238095238 0.5224719101123596 0.45476190476190476 0.5210674157303371
0 0.6416666666666667 0.25140449438202245 0.5988095238095238 0.2612359550561798 0.6273809523809524 0.42837078651685395 0.6738095238095239 0.41713483146067415
0 0.7285714285714285 0.24719101123595505 0.6821428571428572 0.2542134831460674 0.7107142857142857 0.4241573033707865 0.7595238095238095 0.4143258426966292
0 0.2857142857142857 0.22612359550561797 0.24523809523809523 0.22612359550561797 0.24761904761904763 0.39747191011235955 0.2904761904761905 0.3960674157303371
0 0.3380952380952381 0.2654494382022472 0.2988095238095238 0.2710674157303371 0.30833333333333335 0.42837078651685395 0.35119047619047616 0.42696629213483145
0 0.23214285714285715 0.16292134831460675 0.18928571428571428 0.16573033707865167 0.19047619047619047 0.3258426966292135 0.23214285714285715 0.32303370786516855
3 0.5702380952380952 0.3539325842696629 0.5392857142857143 0.3637640449438202 0.5607142857142857 0.4705056179775281 0.5988095238095238 0.4550561797752809