1 0.39166666666666666 0.16573033707865167 0.3964285714285714 0.13202247191011235 0.37976190476190474 0.12921348314606743 0.3726190476190476 0.16432584269662923
1 0.42142857142857143 0.16292134831460675 0.4226190476190476 0.1306179775280899 0.4083333333333333 0.1306179775280899 0.40595238095238095 0.16292134831460675
1 0.42023809523809524 0.20084269662921347 0.42142857142857143 0.16713483146067415 0.40595238095238095 0.16573033707865167 0.40476190476190477 0.199438202247191
1 0.41785714285714287 0.23595505617977527 0.41904761904761906 0.20084269662921347 0.4035714285714286 0.199438202247191 0.4 0.23314606741573032
1 0.3535714285714286 0.24297752808988765 0.3607142857142857 0.2050561797752809 0.34404761904761905 0.20224719101123595 0.33690476190476193 0.23876404494382023
1 0.3464285714285714 0.300561797752809 0.32857142857142857 0.29775280898876405 0.33690476190476193 0.2556179775280899 0.3535714285714286 0.2598314606741573
1 0.3678571428571429 0.29213483146067415 0.38333333333333336 0.29213483146067415 0.38452380952380955 0.2542134831460674 0.36904761904761907 0.25280898876404495
1 0.4107142857142857 0.2696629213483146 0.4142857142857143 0.23735955056179775 0.39880952380952384 0.23735955056179775 0.3964285714285714 0.2696629213483146
1 0.4017857142857143 0.29424157303370785 0.015476190476190477 0.04073033707865169
1 0.39880952380952384 0.33497191011235955 0.01904761904761905 0.0351123595505618
1 0.4023809523809524 0.39325842696629215 0.38333333333333336 0.3904494382022472 0.3892857142857143 0.3539325842696629 0.4083333333333333 0.3553370786516854
1 0.3964285714285714 0.43679775280898875 0.3773809523809524 0.4339887640449438 0.3821428571428571 0.3890449438202247 0.4 0.39185393258426965
1 0.530952380952381 0.32724719101123595 0.5476190476190477 0.3258426966292135 0.5464285714285714 0.2893258426966292 0.530952380952381 0.2893258426966292
1 0.5910714285714286 0.1502808988764045 0.013095238095238096 0.03089887640449438
1 0.5922619047619048 0.2247191011235955 0.015476190476190477 0.028089887640449437
1 0.5946428571428571 0.2577247191011236 0.017857142857142856 0.0351123595505618
1 0.594047619047619 0.29564606741573035 0.016666666666666666 0.037921348314606744
1 0.5928571428571429 0.34058988764044945 0.014285714285714285 0.0351123595505618
1 0.6797619047619048 0.37359550561797755 0.6511904761904762 0.4044943820224719 0.6345238095238095 0.3848314606741573 0.6654761904761904 0.35674157303370785
1 0.655952380952381 0.42275280898876405 0.6464285714285715 0.4438202247191011 0.6785714285714286 0.4648876404494382 0.6892857142857143 0.4452247191011236
1 0.6369047619047619 0.4648876404494382 0.669047619047619 0.4845505617977528 0.6785714285714286 0.46769662921348315 0.6464285714285715 0.4452247191011236
1 0.6452380952380953 0.4901685393258427 0.6761904761904762 0.5098314606741573 0.6845238095238095 0.4943820224719101 0.6547619047619048 0.476123595505618
1 0.6821428571428572 0.5421348314606742 0.6440476190476191 0.5126404494382022 0.6571428571428571 0.49719101123595505 0.6904761904761905 0.5252808988764045
1 0.39285714285714285 0.48314606741573035 0.3976190476190476 0.4438202247191011 0.37857142857142856 0.4410112359550562 0.3726190476190476 0.4803370786516854
1 0.3880952380952381 0.5351123595505618 0.36547619047619045 0.5323033707865169 0.3726190476190476 0.4845505617977528 0.39285714285714285 0.48735955056179775
1 0.38333333333333336 0.5842696629213483 0.36547619047619045 0.5856741573033708 0.3678571428571429 0.5337078651685393 0.3880952380952381 0.5337078651685393
1 0.5321428571428571 0.6025280898876404 0.023809523809523808 0.05056179775280899
1 0.6392857142857142 0.6137640449438202 0.6738095238095239 0.6376404494382022 0.6845238095238095 0.6193820224719101 0.65 0.5941011235955056
1 0.6821428571428572 0.6320224719101124 0.6464285714285715 0.6629213483146067 0.6571428571428571 0.6769662921348315 0.6928571428571428 0.6474719101123596
1 0.6904761904761905 0.6615168539325843 0.6547619047619048 0.6924157303370787 0.6678571428571428 0.7092696629213483 0.7023809523809523 0.6769662921348315
1 0.6892857142857143 0.699438202247191 0.65 0.7317415730337079 0.6642857142857143 0.7514044943820225 0.7035714285714286 0.7176966292134831
1 0.6964285714285714 0.7485955056179775 0.6702380952380952 0.773876404494382 0.6583333333333333 0.7584269662921348 0.6857142857142857 0.7331460674157303
1 0.5952380952380952 0.726123595505618 0.01904761904761905 0.05056179775280899
1 0.38333333333333336 0.6418539325842697 0.38571428571428573 0.5912921348314607 0.3630952380952381 0.5884831460674157 0.35714285714285715 0.6376404494382022
1 0.3636904761904762 0.6657303370786517 0.02023809523809524 0.047752808988764044
1 0.35833333333333334 0.773876404494382 0.01904761904761905 0.05337078651685393
1 0.35595238095238096 0.8609550561797753 0.3607142857142857 0.8075842696629213 0.3404761904761905 0.8047752808988764 0.33214285714285713 0.8567415730337079
1 0.305952380952381 0.8356741573033708 0.3107142857142857 0.7837078651685393 0.28809523809523807 0.7808988764044944 0.2833333333333333 0.8314606741573034
1 0.5946428571428571 0.8251404494382022 0.02261904761904762 0.046348314606741575
1 0.705952380952381 0.7907303370786517 0.6654761904761904 0.8160112359550562 0.6535714285714286 0.7963483146067416 0.694047619047619 0.7710674157303371