1 0.705952380952381 0.18117977528089887 0.7654761904761904 0.18117977528089887 0.763095238095238 0.21629213483146068 0.7083333333333334 0.21769662921348315
0 0.4380952380952381 0.199438202247191 0.5869047619047619 0.19803370786516855 0.5845238095238096 0.13904494382022473 0.4357142857142857 0.1404494382022472
1 0.8392857142857143 0.7429775280898876 0.8428571428571429 0.8132022471910112 0.8702380952380953 0.8103932584269663 0.8666666666666667 0.7415730337078652
1 0.7035714285714286 0.7036516853932584 0.7095238095238096 0.7794943820224719 0.7321428571428571 0.776685393258427 0.7273809523809524 0.7036516853932584
1 0.638095238095238 0.6966292134831461 0.6404761904761904 0.7794943820224719 0.6714285714285714 0.7794943820224719 0.6678571428571428 0.6966292134831461
1 0.5904761904761905 0.6882022471910112 0.5904761904761905 0.7640449438202247 0.6154761904761905 0.7654494382022472 0.6154761904761905 0.6882022471910112
1 0.5083333333333333 0.6896067415730337 0.5047619047619047 0.7654494382022472 0.5345238095238095 0.7668539325842697 0.5369047619047619 0.6896067415730337
1 0.44761904761904764 0.6853932584269663 0.44642857142857145 0.7626404494382022 0.47023809523809523 0.7598314606741573 0.4738095238095238 0.6867977528089888
1 0.40476190476190477 0.6797752808988764 0.4023809523809524 0.7542134831460674 0.43214285714285716 0.7556179775280899 0.43214285714285716 0.6839887640449438
1 0.3630952380952381 0.699438202247191 0.3678571428571429 0.7598314606741573 0.39285714285714285 0.7542134831460674 0.3880952380952381 0.6924157303370787
1 0.12738095238095237 0.7373595505617978 0.19642857142857142 0.7373595505617978 0.1976190476190476 0.7078651685393258 0.12738095238095237 0.7078651685393258
1 0.16904761904761906 0.827247191011236 0.11071428571428571 0.824438202247191 0.10833333333333334 0.8623595505617978 0.16547619047619047 0.8623595505617978