1 0.17023809523809524 0.5533707865168539 0.17142857142857143 0.5210674157303371 0.1 0.5196629213483146 0.09761904761904762 0.5533707865168539
1 0.39880952380952384 0.5449438202247191 0.3964285714285714 0.5042134831460674 0.31785714285714284 0.5098314606741573 0.31785714285714284 0.5435393258426966
1 0.15833333333333333 0.7387640449438202 0.16904761904761906 0.6502808988764045 0.1392857142857143 0.6502808988764045 0.12857142857142856 0.7387640449438202
1 0.2654761904761905 0.7345505617977528 0.2714285714285714 0.6390449438202247 0.23214285714285715 0.6404494382022472 0.22857142857142856 0.7373595505617978
1 0.31785714285714284 0.7345505617977528 0.319047619047619 0.6432584269662921 0.2857142857142857 0.6404494382022472 0.28214285714285714 0.7387640449438202
1 0.36666666666666664 0.7303370786516854 0.3726190476190476 0.6334269662921348 0.3380952380952381 0.6334269662921348 0.3333333333333333 0.7317415730337079
1 0.4357142857142857 0.547752808988764 0.5333333333333333 0.5449438202247191 0.5321428571428571 0.5070224719101124 0.4357142857142857 0.5098314606741573
1 0.5857142857142857 0.5463483146067416 0.6642857142857143 0.5379213483146067 0.6630952380952381 0.5 0.5797619047619048 0.5028089887640449
1 0.6892857142857143 0.5435393258426966 0.7773809523809524 0.5421348314606742 0.7761904761904762 0.5056179775280899 0.6880952380952381 0.5070224719101124
1 0.8154761904761905 0.5294943820224719 0.8952380952380953 0.5252808988764045 0.8952380952380953 0.48314606741573035 0.8107142857142857 0.49297752808988765
1 0.6214285714285714 0.7176966292134831 0.6166666666666667 0.6221910112359551 0.5773809523809523 0.6264044943820225 0.5892857142857143 0.7162921348314607
1 0.719047619047619 0.7247191011235955 0.7130952380952381 0.6264044943820225 0.6761904761904762 0.6264044943820225 0.6869047619047619 0.7275280898876404
1 0.8785714285714286 0.7162921348314607 0.8654761904761905 0.6123595505617978 0.8297619047619048 0.6137640449438202 0.8392857142857143 0.7176966292134831