2 0.39285714285714285 0.6474719101123596 0.4297619047619048 0.648876404494382 0.42857142857142855 0.7528089887640449 0.3880952380952381 0.7542134831460674
1 0.39880952380952384 0.5463483146067416 0.41904761904761906 0.5463483146067416 0.42023809523809524 0.5997191011235955 0.3964285714285714 0.5997191011235955
1 0.2011904761904762 0.8033707865168539 0.22976190476190475 0.8061797752808989 0.225 0.8609550561797753 0.1976190476190476 0.8623595505617978
1 0.25 0.8089887640449438 0.2761904761904762 0.8075842696629213 0.2714285714285714 0.8693820224719101 0.24523809523809523 0.8693820224719101
1 0.39404761904761904 0.7780898876404494 0.41904761904761906 0.7752808988764045 0.42023809523809524 0.851123595505618 0.3904761904761905 0.8525280898876404
1 0.2773809523809524 0.35674157303370785 0.2976190476190476 0.35674157303370785 0.3 0.41853932584269665 0.275 0.41713483146067415
1 0.48095238095238096 0.800561797752809 0.5059523809523809 0.797752808988764 0.513095238095238 0.8637640449438202 0.48214285714285715 0.8637640449438202
1 0.5238095238095238 0.7935393258426966 0.5476190476190477 0.7935393258426966 0.5523809523809524 0.8637640449438202 0.5273809523809524 0.8637640449438202
1 0.6226190476190476 0.8033707865168539 0.6464285714285715 0.8089887640449438 0.6452380952380953 0.8637640449438202 0.6190476190476191 0.8595505617977528
1 0.6571428571428571 0.7752808988764045 0.6833333333333333 0.7696629213483146 0.694047619047619 0.8539325842696629 0.6678571428571428 0.8539325842696629
1 0.7023809523809523 0.7794943820224719 0.7309523809523809 0.773876404494382 0.75 0.8539325842696629 0.7166666666666667 0.8567415730337079
1 0.7535714285714286 0.7794943820224719 0.7773809523809524 0.7752808988764045 0.7916666666666666 0.8525280898876404 0.7654761904761904 0.8525280898876404
1 0.8226190476190476 0.8160112359550562 0.8488095238095238 0.8286516853932584 0.8285714285714286 0.8932584269662921 0.8023809523809524 0.8778089887640449
0 0.34404761904761905 0.199438202247191 0.34404761904761905 0.29213483146067415 0.3738095238095238 0.2893258426966292 0.37857142857142856 0.20224719101123595