1 0.24642857142857144 0.20084269662921347 0.23214285714285715 0.22893258426966293 0.2773809523809524 0.2598314606741573 0.29404761904761906 0.22893258426966293
1 0.2226190476190476 0.14747191011235955 0.1988095238095238 0.14747191011235955 0.19285714285714287 0.21629213483146068 0.22857142857142856 0.21629213483146068
1 0.14523809523809525 0.16853932584269662 0.11428571428571428 0.16292134831460675 0.10119047619047619 0.22612359550561797 0.13214285714285715 0.2303370786516854
1 0.4666666666666667 0.25140449438202245 0.4226190476190476 0.22612359550561797 0.40595238095238095 0.25 0.45714285714285713 0.2794943820224719
1 0.6416666666666667 0.26264044943820225 0.5892857142857143 0.23735955056179775 0.5761904761904761 0.2640449438202247 0.6297619047619047 0.29634831460674155
3 0.7761904761904762 0.2542134831460674 0.6964285714285714 0.26825842696629215 0.7023809523809523 0.3047752808988764 0.7833333333333333 0.29634831460674155
1 0.8202380952380952 0.398876404494382 0.7976190476190477 0.39747191011235955 0.7952380952380952 0.46769662921348315 0.8226190476190476 0.4705056179775281
1 0.8666666666666667 0.4002808988764045 0.844047619047619 0.398876404494382 0.8416666666666667 0.4691011235955056 0.8690476190476191 0.47191011235955055
1 0.7678571428571429 0.39185393258426965 0.7380952380952381 0.3904494382022472 0.7345238095238096 0.4648876404494382 0.7666666666666667 0.46769662921348315
1 0.7238095238095238 0.39747191011235955 0.6988095238095238 0.3946629213483146 0.6880952380952381 0.4705056179775281 0.7166666666666667 0.47191011235955055
1 0.6845238095238095 0.38202247191011235 0.6583333333333333 0.3806179775280899 0.6535714285714286 0.449438202247191 0.6821428571428572 0.4508426966292135
1 0.65 0.38202247191011235 0.6238095238095238 0.3806179775280899 0.6190476190476191 0.44662921348314605 0.6476190476190476 0.4508426966292135
1 0.6071428571428571 0.38342696629213485 0.580952380952381 0.38202247191011235 0.5785714285714286 0.4550561797752809 0.6059523809523809 0.45786516853932585
1 0.5678571428571428 0.38342696629213485 0.5416666666666666 0.38202247191011235 0.5369047619047619 0.46207865168539325 0.5654761904761905 0.46207865168539325
1 0.5333333333333333 0.3806179775280899 0.5071428571428571 0.3792134831460674 0.5023809523809524 0.4592696629213483 0.530952380952381 0.4592696629213483
1 0.3821428571428571 0.36657303370786515 0.35595238095238096 0.3651685393258427 0.35595238095238096 0.4438202247191011 0.38095238095238093 0.44241573033707865
1 0.3380952380952381 0.3693820224719101 0.3119047619047619 0.36797752808988765 0.3119047619047619 0.4353932584269663 0.33690476190476193 0.43679775280898875
1 0.3047619047619048 0.351123595505618 0.2785714285714286 0.3497191011235955 0.2785714285714286 0.41713483146067415 0.30357142857142855 0.41853932584269665
1 0.40714285714285714 0.3441011235955056 0.38452380952380955 0.40870786516853935 0.4119047619047619 0.4199438202247191 0.42857142857142855 0.3553370786516854
1 0.25833333333333336 0.3342696629213483 0.23214285714285715 0.33286516853932585 0.22857142857142856 0.41151685393258425 0.25595238095238093 0.4143258426966292
1 0.20714285714285716 0.31741573033707865 0.18095238095238095 0.3160112359550562 0.17857142857142858 0.38342696629213485 0.20357142857142857 0.3848314606741573
1 0.19523809523809524 0.39185393258426965 0.16904761904761906 0.3904494382022472 0.16428571428571428 0.46629213483146065 0.19523809523809524 0.47191011235955055