1 0.3119047619047619 0.19241573033707865 0.3738095238095238 0.23174157303370788 0.3892857142857143 0.20646067415730338 0.3273809523809524 0.16432584269662923
1 0.23333333333333334 0.5294943820224719 0.2988095238095238 0.5842696629213483 0.31785714285714284 0.5519662921348315 0.2511904761904762 0.4957865168539326
1 0.1488095238095238 0.7148876404494382 0.24047619047619048 0.7064606741573034 0.23809523809523808 0.6699438202247191 0.15119047619047618 0.6769662921348315
1 0.10833333333333334 0.7598314606741573 0.19166666666666668 0.7837078651685393 0.20238095238095238 0.7429775280898876 0.12142857142857143 0.7162921348314607
1 0.2726190476190476 0.8230337078651685 0.34523809523809523 0.8764044943820225 0.36547619047619045 0.8497191011235955 0.3 0.7879213483146067
1 0.32261904761904764 0.7275280898876404 0.39166666666666666 0.7780898876404494 0.4119047619047619 0.7443820224719101 0.34523809523809523 0.6924157303370787
1 0.3464285714285714 0.6797752808988764 0.41309523809523807 0.7331460674157303 0.43333333333333335 0.7036516853932584 0.36666666666666664 0.6446629213483146
1 0.3976190476190476 0.6137640449438202 0.4642857142857143 0.6643258426966292 0.48095238095238096 0.6292134831460674 0.4166666666666667 0.5758426966292135
1 0.4238095238095238 0.5716292134831461 0.47619047619047616 0.6151685393258427 0.49047619047619045 0.5842696629213483 0.444047619047619 0.5435393258426966
1 0.45 0.5421348314606742 0.5071428571428571 0.574438202247191 0.5214285714285715 0.5421348314606742 0.4607142857142857 0.5070224719101124
1 0.4666666666666667 0.5028089887640449 0.5357142857142857 0.5421348314606742 0.5464285714285714 0.5028089887640449 0.4797619047619048 0.4648876404494382
1 0.475 0.44241573033707865 0.5380952380952381 0.48314606741573035 0.5595238095238095 0.4550561797752809 0.49047619047619045 0.4058988764044944
1 0.5416666666666666 0.3792134831460674 0.6047619047619047 0.4311797752808989 0.6261904761904762 0.39747191011235955 0.5630952380952381 0.35252808988764045
1 0.6702380952380952 0.3160112359550562 0.7309523809523809 0.3553370786516854 0.7452380952380953 0.32724719101123595 0.6869047619047619 0.28651685393258425
1 0.7904761904761904 0.3497191011235955 0.7488095238095238 0.4311797752808989 0.7785714285714286 0.4508426966292135 0.8178571428571428 0.3693820224719101
1 0.8321428571428572 0.37359550561797755 0.7833333333333333 0.44803370786516855 0.8119047619047619 0.4747191011235955 0.8583333333333333 0.39185393258426965
1 0.6107142857142858 0.43679775280898875 0.669047619047619 0.48174157303370785 0.6845238095238095 0.45224719101123595 0.625 0.40730337078651685
1 0.575 0.46769662921348315 0.6404761904761904 0.5182584269662921 0.6583333333333333 0.4859550561797753 0.5964285714285714 0.4339887640449438
1 0.5547619047619048 0.5028089887640449 0.6154761904761905 0.5603932584269663 0.6357142857142857 0.5280898876404494 0.5738095238095238 0.4747191011235955
1 0.5357142857142857 0.5449438202247191 0.5880952380952381 0.5856741573033708 0.6071428571428571 0.5589887640449438 0.5511904761904762 0.5098314606741573
1 0.5119047619047619 0.5814606741573034 0.5797619047619048 0.6334269662921348 0.5976190476190476 0.6039325842696629 0.530952380952381 0.5463483146067416
1 0.4880952380952381 0.6207865168539326 0.5547619047619048 0.6769662921348315 0.575 0.648876404494382 0.5035714285714286 0.5898876404494382
1 0.5738095238095238 0.7078651685393258 0.655952380952381 0.6713483146067416 0.6357142857142857 0.6306179775280899 0.5642857142857143 0.6699438202247191
1 0.47023809523809523 0.675561797752809 0.5357142857142857 0.7247191011235955 0.555952380952381 0.6896067415730337 0.48333333333333334 0.6362359550561798
1 0.4452380952380952 0.7008426966292135 0.5035714285714286 0.7598314606741573 0.5273809523809524 0.7303370786516854 0.4642857142857143 0.6699438202247191
1 0.42023809523809524 0.7373595505617978 0.4785714285714286 0.797752808988764 0.5035714285714286 0.7668539325842697 0.44047619047619047 0.7064606741573034
1 0.4023809523809524 0.7935393258426966 0.4666666666666667 0.8469101123595506 0.4928571428571429 0.8160112359550562 0.4261904761904762 0.7584269662921348
1 0.3738095238095238 0.8384831460674157 0.4392857142857143 0.8862359550561798 0.4595238095238095 0.8581460674157303 0.39285714285714285 0.8019662921348315
1 0.8035714285714286 0.7008426966292135 0.8845238095238095 0.776685393258427 0.905952380952381 0.7401685393258427 0.8273809523809523 0.6699438202247191
1 0.8345238095238096 0.6558988764044944 0.8940476190476191 0.7191011235955056 0.9166666666666666 0.6896067415730337 0.8547619047619047 0.6264044943820225