1 0.6928571428571428 0.5028089887640449 0.6654761904761904 0.5028089887640449 0.6630952380952381 0.5814606741573034 0.694047619047619 0.5842696629213483
1 0.6345238095238095 0.4901685393258427 0.6071428571428571 0.4901685393258427 0.6047619047619047 0.5688202247191011 0.6357142857142857 0.5716292134831461
1 0.6607142857142857 0.6264044943820225 0.5821428571428572 0.6095505617977528 0.5726190476190476 0.648876404494382 0.6654761904761904 0.6629213483146067
1 0.5880952380952381 0.5323033707865169 0.5059523809523809 0.5294943820224719 0.5059523809523809 0.5617977528089888 0.5916666666666667 0.5646067415730337
1 0.4511904761904762 0.4845505617977528 0.3821428571428571 0.49859550561797755 0.3904761904761905 0.5337078651685393 0.46190476190476193 0.5196629213483146
1 0.3821428571428571 0.46348314606741575 0.30952380952380953 0.4606741573033708 0.30952380952380953 0.4943820224719101 0.38452380952380955 0.4943820224719101
1 0.28095238095238095 0.43258426966292135 0.21071428571428572 0.4550561797752809 0.22023809523809523 0.48735955056179775 0.29285714285714287 0.46348314606741575
1 0.17261904761904762 0.37780898876404495 0.13452380952380952 0.4592696629213483 0.16904761904761906 0.47752808988764045 0.20238095238095238 0.39325842696629215
1 0.2 0.5337078651685393 0.11071428571428571 0.5365168539325843 0.10833333333333334 0.5730337078651685 0.20357142857142857 0.5660112359550562
1 0.19047619047619047 0.5842696629213483 0.16666666666666666 0.5969101123595506 0.19404761904761905 0.6643258426966292 0.2226190476190476 0.6474719101123596
1 0.3404761904761905 0.5814606741573034 0.3119047619047619 0.5912921348314607 0.3357142857142857 0.6713483146067416 0.36547619047619045 0.6615168539325843
1 0.3904761904761905 0.5870786516853933 0.3607142857142857 0.5997191011235955 0.39166666666666666 0.6853932584269663 0.4238095238095238 0.6657303370786517
1 0.45 0.5926966292134831 0.4238095238095238 0.6039325842696629 0.45476190476190476 0.6825842696629213 0.4797619047619048 0.6671348314606742
1 0.5107142857142857 0.5842696629213483 0.4773809523809524 0.5997191011235955 0.5202380952380953 0.6938202247191011 0.5523809523809524 0.6741573033707865