1 0.1380952380952381 0.34269662921348315 0.15833333333333333 0.4157303370786517 0.13214285714285715 0.42696629213483145 0.1130952380952381 0.3539325842696629
1 0.18095238095238095 0.32724719101123595 0.19285714285714287 0.40870786516853935 0.1630952380952381 0.4143258426966292 0.15357142857142858 0.3356741573033708
1 0.26904761904761904 0.13904494382022473 0.2904761904761905 0.20786516853932585 0.3142857142857143 0.1952247191011236 0.29404761904761906 0.12780898876404495
1 0.24642857142857144 0.39185393258426965 0.3119047619047619 0.3651685393258427 0.305952380952381 0.3342696629213483 0.2357142857142857 0.35814606741573035
1 0.2130952380952381 0.5056179775280899 0.2726190476190476 0.4803370786516854 0.26071428571428573 0.449438202247191 0.2011904761904762 0.47752808988764045
1 0.21428571428571427 0.5589887640449438 0.2785714285714286 0.5379213483146067 0.27380952380952384 0.5042134831460674 0.20714285714285716 0.5252808988764045
1 0.24642857142857144 0.6390449438202247 0.3142857142857143 0.6151685393258427 0.30357142857142855 0.5786516853932584 0.23809523809523808 0.6067415730337079
1 0.35714285714285715 0.7808988764044944 0.4238095238095238 0.7471910112359551 0.41309523809523807 0.7148876404494382 0.34404761904761905 0.75
1 0.34404761904761905 0.7317415730337079 0.4095238095238095 0.7050561797752809 0.4 0.6741573033707865 0.3345238095238095 0.7008426966292135
1 0.33214285714285713 0.6587078651685393 0.3392857142857143 0.6910112359550562 0.40714285714285714 0.6629213483146067 0.3976190476190476 0.6320224719101124
1 0.3357142857142857 0.6151685393258427 0.34404761904761905 0.648876404494382 0.4095238095238095 0.6179775280898876 0.4011904761904762 0.5856741573033708
1 0.31547619047619047 0.5828651685393258 0.3261904761904762 0.6165730337078652 0.3880952380952381 0.5856741573033708 0.3773809523809524 0.5547752808988764
1 0.29523809523809524 0.5421348314606742 0.3047619047619048 0.577247191011236 0.37976190476190474 0.5491573033707865 0.37142857142857144 0.5154494382022472
1 0.28214285714285714 0.5365168539325843 0.35714285714285715 0.5084269662921348 0.34523809523809523 0.47331460674157305 0.2761904761904762 0.5014044943820225
1 0.2845238095238095 0.49719101123595505 0.27380952380952384 0.46348314606741575 0.3392857142857143 0.4410112359550562 0.35 0.47191011235955055
1 0.2761904761904762 0.46348314606741575 0.2642857142857143 0.43258426966292135 0.3357142857142857 0.40168539325842695 0.34404761904761905 0.4311797752808989
1 0.26071428571428573 0.42696629213483145 0.33095238095238094 0.39747191011235955 0.32142857142857145 0.3609550561797753 0.25 0.39185393258426965
1 0.3119047619047619 0.3258426966292135 0.32142857142857145 0.35814606741573035 0.38095238095238093 0.3342696629213483 0.37142857142857144 0.30196629213483145
1 0.3380952380952381 0.39185393258426965 0.3976190476190476 0.3651685393258427 0.38571428571428573 0.3356741573033708 0.3273809523809524 0.3637640449438202
1 0.34523809523809523 0.4297752808988764 0.4011904761904762 0.40730337078651685 0.3904761904761905 0.3792134831460674 0.3357142857142857 0.40308988764044945
1 0.3535714285714286 0.46769662921348315 0.425 0.44241573033707865 0.4154761904761905 0.4101123595505618 0.34523809523809523 0.43820224719101125
1 0.37023809523809526 0.5042134831460674 0.43214285714285716 0.4803370786516854 0.4238095238095238 0.449438202247191 0.3595238095238095 0.47331460674157305
1 0.37976190476190474 0.5407303370786517 0.44285714285714284 0.5168539325842697 0.43214285714285716 0.4859550561797753 0.36904761904761907 0.5140449438202247
1 0.3952380952380952 0.5828651685393258 0.45714285714285713 0.5519662921348315 0.4488095238095238 0.523876404494382 0.38571428571428573 0.5547752808988764
1 0.41309523809523807 0.6165730337078652 0.475 0.5884831460674157 0.4630952380952381 0.5603932584269663 0.4035714285714286 0.5898876404494382
1 0.4154761904761905 0.6601123595505618 0.4869047619047619 0.6278089887640449 0.4714285714285714 0.5926966292134831 0.4023809523809524 0.6278089887640449
1 0.4261904761904762 0.7008426966292135 0.4928571428571429 0.6671348314606742 0.48095238095238096 0.6376404494382022 0.4154761904761905 0.6699438202247191
1 0.4380952380952381 0.7387640449438202 0.5071428571428571 0.7050561797752809 0.49642857142857144 0.6741573033707865 0.425 0.7078651685393258
1 0.5190476190476191 0.7008426966292135 0.5833333333333334 0.6713483146067416 0.5714285714285714 0.6376404494382022 0.5071428571428571 0.6699438202247191
1 0.49166666666666664 0.6278089887640449 0.5035714285714286 0.6629213483146067 0.5738095238095238 0.6306179775280899 0.5630952380952381 0.5969101123595506
1 0.4785714285714286 0.5898876404494382 0.4880952380952381 0.625 0.555952380952381 0.5955056179775281 0.544047619047619 0.5617977528089888
1 0.4726190476190476 0.550561797752809 0.48095238095238096 0.5814606741573034 0.5404761904761904 0.5603932584269663 0.5321428571428571 0.5280898876404494
1 0.4607142857142857 0.5126404494382022 0.46904761904761905 0.5449438202247191 0.530952380952381 0.5182584269662921 0.5226190476190476 0.4887640449438202
1 0.44642857142857145 0.47752808988764045 0.45476190476190476 0.5126404494382022 0.5238095238095238 0.4845505617977528 0.5119047619047619 0.4508426966292135
1 0.49166666666666664 0.41713483146067415 0.4261904761904762 0.44662921348314605 0.4357142857142857 0.47752808988764045 0.5023809523809524 0.44803370786516855
1 0.4785714285714286 0.375 0.4166666666666667 0.4058988764044944 0.42857142857142855 0.4353932584269663 0.49047619047619045 0.40730337078651685
1 0.41309523809523807 0.398876404494382 0.475 0.3707865168539326 0.4630952380952381 0.34129213483146065 0.4023809523809524 0.3707865168539326
1 0.4488095238095238 0.30758426966292135 0.4607142857142857 0.33707865168539325 0.4023809523809524 0.36797752808988765 0.39166666666666666 0.3356741573033708
1 0.37857142857142856 0.300561797752809 0.4380952380952381 0.2752808988764045 0.4488095238095238 0.3047752808988764 0.38571428571428573 0.33286516853932585
1 0.37857142857142856 0.29353932584269665 0.444047619047619 0.26685393258426965 0.43333333333333335 0.2345505617977528 0.3678571428571429 0.2612359550561798
1 0.4880952380952381 0.13342696629213482 0.5142857142857142 0.19101123595505617 0.5392857142857143 0.175561797752809 0.5142857142857142 0.11938202247191011
1 0.544047619047619 0.10814606741573034 0.5654761904761905 0.16432584269662923 0.5416666666666666 0.17837078651685392 0.5178571428571429 0.12078651685393259
1 0.5595238095238095 0.11235955056179775 0.580952380952381 0.17415730337078653 0.6095238095238096 0.15870786516853932 0.5880952380952381 0.09550561797752809
1 0.4785714285714286 0.175561797752809 0.49523809523809526 0.25280898876404495 0.5238095238095238 0.24157303370786518 0.5071428571428571 0.16853932584269662
1 0.4642857142857143 0.30758426966292135 0.5238095238095238 0.273876404494382 0.5154761904761904 0.2443820224719101 0.45357142857142857 0.27808988764044945
1 0.47619047619047616 0.33707865168539325 0.5369047619047619 0.3103932584269663 0.5273809523809524 0.2794943820224719 0.46785714285714286 0.3061797752808989
1 0.49047619047619045 0.37219101123595505 0.5535714285714286 0.34691011235955055 0.5428571428571428 0.31320224719101125 0.4785714285714286 0.34269662921348315
1 0.5047619047619047 0.4101123595505618 0.5654761904761905 0.38342696629213485 0.5535714285714286 0.351123595505618 0.49523809523809526 0.37780898876404495
1 0.5142857142857142 0.44241573033707865 0.5714285714285714 0.4199438202247191 0.5642857142857143 0.39185393258426965 0.5059523809523809 0.41713483146067415
1 0.525 0.48174157303370785 0.5857142857142857 0.4550561797752809 0.5761904761904761 0.4241573033707865 0.5166666666666667 0.44803370786516855
1 0.5404761904761904 0.5140449438202247 0.6047619047619047 0.49157303370786515 0.5952380952380952 0.4550561797752809 0.5297619047619048 0.48314606741573035
1 0.5535714285714286 0.5547752808988764 0.6130952380952381 0.5224719101123596 0.6011904761904762 0.4943820224719101 0.5416666666666666 0.526685393258427
1 0.5678571428571428 0.5870786516853933 0.6309523809523809 0.5561797752808989 0.6214285714285714 0.5252808988764045 0.5583333333333333 0.5561797752808989
1 0.5773809523809523 0.6179775280898876 0.6428571428571429 0.598314606741573 0.6357142857142857 0.5617977528089888 0.569047619047619 0.5856741573033708
1 0.5916666666666667 0.6601123595505618 0.6547619047619048 0.6362359550561798 0.6452380952380953 0.6039325842696629 0.5821428571428572 0.625
1 0.6154761904761905 0.6952247191011236 0.669047619047619 0.6657303370786517 0.6547619047619048 0.6348314606741573 0.6035714285714285 0.6657303370786517
1 0.6226190476190476 0.7359550561797753 0.6845238095238095 0.699438202247191 0.6726190476190477 0.6699438202247191 0.6095238095238096 0.7050561797752809
1 0.6416666666666667 0.7710674157303371 0.7011904761904761 0.7359550561797753 0.6892857142857143 0.7050561797752809 0.6261904761904762 0.7415730337078652
1 0.6666666666666666 0.8033707865168539 0.7309523809523809 0.7710674157303371 0.7202380952380952 0.7373595505617978 0.6547619047619048 0.7724719101123596
1 0.780952380952381 0.7542134831460674 0.8119047619047619 0.8314606741573034 0.7821428571428571 0.8469101123595506 0.75 0.7668539325842697
3 0.8083333333333333 0.7148876404494382 0.85 0.8188202247191011 0.8178571428571428 0.8342696629213483 0.7761904761904762 0.7345505617977528
1 0.7404761904761905 0.7612359550561798 0.8023809523809524 0.7191011235955056 0.7845238095238095 0.6882022471910112 0.725 0.7331460674157303
1 0.6952380952380952 0.7008426966292135 0.7095238095238096 0.7303370786516854 0.7726190476190476 0.6938202247191011 0.7559523809523809 0.6643258426966292
1 0.680952380952381 0.6741573033707865 0.7511904761904762 0.6657303370786517 0.7476190476190476 0.6292134831460674 0.6761904761904762 0.6362359550561798
1 0.7440476190476191 0.5407303370786517 0.7666666666666667 0.6109550561797753 0.7380952380952381 0.6221910112359551 0.7166666666666667 0.5547752808988764
1 0.7 0.5407303370786517 0.7261904761904762 0.6165730337078652 0.7011904761904761 0.6278089887640449 0.6738095238095239 0.5575842696629213
1 0.6654761904761904 0.5491573033707865 0.6892857142857143 0.6179775280898876 0.6630952380952381 0.6306179775280899 0.638095238095238 0.5617977528089888
1 0.7107142857142857 0.46348314606741575 0.7380952380952381 0.5379213483146067 0.7107142857142857 0.5519662921348315 0.6857142857142857 0.4803370786516854
1 0.6726190476190477 0.46207865168539325 0.7011904761904761 0.5407303370786517 0.6702380952380952 0.5561797752808989 0.6428571428571429 0.47752808988764045
1 0.6392857142857142 0.4705056179775281 0.6666666666666666 0.547752808988764 0.6392857142857142 0.5589887640449438 0.611904761904762 0.4859550561797753
1 0.669047619047619 0.3946629213483146 0.719047619047619 0.44241573033707865 0.7023809523809523 0.4705056179775281 0.6511904761904762 0.42134831460674155
1 0.638095238095238 0.375 0.655952380952381 0.4396067415730337 0.6357142857142857 0.449438202247191 0.6154761904761905 0.3848314606741573
1 0.6011904761904762 0.3707865168539326 0.6357142857142857 0.46629213483146065 0.6047619047619047 0.4803370786516854 0.5714285714285714 0.38342696629213485
1 0.6583333333333333 0.32162921348314605 0.6833333333333333 0.3904494382022472 0.6535714285714286 0.4002808988764045 0.6333333333333333 0.33286516853932585
1 0.6107142857142858 0.29634831460674155 0.6345238095238095 0.36657303370786515 0.6071428571428571 0.3792134831460674 0.5869047619047619 0.30758426966292135
1 0.6345238095238095 0.2443820224719101 0.6595238095238095 0.3160112359550562 0.6345238095238095 0.32865168539325845 0.6083333333333333 0.2556179775280899
1 0.5761904761904761 0.29353932584269665 0.5988095238095238 0.36797752808988765 0.5702380952380952 0.38202247191011235 0.5476190476190477 0.3047752808988764
1 0.580952380952381 0.1797752808988764 0.6059523809523809 0.25140449438202245 0.6357142857142857 0.23595505617977527 0.6083333333333333 0.16432584269662923
1 0.5238095238095238 0.23314606741573032 0.5869047619047619 0.21348314606741572 0.5785714285714286 0.1797752808988764 0.5154761904761904 0.20365168539325842
1 0.5238095238095238 0.23735955056179775 0.5452380952380952 0.3061797752808989 0.5714285714285714 0.29353932584269665 0.5523809523809524 0.22893258426966293
1 0.5869047619047619 0.2148876404494382 0.611904761904762 0.2949438202247191 0.580952380952381 0.30758426966292135 0.555952380952381 0.22612359550561797