1 0.2654761904761905 0.1404494382022472 0.2619047619047619 0.22893258426966293 0.2988095238095238 0.22893258426966293 0.3 0.1446629213483146
1 0.25357142857142856 0.2612359550561798 0.25357142857142856 0.3539325842696629 0.29285714285714287 0.35252808988764045 0.29404761904761906 0.2612359550561798
1 0.2488095238095238 0.3637640449438202 0.24642857142857144 0.4508426966292135 0.2845238095238095 0.44803370786516855 0.2833333333333333 0.3637640449438202
1 0.2488095238095238 0.46769662921348315 0.24761904761904763 0.5660112359550562 0.2857142857142857 0.5617977528089888 0.2833333333333333 0.4705056179775281
1 0.24166666666666667 0.5758426966292135 0.2369047619047619 0.6896067415730337 0.2761904761904762 0.6896067415730337 0.28095238095238095 0.577247191011236
1 0.2392857142857143 0.7120786516853933 0.225 0.8412921348314607 0.2619047619047619 0.8441011235955056 0.275 0.7176966292134831
1 0.555952380952381 0.2907303370786517 0.5607142857142857 0.37359550561797755 0.594047619047619 0.3693820224719101 0.5892857142857143 0.2893258426966292
1 0.5607142857142857 0.39185393258426965 0.5607142857142857 0.49297752808988765 0.5988095238095238 0.4887640449438202 0.594047619047619 0.3904494382022472
1 0.5619047619047619 0.5028089887640449 0.5654761904761905 0.6067415730337079 0.6071428571428571 0.6067415730337079 0.6035714285714285 0.5028089887640449
1 0.5702380952380952 0.6264044943820225 0.5702380952380952 0.7345505617977528 0.6130952380952381 0.7345505617977528 0.6107142857142858 0.6278089887640449
1 0.5714285714285714 0.7598314606741573 0.575 0.8567415730337079 0.6130952380952381 0.8567415730337079 0.6083333333333333 0.7584269662921348