0 0.37142857142857144 0.5575842696629213 0.35595238095238096 0.7078651685393258 0.3142857142857143 0.7036516853932584 0.33214285714285713 0.5491573033707865
0 0.3904761904761905 0.5603932584269663 0.35714285714285715 0.702247191011236 0.3976190476190476 0.7162921348314607 0.4297619047619048 0.574438202247191
0 0.44166666666666665 0.5758426966292135 0.3976190476190476 0.7205056179775281 0.4380952380952381 0.7373595505617978 0.48214285714285715 0.5926966292134831
0 0.12023809523809524 0.41853932584269665 0.2642857142857143 0.45646067415730335 0.2761904761904762 0.40730337078651685 0.1357142857142857 0.3651685393258427
0 0.39166666666666666 0.4691011235955056 0.5226190476190476 0.5126404494382022 0.5333333333333333 0.4592696629213483 0.40595238095238095 0.41151685393258425
0 0.5071428571428571 0.5561797752808989 0.6416666666666667 0.5969101123595506 0.6547619047619048 0.5463483146067416 0.5214285714285715 0.5
0 0.5416666666666666 0.46348314606741575 0.6678571428571428 0.5056179775280899 0.6547619047619048 0.5547752808988764 0.5261904761904762 0.5042134831460674
0 0.530952380952381 0.45646067415730335 0.6630952380952381 0.4957865168539326 0.6726190476190477 0.449438202247191 0.5416666666666666 0.4044943820224719
0 0.4261904761904762 0.38202247191011235 0.5547619047619048 0.42134831460674155 0.5642857142857143 0.37359550561797755 0.4380952380952381 0.32865168539325845
0 0.575 0.37219101123595505 0.7023809523809523 0.4101123595505618 0.6892857142857143 0.46348314606741575 0.5630952380952381 0.425561797752809
0 0.5 0.3160112359550562 0.6226190476190476 0.3441011235955056 0.6142857142857143 0.38764044943820225 0.48928571428571427 0.3609550561797753
0 0.6309523809523809 0.3497191011235955 0.6202380952380953 0.4002808988764045 0.7547619047619047 0.4297752808988764 0.7571428571428571 0.3806179775280899
0 0.5119047619047619 0.2794943820224719 0.5011904761904762 0.32162921348314605 0.6261904761904762 0.35674157303370785 0.6357142857142857 0.31179775280898875
0 0.6452380952380953 0.3061797752808989 0.6333333333333333 0.3553370786516854 0.763095238095238 0.39325842696629215 0.7714285714285715 0.34129213483146065
0 0.830952380952381 0.5112359550561798 0.9297619047619048 0.5337078651685393 0.9404761904761905 0.49859550561797755 0.8404761904761905 0.46629213483146065
0 0.8226190476190476 0.5098314606741573 0.8142857142857143 0.5575842696629213 0.919047619047619 0.5758426966292135 0.9238095238095239 0.5308988764044944
0 0.8083333333333333 0.6109550561797753 0.9178571428571428 0.6432584269662921 0.925 0.5969101123595506 0.8142857142857143 0.5589887640449438
0 0.7952380952380952 0.6573033707865169 0.905952380952381 0.6867977528089888 0.9119047619047619 0.6404494382022472 0.8035714285714286 0.6095505617977528
0 0.8464285714285714 0.16573033707865167 0.9178571428571428 0.2612359550561798 0.8845238095238095 0.300561797752809 0.8083333333333333 0.1952247191011236
0 0.7452380952380953 0.18679775280898878 0.825 0.29634831460674155 0.8607142857142858 0.26685393258426965 0.780952380952381 0.1544943820224719
0 0.6833333333333333 0.16853932584269662 0.7654761904761904 0.28230337078651685 0.8023809523809524 0.25140449438202245 0.7226190476190476 0.14325842696629212
0 0.6321428571428571 0.1601123595505618 0.7107142857142857 0.26685393258426965 0.7428571428571429 0.2401685393258427 0.6714285714285714 0.1306179775280899
0 0.5726190476190476 0.13623595505617977 0.6440476190476191 0.24859550561797752 0.6797619047619048 0.22331460674157302 0.611904761904762 0.11376404494382023
0 0.5083333333333333 0.12640449438202248 0.5761904761904761 0.22612359550561797 0.6142857142857143 0.1952247191011236 0.5488095238095239 0.09550561797752809
0 0.4488095238095238 0.12078651685393259 0.5166666666666667 0.22331460674157302 0.5523809523809524 0.19662921348314608 0.48928571428571427 0.08707865168539326
0 0.15476190476190477 0.3202247191011236 0.2916666666666667 0.3707865168539326 0.2714285714285714 0.4143258426966292 0.1380952380952381 0.3693820224719101
0 0.17142857142857143 0.29353932584269665 0.3011904761904762 0.32865168539325845 0.2869047619047619 0.37359550561797755 0.15833333333333333 0.3342696629213483
0 0.18095238095238095 0.25842696629213485 0.3130952380952381 0.2907303370786517 0.30357142857142855 0.3356741573033708 0.175 0.29775280898876405
0 0.19642857142857142 0.21769662921348315 0.32261904761904764 0.25842696629213485 0.3107142857142857 0.30196629213483145 0.18452380952380953 0.25842696629213485
0 0.20833333333333334 0.18117977528089887 0.3392857142857143 0.22612359550561797 0.32261904761904764 0.2654494382022472 0.19523809523809524 0.22331460674157302
0 0.21666666666666667 0.175561797752809 0.34285714285714286 0.21910112359550563 0.3547619047619048 0.16853932584269662 0.22976190476190475 0.13202247191011235
0 0.2619047619047619 0.09410112359550561 0.36904761904761907 0.13202247191011235 0.35714285714285715 0.175561797752809 0.24523809523809523 0.1348314606741573