1 0.7428571428571429 0.2612359550561798 0.7476190476190476 0.30196629213483145 0.7702380952380953 0.300561797752809 0.7654761904761904 0.25842696629213485
1 0.7726190476190476 0.1896067415730337 0.01904761904761905 0.033707865168539325
1 0.7226190476190476 0.5280898876404494 0.7083333333333334 0.5491573033707865 0.75 0.5758426966292135 0.7607142857142857 0.5533707865168539
1 0.6964285714285714 0.6530898876404494 0.7011904761904761 0.7064606741573034 0.6845238095238095 0.7064606741573034 0.6785714285714286 0.6544943820224719
1 0.6738095238095239 0.7331460674157303 0.6583333333333333 0.7373595505617978 0.6654761904761904 0.7907303370786517 0.6821428571428572 0.7865168539325843
1 0.6880952380952381 0.7345505617977528 0.7011904761904761 0.7808988764044944 0.719047619047619 0.7752808988764045 0.705952380952381 0.7289325842696629
1 0.7470238095238095 0.711376404494382 0.02023809523809524 0.054775280898876406
1 0.756547619047619 0.7823033707865169 0.02023809523809524 0.05337078651685393
1 0.7964285714285714 0.7162921348314607 0.7761904761904762 0.7162921348314607 0.7726190476190476 0.6741573033707865 0.7928571428571428 0.672752808988764
1 0.844047619047619 0.7949438202247191 0.8547619047619047 0.8455056179775281 0.8773809523809524 0.8412921348314607 0.8642857142857143 0.7865168539325843
1 0.8273809523809523 0.8518258426966292 0.023809523809523808 0.05196629213483146
1 0.8541666666666666 0.17837078651685392 0.041666666666666664 0.019662921348314606