1 0.6392857142857142 0.6502808988764045 0.6583333333333333 0.7317415730337079 0.6928571428571428 0.7247191011235955 0.6738095238095239 0.6390449438202247
1 0.680952380952381 0.6544943820224719 0.7035714285714286 0.7387640449438202 0.7452380952380953 0.7289325842696629 0.7214285714285714 0.6474719101123596
1 0.7321428571428571 0.6587078651685393 0.7595238095238095 0.7471910112359551 0.8 0.7345505617977528 0.7690476190476191 0.6474719101123596
1 0.7797619047619048 0.6587078651685393 0.8095238095238095 0.7373595505617978 0.8428571428571429 0.726123595505618 0.8119047619047619 0.6474719101123596
1 0.7071428571428572 0.7415730337078652 0.7345238095238096 0.8384831460674157 0.7690476190476191 0.824438202247191 0.7380952380952381 0.7303370786516854
0 0.5047619047619047 0.6221910112359551 0.5642857142857143 0.8497191011235955 0.6190476190476191 0.8426966292134831 0.5630952380952381 0.6039325842696629
0 0.5654761904761905 0.5997191011235955 0.6214285714285714 0.8370786516853933 0.6761904761904762 0.827247191011236 0.6154761904761905 0.5898876404494382
0 0.22142857142857142 0.175561797752809 0.2226190476190476 0.23735955056179775 0.4035714285714286 0.21769662921348315 0.39166666666666666 0.15168539325842698
0 0.16428571428571428 0.25140449438202245 0.16666666666666666 0.3160112359550562 0.35119047619047616 0.29634831460674155 0.3380952380952381 0.23314606741573032
0 0.46904761904761905 0.2893258426966292 0.5023809523809524 0.44803370786516855 0.5571428571428572 0.4410112359550562 0.5190476190476191 0.27668539325842695
0 0.7821428571428571 0.17696629213483145 0.8404761904761905 0.32303370786516855 0.8892857142857142 0.3160112359550562 0.8238095238095238 0.16432584269662923
0 0.7357142857142858 0.18258426966292135 0.7857142857142857 0.3146067415730337 0.830952380952381 0.3047752808988764 0.7761904761904762 0.16432584269662923
0 0.6928571428571428 0.19241573033707865 0.7380952380952381 0.32724719101123595 0.780952380952381 0.3188202247191011 0.7357142857142858 0.17837078651685392
0 0.6452380952380953 0.19241573033707865 0.6857142857142857 0.33146067415730335 0.736904761904762 0.3188202247191011 0.6952380952380952 0.1797752808988764
0 0.5904761904761905 0.18820224719101122 0.6345238095238095 0.33286516853932585 0.6833333333333333 0.32303370786516855 0.638095238095238 0.175561797752809
0 0.5357142857142857 0.19803370786516855 0.580952380952381 0.3398876404494382 0.6297619047619047 0.324438202247191 0.5833333333333334 0.18398876404494383
0 0.49047619047619045 0.20926966292134833 0.5321428571428571 0.3455056179775281 0.5773809523809523 0.3342696629213483 0.5380952380952381 0.199438202247191
0 0.5321428571428571 0.33146067415730335 0.5714285714285714 0.4901685393258427 0.625 0.4803370786516854 0.5797619047619048 0.3188202247191011
0 0.5916666666666667 0.3160112359550562 0.6309523809523809 0.48735955056179775 0.6785714285714286 0.47752808988764045 0.6309523809523809 0.30337078651685395
0 0.638095238095238 0.3202247191011236 0.6904761904761905 0.4845505617977528 0.736904761904762 0.47331460674157305 0.6833333333333333 0.31179775280898875
0 0.6928571428571428 0.32303370786516855 0.7488095238095238 0.48174157303370785 0.7952380952380952 0.46769662921348315 0.7357142857142858 0.3103932584269663
0 0.7404761904761905 0.31320224719101125 0.7976190476190477 0.476123595505618 0.8511904761904762 0.45786516853932585 0.7880952380952381 0.30196629213483145