1 0.12976190476190477 0.5561797752808989 0.1380952380952381 0.5042134831460674 0.11428571428571428 0.5014044943820225 0.10714285714285714 0.5519662921348315
1 0.1595238095238095 0.5519662921348315 0.16904761904761906 0.5028089887640449 0.14404761904761904 0.5014044943820225 0.13095238095238096 0.5463483146067416
1 0.2 0.5575842696629213 0.20833333333333334 0.5042134831460674 0.18571428571428572 0.5042134831460674 0.175 0.550561797752809
1 0.23095238095238096 0.5561797752808989 0.24166666666666667 0.5070224719101124 0.21785714285714286 0.5028089887640449 0.20476190476190476 0.5491573033707865
1 0.2654761904761905 0.5519662921348315 0.26785714285714285 0.5056179775280899 0.24642857142857144 0.5070224719101124 0.2392857142857143 0.5519662921348315
1 0.29285714285714287 0.5575842696629213 0.29523809523809524 0.5042134831460674 0.2726190476190476 0.5056179775280899 0.26904761904761904 0.5561797752808989
1 0.32142857142857145 0.5575842696629213 0.3238095238095238 0.5028089887640449 0.2988095238095238 0.5028089887640449 0.2976190476190476 0.5547752808988764
1 0.3523809523809524 0.5575842696629213 0.35119047619047616 0.5084269662921348 0.32857142857142857 0.5084269662921348 0.3273809523809524 0.5575842696629213
1 0.37857142857142856 0.5547752808988764 0.38452380952380955 0.5084269662921348 0.3619047619047619 0.5070224719101124 0.35595238095238096 0.550561797752809
1 0.425 0.5575842696629213 0.4261904761904762 0.5042134831460674 0.4023809523809524 0.5056179775280899 0.4023809523809524 0.5533707865168539
1 0.45595238095238094 0.5561797752808989 0.4595238095238095 0.5014044943820225 0.43214285714285716 0.5028089887640449 0.42857142857142855 0.5547752808988764
1 0.4880952380952381 0.5575842696629213 0.4880952380952381 0.5070224719101124 0.46190476190476193 0.5084269662921348 0.46190476190476193 0.5575842696629213
1 0.5142857142857142 0.5575842696629213 0.5166666666666667 0.5070224719101124 0.49047619047619045 0.5070224719101124 0.4880952380952381 0.5575842696629213
1 0.55 0.5575842696629213 0.5488095238095239 0.5098314606741573 0.525 0.5098314606741573 0.525 0.5575842696629213
1 0.580952380952381 0.5589887640449438 0.5785714285714286 0.5098314606741573 0.5547619047619048 0.5126404494382022 0.555952380952381 0.5575842696629213
1 0.6107142857142858 0.5575842696629213 0.6071428571428571 0.5098314606741573 0.5845238095238096 0.5126404494382022 0.5869047619047619 0.5575842696629213
1 0.6595238095238095 0.5603932584269663 0.655952380952381 0.5098314606741573 0.6321428571428571 0.5112359550561798 0.6357142857142857 0.5646067415730337
1 0.6892857142857143 0.5646067415730337 0.6845238095238095 0.5098314606741573 0.6630952380952381 0.5098314606741573 0.6666666666666666 0.5632022471910112
1 0.719047619047619 0.5575842696629213 0.7166666666666667 0.5070224719101124 0.6928571428571428 0.5070224719101124 0.6976190476190476 0.5603932584269663
1 0.7464285714285714 0.5646067415730337 0.7452380952380953 0.5126404494382022 0.7214285714285714 0.5154494382022472 0.7261904761904762 0.5674157303370787
1 0.7785714285714286 0.5632022471910112 0.7761904761904762 0.5084269662921348 0.7511904761904762 0.5070224719101124 0.7559523809523809 0.5617977528089888
1 0.805952380952381 0.5589887640449438 0.8023809523809524 0.5056179775280899 0.7785714285714286 0.5070224719101124 0.7833333333333333 0.5603932584269663
1 0.8416666666666667 0.5603932584269663 0.8357142857142857 0.5098314606741573 0.8119047619047619 0.5126404494382022 0.8166666666666667 0.5617977528089888
1 0.861904761904762 0.5646067415730337 0.8857142857142857 0.5617977528089888 0.8785714285714286 0.5084269662921348 0.8547619047619047 0.5140449438202247
1 0.5297619047619048 0.6924157303370787 0.594047619047619 0.6938202247191011 0.5928571428571429 0.6530898876404494 0.530952380952381 0.651685393258427
3 0.7309523809523809 0.4691011235955056 0.7976190476190477 0.46769662921348315 0.7964285714285714 0.4353932584269663 0.7297619047619047 0.4339887640449438