1 0.44047619047619047 0.19662921348314608 0.4714285714285714 0.19382022471910113 0.4738095238095238 0.21629213483146068 0.44047619047619047 0.2205056179775281
1 0.4380952380952381 0.23174157303370788 0.46904761904761905 0.22893258426966293 0.4714285714285714 0.25 0.44047619047619047 0.25280898876404495
1 0.4595238095238095 0.3188202247191011 0.5071428571428571 0.31741573033707865 0.5071428571428571 0.33707865168539325 0.4642857142857143 0.33848314606741575
1 0.46190476190476193 0.3553370786516854 0.46190476190476193 0.33848314606741575 0.5071428571428571 0.3356741573033708 0.5095238095238095 0.3539325842696629
1 0.4595238095238095 0.4044943820224719 0.46190476190476193 0.3806179775280899 0.5166666666666667 0.38202247191011235 0.5166666666666667 0.4044943820224719
1 0.5214285714285715 0.324438202247191 0.5142857142857142 0.2808988764044944 0.5285714285714286 0.2794943820224719 0.5428571428571428 0.3146067415730337
1 0.44285714285714284 0.8202247191011236 0.44285714285714284 0.7907303370786517 0.5071428571428571 0.7907303370786517 0.5071428571428571 0.8202247191011236
1 0.4452380952380952 0.7092696629213483 0.44761904761904764 0.6825842696629213 0.5047619047619047 0.6882022471910112 0.5071428571428571 0.7134831460674157
1 0.4452380952380952 0.6783707865168539 0.45 0.6573033707865169 0.5 0.6544943820224719 0.5023809523809524 0.6797752808988764
1 0.45 0.6573033707865169 0.44761904761904764 0.6264044943820225 0.5047619047619047 0.6264044943820225 0.5023809523809524 0.6530898876404494
1 0.4452380952380952 0.601123595505618 0.4452380952380952 0.5716292134831461 0.5119047619047619 0.577247191011236 0.5119047619047619 0.6039325842696629
1 0.44285714285714284 0.547752808988764 0.44285714285714284 0.5252808988764045 0.5119047619047619 0.5294943820224719 0.5095238095238095 0.5561797752808989
1 0.44047619047619047 0.5252808988764045 0.44285714285714284 0.5 0.5071428571428571 0.5 0.5071428571428571 0.5252808988764045
1 0.4523809523809524 0.4705056179775281 0.4523809523809524 0.449438202247191 0.5047619047619047 0.4508426966292135 0.5023809523809524 0.4747191011235955
1 0.5904761904761905 0.7415730337078652 0.5904761904761905 0.7106741573033708 0.6547619047619048 0.7106741573033708 0.6547619047619048 0.7401685393258427
1 0.5952380952380952 0.6924157303370787 0.5928571428571429 0.6629213483146067 0.65 0.6657303370786517 0.6476190476190476 0.6924157303370787
1 0.5904761904761905 0.6601123595505618 0.5904761904761905 0.6376404494382022 0.6452380952380953 0.6376404494382022 0.6476190476190476 0.6699438202247191
1 0.5880952380952381 0.6390449438202247 0.5880952380952381 0.6095505617977528 0.6404761904761904 0.6081460674157303 0.6428571428571429 0.6376404494382022
1 0.5880952380952381 0.6067415730337079 0.5904761904761905 0.5814606741573034 0.6428571428571429 0.5800561797752809 0.6428571428571429 0.6095505617977528
1 0.580952380952381 0.5140449438202247 0.5833333333333334 0.49157303370786515 0.638095238095238 0.49157303370786515 0.638095238095238 0.5126404494382022
1 0.5833333333333334 0.4887640449438202 0.580952380952381 0.4691011235955056 0.6333333333333333 0.46769662921348315 0.6357142857142857 0.49157303370786515
1 0.580952380952381 0.4705056179775281 0.580952380952381 0.44241573033707865 0.6309523809523809 0.4410112359550562 0.6333333333333333 0.46629213483146065
1 0.580952380952381 0.41292134831460675 0.5785714285714286 0.38764044943820225 0.6238095238095238 0.37640449438202245 0.6261904761904762 0.4044943820224719
1 0.5785714285714286 0.3806179775280899 0.5761904761904761 0.35814606741573035 0.6166666666666667 0.34691011235955055 0.6238095238095238 0.36235955056179775
1 0.5595238095238095 0.31179775280898875 0.5523809523809524 0.2851123595505618 0.5857142857142857 0.2640449438202247 0.6 0.28651685393258425
1 0.14285714285714285 0.8567415730337079 0.14285714285714285 0.8188202247191011 0.20238095238095238 0.8132022471910112 0.20238095238095238 0.8441011235955056
1 0.20476190476190476 0.3848314606741573 0.20476190476190476 0.34129213483146065 0.27380952380952384 0.34269662921348315 0.26904761904761904 0.3848314606741573
1 0.20714285714285716 0.19241573033707865 0.20476190476190476 0.16151685393258428 0.2571428571428571 0.16432584269662923 0.2571428571428571 0.19101123595505617
1 0.1976190476190476 0.24297752808988765 0.1976190476190476 0.21910112359550563 0.2523809523809524 0.21910112359550563 0.25 0.2443820224719101
1 0.1976190476190476 0.2696629213483146 0.19523809523809524 0.2443820224719101 0.2523809523809524 0.24297752808988765 0.25 0.2640449438202247
1 0.20714285714285716 0.324438202247191 0.20238095238095238 0.300561797752809 0.25476190476190474 0.29634831460674155 0.2523809523809524 0.32303370786516855