1 0.28809523809523807 0.1306179775280899 0.2571428571428571 0.1502808988764045 0.26785714285714285 0.16432584269662923 0.2988095238095238 0.14185393258426968
1 0.30357142857142855 0.13623595505617977 0.2714285714285714 0.16292134831460675 0.2845238095238095 0.1797752808988764 0.31785714285714284 0.14887640449438203
1 0.36547619047619045 0.19241573033707865 0.3380952380952381 0.21629213483146068 0.35119047619047616 0.23174157303370788 0.37857142857142856 0.2050561797752809
1 0.4023809523809524 0.21207865168539325 0.3678571428571429 0.23174157303370788 0.37857142857142856 0.24859550561797752 0.4119047619047619 0.22893258426966293
1 0.47619047619047616 0.26685393258426965 0.44761904761904764 0.2949438202247191 0.4595238095238095 0.3103932584269663 0.49047619047619045 0.2794943820224719
1 0.49166666666666664 0.2851123595505618 0.4642857142857143 0.3146067415730337 0.4773809523809524 0.32724719101123595 0.5047619047619047 0.29634831460674155
4 0.5678571428571428 0.3202247191011236 0.525 0.3553370786516854 0.5416666666666666 0.37780898876404495 0.5773809523809523 0.34269662921348315
1 0.18333333333333332 0.5042134831460674 0.20595238095238094 0.48314606741573035 0.19166666666666668 0.4648876404494382 0.17023809523809524 0.4859550561797753
4 0.3 0.5786516853932584 0.2714285714285714 0.6039325842696629 0.2857142857142857 0.6207865168539326 0.3142857142857143 0.5912921348314607
1 0.45476190476190476 0.7331460674157303 0.49166666666666664 0.7780898876404494 0.5119047619047619 0.7612359550561798 0.475 0.7162921348314607
1 0.5119047619047619 0.675561797752809 0.5535714285714286 0.7148876404494382 0.5761904761904761 0.6924157303370787 0.5285714285714286 0.6573033707865169
1 0.5392857142857143 0.6558988764044944 0.5785714285714286 0.6910112359550562 0.5952380952380952 0.672752808988764 0.555952380952381 0.6362359550561798
1 0.580952380952381 0.6137640449438202 0.6166666666666667 0.648876404494382 0.6333333333333333 0.6306179775280899 0.5988095238095238 0.5955056179775281
1 0.6190476190476191 0.5758426966292135 0.6607142857142857 0.6081460674157303 0.675 0.5884831460674157 0.6357142857142857 0.5561797752808989
1 0.6464285714285715 0.547752808988764 0.6845238095238095 0.5814606741573034 0.7 0.5632022471910112 0.6630952380952381 0.5294943820224719
1 0.6714285714285714 0.526685393258427 0.705952380952381 0.5575842696629213 0.7202380952380952 0.5435393258426966 0.6857142857142857 0.5126404494382022
1 0.6892857142857143 0.5056179775280899 0.7321428571428571 0.5379213483146067 0.7440476190476191 0.5210674157303371 0.7035714285714286 0.4901685393258427
1 0.7928571428571428 0.41713483146067415 0.830952380952381 0.44662921348314605 0.8464285714285714 0.42837078651685395 0.8083333333333333 0.39747191011235955
1 0.8226190476190476 0.3848314606741573 0.8607142857142858 0.4101123595505618 0.8476190476190476 0.42837078651685395 0.8095238095238095 0.398876404494382
3 0.8261904761904761 0.36797752808988765 0.8761904761904762 0.40870786516853935 0.8940476190476191 0.3862359550561798 0.8452380952380952 0.3455056179775281
1 0.830952380952381 0.28370786516853935 0.8666666666666667 0.31179775280898875 0.8785714285714286 0.29775280898876405 0.8416666666666667 0.26685393258426965
1 0.85 0.2710674157303371 0.8809523809523809 0.29353932584269665 0.8869047619047619 0.27668539325842695 0.8595238095238096 0.25702247191011235
1 0.7571428571428571 0.45646067415730335 0.7976190476190477 0.48314606741573035 0.8083333333333333 0.46348314606741575 0.7666666666666667 0.4396067415730337
1 0.7321428571428571 0.47331460674157305 0.7666666666666667 0.5014044943820225 0.7785714285714286 0.48314606741573035 0.7452380952380953 0.45786516853932585