1 0.11071428571428571 0.5379213483146067 0.1 0.6306179775280899 0.1380952380952381 0.6278089887640449 0.14047619047619048 0.5407303370786517
1 0.1523809523809524 0.5421348314606742 0.14404761904761904 0.625 0.17976190476190476 0.625 0.1869047619047619 0.5435393258426966
1 0.19642857142857142 0.5407303370786517 0.18571428571428572 0.6306179775280899 0.2226190476190476 0.6292134831460674 0.2261904761904762 0.5407303370786517
1 0.2261904761904762 0.6306179775280899 0.2154761904761905 0.7303370786516854 0.25476190476190474 0.7289325842696629 0.25952380952380955 0.6306179775280899
1 0.2761904761904762 0.5407303370786517 0.2714285714285714 0.6334269662921348 0.30238095238095236 0.6292134831460674 0.3047619047619048 0.5435393258426966
1 0.31666666666666665 0.5463483146067416 0.3119047619047619 0.6306179775280899 0.3404761904761905 0.6306179775280899 0.3416666666666667 0.5435393258426966
1 0.35714285714285715 0.5435393258426966 0.35595238095238096 0.6306179775280899 0.38452380952380955 0.6292134831460674 0.38571428571428573 0.5463483146067416
1 0.3119047619047619 0.6390449438202247 0.30238095238095236 0.7317415730337079 0.3404761904761905 0.7317415730337079 0.3476190476190476 0.6362359550561798
1 0.3880952380952381 0.6334269662921348 0.38333333333333336 0.726123595505618 0.4238095238095238 0.7247191011235955 0.425 0.6292134831460674
1 0.4357142857142857 0.6362359550561798 0.4357142857142857 0.7247191011235955 0.4666666666666667 0.726123595505618 0.4630952380952381 0.6334269662921348
1 0.4738095238095238 0.6362359550561798 0.4738095238095238 0.7289325842696629 0.5166666666666667 0.7289325842696629 0.5142857142857142 0.6390449438202247
1 0.7214285714285714 0.6390449438202247 0.7285714285714285 0.7275280898876404 0.763095238095238 0.726123595505618 0.7523809523809524 0.6334269662921348
1 0.8345238095238096 0.45646067415730335 0.8404761904761905 0.48735955056179775 0.8988095238095238 0.48314606741573035 0.8928571428571429 0.449438202247191
1 0.8214285714285714 0.3862359550561798 0.8273809523809523 0.42275280898876405 0.9023809523809524 0.41151685393258425 0.8952380952380953 0.375
1 0.819047619047619 0.31320224719101125 0.8214285714285714 0.34129213483146065 0.888095238095238 0.34129213483146065 0.8869047619047619 0.3089887640449438
1 0.8047619047619048 0.24578651685393257 0.8047619047619048 0.2794943820224719 0.8714285714285714 0.2794943820224719 0.8738095238095238 0.24297752808988765
1 0.8023809523809524 0.18258426966292135 0.8023809523809524 0.21910112359550563 0.8797619047619047 0.21207865168539325 0.8785714285714286 0.1699438202247191
1 0.794047619047619 0.14606741573033707 0.7976190476190477 0.18117977528089887 0.8785714285714286 0.17275280898876405 0.8785714285714286 0.14185393258426968