1 0.20476190476190476 0.20646067415730338 0.23214285714285715 0.22752808988764045 0.2226190476190476 0.24297752808988765 0.19642857142857142 0.22191011235955055
1 0.17857142857142858 0.21910112359550563 0.20714285714285716 0.2401685393258427 0.1988095238095238 0.2542134831460674 0.16666666666666666 0.2303370786516854
1 0.15357142857142858 0.24719101123595505 0.18095238095238095 0.26825842696629215 0.18928571428571428 0.2542134831460674 0.16785714285714284 0.23595505617977527
1 0.13452380952380952 0.2612359550561798 0.16547619047619047 0.2808988764044944 0.1773809523809524 0.26685393258426965 0.14404761904761904 0.24297752808988765
1 0.11785714285714285 0.27668539325842695 0.1488095238095238 0.2949438202247191 0.15595238095238095 0.27668539325842695 0.12738095238095237 0.2556179775280899
1 0.10714285714285714 0.29213483146067415 0.13214285714285715 0.31741573033707865 0.14285714285714285 0.30196629213483145 0.11904761904761904 0.27808988764044945
1 0.225 0.28792134831460675 0.26785714285714285 0.29634831460674155 0.27380952380952384 0.2752808988764045 0.2261904761904762 0.26685393258426965
1 0.2916666666666667 0.31320224719101125 0.3047619047619048 0.34831460674157305 0.2869047619047619 0.3553370786516854 0.27380952380952384 0.324438202247191
1 0.3535714285714286 0.3553370786516854 0.39404761904761904 0.3398876404494382 0.38571428571428573 0.3202247191011236 0.3476190476190476 0.3356741573033708
1 0.35714285714285715 0.3806179775280899 0.39404761904761904 0.36235955056179775 0.38452380952380955 0.33848314606741575 0.3476190476190476 0.3595505617977528
1 0.3630952380952381 0.4002808988764045 0.40714285714285714 0.38202247191011235 0.4011904761904762 0.3595505617977528 0.3595238095238095 0.3792134831460674
1 0.37976190476190474 0.425561797752809 0.4226190476190476 0.40870786516853935 0.4142857142857143 0.38764044943820225 0.375 0.4044943820224719
1 0.3892857142857143 0.44662921348314605 0.43214285714285716 0.42696629213483145 0.425 0.40870786516853935 0.38095238095238093 0.42837078651685395
1 0.40476190476190477 0.4606741573033708 0.4392857142857143 0.4452247191011236 0.430952380952381 0.42837078651685395 0.3976190476190476 0.4438202247191011
1 0.4142857142857143 0.4845505617977528 0.4523809523809524 0.46769662921348315 0.44642857142857145 0.4452247191011236 0.40714285714285714 0.4606741573033708
1 0.42023809523809524 0.5070224719101124 0.4607142857142857 0.4901685393258427 0.45476190476190476 0.4648876404494382 0.41309523809523807 0.4845505617977528
1 0.4380952380952381 0.5421348314606742 0.4785714285714286 0.523876404494382 0.47023809523809523 0.5 0.4297619047619048 0.5168539325842697
1 0.45357142857142857 0.5617977528089888 0.49047619047619045 0.5407303370786517 0.4797619047619048 0.5196629213483146 0.44285714285714284 0.5393258426966292
1 0.4583333333333333 0.5856741573033708 0.5083333333333333 0.5646067415730337 0.5023809523809524 0.5379213483146067 0.4523809523809524 0.5575842696629213
1 0.4773809523809524 0.6053370786516854 0.5142857142857142 0.5884831460674157 0.5059523809523809 0.5646067415730337 0.4666666666666667 0.5842696629213483
1 0.5035714285714286 0.6643258426966292 0.5452380952380952 0.6474719101123596 0.5369047619047619 0.6264044943820225 0.49642857142857144 0.6404494382022472
1 0.5202380952380953 0.6882022471910112 0.5666666666666667 0.6643258426966292 0.5511904761904762 0.6404494382022472 0.5119047619047619 0.6643258426966292
1 0.5321428571428571 0.7205056179775281 0.5714285714285714 0.6938202247191011 0.5619047619047619 0.6713483146067416 0.5226190476190476 0.6966292134831461
1 0.5452380952380952 0.7401685393258427 0.5857142857142857 0.7134831460674157 0.5726190476190476 0.6896067415730337 0.5297619047619048 0.7176966292134831
1 0.5535714285714286 0.7710674157303371 0.6011904761904762 0.7457865168539326 0.5880952380952381 0.7176966292134831 0.5380952380952381 0.7415730337078652
1 0.5845238095238096 0.7780898876404494 0.6238095238095238 0.8174157303370787 0.6047619047619047 0.8398876404494382 0.5619047619047619 0.800561797752809
1 0.5607142857142857 0.8047752808988764 0.5857142857142857 0.8553370786516854 0.5666666666666667 0.8679775280898876 0.5380952380952381 0.8188202247191011
1 0.5297619047619048 0.7851123595505618 0.5511904761904762 0.8412921348314607 0.5261904761904762 0.8539325842696629 0.5035714285714286 0.7963483146067416
1 0.4666666666666667 0.7317415730337079 0.4880952380952381 0.7837078651685393 0.5154761904761904 0.7696629213483146 0.49404761904761907 0.7148876404494382
1 0.4595238095238095 0.6601123595505618 0.4797619047619048 0.7120786516853933 0.4607142857142857 0.7247191011235955 0.4392857142857143 0.672752808988764
1 0.4523809523809524 0.6348314606741573 0.42142857142857143 0.675561797752809 0.4035714285714286 0.6587078651685393 0.43333333333333335 0.6165730337078652
1 0.430952380952381 0.598314606741573 0.4226190476190476 0.648876404494382 0.4011904761904762 0.6474719101123596 0.40714285714285714 0.5955056179775281
1 0.4142857142857143 0.5603932584269663 0.3952380952380952 0.6123595505617978 0.3761904761904762 0.601123595505618 0.39404761904761904 0.5561797752808989
1 0.39880952380952384 0.5323033707865169 0.38333333333333336 0.5758426966292135 0.3630952380952381 0.5674157303370787 0.37857142857142856 0.5252808988764045
1 0.3869047619047619 0.5126404494382022 0.36666666666666664 0.5561797752808989 0.35 0.5463483146067416 0.36904761904761907 0.5028089887640449
1 0.3607142857142857 0.4606741573033708 0.38095238095238093 0.5014044943820225 0.35833333333333334 0.5112359550561798 0.3392857142857143 0.47191011235955055
1 0.3416666666666667 0.41853932584269665 0.3595238095238095 0.45646067415730335 0.3392857142857143 0.46769662921348315 0.32142857142857145 0.42837078651685395