1 0.3952380952380952 0.11657303370786516 0.3904761904761905 0.17415730337078653 0.4226190476190476 0.17415730337078653 0.4261904761904762 0.11938202247191011
1 0.3821428571428571 0.28370786516853935 0.4095238095238095 0.28792134831460675 0.4035714285714286 0.35674157303370785 0.3738095238095238 0.35252808988764045
1 0.36904761904761907 0.42134831460674155 0.39404761904761904 0.42134831460674155 0.3904761904761905 0.4901685393258427 0.3607142857142857 0.49297752808988765
1 0.36547619047619045 0.49859550561797755 0.3892857142857143 0.49859550561797755 0.3904761904761905 0.5646067415730337 0.3595238095238095 0.5617977528089888
1 0.35833333333333334 0.5758426966292135 0.3892857142857143 0.5800561797752809 0.38571428571428573 0.6558988764044944 0.3488095238095238 0.651685393258427
1 0.35119047619047616 0.6699438202247191 0.37857142857142856 0.6699438202247191 0.3761904761904762 0.7584269662921348 0.34404761904761905 0.7668539325842697
1 0.34285714285714286 0.7696629213483146 0.375 0.7710674157303371 0.37142857142857144 0.851123595505618 0.3392857142857143 0.8525280898876404
1 0.7571428571428571 0.6334269662921348 0.7869047619047619 0.6306179775280899 0.7976190476190477 0.7092696629213483 0.7607142857142857 0.7092696629213483
1 0.7333333333333333 0.46207865168539325 0.7607142857142857 0.45786516853932585 0.7678571428571429 0.5323033707865169 0.7345238095238096 0.5379213483146067
1 0.7416666666666667 0.5449438202247191 0.7714285714285715 0.5463483146067416 0.7761904761904762 0.6109550561797753 0.7416666666666667 0.6151685393258427
1 0.7261904761904762 0.398876404494382 0.7523809523809524 0.398876404494382 0.7595238095238095 0.4508426966292135 0.7297619047619047 0.4550561797752809
1 0.7119047619047619 0.27247191011235955 0.7380952380952381 0.26685393258426965 0.7488095238095238 0.32724719101123595 0.7202380952380952 0.32865168539325845