1 0.7678571428571429 0.7823033707865169 0.7321428571428571 0.8314606741573034 0.7511904761904762 0.8497191011235955 0.7880952380952381 0.7991573033707865
1 0.736904761904762 0.7485955056179775 0.7023809523809523 0.7991573033707865 0.7202380952380952 0.8146067415730337 0.7547619047619047 0.7640449438202247
1 0.6880952380952381 0.7078651685393258 0.6535714285714286 0.7443820224719101 0.6666666666666666 0.7640449438202247 0.7035714285714286 0.726123595505618
1 0.6571428571428571 0.6797752808988764 0.6190476190476191 0.7289325842696629 0.6357142857142857 0.7457865168539326 0.6738095238095239 0.6966292134831461
1 0.6297619047619047 0.6558988764044944 0.5928571428571429 0.702247191011236 0.6083333333333333 0.7162921348314607 0.6428571428571429 0.6685393258426966
1 0.5761904761904761 0.6039325842696629 0.544047619047619 0.6446629213483146 0.5607142857142857 0.6587078651685393 0.5928571428571429 0.6165730337078652
1 0.5523809523809524 0.5800561797752809 0.5119047619047619 0.6306179775280899 0.5333333333333333 0.6446629213483146 0.569047619047619 0.5926966292134831
1 0.5035714285714286 0.5449438202247191 0.4714285714285714 0.5884831460674157 0.4880952380952381 0.5997191011235955 0.5214285714285715 0.5575842696629213
1 0.4797619047619048 0.5308988764044944 0.44285714285714284 0.5758426966292135 0.4607142857142857 0.5912921348314607 0.49642857142857144 0.5449438202247191
1 0.45714285714285713 0.49157303370786515 0.42142857142857143 0.5407303370786517 0.4357142857142857 0.5547752808988764 0.475 0.5070224719101124
1 0.4238095238095238 0.46348314606741575 0.3880952380952381 0.5056179775280899 0.4083333333333333 0.5182584269662921 0.44166666666666665 0.47752808988764045
1 0.4035714285714286 0.44803370786516855 0.3678571428571429 0.48735955056179775 0.38452380952380955 0.5 0.42023809523809524 0.4592696629213483
1 0.3761904761904762 0.4297752808988764 0.3404761904761905 0.47331460674157305 0.35833333333333334 0.48735955056179775 0.39404761904761904 0.44241573033707865
1 0.3607142857142857 0.4143258426966292 0.325 0.45224719101123595 0.3404761904761905 0.46769662921348315 0.3738095238095238 0.425561797752809
1 0.3380952380952381 0.3890449438202247 0.30238095238095236 0.42696629213483145 0.319047619047619 0.44241573033707865 0.35 0.398876404494382
1 0.3142857142857143 0.3707865168539326 0.28095238095238095 0.4044943820224719 0.3 0.4199438202247191 0.3333333333333333 0.38342696629213485
1 0.29523809523809524 0.34831460674157305 0.26071428571428573 0.3806179775280899 0.2773809523809524 0.3960674157303371 0.3107142857142857 0.3595505617977528
1 0.25357142857142856 0.3089887640449438 0.21666666666666667 0.34691011235955055 0.23452380952380952 0.36235955056179775 0.27380952380952384 0.324438202247191
1 0.22142857142857142 0.28792134831460675 0.18333333333333332 0.3258426966292135 0.20357142857142857 0.34129213483146065 0.2392857142857143 0.3047752808988764
1 0.19404761904761905 0.26264044943820225 0.1595238095238095 0.29353932584269665 0.175 0.30758426966292135 0.21071428571428572 0.27668539325842695
1 0.17142857142857143 0.2345505617977528 0.13333333333333333 0.2654494382022472 0.15714285714285714 0.28370786516853935 0.19404761904761905 0.25140449438202245
1 0.1619047619047619 0.22331460674157302 0.12261904761904761 0.26264044943820225 0.10357142857142858 0.24157303370786518 0.14285714285714285 0.20365168539325842
1 0.15595238095238095 0.4101123595505618 0.12857142857142856 0.4311797752808989 0.14642857142857144 0.45224719101123595 0.175 0.4241573033707865
1 0.225 0.47752808988764045 0.19404761904761905 0.5168539325842697 0.21904761904761905 0.5365168539325843 0.2511904761904762 0.4943820224719101
1 0.25476190476190474 0.5112359550561798 0.22380952380952382 0.5435393258426966 0.24523809523809523 0.5603932584269663 0.2726190476190476 0.5252808988764045
1 0.28095238095238095 0.5308988764044944 0.24761904761904763 0.5603932584269663 0.26904761904761904 0.574438202247191 0.29523809523809524 0.5449438202247191
1 0.3880952380952381 0.6165730337078652 0.3535714285714286 0.6573033707865169 0.3738095238095238 0.6769662921348315 0.4035714285714286 0.6320224719101124
1 0.3202380952380952 0.5561797752808989 0.2892857142857143 0.5884831460674157 0.30833333333333335 0.6053370786516854 0.3404761904761905 0.5716292134831461
1 0.4595238095238095 0.7148876404494382 0.4511904761904762 0.7598314606741573 0.4726190476190476 0.7640449438202247 0.4797619047619048 0.7191011235955056
1 0.5642857142857143 0.7935393258426966 0.5369047619047619 0.8300561797752809 0.5547619047619048 0.848314606741573 0.5833333333333334 0.8089887640449438