1 0.1488095238095238 0.17415730337078653 0.19642857142857142 0.17415730337078653 0.19404761904761905 0.19803370786516855 0.15 0.20224719101123595
1 0.8476190476190476 0.6306179775280899 0.8547619047619047 0.7036516853932584 0.8845238095238095 0.6966292134831461 0.8797619047619047 0.6221910112359551
1 0.6892857142857143 0.7429775280898876 0.6869047619047619 0.8328651685393258 0.7226190476190476 0.8314606741573034 0.725 0.7443820224719101
1 0.49404761904761907 0.8047752808988764 0.5523809523809524 0.7780898876404494 0.5416666666666666 0.7429775280898876 0.4845238095238095 0.7696629213483146
1 0.3761904761904762 0.5870786516853933 0.44761904761904764 0.5884831460674157 0.44642857142857145 0.5575842696629213 0.3773809523809524 0.5575842696629213
1 0.39880952380952384 0.5393258426966292 0.4642857142857143 0.5379213483146067 0.4666666666666667 0.5070224719101124 0.39880952380952384 0.5070224719101124
1 0.4166666666666667 0.49157303370786515 0.4869047619047619 0.49297752808988765 0.4880952380952381 0.4648876404494382 0.4154761904761905 0.46207865168539325
1 0.37142857142857144 0.5407303370786517 0.30357142857142855 0.5365168539325843 0.30714285714285716 0.5056179775280899 0.3738095238095238 0.5070224719101124
1 0.3333333333333333 0.5912921348314607 0.26071428571428573 0.5884831460674157 0.2630952380952381 0.5575842696629213 0.33690476190476193 0.5575842696629213
1 0.2702380952380952 0.5337078651685393 0.2011904761904762 0.5323033707865169 0.20357142857142857 0.5014044943820225 0.275 0.5070224719101124
1 0.16785714285714284 0.5786516853932584 0.10833333333333334 0.5800561797752809 0.11190476190476191 0.5463483146067416 0.17261904761904762 0.5463483146067416
1 0.18333333333333332 0.5294943820224719 0.11190476190476191 0.5280898876404494 0.11547619047619048 0.49719101123595505 0.18333333333333332 0.5014044943820225