1 0.7964285714285714 0.6221910112359551 0.8011904761904762 0.699438202247191 0.8321428571428572 0.6952247191011236 0.8226190476190476 0.6165730337078652
1 0.8071428571428572 0.7176966292134831 0.8142857142857143 0.7907303370786517 0.8416666666666667 0.7851123595505618 0.8321428571428572 0.7120786516853933
1 0.7607142857142857 0.7668539325842697 0.7130952380952381 0.7907303370786517 0.7202380952380952 0.8188202247191011 0.7702380952380953 0.797752808988764
1 0.7464285714285714 0.6657303370786517 0.7011904761904761 0.6896067415730337 0.7095238095238096 0.7205056179775281 0.7583333333333333 0.6980337078651685
1 0.7416666666666667 0.7176966292134831 0.6964285714285714 0.7443820224719101 0.7107142857142857 0.7752808988764045 0.7583333333333333 0.7485955056179775
1 0.7428571428571429 0.5379213483146067 0.736904761904762 0.6053370786516854 0.7654761904761904 0.6095505617977528 0.7702380952380953 0.5379213483146067
1 0.7416666666666667 0.4789325842696629 0.6928571428571428 0.5042134831460674 0.705952380952381 0.5323033707865169 0.7535714285714286 0.5042134831460674
1 0.7261904761904762 0.43679775280898875 0.6880952380952381 0.46348314606741575 0.7023809523809523 0.48735955056179775 0.7416666666666667 0.4592696629213483
1 0.7321428571428571 0.2710674157303371 0.6845238095238095 0.2710674157303371 0.6845238095238095 0.2991573033707865 0.7321428571428571 0.2991573033707865
1 0.7214285714285714 0.2345505617977528 0.6654761904761904 0.24578651685393257 0.6714285714285714 0.27247191011235955 0.7273809523809524 0.26264044943820225
1 0.3976190476190476 0.8300561797752809 0.39880952380952384 0.8637640449438202 0.4642857142857143 0.8637640449438202 0.4666666666666667 0.8300561797752809
1 0.24642857142857144 0.8370786516853933 0.24642857142857144 0.8707865168539326 0.31547619047619047 0.8693820224719101 0.31785714285714284 0.8356741573033708
1 0.25595238095238093 0.7879213483146067 0.25476190476190474 0.8202247191011236 0.31547619047619047 0.8216292134831461 0.31666666666666665 0.7879213483146067
1 0.25595238095238093 0.7373595505617978 0.2523809523809524 0.7696629213483146 0.3261904761904762 0.7682584269662921 0.3273809523809524 0.7359550561797753
1 0.4023809523809524 0.7752808988764045 0.3964285714285714 0.8061797752808989 0.4607142857142857 0.8047752808988764 0.4630952380952381 0.7752808988764045
1 0.4 0.7275280898876404 0.39880952380952384 0.7570224719101124 0.4595238095238095 0.7570224719101124 0.4607142857142857 0.7275280898876404
1 0.39404761904761904 0.6896067415730337 0.39166666666666666 0.7275280898876404 0.4642857142857143 0.7247191011235955 0.4642857142857143 0.6910112359550562
1 0.3976190476190476 0.648876404494382 0.3952380952380952 0.6839887640449438 0.4607142857142857 0.6797752808988764 0.46190476190476193 0.6474719101123596
1 0.4 0.5997191011235955 0.39880952380952384 0.6362359550561798 0.45714285714285713 0.6390449438202247 0.4583333333333333 0.6053370786516854
1 0.40476190476190477 0.5533707865168539 0.40476190476190477 0.5828651685393258 0.46190476190476193 0.5828651685393258 0.4642857142857143 0.5533707865168539
1 0.32261904761904764 0.5337078651685393 0.29642857142857143 0.5870786516853933 0.31547619047619047 0.5969101123595506 0.3380952380952381 0.5491573033707865
1 0.4035714285714286 0.5112359550561798 0.4011904761904762 0.5435393258426966 0.46190476190476193 0.5435393258426966 0.4642857142857143 0.5126404494382022
1 0.26071428571428573 0.5210674157303371 0.2654761904761905 0.5519662921348315 0.32976190476190476 0.526685393258427 0.32261904761904764 0.49859550561797755
1 0.2630952380952381 0.4705056179775281 0.26071428571428573 0.5056179775280899 0.32142857142857145 0.5014044943820225 0.32261904761904764 0.46769662921348315
1 0.4119047619047619 0.4747191011235955 0.4095238095238095 0.49859550561797755 0.46190476190476193 0.5014044943820225 0.4630952380952381 0.4747191011235955
1 0.4035714285714286 0.4297752808988764 0.4023809523809524 0.4592696629213483 0.4607142857142857 0.4592696629213483 0.4595238095238095 0.425561797752809
1 0.4035714285714286 0.3946629213483146 0.4035714285714286 0.4241573033707865 0.45595238095238094 0.42134831460674155 0.45595238095238094 0.39185393258426965
1 0.4083333333333333 0.351123595505618 0.4095238095238095 0.38342696629213485 0.4630952380952381 0.37640449438202245 0.46190476190476193 0.34691011235955055
1 0.4083333333333333 0.3103932584269663 0.4083333333333333 0.3455056179775281 0.46904761904761905 0.34691011235955055 0.4654761904761905 0.30337078651685395
1 0.41309523809523807 0.2612359550561798 0.4154761904761905 0.29775280898876405 0.4654761904761905 0.29775280898876405 0.46190476190476193 0.25842696629213485
1 0.4083333333333333 0.23174157303370788 0.4035714285714286 0.26685393258426965 0.4642857142857143 0.25702247191011235 0.4654761904761905 0.22752808988764045
1 0.4035714285714286 0.2050561797752809 0.4023809523809524 0.23595505617977527 0.4642857142857143 0.23174157303370788 0.4642857142857143 0.199438202247191
1 0.4154761904761905 0.16853932584269662 0.41309523809523807 0.19662921348314608 0.4654761904761905 0.19662921348314608 0.4654761904761905 0.17134831460674158
1 0.4083333333333333 0.13342696629213482 0.4107142857142857 0.1601123595505618 0.45595238095238094 0.1601123595505618 0.45595238095238094 0.1348314606741573
1 0.275 0.2752808988764045 0.27380952380952384 0.30758426966292135 0.3357142857142857 0.30758426966292135 0.33690476190476193 0.27247191011235955
1 0.2761904761904762 0.23314606741573032 0.2773809523809524 0.26825842696629215 0.34285714285714286 0.2640449438202247 0.34523809523809523 0.2303370786516854