1 0.13095238095238096 0.14747191011235955 0.16071428571428573 0.15730337078651685 0.14404761904761904 0.25280898876404495 0.10714285714285714 0.2443820224719101
1 0.1869047619047619 0.12640449438202248 0.15714285714285714 0.2247191011235955 0.20595238095238094 0.2345505617977528 0.22857142857142856 0.13202247191011235
1 0.25952380952380955 0.14325842696629212 0.2261904761904762 0.21769662921348315 0.2654761904761905 0.22331460674157302 0.2857142857142857 0.1544943820224719
1 0.2988095238095238 0.1544943820224719 0.3333333333333333 0.16853932584269662 0.3107142857142857 0.2401685393258427 0.27380952380952384 0.22752808988764045
1 0.3880952380952381 0.19662921348314608 0.4166666666666667 0.21067415730337077 0.38452380952380955 0.2893258426966292 0.3547619047619048 0.2752808988764045
1 0.43452380952380953 0.2247191011235955 0.4595238095238095 0.23735955056179775 0.4297619047619048 0.31741573033707865 0.3952380952380952 0.3047752808988764
1 0.22023809523809523 0.22191011235955055 0.2523809523809524 0.23174157303370788 0.2261904761904762 0.324438202247191 0.19166666666666668 0.3089887640449438
1 0.2630952380952381 0.22893258426966293 0.3 0.2401685393258427 0.27380952380952384 0.34129213483146065 0.2392857142857143 0.3300561797752809
1 0.11428571428571428 0.4241573033707865 0.1488095238095238 0.4311797752808989 0.11785714285714285 0.5379213483146067 0.08333333333333333 0.5210674157303371
1 0.10952380952380952 0.5379213483146067 0.14761904761904762 0.5533707865168539 0.11666666666666667 0.6657303370786517 0.08333333333333333 0.6502808988764045
1 0.2773809523809524 0.4705056179775281 0.3119047619047619 0.48314606741573035 0.2773809523809524 0.5828651685393258 0.24047619047619048 0.5716292134831461
1 0.37976190476190474 0.39325842696629215 0.3726190476190476 0.42837078651685395 0.4666666666666667 0.46207865168539325 0.475 0.4143258426966292
1 0.4880952380952381 0.41853932584269665 0.4785714285714286 0.45786516853932585 0.5702380952380952 0.48314606741573035 0.5785714285714286 0.4396067415730337
1 0.5904761904761905 0.45224719101123595 0.5869047619047619 0.49157303370786515 0.6761904761904762 0.5154494382022472 0.6845238095238095 0.4705056179775281
1 0.7095238095238096 0.42837078651685395 0.7011904761904761 0.4648876404494382 0.7976190476190477 0.49297752808988765 0.8023809523809524 0.44662921348314605
1 0.6988095238095238 0.476123595505618 0.6892857142857143 0.5182584269662921 0.7880952380952381 0.547752808988764 0.7928571428571428 0.5028089887640449
1 0.555952380952381 0.5758426966292135 0.5904761904761905 0.5912921348314607 0.5678571428571428 0.6882022471910112 0.5285714285714286 0.675561797752809
1 0.14404761904761904 0.8188202247191011 0.12142857142857143 0.8581460674157303 0.22142857142857142 0.9058988764044944 0.24047619047619048 0.8581460674157303
1 0.17023809523809524 0.7612359550561798 0.15476190476190477 0.8047752808988764 0.25357142857142856 0.8356741573033708 0.26666666666666666 0.7879213483146067
1 0.2 0.6966292134831461 0.18452380952380953 0.7429775280898876 0.28214285714285714 0.773876404494382 0.29523809523809524 0.7331460674157303
1 0.23214285714285715 0.6390449438202247 0.20952380952380953 0.6867977528089888 0.30238095238095236 0.7176966292134831 0.31785714285714284 0.6699438202247191
1 0.25357142857142856 0.5870786516853933 0.23809523809523808 0.6278089887640449 0.32976190476190476 0.6643258426966292 0.3416666666666667 0.625
1 0.32142857142857145 0.4845505617977528 0.35833333333333334 0.5 0.325 0.5926966292134831 0.2892857142857143 0.5786516853932584
1 0.37023809523809526 0.5056179775280899 0.3964285714285714 0.5168539325842697 0.37023809523809526 0.6039325842696629 0.33690476190476193 0.5912921348314607
1 0.40714285714285714 0.5252808988764045 0.4380952380952381 0.5407303370786517 0.4083333333333333 0.6390449438202247 0.37857142857142856 0.6235955056179775
1 0.45476190476190476 0.5435393258426966 0.49166666666666664 0.5533707865168539 0.4642857142857143 0.6558988764044944 0.42023809523809524 0.6404494382022472