1 0.13333333333333333 0.4592696629213483 0.1523809523809524 0.4747191011235955 0.10952380952380952 0.5070224719101124 0.09166666666666666 0.4887640449438202
1 0.16428571428571428 0.4901685393258427 0.18214285714285713 0.5084269662921348 0.1380952380952381 0.5393258426966292 0.12142857142857143 0.5196629213483146
1 0.1761904761904762 0.5056179775280899 0.19285714285714287 0.5252808988764045 0.15 0.5632022471910112 0.13214285714285715 0.5393258426966292
1 0.19285714285714287 0.5196629213483146 0.21428571428571427 0.5421348314606742 0.16904761904761906 0.5758426966292135 0.15119047619047618 0.5547752808988764
1 0.21666666666666667 0.550561797752809 0.23452380952380952 0.5660112359550562 0.19166666666666668 0.6039325842696629 0.175 0.5856741573033708
1 0.24404761904761904 0.5800561797752809 0.2619047619047619 0.5969101123595506 0.21666666666666667 0.6348314606741573 0.2011904761904762 0.6179775280898876
1 0.28809523809523807 0.625 0.30833333333333335 0.6432584269662921 0.2642857142857143 0.6797752808988764 0.24761904761904763 0.6601123595505618
1 0.3142857142857143 0.6460674157303371 0.32976190476190476 0.6657303370786517 0.2761904761904762 0.702247191011236 0.2619047619047619 0.6783707865168539
1 0.325 0.6671348314606742 0.34523809523809523 0.6853932584269663 0.2976190476190476 0.7275280898876404 0.27976190476190477 0.7036516853932584
1 0.3761904761904762 0.7148876404494382 0.39404761904761904 0.7373595505617978 0.35119047619047616 0.7682584269662921 0.3357142857142857 0.7443820224719101
1 0.4107142857142857 0.7584269662921348 0.42738095238095236 0.7710674157303371 0.4 0.800561797752809 0.38095238095238093 0.7865168539325843
1 0.43452380952380953 0.7752808988764045 0.45476190476190476 0.7963483146067416 0.4107142857142857 0.8370786516853933 0.3892857142857143 0.8160112359550562
1 0.4595238095238095 0.7963483146067416 0.4785714285714286 0.8216292134831461 0.43452380952380953 0.8595505617977528 0.4142857142857143 0.8426966292134831
1 0.4845238095238095 0.8160112359550562 0.5059523809523809 0.8398876404494382 0.4583333333333333 0.8792134831460674 0.44285714285714284 0.8595505617977528
1 0.7166666666666667 0.7837078651685393 0.7345238095238096 0.8075842696629213 0.7833333333333333 0.7654494382022472 0.763095238095238 0.7443820224719101
1 0.7095238095238096 0.6657303370786517 0.7297619047619047 0.6811797752808989 0.6880952380952381 0.723314606741573 0.6678571428571428 0.702247191011236
1 0.40595238095238095 0.27247191011235955 0.4238095238095238 0.28370786516853935 0.3869047619047619 0.31179775280898875 0.37142857142857144 0.29775280898876405
1 0.4654761904761905 0.3146067415730337 0.48214285714285715 0.32724719101123595 0.44047619047619047 0.35814606741573035 0.42738095238095236 0.3441011235955056
4 0.5202380952380953 0.351123595505618 0.5380952380952381 0.36797752808988765 0.49642857142857144 0.40168539325842695 0.4785714285714286 0.38342696629213485
1 0.5333333333333333 0.37219101123595505 0.5488095238095239 0.38764044943820225 0.5095238095238095 0.4199438202247191 0.49523809523809526 0.40168539325842695
1 0.5833333333333334 0.4143258426966292 0.6035714285714285 0.4311797752808989 0.5619047619047619 0.4648876404494382 0.544047619047619 0.449438202247191
1 0.6035714285714285 0.4339887640449438 0.6214285714285714 0.4452247191011236 0.5833333333333334 0.47752808988764045 0.5642857142857143 0.46207865168539325
1 0.7214285714285714 0.5196629213483146 0.7404761904761905 0.5351123595505618 0.7 0.5716292134831461 0.680952380952381 0.5547752808988764
1 0.7404761904761905 0.5365168539325843 0.7607142857142857 0.5519662921348315 0.7238095238095238 0.5912921348314607 0.6988095238095238 0.5716292134831461
1 0.7547619047619047 0.5575842696629213 0.7738095238095238 0.574438202247191 0.7404761904761905 0.6067415730337079 0.7226190476190476 0.5898876404494382