0 0.5428571428571428 0.6362359550561798 0.4511904761904762 0.6882022471910112 0.475 0.7303370786516854 0.5654761904761905 0.6783707865168539
0 0.5083333333333333 0.6053370786516854 0.40595238095238095 0.6643258426966292 0.4297619047619048 0.702247191011236 0.5273809523809524 0.6390449438202247
0 0.48095238095238096 0.547752808988764 0.39166666666666666 0.6067415730337079 0.4095238095238095 0.6334269662921348 0.4976190476190476 0.5842696629213483
0 0.4226190476190476 0.4648876404494382 0.34404761904761905 0.5126404494382022 0.3607142857142857 0.5463483146067416 0.44047619047619047 0.5
0 0.40595238095238095 0.4438202247191011 0.31785714285714284 0.49157303370786515 0.3380952380952381 0.5224719101123596 0.41309523809523807 0.47191011235955055
0 0.3880952380952381 0.4199438202247191 0.30238095238095236 0.4648876404494382 0.319047619047619 0.48735955056179775 0.3976190476190476 0.44241573033707865
0 0.3607142857142857 0.398876404494382 0.275 0.4438202247191011 0.2916666666666667 0.46629213483146065 0.37023809523809526 0.42134831460674155
0 0.7761904761904762 0.36235955056179775 0.6904761904761905 0.40730337078651685 0.7071428571428572 0.4297752808988764 0.7857142857142857 0.3848314606741573
0 0.3619047619047619 0.3637640449438202 0.2761904761904762 0.40870786516853935 0.29285714285714287 0.4311797752808989 0.37142857142857144 0.3862359550561798
0 0.8142857142857143 0.3904494382022472 0.7285714285714285 0.4353932584269663 0.7452380952380953 0.45786516853932585 0.8238095238095238 0.41292134831460675
0 0.7035714285714286 0.3047752808988764 0.6178571428571429 0.3497191011235955 0.6345238095238095 0.37219101123595505 0.7130952380952381 0.32724719101123595
0 0.7345238095238096 0.33146067415730335 0.6488095238095238 0.37640449438202245 0.6654761904761904 0.398876404494382 0.7440476190476191 0.3539325842696629
0 0.6857142857142857 0.27668539325842695 0.6 0.32162921348314605 0.6166666666666667 0.3441011235955056 0.6952380952380952 0.2991573033707865
0 0.6619047619047619 0.25702247191011235 0.5761904761904761 0.30196629213483145 0.5928571428571429 0.324438202247191 0.6714285714285714 0.2794943820224719
0 0.6166666666666667 0.21348314606741572 0.530952380952381 0.25842696629213485 0.5476190476190477 0.2808988764044944 0.6261904761904762 0.23595505617977527
0 0.6071428571428571 0.1853932584269663 0.5214285714285715 0.2303370786516854 0.5380952380952381 0.25280898876404495 0.6166666666666667 0.20786516853932585
0 0.5607142857142857 0.2808988764044944 0.6047619047619047 0.2556179775280899 0.6142857142857143 0.2808988764044944 0.5702380952380952 0.2991573033707865
0 0.5547619047619048 0.18117977528089887 0.4880952380952381 0.21348314606741572 0.5047619047619047 0.23595505617977527 0.5654761904761905 0.199438202247191
0 0.5452380952380952 0.15730337078651685 0.4785714285714286 0.1896067415730337 0.49523809523809526 0.21207865168539325 0.555952380952381 0.175561797752809
1 0.4142857142857143 0.8398876404494382 0.4380952380952381 0.8848314606741573 0.45714285714285713 0.8679775280898876 0.4369047619047619 0.8258426966292135
1 0.44166666666666665 0.8216292134831461 0.4654761904761905 0.8665730337078652 0.4845238095238095 0.8497191011235955 0.4642857142857143 0.8075842696629213
1 0.46904761904761905 0.8061797752808989 0.4928571428571429 0.851123595505618 0.5119047619047619 0.8342696629213483 0.49166666666666664 0.7921348314606742
1 0.5 0.7907303370786517 0.5238095238095238 0.8356741573033708 0.5428571428571428 0.8188202247191011 0.5226190476190476 0.776685393258427
1 0.5273809523809524 0.7752808988764045 0.5511904761904762 0.8202247191011236 0.5702380952380952 0.8033707865168539 0.55 0.7612359550561798
1 0.580952380952381 0.7485955056179775 0.6047619047619047 0.7935393258426966 0.6238095238095238 0.776685393258427 0.6035714285714285 0.7345505617977528
1 0.6071428571428571 0.7289325842696629 0.6309523809523809 0.773876404494382 0.65 0.7570224719101124 0.6297619047619047 0.7148876404494382
1 0.6309523809523809 0.7106741573033708 0.6547619047619048 0.7556179775280899 0.6738095238095239 0.7387640449438202 0.6535714285714286 0.6966292134831461
1 0.6630952380952381 0.6966292134831461 0.6869047619047619 0.7415730337078652 0.705952380952381 0.7247191011235955 0.6857142857142857 0.6825842696629213
1 0.6880952380952381 0.6811797752808989 0.7119047619047619 0.726123595505618 0.7309523809523809 0.7092696629213483 0.7107142857142857 0.6671348314606742
1 0.7511904761904762 0.8019662921348315 0.775 0.8469101123595506 0.794047619047619 0.8300561797752809 0.7738095238095238 0.7879213483146067
1 0.675 0.8455056179775281 0.6988095238095238 0.8904494382022472 0.7178571428571429 0.8735955056179775 0.6976190476190476 0.8314606741573034
1 0.8035714285714286 0.5140449438202247 0.7642857142857142 0.5435393258426966 0.7738095238095238 0.5617977528089888 0.8130952380952381 0.5308988764044944
1 0.8202380952380952 0.5351123595505618 0.780952380952381 0.5646067415730337 0.7904761904761904 0.5828651685393258 0.8297619047619048 0.5519662921348315
1 0.8797619047619047 0.601123595505618 0.8404761904761905 0.6306179775280899 0.85 0.648876404494382 0.8892857142857142 0.6179775280898876
1 0.8380952380952381 0.550561797752809 0.7988095238095239 0.5800561797752809 0.8083333333333333 0.598314606741573 0.8476190476190476 0.5674157303370787
1 0.8559523809523809 0.5730337078651685 0.8166666666666667 0.6025280898876404 0.8261904761904761 0.6207865168539326 0.8654761904761905 0.5898876404494382
1 0.8904761904761904 0.47331460674157305 0.8511904761904762 0.5028089887640449 0.8607142857142858 0.5210674157303371 0.9 0.4901685393258427
1 0.8940476190476191 0.6207865168539326 0.8547619047619047 0.6502808988764045 0.8642857142857143 0.6685393258426966 0.9035714285714286 0.6376404494382022
1 0.8678571428571429 0.4508426966292135 0.8285714285714286 0.4803370786516854 0.8380952380952381 0.49859550561797755 0.8773809523809524 0.46769662921348315
1 0.5916666666666667 0.15870786516853932 0.575 0.1699438202247191 0.5904761904761905 0.19382022471910113 0.6023809523809524 0.1797752808988764
1 0.6345238095238095 0.1306179775280899 0.6190476190476191 0.14606741573033707 0.6345238095238095 0.1699438202247191 0.6511904761904762 0.16151685393258428
1 0.6785714285714286 0.1151685393258427 0.6654761904761904 0.12780898876404495 0.680952380952381 0.15168539325842698 0.6976190476190476 0.14325842696629212
0 0.9166666666666666 0.24859550561797752 0.830952380952381 0.29353932584269665 0.8476190476190476 0.3160112359550562 0.9261904761904762 0.2710674157303371
0 0.8869047619047619 0.20224719101123595 0.8011904761904762 0.24719101123595505 0.8178571428571428 0.2696629213483146 0.8964285714285715 0.2247191011235955
1 0.8380952380952381 0.19101123595505617 0.805952380952381 0.21348314606741572 0.8178571428571428 0.23314606741573032 0.8535714285714285 0.20786516853932585