1 0.1630952380952381 0.7556179775280899 0.15833333333333333 0.8047752808988764 0.2654761904761905 0.8117977528089888 0.2702380952380952 0.7696629213483146
1 0.20833333333333334 0.6980337078651685 0.20238095238095238 0.7429775280898876 0.2976190476190476 0.7556179775280899 0.30357142857142855 0.7078651685393258
1 0.26071428571428573 0.6432584269662921 0.25952380952380955 0.6867977528089888 0.36547619047619045 0.6938202247191011 0.36904761904761907 0.651685393258427
1 0.2892857142857143 0.5941011235955056 0.29523809523809524 0.6362359550561798 0.38452380952380955 0.6348314606741573 0.38095238095238093 0.5884831460674157
1 0.16904761904761906 0.5800561797752809 0.19523809523809524 0.6081460674157303 0.26071428571428573 0.5351123595505618 0.2369047619047619 0.5084269662921348
1 0.3142857142857143 0.43258426966292135 0.24166666666666667 0.4943820224719101 0.2702380952380952 0.5308988764044944 0.33690476190476193 0.46207865168539325
1 0.38095238095238093 0.3356741573033708 0.3238095238095238 0.4101123595505618 0.3488095238095238 0.43258426966292135 0.40714285714285714 0.3609550561797753
1 0.4523809523809524 0.25140449438202245 0.3892857142857143 0.324438202247191 0.41904761904761906 0.3497191011235955 0.4738095238095238 0.28370786516853935
1 0.5238095238095238 0.16573033707865167 0.475 0.22752808988764045 0.4976190476190476 0.2542134831460674 0.55 0.18820224719101122
1 0.5297619047619048 0.30337078651685395 0.5380952380952381 0.3455056179775281 0.6369047619047619 0.3202247191011236 0.6297619047619047 0.27808988764044945
1 0.4035714285714286 0.4606741573033708 0.4083333333333333 0.49719101123595505 0.5059523809523809 0.4943820224719101 0.5023809523809524 0.45224719101123595
1 0.3595238095238095 0.5210674157303371 0.36547619047619045 0.5660112359550562 0.4666666666666667 0.5449438202247191 0.4523809523809524 0.5070224719101124
1 0.8 0.37780898876404495 0.7488095238095238 0.4550561797752809 0.7714285714285715 0.47331460674157305 0.8238095238095238 0.4058988764044944
1 0.725 0.4550561797752809 0.6821428571428572 0.5294943820224719 0.705952380952381 0.5533707865168539 0.7535714285714286 0.4747191011235955
1 0.7011904761904761 0.5814606741573034 0.6773809523809524 0.6193820224719101 0.7547619047619047 0.6966292134831461 0.7785714285714286 0.6643258426966292
4 0.4785714285714286 0.39747191011235955 0.4738095238095238 0.4438202247191011 0.5452380952380952 0.45365168539325845 0.5535714285714286 0.4101123595505618