1 0.16547619047619047 0.8202247191011236 0.16071428571428573 0.8637640449438202 0.1869047619047619 0.8721910112359551 0.18214285714285713 0.8216292134831461
1 0.20595238095238094 0.8230337078651685 0.1869047619047619 0.8721910112359551 0.20833333333333334 0.8778089887640449 0.2261904761904762 0.8314606741573034
1 0.2571428571428571 0.7443820224719101 0.25 0.773876404494382 0.30238095238095236 0.7823033707865169 0.3107142857142857 0.7528089887640449
1 0.780952380952381 0.5870786516853933 0.7821428571428571 0.6165730337078652 0.8357142857142857 0.6151685393258427 0.8357142857142857 0.5926966292134831
1 0.780952380952381 0.5379213483146067 0.7821428571428571 0.5674157303370787 0.8357142857142857 0.5660112359550562 0.8357142857142857 0.5435393258426966
1 0.7785714285714286 0.5056179775280899 0.7797619047619048 0.5351123595505618 0.8333333333333334 0.5337078651685393 0.8333333333333334 0.5112359550561798
1 0.24523809523809523 0.4705056179775281 0.24523809523809523 0.49297752808988765 0.2988095238095238 0.49157303370786515 0.2988095238095238 0.4691011235955056
1 0.2369047619047619 0.44241573033707865 0.2369047619047619 0.4648876404494382 0.2904761904761905 0.46348314606741575 0.2904761904761905 0.4410112359550562
1 0.25595238095238093 0.37780898876404495 0.25595238095238093 0.4002808988764045 0.30952380952380953 0.398876404494382 0.30952380952380953 0.37640449438202245
1 0.2571428571428571 0.20365168539325842 0.2571428571428571 0.22612359550561797 0.3107142857142857 0.2247191011235955 0.3107142857142857 0.20224719101123595
1 0.2642857142857143 0.17696629213483145 0.2642857142857143 0.199438202247191 0.31785714285714284 0.19803370786516855 0.31785714285714284 0.175561797752809
1 0.31666666666666665 0.24719101123595505 0.319047619047619 0.2893258426966292 0.33690476190476193 0.2851123595505618 0.3345238095238095 0.24578651685393257
1 0.3595238095238095 0.3693820224719101 0.3630952380952381 0.4143258426966292 0.38452380952380955 0.41151685393258425 0.3773809523809524 0.36657303370786515
1 0.4095238095238095 0.20926966292134833 0.4107142857142857 0.24578651685393257 0.43452380952380953 0.24297752808988765 0.430952380952381 0.20786516853932585
1 0.7071428571428572 0.35252808988764045 0.7047619047619048 0.36657303370786515 0.7428571428571429 0.38202247191011235 0.7488095238095238 0.3637640449438202
1 0.7035714285714286 0.32865168539325845 0.7011904761904761 0.34269662921348315 0.7392857142857143 0.35814606741573035 0.7452380952380953 0.3398876404494382
1 0.7047619047619048 0.31320224719101125 0.7023809523809523 0.32724719101123595 0.7404761904761905 0.34269662921348315 0.7464285714285714 0.324438202247191
1 0.7011904761904761 0.29353932584269665 0.6988095238095238 0.30758426966292135 0.736904761904762 0.32303370786516855 0.7428571428571429 0.3047752808988764
1 0.6988095238095238 0.26825842696629215 0.6964285714285714 0.28230337078651685 0.7345238095238096 0.29775280898876405 0.7404761904761905 0.2794943820224719
1 0.6964285714285714 0.24859550561797752 0.694047619047619 0.26264044943820225 0.7321428571428571 0.27808988764044945 0.7380952380952381 0.2598314606741573
1 0.6892857142857143 0.21769662921348315 0.6869047619047619 0.23174157303370788 0.725 0.24719101123595505 0.7309523809523809 0.22893258426966293
1 0.6892857142857143 0.19662921348314608 0.6869047619047619 0.21067415730337077 0.725 0.22612359550561797 0.7309523809523809 0.20786516853932585
1 0.6869047619047619 0.1797752808988764 0.6845238095238095 0.19382022471910113 0.7226190476190476 0.20926966292134833 0.7285714285714285 0.19101123595505617
1 0.6833333333333333 0.15870786516853932 0.680952380952381 0.17275280898876405 0.719047619047619 0.18820224719101122 0.725 0.1699438202247191
1 0.6785714285714286 0.13623595505617977 0.6761904761904762 0.1502808988764045 0.7142857142857143 0.16573033707865167 0.7202380952380952 0.14747191011235955
1 0.763095238095238 0.1699438202247191 0.7654761904761904 0.18258426966292135 0.7976190476190477 0.175561797752809 0.7916666666666666 0.15589887640449437
1 0.7547619047619047 0.1502808988764045 0.7690476190476191 0.16151685393258428 0.7964285714285714 0.14325842696629212 0.7845238095238095 0.12921348314606743