1 0.3273809523809524 0.15589887640449437 0.33690476190476193 0.17837078651685392 0.2857142857142857 0.21207865168539325 0.27380952380952384 0.1853932584269663
1 0.35714285714285715 0.16151685393258428 0.39880952380952384 0.2148876404494382 0.38095238095238093 0.23314606741573032 0.3392857142857143 0.17696629213483145
1 0.3678571428571429 0.1404494382022472 0.3880952380952381 0.19382022471910113 0.4095238095238095 0.18679775280898878 0.39285714285714285 0.13764044943820225
1 0.5476190476190477 0.15870786516853932 0.5595238095238095 0.1853932584269663 0.6226190476190476 0.15308988764044945 0.6095238095238096 0.12780898876404495
1 0.4107142857142857 0.1544943820224719 0.3904761904761905 0.12078651685393259 0.4095238095238095 0.10393258426966293 0.430952380952381 0.13904494382022473
1 0.6583333333333333 0.23735955056179775 0.675 0.2612359550561798 0.6226190476190476 0.29634831460674155 0.6071428571428571 0.27247191011235955
1 0.3488095238095238 0.22331460674157302 0.35833333333333334 0.24297752808988765 0.30714285714285716 0.2752808988764045 0.29523809523809524 0.25
1 0.36428571428571427 0.25280898876404495 0.375 0.273876404494382 0.3333333333333333 0.3089887640449438 0.31666666666666665 0.28651685393258425
1 0.3869047619047619 0.2851123595505618 0.4 0.3103932584269663 0.3488095238095238 0.3497191011235955 0.33214285714285713 0.32303370786516855
1 0.40476190476190477 0.324438202247191 0.4166666666666667 0.34831460674157305 0.36666666666666664 0.3862359550561798 0.3523809523809524 0.36235955056179775
1 0.42142857142857143 0.36657303370786515 0.43214285714285716 0.38764044943820225 0.38333333333333336 0.42275280898876405 0.36904761904761907 0.39747191011235955
1 0.44047619047619047 0.40308988764044945 0.45595238095238094 0.42696629213483145 0.4 0.46769662921348315 0.38452380952380955 0.43679775280898875
1 0.3773809523809524 0.44803370786516855 0.3904761904761905 0.47191011235955055 0.3404761904761905 0.5126404494382022 0.3238095238095238 0.4887640449438202
1 0.39404761904761904 0.4859550561797753 0.4083333333333333 0.5098314606741573 0.35833333333333334 0.5519662921348315 0.3392857142857143 0.526685393258427
3 0.669047619047619 0.2794943820224719 0.6797619047619048 0.30337078651685395 0.6226190476190476 0.33707865168539325 0.6107142857142858 0.3103932584269663
1 0.5607142857142857 0.3707865168539326 0.5869047619047619 0.4339887640449438 0.5630952380952381 0.45224719101123595 0.5357142857142857 0.3862359550561798
4 0.525 0.40870786516853935 0.5535714285714286 0.47191011235955055 0.530952380952381 0.48735955056179775 0.5035714285714286 0.41713483146067415
1 0.638095238095238 0.41292134831460675 0.6607142857142857 0.47191011235955055 0.6369047619047619 0.4859550561797753 0.6107142857142858 0.42134831460674155
1 0.5666666666666667 0.49157303370786515 0.5964285714285714 0.5603932584269663 0.575 0.577247191011236 0.5416666666666666 0.5070224719101124
1 0.525 0.5252808988764045 0.5535714285714286 0.5884831460674157 0.5333333333333333 0.6081460674157303 0.5023809523809524 0.5407303370786517
3 0.6023809523809524 0.45646067415730335 0.6345238095238095 0.5337078651685393 0.6095238095238096 0.5491573033707865 0.575 0.4705056179775281
4 0.6785714285714286 0.5365168539325843 0.705952380952381 0.5997191011235955 0.6821428571428572 0.6193820224719101 0.65 0.5463483146067416
3 0.5357142857142857 0.6376404494382022 0.5666666666666667 0.699438202247191 0.5452380952380952 0.7176966292134831 0.5142857142857142 0.6530898876404494
1 0.5785714285714286 0.6235955056179775 0.6047619047619047 0.6966292134831461 0.5773809523809523 0.7162921348314607 0.5535714285714286 0.6362359550561798
1 0.6523809523809524 0.5632022471910112 0.6821428571428572 0.6264044943820225 0.6642857142857143 0.6446629213483146 0.6309523809523809 0.5786516853932584
1 0.7119047619047619 0.5126404494382022 0.7345238095238096 0.526685393258427 0.7083333333333334 0.5814606741573034 0.6880952380952381 0.5561797752808989
1 0.7833333333333333 0.7162921348314607 0.8035714285714286 0.7247191011235955 0.7857142857142857 0.800561797752809 0.7595238095238095 0.7879213483146067
1 0.8130952380952381 0.723314606741573 0.8357142857142857 0.7345505617977528 0.8130952380952381 0.8061797752808989 0.7892857142857143 0.7949438202247191
1 0.8452380952380952 0.7612359550561798 0.8678571428571429 0.773876404494382 0.8416666666666667 0.848314606741573 0.819047619047619 0.8356741573033708
1 0.6785714285714286 0.7696629213483146 0.7 0.7808988764044944 0.6785714285714286 0.851123595505618 0.6523809523809524 0.8398876404494382
1 0.7107142857142857 0.7865168539325843 0.6869047619047619 0.8595505617977528 0.7166666666666667 0.8707865168539326 0.7416666666666667 0.8019662921348315
1 0.75 0.8075842696629213 0.7773809523809524 0.824438202247191 0.7559523809523809 0.8862359550561798 0.7238095238095238 0.8735955056179775
1 0.5452380952380952 0.8216292134831461 0.6107142857142858 0.8553370786516854 0.5964285714285714 0.8876404494382022 0.530952380952381 0.8539325842696629
1 0.4380952380952381 0.702247191011236 0.45357142857142857 0.7176966292134831 0.4166666666666667 0.7668539325842697 0.39404761904761904 0.75
1 0.875 0.7794943820224719 0.85 0.8497191011235955 0.875 0.8623595505617978 0.8988095238095238 0.7963483146067416