1 0.37142857142857144 0.27668539325842695 0.3476190476190476 0.25140449438202245 0.36428571428571427 0.23595505617977527 0.3880952380952381 0.2654494382022472
1 0.42738095238095236 0.34129213483146065 0.4011904761904762 0.31320224719101125 0.41309523809523807 0.2949438202247191 0.44047619047619047 0.32724719101123595
1 0.5380952380952381 0.4410112359550562 0.5345238095238095 0.41853932584269665 0.5821428571428572 0.4101123595505618 0.5869047619047619 0.43679775280898875
1 0.594047619047619 0.5196629213483146 0.5654761904761905 0.49297752808988765 0.5928571428571429 0.4747191011235955 0.6190476190476191 0.5056179775280899
1 0.6511904761904762 0.5730337078651685 0.6238095238095238 0.5463483146067416 0.638095238095238 0.5252808988764045 0.6654761904761904 0.5575842696629213
1 0.763095238095238 0.6952247191011236 0.7285714285714285 0.6601123595505618 0.7476190476190476 0.6404494382022472 0.7833333333333333 0.675561797752809
1 0.7452380952380953 0.8216292134831461 0.7035714285714286 0.7823033707865169 0.7261904761904762 0.7584269662921348 0.7571428571428571 0.8019662921348315
1 0.6714285714285714 0.7443820224719101 0.6333333333333333 0.7106741573033708 0.6547619047619048 0.6882022471910112 0.6892857142857143 0.7275280898876404
1 0.6190476190476191 0.6910112359550562 0.5880952380952381 0.6530898876404494 0.6071428571428571 0.6362359550561798 0.6369047619047619 0.6783707865168539
1 0.46785714285714286 0.5084269662921348 0.4380952380952381 0.4705056179775281 0.45714285714285713 0.45224719101123595 0.48928571428571427 0.4943820224719101
1 0.35833333333333334 0.40168539325842695 0.3392857142857143 0.36657303370786515 0.36428571428571427 0.3553370786516854 0.3821428571428571 0.3946629213483146
1 0.1488095238095238 0.7991573033707865 0.1357142857142857 0.7752808988764045 0.18214285714285713 0.7443820224719101 0.1976190476190476 0.7654494382022472
1 0.2154761904761905 0.7612359550561798 0.2 0.7429775280898876 0.25 0.7036516853932584 0.26071428571428573 0.7303370786516854