1 0.1488095238095238 0.6839887640449438 0.1261904761904762 0.7106741573033708 0.17261904761904762 0.7654494382022472 0.19523809523809524 0.7415730337078652
1 0.2130952380952381 0.6348314606741573 0.19166666666666668 0.6601123595505618 0.23452380952380952 0.7120786516853933 0.25833333333333336 0.6896067415730337
1 0.18452380952380953 0.38202247191011235 0.15595238095238095 0.398876404494382 0.12261904761904761 0.3188202247191011 0.15119047619047618 0.3061797752808989
1 0.21785714285714286 0.34691011235955055 0.19166666666666668 0.36797752808988765 0.15595238095238095 0.28792134831460675 0.18571428571428572 0.27247191011235955
1 0.2523809523809524 0.3146067415730337 0.21785714285714286 0.33146067415730335 0.1880952380952381 0.24578651685393257 0.21785714285714286 0.23314606741573032
1 0.2869047619047619 0.273876404494382 0.2523809523809524 0.2949438202247191 0.21904761904761905 0.21207865168539325 0.25595238095238093 0.19382022471910113
1 0.4380952380952381 0.25 0.41785714285714287 0.26825842696629215 0.4654761904761905 0.33286516853932585 0.48928571428571427 0.31179775280898875
1 0.5154761904761904 0.26264044943820225 0.49166666666666664 0.2851123595505618 0.544047619047619 0.3497191011235955 0.5654761904761905 0.324438202247191
1 0.49523809523809526 0.3146067415730337 0.4714285714285714 0.3398876404494382 0.5226190476190476 0.3960674157303371 0.5488095238095239 0.37359550561797755
1 0.4654761904761905 0.3637640449438202 0.44642857142857145 0.3848314606741573 0.4928571428571429 0.43820224719101125 0.513095238095238 0.4143258426966292
1 0.41785714285714287 0.29353932584269665 0.3976190476190476 0.3188202247191011 0.444047619047619 0.3806179775280899 0.4654761904761905 0.3539325842696629
1 0.3892857142857143 0.3595505617977528 0.37142857142857144 0.3848314606741573 0.4226190476190476 0.43820224719101125 0.44166666666666665 0.4143258426966292
1 0.3547619047619048 0.3960674157303371 0.32976190476190476 0.425561797752809 0.3904761904761905 0.4845505617977528 0.4083333333333333 0.4508426966292135
1 0.6261904761904762 0.16151685393258428 0.6083333333333333 0.1896067415730337 0.5535714285714286 0.14606741573033707 0.5738095238095238 0.11938202247191011