1 0.1357142857142857 0.15589887640449437 0.1357142857142857 0.1797752808988764 0.17976190476190476 0.1797752808988764 0.18095238095238095 0.15730337078651685
1 0.1261904761904762 0.18398876404494383 0.18214285714285713 0.18820224719101122 0.17857142857142858 0.21348314606741572 0.125 0.20786516853932585
1 0.12023809523809524 0.2345505617977528 0.12142857142857143 0.2612359550561798 0.16785714285714284 0.2612359550561798 0.17023809523809524 0.23314606741573032
1 0.12738095238095237 0.27247191011235955 0.12380952380952381 0.2893258426966292 0.16785714285714284 0.29213483146067415 0.17142857142857143 0.2752808988764045
1 0.12380952380952381 0.2907303370786517 0.12261904761904761 0.31320224719101125 0.17023809523809524 0.3146067415730337 0.17142857142857143 0.29213483146067415
1 0.11904761904761904 0.38764044943820225 0.1619047619047619 0.3904494382022472 0.1619047619047619 0.41151685393258425 0.11904761904761904 0.41151685393258425
1 0.46904761904761905 0.1853932584269663 0.475 0.20786516853932585 0.5190476190476191 0.20084269662921347 0.5154761904761904 0.17696629213483145
1 0.4642857142857143 0.2148876404494382 0.46904761904761905 0.2401685393258427 0.5154761904761904 0.23174157303370788 0.5107142857142857 0.2050561797752809
1 0.475 0.25280898876404495 0.4797619047619048 0.2696629213483146 0.5178571428571429 0.2556179775280899 0.5119047619047619 0.23595505617977527
1 0.47619047619047616 0.2752808988764045 0.48333333333333334 0.29634831460674155 0.5238095238095238 0.27668539325842695 0.5154761904761904 0.25702247191011235
1 0.44761904761904764 0.3146067415730337 0.4595238095238095 0.35252808988764045 0.4797619047619048 0.3455056179775281 0.4666666666666667 0.3047752808988764
4 0.49404761904761907 0.351123595505618 0.5011904761904762 0.37640449438202245 0.5464285714285714 0.35814606741573035 0.5369047619047619 0.3342696629213483
4 0.49404761904761907 0.5449438202247191 0.4988095238095238 0.5730337078651685 0.544047619047619 0.5632022471910112 0.5392857142857143 0.5351123595505618
4 0.4928571428571429 0.5098314606741573 0.49404761904761907 0.5365168539325843 0.5369047619047619 0.5379213483146067 0.5380952380952381 0.5098314606741573
1 0.3619047619047619 0.15589887640449437 0.3630952380952381 0.17696629213483145 0.40595238095238095 0.17696629213483145 0.40476190476190477 0.15589887640449437
1 0.35595238095238096 0.21769662921348315 0.35833333333333334 0.2443820224719101 0.40595238095238095 0.24297752808988765 0.4035714285714286 0.2148876404494382
1 0.37976190476190474 0.3089887640449438 0.37976190476190474 0.3300561797752809 0.43214285714285716 0.32865168539325845 0.43214285714285716 0.3061797752808989
1 0.3869047619047619 0.32865168539325845 0.3869047619047619 0.34831460674157305 0.43333333333333335 0.35252808988764045 0.43333333333333335 0.32865168539325845
1 0.3869047619047619 0.37219101123595505 0.38571428571428573 0.3946629213483146 0.43452380952380953 0.4002808988764045 0.4369047619047619 0.37640449438202245 0.3869047619047619 0.37219101123595505
1 0.3821428571428571 0.4002808988764045 0.3821428571428571 0.4157303370786517 0.43333333333333335 0.41853932584269665 0.4357142857142857 0.4002808988764045
1 0.37023809523809526 0.43820224719101125 0.37142857142857144 0.4592696629213483 0.41785714285714287 0.4606741573033708 0.41904761904761906 0.43679775280898875
1 0.37976190476190474 0.49297752808988765 0.3761904761904762 0.5098314606741573 0.42142857142857143 0.5168539325842697 0.425 0.49157303370786515
1 0.36904761904761907 0.5168539325842697 0.3678571428571429 0.5379213483146067 0.42023809523809524 0.5421348314606742 0.4238095238095238 0.5168539325842697
1 0.36666666666666664 0.5617977528089888 0.3630952380952381 0.5842696629213483 0.41785714285714287 0.5969101123595506 0.42023809523809524 0.5688202247191011
1 0.3595238095238095 0.6207865168539326 0.3595238095238095 0.6460674157303371 0.41309523809523807 0.6446629213483146 0.4142857142857143 0.6193820224719101
1 0.3619047619047619 0.6502808988764045 0.3619047619047619 0.675561797752809 0.4035714285714286 0.6741573033707865 0.4035714285714286 0.648876404494382
1 0.36666666666666664 0.6811797752808989 0.3678571428571429 0.7036516853932584 0.4119047619047619 0.6980337078651685 0.4107142857142857 0.6741573033707865
4 0.3535714285714286 0.7879213483146067 0.3535714285714286 0.8103932584269663 0.4035714285714286 0.8103932584269663 0.40476190476190477 0.7851123595505618
4 0.5 0.6587078651685393 0.4988095238095238 0.6867977528089888 0.5523809523809524 0.6910112359550562 0.5535714285714286 0.6615168539325843
4 0.49404761904761907 0.38342696629213485 0.5011904761904762 0.4058988764044944 0.5488095238095239 0.3890449438202247 0.5416666666666666 0.3651685393258427
1 0.4988095238095238 0.4396067415730337 0.5011904761904762 0.4606741573033708 0.5571428571428572 0.44803370786516855 0.5511904761904762 0.425561797752809
1 0.4988095238095238 0.48314606741573035 0.4976190476190476 0.5070224719101124 0.5523809523809524 0.5042134831460674 0.5523809523809524 0.48174157303370785
1 0.5047619047619047 0.5716292134831461 0.5023809523809524 0.598314606741573 0.5476190476190477 0.6025280898876404 0.5511904761904762 0.577247191011236
1 0.5047619047619047 0.6039325842696629 0.4988095238095238 0.6264044943820225 0.5547619047619048 0.6292134831460674 0.55 0.6025280898876404
1 0.5011904761904762 0.6306179775280899 0.4976190476190476 0.6502808988764045 0.5535714285714286 0.6558988764044944 0.5595238095238095 0.6334269662921348
1 0.49523809523809526 0.699438202247191 0.49523809523809526 0.7275280898876404 0.5547619047619048 0.726123595505618 0.5547619047619048 0.7008426966292135
1 0.8202380952380952 0.6376404494382022 0.8226190476190476 0.6629213483146067 0.8761904761904762 0.6601123595505618 0.875 0.6348314606741573
1 0.8238095238095238 0.6980337078651685 0.8261904761904761 0.7289325842696629 0.875 0.726123595505618 0.8726190476190476 0.6924157303370787
1 0.8369047619047619 0.776685393258427 0.8404761904761905 0.8033707865168539 0.8916666666666667 0.7991573033707865 0.8892857142857142 0.7710674157303371
1 0.85 0.8117977528089888 0.85 0.8370786516853933 0.8976190476190476 0.8342696629213483 0.8964285714285715 0.8103932584269663
1 0.8095238095238095 0.5589887640449438 0.8083333333333333 0.5828651685393258 0.8583333333333333 0.5814606741573034 0.8583333333333333 0.5575842696629213
1 0.8095238095238095 0.526685393258427 0.8095238095238095 0.5491573033707865 0.8571428571428571 0.5449438202247191 0.8571428571428571 0.5224719101123596
1 0.7964285714285714 0.5028089887640449 0.7964285714285714 0.5252808988764045 0.85 0.5252808988764045 0.85 0.5014044943820225
4 0.7964285714285714 0.47191011235955055 0.7952380952380952 0.49719101123595505 0.844047619047619 0.5 0.8464285714285714 0.4747191011235955
4 0.7869047619047619 0.4550561797752809 0.7869047619047619 0.47752808988764045 0.8345238095238096 0.47752808988764045 0.8345238095238096 0.45365168539325845
1 0.7464285714285714 0.13764044943820225 0.7452380952380953 0.15870786516853932 0.7857142857142857 0.15870786516853932 0.7857142857142857 0.1404494382022472
1 0.7452380952380953 0.16151685393258428 0.7452380952380953 0.18117977528089887 0.7833333333333333 0.18117977528089887 0.7845238095238095 0.16151685393258428
1 0.7488095238095238 0.175561797752809 0.7488095238095238 0.19803370786516855 0.7892857142857143 0.19803370786516855 0.7904761904761904 0.17696629213483145
1 0.7523809523809524 0.19662921348314608 0.7476190476190476 0.21769662921348315 0.7928571428571428 0.22893258426966293 0.7964285714285714 0.2050561797752809
4 0.7488095238095238 0.2401685393258427 0.7488095238095238 0.2640449438202247 0.794047619047619 0.26264044943820225 0.7916666666666666 0.2401685393258427
1 0.7714285714285715 0.3103932584269663 0.7690476190476191 0.3342696629213483 0.8083333333333333 0.33707865168539325 0.8107142857142857 0.31320224719101125
4 0.780952380952381 0.38342696629213485 0.7797619047619048 0.4143258426966292 0.8345238095238096 0.41853932584269665 0.8369047619047619 0.3862359550561798
1 0.7666666666666667 0.3609550561797753 0.7666666666666667 0.38202247191011235 0.8226190476190476 0.3806179775280899 0.8214285714285714 0.35814606741573035
1 0.7619047619047619 0.3300561797752809 0.7619047619047619 0.35252808988764045 0.8142857142857143 0.351123595505618 0.8130952380952381 0.32724719101123595
1 0.7869047619047619 0.4311797752808989 0.7880952380952381 0.45365168539325845 0.8392857142857143 0.45365168539325845 0.8392857142857143 0.4297752808988764
4 0.12261904761904761 0.3356741573033708 0.12380952380952381 0.36657303370786515 0.1738095238095238 0.36657303370786515 0.1738095238095238 0.33286516853932585
1 0.3595238095238095 0.18679775280898878 0.3595238095238095 0.20646067415730338 0.4083333333333333 0.20786516853932585 0.4083333333333333 0.18679775280898878