1 0.2892857142857143 0.1306179775280899 0.3345238095238095 0.1853932584269663 0.35714285714285715 0.16432584269662923 0.31666666666666665 0.10955056179775281
1 0.40595238095238095 0.199438202247191 0.39880952380952384 0.2710674157303371 0.4297619047619048 0.2752808988764045 0.4357142857142857 0.199438202247191
1 0.36428571428571427 0.18117977528089887 0.3607142857142857 0.26264044943820225 0.3952380952380952 0.2640449438202247 0.3964285714285714 0.18258426966292135
4 0.18095238095238095 0.2205056179775281 0.20952380952380953 0.12921348314606743 0.17857142857142858 0.12219101123595505 0.15476190476190477 0.20646067415730338
1 0.13095238095238096 0.16713483146067415 0.16071428571428573 0.16713483146067415 0.1595238095238095 0.1151685393258427 0.12976190476190477 0.11657303370786516
1 0.2357142857142857 0.18398876404494383 0.2226190476190476 0.26264044943820225 0.18571428571428572 0.25140449438202245 0.20357142857142857 0.17415730337078653
1 0.275 0.22331460674157302 0.25833333333333336 0.3089887640449438 0.22380952380952382 0.29775280898876405 0.2392857142857143 0.2148876404494382
1 0.3119047619047619 0.26264044943820225 0.2976190476190476 0.3539325842696629 0.2630952380952381 0.3455056179775281 0.275 0.2556179775280899
1 0.35 0.3047752808988764 0.3392857142857143 0.398876404494382 0.30357142857142855 0.3960674157303371 0.3107142857142857 0.300561797752809
1 0.3523809523809524 0.34691011235955055 0.3380952380952381 0.4396067415730337 0.375 0.4438202247191011 0.3880952380952381 0.3595505617977528
1 0.4238095238095238 0.4058988764044944 0.40595238095238095 0.49157303370786515 0.37023809523809526 0.48174157303370785 0.3892857142857143 0.3960674157303371
1 0.45595238095238094 0.45224719101123595 0.4380952380952381 0.5337078651685393 0.40595238095238095 0.5224719101123596 0.42142857142857143 0.4438202247191011
1 0.4928571428571429 0.4943820224719101 0.48333333333333334 0.5856741573033708 0.44761904761904764 0.5786516853932584 0.4595238095238095 0.4901685393258427
1 0.5380952380952381 0.46348314606741575 0.6095238095238096 0.48735955056179775 0.6214285714285714 0.4508426966292135 0.5476190476190477 0.42275280898876405
1 0.5392857142857143 0.5449438202247191 0.5238095238095238 0.6376404494382022 0.4880952380952381 0.6334269662921348 0.5035714285714286 0.5365168539325843
1 0.5380952380952381 0.5856741573033708 0.530952380952381 0.6671348314606742 0.5642857142857143 0.6699438202247191 0.5714285714285714 0.5870786516853933
1 0.5892857142857143 0.6109550561797753 0.5630952380952381 0.6980337078651685 0.5988095238095238 0.7120786516853933 0.6202380952380953 0.6278089887640449
1 0.8130952380952381 0.2991573033707865 0.8547619047619047 0.3595505617977528 0.8333333333333334 0.38764044943820225 0.7892857142857143 0.32303370786516855
1 0.7464285714285714 0.351123595505618 0.8023809523809524 0.42134831460674155 0.8273809523809523 0.3960674157303371 0.7726190476190476 0.324438202247191
1 0.7154761904761905 0.38342696629213485 0.7464285714285714 0.4550561797752809 0.7785714285714286 0.43820224719101125 0.7428571428571429 0.3595505617977528
1 0.7273809523809524 0.43679775280898875 0.6666666666666666 0.5084269662921348 0.6440476190476191 0.47752808988764045 0.7035714285714286 0.40870786516853935
1 0.7547619047619047 0.48174157303370785 0.6976190476190476 0.5463483146067416 0.6738095238095239 0.5140449438202247 0.7321428571428571 0.45365168539325845
1 0.8511904761904762 0.5196629213483146 0.8988095238095238 0.5365168539325843 0.9047619047619048 0.49859550561797755 0.8559523809523809 0.48314606741573035
1 0.7988095238095239 0.5561797752808989 0.8738095238095238 0.5730337078651685 0.8773809523809524 0.5365168539325843 0.8047619047619048 0.5168539325842697
1 0.7583333333333333 0.5997191011235955 0.8392857142857143 0.6418539325842697 0.8559523809523809 0.6067415730337079 0.775 0.5603932584269663
1 0.7238095238095238 0.6376404494382022 0.8 0.6783707865168539 0.8095238095238095 0.6418539325842697 0.7321428571428571 0.5997191011235955
1 0.6880952380952381 0.6629213483146067 0.7511904761904762 0.7191011235955056 0.7773809523809524 0.6910112359550562 0.7130952380952381 0.6306179775280899
1 0.22857142857142856 0.8455056179775281 0.2702380952380952 0.9030898876404494 0.29285714285714287 0.8778089887640449 0.2523809523809524 0.8174157303370787
1 0.08333333333333333 0.7401685393258427 0.13095238095238096 0.8033707865168539 0.16071428571428573 0.773876404494382 0.1130952380952381 0.7106741573033708