1 0.55 0.19382022471910113 0.575 0.2205056179775281 0.5857142857142857 0.20926966292134833 0.5607142857142857 0.18117977528089887
1 0.5369047619047619 0.21769662921348315 0.5666666666666667 0.24297752808988765 0.5761904761904761 0.22893258426966293 0.544047619047619 0.20224719101123595
1 0.5273809523809524 0.24719101123595505 0.5547619047619048 0.2654494382022472 0.5642857142857143 0.24859550561797752 0.5357142857142857 0.23174157303370788
1 0.5166666666666667 0.2654494382022472 0.5416666666666666 0.28230337078651685 0.5511904761904762 0.2654494382022472 0.5226190476190476 0.24859550561797752
1 0.5035714285714286 0.28651685393258425 0.5392857142857143 0.31179775280898875 0.5488095238095239 0.2949438202247191 0.513095238095238 0.26685393258426965
1 0.46904761904761905 0.3398876404494382 0.45476190476190476 0.37780898876404495 0.43214285714285716 0.3707865168539326 0.44761904761904764 0.3300561797752809
1 0.3595238095238095 0.5042134831460674 0.3392857142857143 0.5575842696629213 0.3202380952380952 0.550561797752809 0.3404761904761905 0.4957865168539326
1 0.16904761904761906 0.8398876404494382 0.225 0.8202247191011236 0.21785714285714286 0.7893258426966292 0.1619047619047619 0.8117977528089888
1 0.3630952380952381 0.6292134831460674 0.39166666666666666 0.6741573033707865 0.4083333333333333 0.6587078651685393 0.3761904761904762 0.6165730337078652
1 0.45357142857142857 0.44662921348314605 0.4785714285714286 0.47331460674157305 0.48928571428571427 0.45646067415730335 0.46190476190476193 0.43258426966292135
1 0.45476190476190476 0.4143258426966292 0.4880952380952381 0.4396067415730337 0.49523809523809526 0.42696629213483145 0.4654761904761905 0.40308988764044945
1 0.8273809523809523 0.42837078651685395 0.8202380952380952 0.47191011235955055 0.8392857142857143 0.4747191011235955 0.8464285714285714 0.4339887640449438
1 0.8178571428571428 0.4789325842696629 0.8047619047619048 0.5224719101123596 0.8261904761904761 0.5308988764044944 0.8369047619047619 0.48735955056179775
1 0.8452380952380952 0.5828651685393258 0.8321428571428572 0.6306179775280899 0.8535714285714285 0.6404494382022472 0.8654761904761905 0.5912921348314607
1 0.8476190476190476 0.6446629213483146 0.844047619047619 0.6952247191011236 0.8630952380952381 0.6980337078651685 0.8654761904761905 0.6460674157303371
1 0.8035714285714286 0.5575842696629213 0.794047619047619 0.6067415730337079 0.8142857142857143 0.6109550561797753 0.8226190476190476 0.5646067415730337
1 0.7845238095238095 0.6137640449438202 0.775 0.6558988764044944 0.7988095238095239 0.6643258426966292 0.805952380952381 0.625
1 0.7714285714285715 0.6713483146067416 0.7619047619047619 0.7247191011235955 0.7833333333333333 0.7303370786516854 0.794047619047619 0.6769662921348315
1 0.7607142857142857 0.7373595505617978 0.7464285714285714 0.7935393258426966 0.7702380952380953 0.8019662921348315 0.7821428571428571 0.7443820224719101
1 0.7476190476190476 0.8089887640449438 0.7345238095238096 0.8651685393258427 0.7571428571428571 0.8735955056179775 0.7702380952380953 0.8160112359550562
1 0.8023809523809524 0.7794943820224719 0.819047619047619 0.827247191011236 0.8404761904761905 0.8132022471910112 0.8214285714285714 0.7696629213483146
1 0.6892857142857143 0.7696629213483146 0.6726190476190477 0.827247191011236 0.6988095238095238 0.8342696629213483 0.7130952380952381 0.776685393258427
1 0.8630952380952381 0.28230337078651685 0.85 0.31741573033707865 0.8690476190476191 0.32303370786516855 0.8785714285714286 0.28792134831460675
1 0.33214285714285713 0.4606741573033708 0.3119047619047619 0.5084269662921348 0.33214285714285713 0.523876404494382 0.3535714285714286 0.4705056179775281