1 0.4095238095238095 0.19662921348314608 0.45357142857142857 0.23174157303370788 0.4726190476190476 0.2050561797752809 0.430952380952381 0.1699438202247191
1 0.37142857142857144 0.25280898876404495 0.40595238095238095 0.28370786516853935 0.42142857142857143 0.25842696629213485 0.3904761904761905 0.2303370786516854
1 0.22142857142857142 0.4143258426966292 0.26785714285714285 0.45646067415730335 0.2857142857142857 0.4339887640449438 0.24285714285714285 0.3904494382022472
1 0.18571428571428572 0.47331460674157305 0.2392857142857143 0.5140449438202247 0.25833333333333336 0.49157303370786515 0.20476190476190476 0.44803370786516855
1 0.15357142857142858 0.4943820224719101 0.19523809523809524 0.5519662921348315 0.22142857142857142 0.5308988764044944 0.18095238095238095 0.47331460674157305
1 0.3761904761904762 0.5126404494382022 0.32976190476190476 0.574438202247191 0.305952380952381 0.550561797752809 0.3464285714285714 0.4887640449438202
1 0.6261904761904762 0.33707865168539325 0.5845238095238096 0.40730337078651685 0.555952380952381 0.38764044943820225 0.5976190476190476 0.3188202247191011
1 0.85 0.4859550561797753 0.8119047619047619 0.5463483146067416 0.7833333333333333 0.5280898876404494 0.8154761904761905 0.46769662921348315
1 0.8142857142857143 0.5632022471910112 0.775 0.6264044943820225 0.7440476190476191 0.6025280898876404 0.7833333333333333 0.5365168539325843
4 0.7238095238095238 0.6924157303370787 0.6773809523809524 0.773876404494382 0.65 0.7528089887640449 0.7011904761904761 0.6699438202247191
1 0.8511904761904762 0.7373595505617978 0.9023809523809524 0.7710674157303371 0.9119047619047619 0.7387640449438202 0.8630952380952381 0.7050561797752809
1 0.8154761904761905 0.7668539325842697 0.8821428571428571 0.8230337078651685 0.8940476190476191 0.7893258426966292 0.830952380952381 0.7345505617977528
1 0.7904761904761904 0.8174157303370787 0.8583333333333333 0.8595505617977528 0.8702380952380953 0.8258426966292135 0.8047619047619048 0.7851123595505618