1 0.3678571428571429 0.15308988764044945 0.325 0.19662921348314608 0.3464285714285714 0.21629213483146068 0.39166666666666666 0.17275280898876405
1 0.3130952380952381 0.20646067415730338 0.26666666666666666 0.2542134831460674 0.29285714285714287 0.273876404494382 0.3380952380952381 0.22752808988764045
1 0.2523809523809524 0.2654494382022472 0.20833333333333334 0.3202247191011236 0.22976190476190475 0.33848314606741575 0.2726190476190476 0.2851123595505618
1 0.19642857142857142 0.32724719101123595 0.1523809523809524 0.37640449438202245 0.1761904761904762 0.398876404494382 0.21904761904761905 0.34691011235955055
1 0.14047619047619048 0.3792134831460674 0.09642857142857143 0.42837078651685395 0.11666666666666667 0.449438202247191 0.16071428571428573 0.4002808988764045
1 0.5785714285714286 0.14887640449438203 0.5428571428571428 0.19241573033707865 0.5630952380952381 0.21629213483146068 0.5964285714285714 0.16853932584269662
1 0.49642857142857144 0.23595505617977527 0.45357142857142857 0.28651685393258425 0.4785714285714286 0.30758426966292135 0.5142857142857142 0.2556179775280899
1 0.44166666666666665 0.29634831460674155 0.39880952380952384 0.34691011235955055 0.4238095238095238 0.3651685393258427 0.4583333333333333 0.31741573033707865
1 0.37976190476190474 0.3637640449438202 0.33214285714285713 0.41853932584269665 0.3607142857142857 0.43820224719101125 0.4011904761904762 0.3862359550561798
1 0.305952380952381 0.43679775280898875 0.2571428571428571 0.4957865168539326 0.2833333333333333 0.5196629213483146 0.32857142857142857 0.4606741573033708
1 0.24166666666666667 0.5140449438202247 0.19404761904761905 0.577247191011236 0.2154761904761905 0.5941011235955056 0.26071428571428573 0.5393258426966292
1 0.16904761904761906 0.5898876404494382 0.11785714285714285 0.6544943820224719 0.1392857142857143 0.6797752808988764 0.1880952380952381 0.6151685393258427
1 0.694047619047619 0.1601123595505618 0.7142857142857143 0.175561797752809 0.7464285714285714 0.13202247191011235 0.7273809523809524 0.11376404494382023
1 0.7214285714285714 0.18258426966292135 0.7380952380952381 0.199438202247191 0.7797619047619048 0.14325842696629212 0.7595238095238095 0.12921348314606743
1 0.7904761904761904 0.14887640449438203 0.7523809523809524 0.19803370786516855 0.7714285714285715 0.2148876404494382 0.8154761904761905 0.16432584269662923
1 0.8202380952380952 0.16853932584269662 0.8404761904761905 0.19382022471910113 0.8809523809523809 0.13342696629213482 0.8571428571428571 0.1151685393258427
1 0.7726190476190476 0.23314606741573032 0.7952380952380952 0.24859550561797752 0.8392857142857143 0.19382022471910113 0.8142857142857143 0.17696629213483145
1 0.8511904761904762 0.19241573033707865 0.8130952380952381 0.25 0.8404761904761905 0.2654494382022472 0.8726190476190476 0.20926966292134833
1 0.8845238095238095 0.21207865168539325 0.8488095238095238 0.273876404494382 0.8726190476190476 0.2907303370786517 0.9071428571428571 0.22893258426966293
1 0.6273809523809524 0.23314606741573032 0.5880952380952381 0.2851123595505618 0.6107142857142858 0.30337078651685395 0.6488095238095238 0.25
1 0.580952380952381 0.2893258426966292 0.5392857142857143 0.34691011235955055 0.5619047619047619 0.36657303370786515 0.6047619047619047 0.31179775280898875
1 0.6464285714285715 0.32303370786516855 0.6059523809523809 0.3806179775280899 0.6309523809523809 0.40168539325842695 0.6714285714285714 0.34691011235955055
1 0.7666666666666667 0.324438202247191 0.7166666666666667 0.3806179775280899 0.736904761904762 0.4101123595505618 0.7833333333333333 0.3497191011235955
1 0.7916666666666666 0.36235955056179775 0.7440476190476191 0.4143258426966292 0.7690476190476191 0.43820224719101125 0.8142857142857143 0.3806179775280899
1 0.8238095238095238 0.38202247191011235 0.7785714285714286 0.4410112359550562 0.8 0.46629213483146065 0.8535714285714285 0.40870786516853935
1 0.8869047619047619 0.42696629213483145 0.8464285714285714 0.4803370786516854 0.8690476190476191 0.5070224719101124 0.9107142857142857 0.45365168539325845
1 0.5226190476190476 0.3637640449438202 0.47619047619047616 0.41713483146067415 0.5023809523809524 0.43820224719101125 0.544047619047619 0.38202247191011235
1 0.575 0.3637640449438202 0.5285714285714286 0.41713483146067415 0.5476190476190477 0.43820224719101125 0.5892857142857143 0.38342696629213485
1 0.6214285714285714 0.41853932584269665 0.5785714285714286 0.4803370786516854 0.6059523809523809 0.49719101123595505 0.6440476190476191 0.43679775280898875
1 0.6547619047619048 0.4452247191011236 0.6130952380952381 0.5028089887640449 0.6404761904761904 0.5252808988764045 0.6785714285714286 0.46629213483146065
1 0.6976190476190476 0.38342696629213485 0.6583333333333333 0.4410112359550562 0.6880952380952381 0.46769662921348315 0.7273809523809524 0.40730337078651685
1 0.7345238095238096 0.4199438202247191 0.6857142857142857 0.47752808988764045 0.705952380952381 0.49859550561797755 0.7571428571428571 0.4410112359550562
1 0.7559523809523809 0.45365168539325845 0.7083333333333334 0.5112359550561798 0.7321428571428571 0.5323033707865169 0.7797619047619048 0.4747191011235955
1 0.8011904761904762 0.4691011235955056 0.7619047619047619 0.5182584269662921 0.7880952380952381 0.5407303370786517 0.8285714285714286 0.4901685393258427
1 0.8416666666666667 0.4901685393258427 0.7928571428571428 0.5533707865168539 0.8214285714285714 0.5786516853932584 0.8690476190476191 0.5154494382022472
1 0.7535714285714286 0.5252808988764045 0.705952380952381 0.5955056179775281 0.7333333333333333 0.6193820224719101 0.7797619047619048 0.547752808988764
1 0.7928571428571428 0.5561797752808989 0.7416666666666667 0.6235955056179775 0.7702380952380953 0.6474719101123596 0.8166666666666667 0.5716292134831461
1 0.4666666666666667 0.42275280898876405 0.42142857142857143 0.48174157303370785 0.44761904761904764 0.5014044943820225 0.48928571428571427 0.4452247191011236
1 0.5119047619047619 0.42837078651685395 0.46904761904761905 0.48314606741573035 0.49166666666666664 0.5098314606741573 0.5380952380952381 0.449438202247191
1 0.544047619047619 0.45224719101123595 0.5 0.5126404494382022 0.5226190476190476 0.5365168539325843 0.5666666666666667 0.4705056179775281
1 0.5761904761904761 0.47752808988764045 0.5261904761904762 0.5421348314606742 0.5523809523809524 0.5617977528089888 0.5952380952380952 0.49859550561797755
1 0.6023809523809524 0.5084269662921348 0.5607142857142857 0.5688202247191011 0.5892857142857143 0.5898876404494382 0.6297619047619047 0.526685393258427
1 0.6404761904761904 0.526685393258427 0.5916666666666667 0.5912921348314607 0.6166666666666667 0.6165730337078652 0.6654761904761904 0.550561797752809
1 0.6630952380952381 0.5688202247191011 0.6154761904761905 0.6390449438202247 0.6392857142857142 0.6573033707865169 0.6857142857142857 0.5926966292134831
1 0.7035714285714286 0.5941011235955056 0.6595238095238095 0.6587078651685393 0.6880952380952381 0.6867977528089888 0.7273809523809524 0.6137640449438202
1 0.7333333333333333 0.6264044943820225 0.6976190476190476 0.699438202247191 0.7321428571428571 0.7219101123595506 0.7619047619047619 0.6474719101123596
1 0.8654761904761905 0.6165730337078652 0.8154761904761905 0.6825842696629213 0.8404761904761905 0.7078651685393258 0.8845238095238095 0.6390449438202247
1 0.8476190476190476 0.7134831460674157 0.8 0.7808988764044944 0.825 0.8033707865168539 0.875 0.7415730337078652
1 0.37857142857142856 0.5140449438202247 0.325 0.5617977528089888 0.3464285714285714 0.5870786516853933 0.39880952380952384 0.5379213483146067
1 0.39285714285714285 0.547752808988764 0.34523809523809523 0.6081460674157303 0.36666666666666664 0.6264044943820225 0.4142857142857143 0.5674157303370787
1 0.4297619047619048 0.5632022471910112 0.3761904761904762 0.6235955056179775 0.3964285714285714 0.648876404494382 0.45 0.5884831460674157
1 0.44761904761904764 0.598314606741573 0.4023809523809524 0.6558988764044944 0.4261904761904762 0.6797752808988764 0.4738095238095238 0.6193820224719101
1 0.48095238095238096 0.6221910112359551 0.430952380952381 0.6896067415730337 0.45357142857142857 0.7106741573033708 0.5047619047619047 0.6460674157303371
1 0.5154761904761904 0.6474719101123596 0.46904761904761905 0.7078651685393258 0.49166666666666664 0.7331460674157303 0.5404761904761904 0.6713483146067416
1 0.5464285714285714 0.672752808988764 0.5 0.7331460674157303 0.525 0.7514044943820225 0.569047619047619 0.699438202247191
1 0.5821428571428572 0.7078651685393258 0.5321428571428571 0.7654494382022472 0.5547619047619048 0.7879213483146067 0.6035714285714285 0.7289325842696629
1 0.6178571428571429 0.7317415730337079 0.5666666666666667 0.8089887640449438 0.594047619047619 0.8314606741573034 0.6464285714285715 0.7556179775280899
1 0.655952380952381 0.7640449438202247 0.611904761904762 0.8356741573033708 0.6392857142857142 0.8553370786516854 0.6857142857142857 0.7851123595505618
1 0.6892857142857143 0.7921348314606742 0.6523809523809524 0.8595505617977528 0.6821428571428572 0.8778089887640449 0.7214285714285714 0.8146067415730337
1 0.30952380952380953 0.5856741573033708 0.2571428571428571 0.6418539325842697 0.28214285714285714 0.6643258426966292 0.33214285714285713 0.6067415730337079
1 0.33690476190476193 0.6151685393258427 0.2869047619047619 0.675561797752809 0.3107142857142857 0.6966292134831461 0.35714285714285715 0.6334269662921348
1 0.36666666666666664 0.6376404494382022 0.319047619047619 0.7008426966292135 0.34404761904761905 0.7275280898876404 0.3904761904761905 0.6615168539325843
1 0.3952380952380952 0.6671348314606742 0.35 0.7331460674157303 0.3738095238095238 0.7528089887640449 0.4226190476190476 0.6839887640449438
1 0.42738095238095236 0.6938202247191011 0.3773809523809524 0.7626404494382022 0.4095238095238095 0.7879213483146067 0.4511904761904762 0.7191011235955056
1 0.45357142857142857 0.7289325842696629 0.40714285714285714 0.7963483146067416 0.43452380952380953 0.8216292134831461 0.48095238095238096 0.75
1 0.49404761904761907 0.7542134831460674 0.4488095238095238 0.8202247191011236 0.4726190476190476 0.8398876404494382 0.5178571428571429 0.7752808988764045
1 0.525 0.7837078651685393 0.4773809523809524 0.851123595505618 0.5047619047619047 0.8679775280898876 0.5452380952380952 0.8103932584269663
1 0.5595238095238095 0.8047752808988764 0.5214285714285715 0.8637640449438202 0.5452380952380952 0.8834269662921348 0.5833333333333334 0.824438202247191
1 0.24523809523809523 0.6558988764044944 0.19047619047619047 0.7219101123595506 0.2154761904761905 0.7415730337078652 0.2654761904761905 0.6783707865168539
1 0.2761904761904762 0.6783707865168539 0.22738095238095238 0.7471910112359551 0.2523809523809524 0.7696629213483146 0.3 0.699438202247191
1 0.3047619047619048 0.7078651685393258 0.25357142857142856 0.7794943820224719 0.27976190476190477 0.8019662921348315 0.33095238095238094 0.7303370786516854
1 0.3404761904761905 0.7429775280898876 0.2904761904761905 0.8075842696629213 0.3142857142857143 0.8314606741573034 0.36428571428571427 0.7668539325842697
1 0.36428571428571427 0.7780898876404494 0.32142857142857145 0.8412921348314607 0.3476190476190476 0.8651685393258427 0.3904761904761905 0.7991573033707865
1 0.4011904761904762 0.8033707865168539 0.3547619047619048 0.8637640449438202 0.37976190476190474 0.8904494382022472 0.425 0.827247191011236
1 0.19404761904761905 0.7317415730337079 0.1380952380952381 0.7921348314606742 0.15833333333333333 0.8202247191011236 0.2154761904761905 0.7556179775280899
1 0.2226190476190476 0.7598314606741573 0.1619047619047619 0.8300561797752809 0.18571428571428572 0.8581460674157303 0.24285714285714285 0.7837078651685393
1 0.2488095238095238 0.7851123595505618 0.1988095238095238 0.8567415730337079 0.2261904761904762 0.8820224719101124 0.2785714285714286 0.8089887640449438