1 0.7559523809523809 0.12921348314606743 0.7607142857142857 0.17275280898876405 0.861904761904762 0.15589887640449437 0.8595238095238096 0.11938202247191011
4 0.7392857142857143 0.2710674157303371 0.8107142857142857 0.3188202247191011 0.8321428571428572 0.28370786516853935 0.7559523809523809 0.22752808988764045
1 0.6892857142857143 0.27668539325842695 0.7428571428571429 0.375 0.775 0.34831460674157305 0.725 0.25702247191011235
1 0.680952380952381 0.2556179775280899 0.6916666666666667 0.37219101123595505 0.6511904761904762 0.37219101123595505 0.6428571428571429 0.2598314606741573
1 0.6321428571428571 0.2542134831460674 0.6297619047619047 0.36235955056179775 0.5916666666666667 0.3609550561797753 0.5964285714285714 0.25280898876404495
1 0.5726190476190476 0.25702247191011235 0.5797619047619048 0.3595505617977528 0.5404761904761904 0.36235955056179775 0.5380952380952381 0.25702247191011235
1 0.5202380952380953 0.25280898876404495 0.5202380952380953 0.3455056179775281 0.4845238095238095 0.34831460674157305 0.48333333333333334 0.2542134831460674
1 0.46785714285714286 0.2556179775280899 0.4714285714285714 0.3553370786516854 0.4369047619047619 0.3609550561797753 0.4297619047619048 0.2598314606741573
1 0.4119047619047619 0.25702247191011235 0.4119047619047619 0.3651685393258427 0.37857142857142856 0.36797752808988765 0.3738095238095238 0.2598314606741573
1 0.3619047619047619 0.2598314606741573 0.3595238095238095 0.37640449438202245 0.32142857142857145 0.37640449438202245 0.32261904761904764 0.2598314606741573
1 0.3011904761904762 0.25842696629213485 0.2988095238095238 0.36657303370786515 0.2654761904761905 0.36797752808988765 0.26666666666666666 0.2598314606741573
1 0.24761904761904763 0.26825842696629215 0.24523809523809523 0.3693820224719101 0.20476190476190476 0.36797752808988765 0.20952380952380953 0.2654494382022472
1 0.1976190476190476 0.25702247191011235 0.19523809523809524 0.36797752808988765 0.15476190476190477 0.3707865168539326 0.15595238095238095 0.25702247191011235