0 0.22380952380952382 0.13202247191011235 0.325 0.21207865168539325 0.3523809523809524 0.17837078651685392 0.2488095238095238 0.09410112359550561
0 0.18214285714285713 0.16292134831460675 0.2833333333333333 0.2542134831460674 0.30952380952380953 0.21910112359550563 0.20833333333333334 0.12780898876404495
0 0.1523809523809524 0.1896067415730337 0.2630952380952381 0.2808988764044944 0.2869047619047619 0.24719101123595505 0.1761904761904762 0.15308988764044945
0 0.125 0.21629213483146068 0.2357142857142857 0.3103932584269663 0.2571428571428571 0.27247191011235955 0.15357142857142858 0.18398876404494383
0 0.0988095238095238 0.24297752808988765 0.20952380952380953 0.33707865168539325 0.23333333333333334 0.3047752808988764 0.12023809523809524 0.21067415730337077
0 0.07738095238095238 0.27668539325842695 0.17976190476190476 0.37359550561797755 0.20833333333333334 0.33707865168539325 0.10238095238095238 0.2401685393258427
0 0.20595238095238094 0.5379213483146067 0.13214285714285715 0.6671348314606742 0.09404761904761905 0.6362359550561798 0.16428571428571428 0.5140449438202247
0 0.2119047619047619 0.5463483146067416 0.12142857142857143 0.6685393258426966 0.15833333333333333 0.7036516853932584 0.25 0.577247191011236
0 0.2892857142857143 0.6179775280898876 0.19166666666666668 0.7345505617977528 0.15476190476190477 0.7064606741573034 0.2571428571428571 0.5814606741573034
0 0.26071428571428573 0.45224719101123595 0.3607142857142857 0.5533707865168539 0.39285714285714285 0.5182584269662921 0.2857142857142857 0.4157303370786517
0 0.325 0.3946629213483146 0.4297619047619048 0.48174157303370785 0.45595238095238094 0.4396067415730337 0.35595238095238096 0.35252808988764045
0 0.4166666666666667 0.35814606741573035 0.39285714285714285 0.39747191011235955 0.5047619047619047 0.476123595505618 0.525 0.44241573033707865
0 0.444047619047619 0.33146067415730335 0.42023809523809524 0.36797752808988765 0.5273809523809524 0.449438202247191 0.5488095238095239 0.41292134831460675
0 0.5535714285714286 0.40870786516853935 0.6654761904761904 0.49719101123595505 0.638095238095238 0.5393258426966292 0.5261904761904762 0.4508426966292135
0 0.5 0.4845505617977528 0.6178571428571429 0.5730337078651685 0.638095238095238 0.5294943820224719 0.5238095238095238 0.4438202247191011
0 0.4357142857142857 0.4803370786516854 0.5452380952380952 0.574438202247191 0.5726190476190476 0.5365168539325843 0.4630952380952381 0.4438202247191011
0 0.3904761904761905 0.5 0.5011904761904762 0.5997191011235955 0.5273809523809524 0.5603932584269663 0.4226190476190476 0.4648876404494382
0 0.35833333333333334 0.5561797752808989 0.47023809523809523 0.6558988764044944 0.4976190476190476 0.6165730337078652 0.3869047619047619 0.5168539325842697
0 0.32857142857142857 0.5884831460674157 0.4392857142857143 0.6896067415730337 0.46904761904761905 0.6530898876404494 0.3547619047619048 0.5463483146067416
0 0.6761904761904762 0.6502808988764045 0.7928571428571428 0.7485955056179775 0.7714285714285715 0.7879213483146067 0.65 0.6896067415730337
0 0.6202380952380953 0.7191011235955056 0.7416666666666667 0.8230337078651685 0.7690476190476191 0.7794943820224719 0.6452380952380953 0.6769662921348315
0 0.6142857142857143 0.7247191011235955 0.7416666666666667 0.8342696629213483 0.7154761904761905 0.8693820224719101 0.5869047619047619 0.773876404494382
0 0.5583333333333333 0.8132022471910112 0.6678571428571428 0.9044943820224719 0.7 0.8637640449438202 0.5833333333333334 0.7654494382022472
0 0.4607142857142857 0.1348314606741573 0.4785714285714286 0.2752808988764045 0.513095238095238 0.2710674157303371 0.49404761904761907 0.1306179775280899
0 0.5369047619047619 0.16432584269662923 0.575 0.29775280898876405 0.5392857142857143 0.30758426966292135 0.5047619047619047 0.17415730337078653
0 0.5630952380952381 0.21629213483146068 0.5880952380952381 0.35814606741573035 0.6261904761904762 0.35252808988764045 0.6011904761904762 0.2050561797752809
0 0.6190476190476191 0.2542134831460674 0.6452380952380953 0.398876404494382 0.6833333333333333 0.39185393258426965 0.6571428571428571 0.24719101123595505
0 0.6964285714285714 0.28230337078651685 0.7321428571428571 0.42696629213483145 0.694047619047619 0.4311797752808989 0.6619047619047619 0.2907303370786517
0 0.7095238095238096 0.32865168539325845 0.7464285714285714 0.47191011235955055 0.7880952380952381 0.46207865168539325 0.7476190476190476 0.3146067415730337
0 0.8023809523809524 0.351123595505618 0.844047619047619 0.49719101123595505 0.805952380952381 0.5154494382022472 0.7607142857142857 0.36797752808988765
1 0.8321428571428572 0.28651685393258425 0.8690476190476191 0.23595505617977527 0.8452380952380952 0.21348314606741572 0.8083333333333333 0.26264044943820225
1 0.7035714285714286 0.19803370786516855 0.7380952380952381 0.1544943820224719 0.719047619047619 0.1348314606741573 0.6833333333333333 0.17837078651685392
1 0.7833333333333333 0.8160112359550562 0.8428571428571429 0.8595505617977528 0.861904761904762 0.8300561797752809 0.8023809523809524 0.7837078651685393