1 0.5595238095238095 0.16713483146067415 0.5369047619047619 0.19382022471910113 0.4928571428571429 0.13342696629213482 0.5190476190476191 0.11095505617977527
1 0.48333333333333334 0.16151685393258428 0.46190476190476193 0.18679775280898878 0.513095238095238 0.2443820224719101 0.5357142857142857 0.2148876404494382
1 0.42738095238095236 0.2050561797752809 0.40714285714285714 0.2345505617977528 0.4642857142857143 0.28792134831460675 0.4869047619047619 0.26264044943820225
1 0.4 0.24578651685393257 0.375 0.27668539325842695 0.43333333333333335 0.3300561797752809 0.45595238095238094 0.30196629213483145
1 0.4095238095238095 0.32162921348314605 0.3892857142857143 0.2949438202247191 0.32976190476190476 0.35252808988764045 0.3464285714285714 0.3792134831460674
1 0.42023809523809524 0.375 0.4035714285714286 0.34691011235955055 0.3416666666666667 0.40308988764044945 0.3607142857142857 0.4297752808988764
1 0.444047619047619 0.42275280898876405 0.42857142857142855 0.3890449438202247 0.36547619047619045 0.4353932584269663 0.38095238095238093 0.4691011235955056
1 0.32142857142857145 0.17275280898876405 0.29642857142857143 0.20084269662921347 0.24166666666666667 0.13623595505617977 0.26785714285714285 0.10533707865168539
1 0.22738095238095238 0.14887640449438203 0.20357142857142857 0.17696629213483145 0.2654761904761905 0.24578651685393257 0.2869047619047619 0.21769662921348315
1 0.20238095238095238 0.18820224719101122 0.17976190476190476 0.21348314606741572 0.2261904761904762 0.26825842696629215 0.24761904761904763 0.2443820224719101
1 0.17261904761904762 0.2247191011235955 0.15 0.2542134831460674 0.20238095238095238 0.3103932584269663 0.225 0.28230337078651685
1 0.14047619047619048 0.26685393258426965 0.11666666666666667 0.29634831460674155 0.17142857142857143 0.35814606741573035 0.19523809523809524 0.32865168539325845
1 0.17261904761904762 0.38342696629213485 0.1523809523809524 0.4101123595505618 0.10476190476190476 0.36235955056179775 0.125 0.33286516853932585
1 0.26071428571428573 0.5098314606741573 0.2392857142857143 0.5323033707865169 0.2904761904761905 0.598314606741573 0.3107142857142857 0.574438202247191
1 0.3488095238095238 0.6418539325842697 0.3333333333333333 0.6797752808988764 0.2523809523809524 0.6334269662921348 0.2702380952380952 0.5997191011235955
1 0.475 0.4550561797752809 0.4083333333333333 0.5126404494382022 0.42738095238095236 0.5407303370786517 0.49047619047619045 0.48174157303370785
1 0.4988095238095238 0.5056179775280899 0.4380952380952381 0.5533707865168539 0.45476190476190476 0.5828651685393258 0.5166666666666667 0.5323033707865169
1 0.5321428571428571 0.5547752808988764 0.46190476190476193 0.6081460674157303 0.4797619047619048 0.6404494382022472 0.5511904761904762 0.5856741573033708
1 0.5583333333333333 0.6053370786516854 0.49523809523809526 0.6573033707865169 0.5142857142857142 0.6882022471910112 0.575 0.6390449438202247
1 0.5869047619047619 0.6573033707865169 0.5214285714285715 0.7134831460674157 0.5464285714285714 0.7514044943820225 0.6083333333333333 0.6924157303370787
1 0.6571428571428571 0.8047752808988764 0.594047619047619 0.8595505617977528 0.6130952380952381 0.8862359550561798 0.6773809523809524 0.8356741573033708