1 0.39166666666666666 0.6432584269662921 0.4166666666666667 0.6390449438202247 0.4095238095238095 0.5800561797752809 0.3821428571428571 0.5870786516853933
1 0.7166666666666667 0.7345505617977528 0.7380952380952381 0.7205056179775281 0.719047619047619 0.6573033707865169 0.6952380952380952 0.672752808988764
1 0.7428571428571429 0.8455056179775281 0.7607142857142857 0.8974719101123596 0.7821428571428571 0.8918539325842697 0.7690476190476191 0.8328651685393258
1 0.6107142857142858 0.8806179775280899 0.6666666666666666 0.8595505617977528 0.655952380952381 0.8258426966292135 0.6 0.848314606741573
1 0.5821428571428572 0.8370786516853933 0.6511904761904762 0.8174157303370787 0.6464285714285715 0.7780898876404494 0.5773809523809523 0.8019662921348315
1 0.5726190476190476 0.7570224719101124 0.5726190476190476 0.7963483146067416 0.6369047619047619 0.7921348314606742 0.6345238095238095 0.7556179775280899
1 0.5726190476190476 0.7275280898876404 0.580952380952381 0.7626404494382022 0.6416666666666667 0.7429775280898876 0.6321428571428571 0.7092696629213483
1 0.5595238095238095 0.7331460674157303 0.6238095238095238 0.7191011235955056 0.6214285714285714 0.6853932584269663 0.5571428571428572 0.699438202247191
1 0.5619047619047619 0.6573033707865169 0.5607142857142857 0.6867977528089888 0.6142857142857143 0.6853932584269663 0.6130952380952381 0.6573033707865169
1 0.4488095238095238 0.675561797752809 0.5107142857142857 0.6657303370786517 0.5047619047619047 0.6320224719101124 0.4452380952380952 0.6432584269662921
1 0.45714285714285713 0.7176966292134831 0.5119047619047619 0.6910112359550562 0.5011904761904762 0.6601123595505618 0.4488095238095238 0.6910112359550562
1 0.4595238095238095 0.75 0.5119047619047619 0.7387640449438202 0.5083333333333333 0.7050561797752809 0.45357142857142857 0.7148876404494382
1 0.4714285714285714 0.7823033707865169 0.5321428571428571 0.7752808988764045 0.5333333333333333 0.7401685393258427 0.47023809523809523 0.7514044943820225
1 0.48095238095238096 0.8258426966292135 0.5452380952380952 0.8075842696629213 0.5357142857142857 0.7724719101123596 0.4726190476190476 0.7907303370786517
1 0.4928571428571429 0.8595505617977528 0.5428571428571428 0.8455056179775281 0.5333333333333333 0.8103932584269663 0.48095238095238096 0.8286516853932584
1 0.25952380952380955 0.8735955056179775 0.31547619047619047 0.8623595505617978 0.30714285714285716 0.8300561797752809 0.25476190476190474 0.8455056179775281
1 0.25833333333333336 0.8033707865168539 0.25833333333333336 0.8441011235955056 0.3333333333333333 0.8314606741573034 0.33095238095238094 0.7921348314606742
4 0.25833333333333336 0.8089887640449438 0.3142857142857143 0.7879213483146067 0.3047619047619048 0.7542134831460674 0.2511904761904762 0.7808988764044944
1 0.23809523809523808 0.7528089887640449 0.24642857142857144 0.7823033707865169 0.3047619047619048 0.7612359550561798 0.29404761904761906 0.726123595505618
1 0.2488095238095238 0.7289325842696629 0.30833333333333335 0.7148876404494382 0.30238095238095236 0.6797752808988764 0.24166666666666667 0.6952247191011236
1 0.23095238095238096 0.6671348314606742 0.2357142857142857 0.699438202247191 0.2916666666666667 0.6769662921348315 0.2857142857142857 0.6460674157303371
1 0.22023809523809523 0.6334269662921348 0.2226190476190476 0.6643258426966292 0.2773809523809524 0.6558988764044944 0.2761904761904762 0.6278089887640449