3 0.5821428571428572 0.5786516853932584 0.5476190476190477 0.5926966292134831 0.5892857142857143 0.7275280898876404 0.6285714285714286 0.7092696629213483
3 0.5107142857142857 0.49297752808988765 0.4797619047619048 0.5042134831460674 0.5202380952380953 0.6165730337078652 0.555952380952381 0.5997191011235955
3 0.5404761904761904 0.41853932584269665 0.4511904761904762 0.45365168539325845 0.4642857142857143 0.4943820224719101 0.5547619047619048 0.45224719101123595
3 0.6166666666666667 0.2612359550561798 0.6476190476190476 0.2542134831460674 0.6726190476190477 0.3595505617977528 0.6404761904761904 0.36235955056179775
3 0.6321428571428571 0.16432584269662923 0.5380952380952381 0.1952247191011236 0.5476190476190477 0.2443820224719101 0.6345238095238095 0.21769662921348315
3 0.5238095238095238 0.1544943820224719 0.5369047619047619 0.199438202247191 0.6309523809523809 0.16573033707865167 0.6130952380952381 0.12078651685393259
3 0.43214285714285716 0.16713483146067415 0.35833333333333334 0.19241573033707865 0.36666666666666664 0.22893258426966293 0.44642857142857145 0.20224719101123595
3 0.425 0.12640449438202248 0.34285714285714286 0.15589887640449437 0.35833333333333334 0.19101123595505617 0.4369047619047619 0.1601123595505618
3 0.4488095238095238 0.20224719101123595 0.36666666666666664 0.23595505617977527 0.37976190476190474 0.2710674157303371 0.4607142857142857 0.23595505617977527
3 0.4595238095238095 0.24297752808988765 0.375 0.2752808988764045 0.3904761904761905 0.31320224719101125 0.46904761904761905 0.27247191011235955
3 0.4488095238095238 0.3047752808988764 0.4166666666666667 0.31741573033707865 0.45595238095238094 0.43258426966292135 0.49404761904761907 0.41151685393258425
2 0.555952380952381 0.44803370786516855 0.5178571428571429 0.46629213483146065 0.5654761904761905 0.5870786516853933 0.6083333333333333 0.5674157303370787
2 0.4976190476190476 0.2808988764044944 0.46190476190476193 0.2907303370786517 0.4976190476190476 0.4157303370786517 0.5416666666666666 0.398876404494382
1 0.4095238095238095 0.3455056179775281 0.38095238095238093 0.35252808988764045 0.40476190476190477 0.4353932584269663 0.4380952380952381 0.42134831460674155
4 0.4773809523809524 0.7528089887640449 0.3880952380952381 0.7808988764044944 0.4 0.8314606741573034 0.49404761904761907 0.7921348314606742
4 0.46190476190476193 0.6966292134831461 0.3821428571428571 0.7219101123595506 0.3880952380952381 0.7654494382022472 0.4773809523809524 0.7401685393258427
4 0.45 0.6474719101123596 0.37023809523809526 0.6671348314606742 0.38571428571428573 0.7191011235955056 0.4642857142857143 0.6867977528089888
4 0.43214285714285716 0.6095505617977528 0.3595238095238095 0.6278089887640449 0.36904761904761907 0.6699438202247191 0.44761904761904764 0.648876404494382
4 0.430952380952381 0.5575842696629213 0.3392857142857143 0.5800561797752809 0.3488095238095238 0.6264044943820225 0.44166666666666665 0.5941011235955056
4 0.37976190476190474 0.4297752808988764 0.305952380952381 0.44662921348314605 0.31547619047619047 0.49859550561797755 0.39404761904761904 0.4705056179775281
4 0.37023809523809526 0.375 0.2857142857142857 0.40308988764044945 0.29523809523809524 0.4410112359550562 0.3821428571428571 0.41853932584269665