1 0.2261904761904762 0.5786516853932584 0.22380952380952382 0.6306179775280899 0.24404761904761904 0.6292134831460674 0.25 0.577247191011236
1 0.24166666666666667 0.5098314606741573 0.2357142857142857 0.5603932584269663 0.2571428571428571 0.5617977528089888 0.2642857142857143 0.5070224719101124
1 0.125 0.29775280898876405 0.11071428571428571 0.3398876404494382 0.1357142857142857 0.3455056179775281 0.1488095238095238 0.300561797752809
1 0.12976190476190477 0.25842696629213485 0.125 0.2949438202247191 0.14642857142857144 0.2949438202247191 0.15357142857142858 0.25702247191011235
1 0.4857142857142857 0.3398876404494382 0.4845238095238095 0.398876404494382 0.513095238095238 0.398876404494382 0.5119047619047619 0.33848314606741575
1 0.5238095238095238 0.24719101123595505 0.5261904761904762 0.29213483146067415 0.5464285714285714 0.2907303370786517 0.544047619047619 0.24578651685393257
1 0.5523809523809524 0.25702247191011235 0.555952380952381 0.300561797752809 0.5797619047619048 0.2991573033707865 0.5761904761904761 0.25140449438202245
1 0.5547619047619048 0.2148876404494382 0.5583333333333333 0.25280898876404495 0.580952380952381 0.24859550561797752 0.5761904761904761 0.20786516853932585
1 0.6488095238095238 0.18398876404494383 0.6547619047619048 0.20926966292134833 0.7 0.20224719101123595 0.6904761904761905 0.17415730337078653
2 0.42023809523809524 0.5898876404494382 0.42142857142857143 0.7837078651685393 0.4511904761904762 0.7851123595505618 0.4488095238095238 0.5912921348314607
2 0.38333333333333336 0.5870786516853933 0.38333333333333336 0.7710674157303371 0.41309523809523807 0.7710674157303371 0.4095238095238095 0.5856741573033708
3 0.3404761904761905 0.6039325842696629 0.3357142857142857 0.7921348314606742 0.36428571428571427 0.7921348314606742 0.36904761904761907 0.601123595505618
2 0.30357142857142855 0.5589887640449438 0.29285714285714287 0.7808988764044944 0.325 0.7823033707865169 0.3345238095238095 0.5589887640449438
2 0.2619047619047619 0.5632022471910112 0.2571428571428571 0.7457865168539326 0.28809523809523807 0.7471910112359551 0.29523809523809524 0.5617977528089888
2 0.8154761904761905 0.7794943820224719 0.6464285714285715 0.8061797752808989 0.6535714285714286 0.8553370786516854 0.8273809523809523 0.8328651685393258
3 0.8345238095238096 0.672752808988764 0.6428571428571429 0.6699438202247191 0.6440476190476191 0.7148876404494382 0.8404761904761905 0.7106741573033708
3 0.8297619047619048 0.6320224719101124 0.6357142857142857 0.6264044943820225 0.6357142857142857 0.6685393258426966 0.8345238095238096 0.6685393258426966
3 0.8214285714285714 0.6039325842696629 0.6226190476190476 0.5955056179775281 0.6226190476190476 0.6264044943820225 0.825 0.6306179775280899
3 0.8238095238095238 0.5702247191011236 0.6273809523809524 0.5702247191011236 0.6273809523809524 0.5955056179775281 0.8285714285714286 0.5997191011235955
2 0.8273809523809523 0.5280898876404494 0.6297619047619047 0.5280898876404494 0.6297619047619047 0.5646067415730337 0.830952380952381 0.5660112359550562
3 0.8107142857142857 0.4943820224719101 0.6357142857142857 0.5 0.6345238095238095 0.5280898876404494 0.8178571428571428 0.5252808988764045
3 0.7976190476190477 0.4648876404494382 0.6214285714285714 0.4747191011235955 0.6214285714285714 0.5042134831460674 0.8023809523809524 0.49719101123595505
3 0.8047619047619048 0.4297752808988764 0.6321428571428571 0.44662921348314605 0.6321428571428571 0.47191011235955055 0.8130952380952381 0.4606741573033708
3 0.7976190476190477 0.3960674157303371 0.625 0.4157303370786517 0.6273809523809524 0.44662921348314605 0.805952380952381 0.4297752808988764
2 0.7595238095238095 0.34691011235955055 0.6523809523809524 0.3595505617977528 0.6583333333333333 0.40730337078651685 0.7678571428571429 0.39747191011235955
3 0.8 0.3061797752808989 0.6309523809523809 0.3188202247191011 0.6357142857142857 0.36657303370786515 0.8035714285714286 0.35252808988764045
3 0.7964285714285714 0.21207865168539325 0.6309523809523809 0.21629213483146068 0.6321428571428571 0.25842696629213485 0.8011904761904762 0.25140449438202245
2 0.8238095238095238 0.7457865168539326 0.6333333333333333 0.7556179775280899 0.6392857142857142 0.8061797752808989 0.8333333333333334 0.7935393258426966
2 0.8357142857142857 0.7064606741573034 0.6571428571428571 0.7134831460674157 0.6583333333333333 0.7570224719101124 0.8404761904761905 0.7471910112359551
3 0.5261904761904762 0.30196629213483145 0.5190476190476191 0.46207865168539325 0.5523809523809524 0.46348314606741575 0.5547619047619048 0.3047752808988764
3 0.4154761904761905 0.38764044943820225 0.4142857142857143 0.5393258426966292 0.44166666666666665 0.5393258426966292 0.44285714285714284 0.38764044943820225
3 0.41785714285714287 0.24157303370786518 0.41785714285714287 0.37640449438202245 0.44285714285714284 0.375 0.44166666666666665 0.2401685393258427
2 0.45 0.32303370786516855 0.45357142857142857 0.476123595505618 0.48333333333333334 0.476123595505618 0.4773809523809524 0.3258426966292135
2 0.48928571428571427 0.16432584269662923 0.49166666666666664 0.30758426966292135 0.513095238095238 0.3061797752808989 0.5059523809523809 0.16292134831460675
2 0.45714285714285713 0.20224719101123595 0.45714285714285713 0.31179775280898875 0.4785714285714286 0.3103932584269663 0.47619047619047616 0.20084269662921347