2 0.4142857142857143 0.6924157303370787 0.3892857142857143 0.8132022471910112 0.4369047619047619 0.8188202247191011 0.4583333333333333 0.6952247191011236
2 0.575 0.7359550561797753 0.5845238095238096 0.8426966292134831 0.6130952380952381 0.8441011235955056 0.6023809523809524 0.7345505617977528
2 0.5345238095238095 0.5941011235955056 0.5273809523809524 0.6952247191011236 0.8178571428571428 0.7205056179775281 0.8202380952380952 0.6221910112359551
2 0.5273809523809524 0.550561797752809 0.5297619047619048 0.6123595505617978 0.8154761904761905 0.6207865168539326 0.8130952380952381 0.5561797752808989
2 0.5416666666666666 0.4943820224719101 0.5369047619047619 0.574438202247191 0.8095238095238095 0.5716292134831461 0.8023809523809524 0.5112359550561798
2 0.5714285714285714 0.4101123595505618 0.5702380952380952 0.4901685393258427 0.8226190476190476 0.5084269662921348 0.8202380952380952 0.41151685393258425
2 0.19047619047619047 0.5323033707865169 0.1761904761904762 0.5603932584269663 0.2654761904761905 0.5969101123595506 0.2773809523809524 0.547752808988764
2 0.20595238095238094 0.6390449438202247 0.041666666666666664 0.5828651685393258 0.06547619047619048 0.5056179775280899 0.22738095238095238 0.577247191011236
3 0.6071428571428571 0.3539325842696629 0.5976190476190476 0.41151685393258425 0.8654761904761905 0.42837078651685395 0.8630952380952381 0.3609550561797753
3 0.5928571428571429 0.300561797752809 0.5892857142857143 0.35814606741573035 0.830952380952381 0.37780898876404495 0.8404761904761905 0.3258426966292135
3 0.5976190476190476 0.2612359550561798 0.5904761904761905 0.3160112359550562 0.8488095238095238 0.34269662921348315 0.85 0.273876404494382
3 0.6190476190476191 0.20786516853932585 0.6095238095238096 0.26685393258426965 0.8583333333333333 0.2752808988764045 0.8547619047619047 0.20786516853932585
3 0.6142857142857143 0.16573033707865167 0.6130952380952381 0.21067415730337077 0.8630952380952381 0.23174157303370788 0.8666666666666667 0.17134831460674158
2 0.6404761904761904 0.1151685393258427 0.6333333333333333 0.17415730337078653 0.861904761904762 0.18398876404494383 0.861904761904762 0.12078651685393259
3 0.05 0.2345505617977528 0.0380952380952381 0.29634831460674155 0.26785714285714285 0.32724719101123595 0.27380952380952384 0.2598314606741573
3 0.07380952380952381 0.16853932584269662 0.058333333333333334 0.2247191011235955 0.2726190476190476 0.2598314606741573 0.2892857142857143 0.1952247191011236
3 0.058333333333333334 0.3398876404494382 0.04523809523809524 0.38202247191011235 0.21785714285714286 0.3946629213483146 0.2261904761904762 0.3497191011235955
3 0.047619047619047616 0.37219101123595505 0.034523809523809526 0.42134831460674155 0.20952380952380953 0.4297752808988764 0.21785714285714286 0.38764044943820225
3 0.03571428571428571 0.41713483146067415 0.02857142857142857 0.46207865168539325 0.20238095238095238 0.48735955056179775 0.2119047619047619 0.43258426966292135
3 0.039285714285714285 0.46348314606741575 0.034523809523809526 0.5112359550561798 0.23333333333333334 0.5323033707865169 0.24523809523809523 0.46348314606741575
1 0.12380952380952381 0.651685393258427 0.11428571428571428 0.6867977528089888 0.19404761904761905 0.6980337078651685 0.20238095238095238 0.6629213483146067
1 0.09285714285714286 0.6980337078651685 0.07857142857142857 0.7289325842696629 0.15119047619047618 0.7471910112359551 0.16428571428571428 0.7092696629213483
1 0.530952380952381 0.7485955056179775 0.530952380952381 0.8314606741573034 0.5607142857142857 0.8342696629213483 0.5607142857142857 0.7443820224719101
4 0.611904761904762 0.7752808988764045 0.6404761904761904 0.8581460674157303 0.6714285714285714 0.848314606741573 0.6416666666666667 0.7626404494382022
3 0.09047619047619047 0.10674157303370786 0.07976190476190476 0.15730337078651685 0.3047619047619048 0.1952247191011236 0.3119047619047619 0.13342696629213482