1 0.2130952380952381 0.16151685393258428 0.19166666666666668 0.199438202247191 0.20952380952380953 0.2050561797752809 0.2261904761904762 0.16713483146067415
1 0.15 0.2612359550561798 0.12261904761904761 0.3061797752808989 0.14047619047619048 0.31320224719101125 0.1630952380952381 0.26685393258426965
1 0.19642857142857142 0.3707865168539326 0.17857142857142858 0.40730337078651685 0.19404761904761905 0.40870786516853935 0.20476190476190476 0.375
1 0.31666666666666665 0.1601123595505618 0.30714285714285716 0.20084269662921347 0.325 0.20646067415730338 0.3333333333333333 0.16573033707865167
1 0.7892857142857143 0.1952247191011236 0.8214285714285714 0.20084269662921347 0.8261904761904761 0.18398876404494383 0.7964285714285714 0.175561797752809
1 0.5452380952380952 0.49859550561797755 0.5333333333333333 0.5379213483146067 0.513095238095238 0.5323033707865169 0.5273809523809524 0.49297752808988765
1 0.49642857142857144 0.797752808988764 0.5416666666666666 0.8132022471910112 0.5523809523809524 0.7865168539325843 0.5011904761904762 0.7682584269662921
1 0.47619047619047616 0.7205056179775281 0.5190476190476191 0.6952247191011236 0.5071428571428571 0.672752808988764 0.4666666666666667 0.7008426966292135
4 0.5083333333333333 0.726123595505618 0.5547619047619048 0.7401685393258427 0.5619047619047619 0.7191011235955056 0.513095238095238 0.7008426966292135
4 0.5583333333333333 0.6207865168539326 0.6071428571428571 0.6278089887640449 0.6142857142857143 0.6039325842696629 0.5630952380952381 0.5926966292134831
3 0.5785714285714286 0.7345505617977528 0.6416666666666667 0.7598314606741573 0.6511904761904762 0.723314606741573 0.5880952380952381 0.7008426966292135
3 0.475 0.7612359550561798 0.5488095238095239 0.7752808988764045 0.5535714285714286 0.7401685393258427 0.4773809523809524 0.726123595505618
3 0.5095238095238095 0.39747191011235955 0.4642857142857143 0.5379213483146067 0.4928571428571429 0.547752808988764 0.5392857142857143 0.4002808988764045
3 0.4726190476190476 0.37219101123595505 0.42738095238095236 0.5126404494382022 0.3869047619047619 0.5056179775280899 0.4452380952380952 0.35814606741573035
2 0.5142857142857142 0.6671348314606742 0.7047619047619048 0.7162921348314607 0.7119047619047619 0.6601123595505618 0.5226190476190476 0.6151685393258427
2 0.4797619047619048 0.8539325842696629 0.6392857142857142 0.8778089887640449 0.6488095238095238 0.8356741573033708 0.48095238095238096 0.8061797752808989
2 0.555952380952381 0.7724719101123596 0.6702380952380952 0.8103932584269663 0.6797619047619048 0.7682584269662921 0.5666666666666667 0.7345505617977528
3 0.24642857142857144 0.7485955056179775 0.3107142857142857 0.5870786516853933 0.2833333333333333 0.577247191011236 0.2130952380952381 0.7415730337078652
3 0.23452380952380952 0.7696629213483146 0.1869047619047619 0.8960674157303371 0.15476190476190477 0.8820224719101124 0.20714285714285716 0.7570224719101124