1 0.7047619047619048 0.824438202247191 0.6630952380952381 0.8637640449438202 0.680952380952381 0.8806179775280899 0.7214285714285714 0.8469101123595506
1 0.6761904761904762 0.8033707865168539 0.6345238095238095 0.8398876404494382 0.6464285714285715 0.8609550561797753 0.6928571428571428 0.8202247191011236
1 0.6630952380952381 0.773876404494382 0.6154761904761905 0.8117977528089888 0.6309523809523809 0.8370786516853933 0.6773809523809524 0.797752808988764
1 0.6345238095238095 0.75 0.5892857142857143 0.776685393258427 0.6047619047619047 0.800561797752809 0.65 0.7710674157303371
1 0.6166666666666667 0.7205056179775281 0.569047619047619 0.7584269662921348 0.5869047619047619 0.7808988764044944 0.6369047619047619 0.7387640449438202
1 0.5964285714285714 0.6882022471910112 0.5511904761904762 0.7247191011235955 0.5666666666666667 0.7429775280898876 0.611904761904762 0.7092696629213483
1 0.5785714285714286 0.6643258426966292 0.5273809523809524 0.6980337078651685 0.5404761904761904 0.723314606741573 0.5964285714285714 0.6882022471910112
1 0.55 0.6432584269662921 0.513095238095238 0.672752808988764 0.5285714285714286 0.6938202247191011 0.5726190476190476 0.6629213483146067
1 0.4988095238095238 0.6966292134831461 0.4797619047619048 0.7106741573033708 0.5095238095238095 0.7626404494382022 0.5321428571428571 0.7443820224719101
1 0.5428571428571428 0.6109550561797753 0.5023809523809524 0.6376404494382022 0.5190476190476191 0.6643258426966292 0.5619047619047619 0.6320224719101124
1 0.5142857142857142 0.6025280898876404 0.46904761904761905 0.6348314606741573 0.4845238095238095 0.6558988764044944 0.5261904761904762 0.6235955056179775
1 0.5059523809523809 0.574438202247191 0.4583333333333333 0.6081460674157303 0.47023809523809523 0.6292134831460674 0.5226190476190476 0.5955056179775281
1 0.48928571428571427 0.550561797752809 0.4369047619047619 0.5870786516853933 0.4511904761904762 0.6067415730337079 0.5 0.574438202247191
1 0.46190476190476193 0.5337078651685393 0.42738095238095236 0.5617977528089888 0.44761904761904764 0.577247191011236 0.4773809523809524 0.547752808988764
1 0.4630952380952381 0.5042134831460674 0.41904761904761906 0.5294943820224719 0.43214285714285716 0.5533707865168539 0.475 0.526685393258427
1 0.4511904761904762 0.39185393258426965 0.4035714285714286 0.41853932584269665 0.42142857142857143 0.4438202247191011 0.4654761904761905 0.4143258426966292
1 0.3547619047619048 0.39747191011235955 0.30833333333333335 0.41853932584269665 0.31785714285714284 0.44241573033707865 0.36666666666666664 0.41853932584269665
1 0.32976190476190476 0.37640449438202245 0.2892857142857143 0.40308988764044945 0.30357142857142855 0.4241573033707865 0.3488095238095238 0.39325842696629215
1 0.31785714285714284 0.35674157303370785 0.2714285714285714 0.37640449438202245 0.2857142857142857 0.40168539325842695 0.33690476190476193 0.37640449438202245
1 0.30714285714285716 0.3398876404494382 0.26785714285714285 0.3539325842696629 0.2761904761904762 0.37359550561797755 0.319047619047619 0.35674157303370785
1 0.2761904761904762 0.3160112359550562 0.23452380952380952 0.34129213483146065 0.2511904761904762 0.3637640449438202 0.2916666666666667 0.3356741573033708
1 0.19404761904761905 0.41853932584269665 0.2226190476190476 0.45646067415730335 0.2392857142857143 0.4396067415730337 0.21428571428571427 0.4058988764044944
1 0.25595238095238093 0.273876404494382 0.20833333333333334 0.2991573033707865 0.22023809523809523 0.32162921348314605 0.26904761904761904 0.29634831460674155
1 0.23809523809523808 0.2598314606741573 0.1976190476190476 0.28230337078651685 0.20833333333333334 0.300561797752809 0.2511904761904762 0.273876404494382
1 0.22023809523809523 0.24157303370786518 0.18452380952380953 0.25842696629213485 0.1976190476190476 0.2794943820224719 0.2392857142857143 0.2612359550561798